coordinates  index   rho      Q      V    velocities 
[0,0,]   0   3.13165e-008   -9.19039e-039   8.22087e-039   [0.000015,0.000001,]
[1,0,]   1   1.13609e-007   -6.82821e-039   7.40106e-039   [-0.000004,0.000000,]
[2,0,]   2   3.99817e-007   -5.82085e-039   6.67234e-039   [0.000006,0.000000,]
[3,0,]   3   1.2036e-006   -5.00229e-039   6.03471e-039   [0.000007,0.000000,]
[4,0,]   4   3.02231e-006   -4.39378e-039   5.48817e-039   [0.000008,0.000000,]
[5,0,]   5   6.38985e-006   -3.88462e-039   5.03272e-039   [0.000009,0.000001,]
[6,0,]   6   1.14274e-005   -3.47431e-039   4.66836e-039   [0.000010,0.000002,]
[7,0,]   7   1.73782e-005   -3.16385e-039   4.39509e-039   [0.000011,0.000003,]
[8,0,]   8   2.25996e-005   -2.96099e-039   4.21291e-039   [0.000012,0.000005,]
[9,0,]   9   2.5277e-005   -2.87291e-039   4.12182e-039   [0.000012,0.000006,]
[10,0,]   10   2.44367e-005   -2.90255e-039   4.12182e-039   [0.000013,0.000008,]
[11,0,]   11   2.04822e-005   -3.04924e-039   4.21291e-039   [0.000013,0.000010,]
[12,0,]   12   1.48888e-005   -3.3096e-039   4.39509e-039   [0.000013,0.000012,]
[13,0,]   13   9.36375e-006   -3.67667e-039   4.66836e-039   [0.000012,0.000013,]
[14,0,]   14   5.07331e-006   -4.14192e-039   5.03272e-039   [0.000011,0.000014,]
[15,0,]   15   2.35599e-006   -4.69771e-039   5.48817e-039   [0.000011,0.000015,]
[16,0,]   16   9.3301e-007   -5.33136e-039   6.03471e-039   [0.000010,0.000015,]
[17,0,]   17   3.12168e-007   -6.09336e-039   6.67234e-039   [0.000009,0.000015,]
[18,0,]   18   8.86358e-008   -7.19118e-039   7.40106e-039   [0.000017,0.000015,]
[19,0,]   19   2.5618e-008   -9.41594e-039   8.22087e-039   [0.000024,0.000015,]
[0,1,]   20   9.66236e-008   -7.2057e-039   7.40106e-039   [0.000014,-0.000020,]
[1,1,]   21   3.54217e-007   -4.8978e-039   6.58125e-039   [-0.000003,-0.000020,]
[2,1,]   22   1.24355e-006   -4.01216e-039   5.85253e-039   [0.000007,-0.000019,]
[3,1,]   23   3.74292e-006   -3.2787e-039   5.2149e-039   [0.000008,-0.000019,]
[4,1,]   24   9.43055e-006   -2.73607e-039   4.66836e-039   [0.000010,-0.000018,]
[5,1,]   25   2.00726e-005   -2.28514e-039   4.21291e-039   [0.000011,-0.000017,]
[6,1,]   26   3.62576e-005   -1.92707e-039   3.84855e-039   [0.000012,-0.000015,]
[7,1,]   27   5.58776e-005   -1.65748e-039   3.57528e-039   [0.000013,-0.000013,]
[8,1,]   28   7.38706e-005   -1.47603e-039   3.3931e-039   [0.000014,-0.000011,]
[9,1,]   29   8.41856e-005   -1.38319e-039   3.30201e-039   [0.000015,-0.000008,]
[10,1,]   30   8.30028e-005   -1.37917e-039   3.30201e-039   [0.000015,-0.000006,]
[11,1,]   31   7.0903e-005   -1.4645e-039   3.3931e-039   [0.000014,-0.000003,]
[12,1,]   32   5.24194e-005   -1.64053e-039   3.57528e-039   [0.000013,-0.000002,]
[13,1,]   33   3.34331e-005   -1.90794e-039   3.84855e-039   [0.000012,-0.000001,]
[14,1,]   34   1.83122e-005   -2.26714e-039   4.21291e-039   [0.000011,-0.000001,]
[15,1,]   35   8.57069e-006   -2.71877e-039   4.66836e-039   [0.000010,-0.000001,]
[16,1,]   36   3.41151e-006   -3.25619e-039   5.2149e-039   [0.000009,-0.000001,]
[17,1,]   37   1.14475e-006   -3.93141e-039   5.85253e-039   [0.000008,-0.000001,]
[18,1,]   38   3.25356e-007   -4.93557e-039   6.58125e-039   [0.000016,-0.000002,]
[19,1,]   39   9.28346e-008   -7.15942e-039   7.40106e-039   [0.000023,-0.000003,]
[0,2,]   40   3.31801e-007   -5.9444e-039   6.67234e-039   [0.000013,-0.000014,]
[1,2,]   41   1.19941e-006   -3.76545e-039   5.85253e-039   [-0.000003,-0.000014,]
[2,2,]   42   4.12685e-006   -2.93272e-039   5.12381e-039   [0.000006,-0.000014,]
[3,2,]   43   1.22132e-005   -2.23146e-039   4.48618e-039   [0.000008,-0.000015,]
[4,2,]   44   3.03256e-005   -1.715e-039   3.93964e-039   [0.000010,-0.000015,]
[5,2,]   45   6.36515e-005   -1.29483e-039   3.48419e-039   [0.000012,-0.000014,]
[6,2,]   46   0.000113443   -9.73379e-040   3.11983e-039   [0.000014,-0.000013,]
[7,2,]   47   0.000172804   -7.43426e-040   2.84656e-039   [0.000015,-0.000011,]
[8,2,]   48   0.000226603   -6.01352e-040   2.66438e-039   [0.000017,-0.000009,]
[9,2,]   49   0.000257517   -5.44725e-040   2.57329e-039   [0.000018,-0.000005,]
[10,2,]   50   0.000254783   -5.71502e-040   2.57329e-039   [0.000018,-0.000002,]
[11,2,]   51   0.000219795   -6.80271e-040   2.66438e-039   [0.000017,0.000001,]
[12,2,]   52   0.000165003   -8.69421e-040   2.84656e-039   [0.000015,0.000004,]
[13,2,]   53   0.000107258   -1.13965e-039   3.11983e-039   [0.000013,0.000006,]
[14,2,]   54   5.99766e-005   -1.49253e-039   3.48419e-039   [0.000012,0.000007,]
[15,2,]   55   2.86557e-005   -1.93161e-039   3.93964e-039   [0.000010,0.000007,]
[16,2,]   56   1.16284e-005   -2.45346e-039   4.48618e-039   [0.000009,0.000007,]
[17,2,]   57   3.97089e-006   -3.10975e-039   5.12381e-039   [0.000008,0.000007,]
[18,2,]   58   1.14598e-006   -4.08266e-039   5.85253e-039   [0.000015,0.000007,]
[19,2,]   59   3.28204e-007   -6.20001e-039   6.67234e-039   [0.000021,0.000006,]
[0,3,]   60   9.70324e-007   -5.13308e-039   6.03471e-039   [0.000012,-0.000013,]
[1,3,]   61   3.43611e-006   -3.1274e-039   5.2149e-039   [-0.000004,-0.000013,]
[2,3,]   62   1.15388e-005   -2.35339e-039   4.48618e-039   [0.000006,-0.000014,]
[3,3,]   63   3.34503e-005   -1.67438e-039   3.84855e-039   [0.000008,-0.000014,]
[4,3,]   64   8.1558e-005   -1.15615e-039   3.30201e-039   [0.000010,-0.000015,]
[5,3,]   65   0.000168147   -7.25876e-040   2.84656e-039   [0.000013,-0.000014,]
[6,3,]   66   0.000294373   -3.91773e-040   2.4822e-039   [0.000015,-0.000013,]
[7,3,]   67   0.000441153   -1.47961e-040   2.20893e-039   [0.000018,-0.000012,]
[8,3,]   68   0.000571633   9.75742e-042   2.02675e-039   [0.000020,-0.000009,]
[9,3,]   69   0.000646734   8.06949e-041   1.93566e-039   [0.000022,-0.000005,]
[10,3,]   70   0.000643072   6.42284e-041   1.93566e-039   [0.000022,-0.000001,]
[11,3,]   71   0.000562951   -3.50811e-041   2.02675e-039   [0.000020,0.000002,]
[12,3,]   72   0.000432182   -2.17047e-040   2.20893e-039   [0.000017,0.000005,]
[13,3,]   73   0.000288592   -4.776e-040   2.4822e-039   [0.000015,0.000007,]
[14,3,]   74   0.000165963   -8.1927e-040   2.84656e-039   [0.000012,0.000008,]
[15,3,]   75   8.14402e-005   -1.24654e-039   3.30201e-039   [0.000010,0.000009,]
[16,3,]   76   3.38493e-005   -1.75805e-039   3.84855e-039   [0.000009,0.000009,]
[17,3,]   77   1.18035e-005   -2.40372e-039   4.48618e-039   [0.000008,0.000009,]
[18,3,]   78   3.46724e-006   -3.35325e-039   5.2149e-039   [0.000014,0.000008,]
[19,3,]   79   9.96865e-007   -5.37078e-039   6.03471e-039   [0.000020,0.000007,]
[0,4,]   80   2.39599e-006   -4.53375e-039   5.48817e-039   [0.000010,-0.000012,]
[1,4,]   81   8.33692e-006   -2.69949e-039   4.66836e-039   [-0.000004,-0.000011,]
[2,4,]   82   2.73374e-005   -1.97448e-039   3.93964e-039   [0.000005,-0.000012,]
[3,4,]   83   7.74133e-005   -1.31236e-039   3.30201e-039   [0.000008,-0.000012,]
[4,4,]   84   0.000184329   -7.87139e-040   2.75547e-039   [0.000010,-0.000012,]
[5,4,]   85   0.000370341   -3.41126e-040   2.30002e-039   [0.000013,-0.000012,]
[6,4,]   86   0.000630449   1.07733e-041   1.93566e-039   [0.000016,-0.000012,]
[7,4,]   87   0.000918819   2.73543e-040   1.66239e-039   [0.000020,-0.000010,]
[8,4,]   88   0.00116344   4.48018e-040   1.48021e-039   [0.000023,-0.000007,]
[9,4,]   89   0.00130123   5.40592e-040   1.38912e-039   [0.000026,-0.000003,]
[10,4,]   90   0.00129954   5.3932e-040   1.38912e-039   [0.000026,0.000001,]
[11,4,]   91   0.00116072   4.43475e-040   1.48021e-039   [0.000024,0.000005,]
[12,4,]   92   0.000920227   2.73004e-040   1.66239e-039   [0.000020,0.000008,]
[13,4,]   93   0.000637717   2.30964e-041   1.93566e-039   [0.000016,0.000010,]
[14,4,]   94   0.000380364   -3.07265e-040   2.30002e-039   [0.000013,0.000010,]
[15,4,]   95   0.000192847   -7.25052e-040   2.75547e-039   [0.000011,0.000011,]
[16,4,]   96   8.24057e-005   -1.22954e-039   3.30201e-039   [0.000009,0.000011,]
[17,4,]   97   2.94059e-005   -1.86805e-039   3.93964e-039   [0.000008,0.000010,]
[18,4,]   98   8.80088e-006   -2.79476e-039   4.66836e-039   [0.000013,0.000010,]
[19,4,]   99   2.53626e-006   -4.71146e-039   5.48817e-039   [0.000018,0.000008,]
[0,5,]   100   5.10234e-006   -4.02244e-039   5.03272e-039   [0.000010,-0.000009,]
[1,5,]   101   1.76098e-005   -2.30841e-039   4.21291e-039   [-0.000004,-0.000008,]
[2,5,]   102   5.65911e-005   -1.6029e-039   3.48419e-039   [0.000005,-0.000009,]
[3,5,]   103   0.00015617   -9.49722e-040   2.84656e-039   [0.000007,-0.000009,]
[4,5,]   104   0.000360403   -4.2435e-040   2.30002e-039   [0.000010,-0.000010,]
[5,5,]   105   0.000696951   2.09163e-041   1.84457e-039   [0.000013,-0.000010,]
[6,5,]   106   0.00113415   3.69833e-040   1.48021e-039   [0.000017,-0.000010,]
[7,5,]   107   0.00157355   6.23149e-040   1.20694e-039   [0.000022,-0.000008,]
[8,5,]   108   0.00190444   7.93257e-040   1.02476e-039   [0.000027,-0.000005,]
[9,5,]   109   0.00207081   8.82924e-040   9.33673e-040   [0.000030,-0.000001,]
[10,5,]   110   0.00207118   8.82205e-040   9.33673e-040   [0.000030,0.000004,]
[11,5,]   111   0.00190893   8.02266e-040   1.02476e-039   [0.000027,0.000009,]
[12,5,]   112   0.00158983   6.47859e-040   1.20694e-039   [0.000022,0.000011,]
[13,5,]   113   0.00116216   4.24386e-040   1.48021e-039   [0.000017,0.000013,]
[14,5,]   114   0.000727426   1.12777e-040   1.84457e-039   [0.000013,0.000013,]
[15,5,]   115   0.000383859   -2.91245e-040   2.30002e-039   [0.000010,0.000013,]
[16,5,]   116   0.000169311   -7.87607e-040   2.84656e-039   [0.000008,0.000012,]
[17,5,]   117   6.1945e-005   -1.41878e-039   3.48419e-039   [0.000007,0.000011,]
[18,5,]   118   1.89011e-005   -2.31953e-039   4.21291e-039   [0.000012,0.000011,]
[19,5,]   119   5.44743e-006   -4.13528e-039   5.03272e-039   [0.000017,0.000009,]
[0,6,]   120   9.42271e-006   -3.58629e-039   4.66836e-039   [0.000010,-0.000008,]
[1,6,]   121   3.25329e-005   -1.93163e-039   3.84855e-039   [-0.000003,-0.000007,]
[2,6,]   122   0.000102914   -1.21236e-039   3.11983e-039   [0.000004,-0.000007,]
[3,6,]   123   0.00027643   -5.62232e-040   2.4822e-039   [0.000006,-0.000008,]
[4,6,]   124   0.000614228   -4.94816e-041   1.93566e-039   [0.000009,-0.000009,]
[5,6,]   125   0.00112918   3.72584e-040   1.48021e-039   [0.000013,-0.000010,]
[6,6,]   126   0.00172152   6.83469e-040   1.11585e-039   [0.000017,-0.000010,]
[7,6,]   127   0.00220836   8.96625e-040   8.42583e-040   [0.000024,-0.000010,]
[8,6,]   128   0.00246062   9.98198e-040   6.60403e-040   [0.000031,-0.000007,]
[9,6,]   129   0.00252196   1.06649e-039   5.69313e-040   [0.000036,-0.000001,]
[10,6,]   130   0.00252171   1.08846e-039   5.69313e-040   [0.000037,0.000007,]
[11,6,]   131   0.00245718   9.89829e-040   6.60403e-040   [0.000031,0.000014,]
[12,6,]   132   0.00222234   8.98853e-040   8.42583e-040   [0.000024,0.000017,]
[13,6,]   133   0.0017552   7.14528e-040   1.11585e-039   [0.000017,0.000017,]
[14,6,]   134   0.00116959   4.35887e-040   1.48021e-039   [0.000013,0.000016,]
[15,6,]   135   0.00064691   4.84648e-041   1.93566e-039   [0.000010,0.000015,]
[16,6,]   136   0.00029537   -4.39037e-040   2.4822e-039   [0.000007,0.000014,]
[17,6,]   137   0.000110866   -1.06359e-039   3.11983e-039   [0.000006,0.000013,]
[18,6,]   138   3.44709e-005   -1.9359e-039   3.84855e-039   [0.000011,0.000012,]
[19,6,]   139   9.90517e-006   -3.65704e-039   4.66836e-039   [0.000015,0.000010,]
[0,7,]   140   1.50332e-005   -3.2414e-039   4.39509e-039   [0.000010,-0.000009,]
[1,7,]   141   5.19754e-005   -1.62055e-039   3.57528e-039   [-0.000003,-0.000008,]
[2,7,]   142   0.000162332   -8.72181e-040   2.84656e-039   [0.000004,-0.000008,]
[3,7,]   143   0.000424821   -2.25807e-040   2.20893e-039   [0.000005,-0.000009,]
[4,7,]   144   0.000907316   2.6787e-040   1.66239e-039   [0.000008,-0.000011,]
[5,7,]   145   0.00157506   6.50717e-040   1.20694e-039   [0.000011,-0.000013,]
[6,7,]   146   0.00221328   9.11288e-040   8.42583e-040   [0.000016,-0.000016,]
[7,7,]   147   0.00253063   1.01769e-039   5.69313e-040   [0.000024,-0.000017,]
[8,7,]   148   0.00244572   1.02802e-039   3.87133e-040   [0.000036,-0.000015,]
[9,7,]   149   0.00218782   7.55427e-040   2.96043e-040   [0.000047,-0.000004,]
[10,7,]   150   0.00217271   7.89378e-040   2.96043e-040   [0.000047,0.000012,]
[11,7,]   151   0.0024198   9.50805e-040   3.87133e-040   [0.000036,0.000023,]
[12,7,]   152   0.00252877   9.97375e-040   5.69313e-040   [0.000024,0.000024,]
[13,7,]   153   0.00223203   9.09763e-040   8.42583e-040   [0.000016,0.000022,]
[14,7,]   154   0.00160436   6.65133e-040   1.20694e-039   [0.000011,0.000020,]
[15,7,]   155   0.00093378   2.98649e-040   1.66239e-039   [0.000008,0.000018,]
[16,7,]   156   0.000441247   -1.81366e-040   2.20893e-039   [0.000006,0.000016,]
[17,7,]   157   0.000169621   -8.00315e-040   2.84656e-039   [0.000005,0.000014,]
[18,7,]   158   5.36244e-005   -1.64274e-039   3.57528e-039   [0.000009,0.000013,]
[19,7,]   159   1.53042e-005   -3.28468e-039   4.39509e-039   [0.000013,0.000011,]
[0,8,]   160   2.06523e-005   -3.00568e-039   4.21291e-039   [0.000010,-0.000010,]
[1,8,]   161   7.10599e-005   -1.42705e-039   3.3931e-039   [-0.000003,-0.000010,]
[2,8,]   162   0.000219611   -6.52274e-040   2.66438e-039   [0.000002,-0.000011,]
[3,8,]   163   0.000562562   -1.08034e-041   2.02675e-039   [0.000004,-0.000013,]
[4,8,]   164   0.00116165   4.65216e-040   1.48021e-039   [0.000006,-0.000015,]
[5,8,]   165   0.00191375   8.23059e-040   1.02476e-039   [0.000008,-0.000019,]
[6,8,]   166   0.00246755   1.0118e-039   6.60403e-040   [0.000012,-0.000024,]
[7,8,]   167   0.00243454   9.7694e-040   3.87133e-040   [0.000021,-0.000030,]
[8,8,]   168   0.00183211   4.43692e-040   2.04953e-040   [0.000040,-0.000035,]
[9,8,]   169   0.00122654   -4.86328e-040   1.13863e-040   [0.000071,-0.000014,]
[10,8,]   170   0.00117228   -1.12644e-039   1.13863e-040   [0.000071,0.000032,]
[11,8,]   171   0.00181765   4.11526e-040   2.04953e-040   [0.000040,0.000041,]
[12,8,]   172   0.00243569   1.0056e-039   3.87133e-040   [0.000021,0.000035,]
[13,8,]   173   0.00247001   9.99946e-040   6.60403e-040   [0.000012,0.000028,]
[14,8,]   174   0.00192295   8.13844e-040   1.02476e-039   [0.000008,0.000023,]
[15,8,]   175   0.00117247   4.59938e-040   1.48021e-039   [0.000005,0.000020,]
[16,8,]   176   0.000570237   -1.29233e-041   2.02675e-039   [0.000004,0.000017,]
[17,8,]   177   0.000223356   -6.28829e-040   2.66438e-039   [0.000003,0.000015,]
[18,8,]   178   7.14908e-005   -1.4412e-039   3.3931e-039   [0.000007,0.000013,]
[19,8,]   179   2.01776e-005   -3.03001e-039   4.21291e-039   [0.000011,0.000011,]
[0,9,]   180   2.44551e-005   -2.88727e-039   4.12182e-039   [0.000009,-0.000011,]
[1,9,]   181   8.3111e-005   -1.35589e-039   3.30201e-039   [-0.000004,-0.000012,]
[2,9,]   182   0.000255095   -5.59352e-040   2.57329e-039   [0.000001,-0.000014,]
[3,9,]   183   0.000645264   7.64478e-041   1.93566e-039   [0.000001,-0.000016,]
[4,9,]   184   0.00130666   5.52294e-040   1.38912e-039   [0.000002,-0.000019,]
[5,9,]   185   0.00208323   8.93106e-040   9.33673e-040   [0.000003,-0.000023,]
[6,9,]   186   0.00253315   1.0946e-039   5.69313e-040   [0.000005,-0.000031,]
[7,9,]   187   0.00217939   7.92921e-040   2.96043e-040   [0.000010,-0.000043,]
[8,9,]   188   0.00117539   -1.12317e-039   1.13863e-040   [0.000031,-0.000068,]
[9,9,]   189   0.000363387   -9.93365e-039   2.27725e-041   [0.000124,-0.000109,]
[10,9,]   190   0.000361186   -9.99509e-039   2.27725e-041   [0.000111,0.000125,]
[11,9,]   191   0.00121651   -5.15763e-040   1.13863e-040   [0.000017,0.000071,]
[12,9,]   192   0.00217714   7.41812e-040   2.96043e-040   [0.000008,0.000045,]
[13,9,]   193   0.00252067   1.06293e-039   5.69313e-040   [0.000005,0.000033,]
[14,9,]   194   0.00207605   8.87709e-040   9.33673e-040   [0.000003,0.000026,]
[15,9,]   195   0.00130296   5.40994e-040   1.38912e-039   [0.000002,0.000021,]
[16,9,]   196   0.00064398   6.56444e-041   1.93566e-039   [0.000001,0.000018,]
[17,9,]   197   0.000254765   -5.48855e-040   2.57329e-039   [0.000001,0.000016,]
[18,9,]   198   8.20372e-005   -1.3331e-039   3.30201e-039   [0.000005,0.000014,]
[19,9,]   199   2.28021e-005   -2.90466e-039   4.12182e-039   [0.000009,0.000012,]
[0,10,]   200   2.50133e-005   -2.88887e-039   4.12182e-039   [0.000008,-0.000011,]
[1,10,]   201   8.36246e-005   -1.38514e-039   3.30201e-039   [-0.000005,-0.000013,]
[2,10,]   202   0.000256405   -5.66355e-040   2.57329e-039   [-0.000001,-0.000015,]
[3,10,]   203   0.000647814   6.93992e-041   1.93566e-039   [-0.000001,-0.000017,]
[4,10,]   204   0.00130992   5.43759e-040   1.38912e-039   [-0.000002,-0.000020,]
[5,10,]   205   0.00208542   8.88378e-040   9.33673e-040   [-0.000003,-0.000025,]
[6,10,]   206   0.00252957   1.06109e-039   5.69313e-040   [-0.000004,-0.000032,]
[7,10,]   207   0.00218235   7.36115e-040   2.96043e-040   [-0.000008,-0.000044,]
[8,10,]   208   0.00121763   -5.23703e-040   1.13863e-040   [-0.000016,-0.000069,]
[9,10,]   209   0.000359644   -1.00483e-038   2.27725e-041   [-0.000111,-0.000123,]
[10,10,]   210   0.000359523   -1.00275e-038   2.27725e-041   [-0.000123,0.000111,]
[11,10,]   211   0.00116709   -1.12953e-039   1.13863e-040   [-0.000030,0.000070,]
[12,10,]   212   0.00216515   7.87267e-040   2.96043e-040   [-0.000009,0.000045,]
[13,10,]   213   0.00251593   1.08531e-039   5.69313e-040   [-0.000005,0.000033,]
[14,10,]   214   0.00206787   8.784e-040   9.33673e-040   [-0.000003,0.000026,]
[15,10,]   215   0.00129634   5.33288e-040   1.38912e-039   [-0.000002,0.000021,]
[16,10,]   216   0.000639921   5.53184e-041   1.93566e-039   [-0.000001,0.000018,]
[17,10,]   217   0.000252853   -5.59261e-040   2.57329e-039   [-0.000001,0.000016,]
[18,10,]   218   8.1293e-005   -1.31959e-039   3.30201e-039   [0.000004,0.000014,]
[19,10,]   219   2.21763e-005   -2.91535e-039   4.12182e-039   [0.000008,0.000013,]
[0,11,]   220   2.2089e-005   -3.01122e-039   4.21291e-039   [0.000007,-0.000011,]
[1,11,]   221   7.2647e-005   -1.50067e-039   3.3931e-039   [-0.000007,-0.000013,]
[2,11,]   222   0.000224037   -6.55286e-040   2.66438e-039   [-0.000003,-0.000015,]
[3,11,]   223   0.000571777   -1.72307e-041   2.02675e-039   [-0.000004,-0.000017,]
[4,11,]   224   0.00117515   4.56199e-040   1.48021e-039   [-0.000005,-0.000020,]
[5,11,]   225   0.00192623   8.10446e-040   1.02476e-039   [-0.000008,-0.000023,]
[6,11,]   226   0.00247242   9.96835e-040   6.60403e-040   [-0.000012,-0.000028,]
[7,11,]   227   0.00243594   1.0035e-039   3.87133e-040   [-0.000020,-0.000034,]
[8,11,]   228   0.00181548   4.12807e-040   2.04953e-040   [-0.000039,-0.000039,]
[9,11,]   229   0.00116683   -1.13069e-039   1.13863e-040   [-0.000070,-0.000030,]
[10,11,]   230   0.00121542   -5.11537e-040   1.13863e-040   [-0.000070,0.000017,]
[11,11,]   231   0.00181492   4.16377e-040   2.04953e-040   [-0.000040,0.000039,]
[12,11,]   232   0.00241489   9.5313e-040   3.87133e-040   [-0.000021,0.000035,]
[13,11,]   233   0.00245086   9.87502e-040   6.60403e-040   [-0.000012,0.000029,]
[14,11,]   234   0.00190301   7.96502e-040   1.02476e-039   [-0.000008,0.000024,]
[15,11,]   235   0.00115642   4.37197e-040   1.48021e-039   [-0.000006,0.000020,]
[16,11,]   236   0.000560483   -3.83949e-041   2.02675e-039   [-0.000004,0.000017,]
[17,11,]   237   0.00021869   -6.58337e-040   2.66438e-039   [-0.000003,0.000015,]
[18,11,]   238   6.96616e-005   -1.40079e-039   3.3931e-039   [0.000002,0.000013,]
[19,11,]   239   1.86145e-005   -3.06174e-039   4.21291e-039   [0.000007,0.000013,]
[0,12,]   240   1.67772e-005   -3.25298e-039   4.39509e-039   [0.000006,-0.000010,]
[1,12,]   241   5.44122e-005   -1.70281e-039   3.57528e-039   [-0.000009,-0.000013,]
[2,12,]   242   0.000169796   -8.27604e-040   2.84656e-039   [-0.000005,-0.000014,]
[3,12,]   243   0.000441603   -1.85381e-040   2.20893e-039   [-0.000006,-0.000016,]
[4,12,]   244   0.000934305   2.95723e-040   1.66239e-039   [-0.000008,-0.000018,]
[5,12,]   245   0.0016046   6.631e-040   1.20694e-039   [-0.000011,-0.000020,]
[6,12,]   246   0.00223107   9.0838e-040   8.42583e-040   [-0.000016,-0.000022,]
[7,12,]   247   0.00252597   9.97204e-040   5.69313e-040   [-0.000023,-0.000023,]
[8,12,]   248   0.00241505   9.52688e-040   3.87133e-040   [-0.000035,-0.000021,]
[9,12,]   249   0.00216486   7.87258e-040   2.96043e-040   [-0.000045,-0.000010,]
[10,12,]   250   0.00217633   7.42854e-040   2.96043e-040   [-0.000045,0.000008,]
[11,12,]   251   0.00243388   1.00743e-039   3.87133e-040   [-0.000034,0.000020,]
[12,12,]   252   0.00252536   9.98478e-040   5.69313e-040   [-0.000023,0.000023,]
[13,12,]   253   0.00221757   8.97561e-040   8.42583e-040   [-0.000016,0.000022,]
[14,12,]   254   0.00158526   6.44348e-040   1.20694e-039   [-0.000011,0.000020,]
[15,12,]   255   0.000917248   2.70147e-040   1.66239e-039   [-0.000008,0.000018,]
[16,12,]   256   0.000430812   -2.15911e-040   2.20893e-039   [-0.000006,0.000016,]
[17,12,]   257   0.000164493   -8.43098e-040   2.84656e-039   [-0.000005,0.000014,]
[18,12,]   258   5.15813e-005   -1.57623e-039   3.57528e-039   [0.000001,0.000013,]
[19,12,]   259   1.34986e-005   -3.33626e-039   4.39509e-039   [0.000007,0.000013,]
[0,13,]   260   1.08994e-005   -3.60838e-039   4.66836e-039   [0.000005,-0.000010,]
[1,13,]   261   3.49735e-005   -1.99531e-039   3.84855e-039   [-0.000011,-0.000012,]
[2,13,]   262   0.00011089   -1.0896e-039   3.11983e-039   [-0.000006,-0.000013,]
[3,13,]   263   0.000295387   -4.40636e-040   2.4822e-039   [-0.000007,-0.000014,]
[4,13,]   264   0.000646804   4.78381e-041   1.93566e-039   [-0.000009,-0.000015,]
[5,13,]   265   0.00116887   4.35683e-040   1.48021e-039   [-0.000012,-0.000016,]
[6,13,]   266   0.00175286   7.13738e-040   1.11585e-039   [-0.000017,-0.000017,]
[7,13,]   267   0.00221771   8.97136e-040   8.42583e-040   [-0.000022,-0.000016,]
[8,13,]   268   0.0024509   9.8746e-040   6.60403e-040   [-0.000029,-0.000012,]
[9,13,]   269   0.0025158   1.08564e-039   5.69313e-040   [-0.000033,-0.000005,]
[10,13,]   270   0.00252022   1.06359e-039   5.69313e-040   [-0.000032,0.000004,]
[11,13,]   271   0.00246897   1.00083e-039   6.60403e-040   [-0.000028,0.000012,]
[12,13,]   272   0.00223013   9.10548e-040   8.42583e-040   [-0.000022,0.000016,]
[13,13,]   273   0.00175268   7.14591e-040   1.11585e-039   [-0.000017,0.000017,]
[14,13,]   274   0.0011599   4.23932e-040   1.48021e-039   [-0.000013,0.000016,]
[15,13,]   275   0.000636374   2.36686e-041   1.93566e-039   [-0.000010,0.000015,]
[16,13,]   276   0.000288053   -4.74082e-040   2.4822e-039   [-0.000008,0.000014,]
[17,13,]   277   0.000107068   -1.1123e-039   3.11983e-039   [-0.000006,0.000013,]
[18,13,]   278   3.29115e-005   -1.84426e-039   3.84855e-039   [0.000001,0.000012,]
[19,13,]   279   8.44684e-006   -3.72531e-039   4.66836e-039   [0.000008,0.000012,]
[0,14,]   280   6.024e-006   -4.06893e-039   5.03272e-039   [0.000004,-0.000009,]
[1,14,]   281   1.91867e-005   -2.37956e-039   4.21291e-039   [-0.000012,-0.000011,]
[2,14,]   282   6.19437e-005   -1.44436e-039   3.48419e-039   [-0.000007,-0.000011,]
[3,14,]   283   0.000169283   -7.87571e-040   2.84656e-039   [-0.000008,-0.000012,]
[4,14,]   284   0.000383695   -2.90346e-040   2.30002e-039   [-0.000010,-0.000013,]
[5,14,]   285   0.000726696   1.1372e-040   1.84457e-039   [-0.000013,-0.000013,]
[6,14,]   286   0.00115992   4.23666e-040   1.48021e-039   [-0.000016,-0.000013,]
[7,14,]   287   0.00158528   6.44216e-040   1.20694e-039   [-0.000020,-0.000011,]
[8,14,]   288   0.00190301   7.96506e-040   1.02476e-039   [-0.000024,-0.000008,]
[9,14,]   289   0.00206782   8.78562e-040   9.33673e-040   [-0.000026,-0.000003,]
[10,14,]   290   0.00207587   8.88096e-040   9.33673e-040   [-0.000026,0.000003,]
[11,14,]   291   0.00192253   8.1451e-040   1.02476e-039   [-0.000023,0.000008,]
[12,14,]   292   0.00160364   6.66015e-040   1.20694e-039   [-0.000020,0.000011,]
[13,14,]   293   0.0011687   4.3692e-040   1.48021e-039   [-0.000016,0.000012,]
[14,14,]   294   0.000726678   1.14068e-040   1.84457e-039   [-0.000013,0.000013,]
[15,14,]   295   0.000379956   -3.0515e-040   2.30002e-039   [-0.000011,0.000013,]
[16,14,]   296   0.000165816   -8.15432e-040   2.84656e-039   [-0.000008,0.000012,]
[17,14,]   297   5.99159e-005   -1.46562e-039   3.48419e-039   [-0.000007,0.000011,]
[18,14,]   298   1.80212e-005   -2.20371e-039   4.21291e-039   [0.000001,0.000011,]
[19,14,]   299   4.54763e-006   -4.21462e-039   5.03272e-039   [0.000008,0.000011,]
[0,15,]   300   2.8198e-006   -4.62779e-039   5.48817e-039   [0.000004,-0.000008,]
[1,15,]   301   8.94043e-006   -2.85644e-039   4.66836e-039   [-0.000013,-0.000010,]
[2,15,]   302   2.94044e-005   -1.89401e-039   3.93964e-039   [-0.000008,-0.000010,]
[3,15,]   303   8.23905e-005   -1.22869e-039   3.30201e-039   [-0.000009,-0.000011,]
[4,15,]   304   0.00019276   -7.23247e-040   2.75547e-039   [-0.000010,-0.000011,]
[5,15,]   305   0.000379957   -3.05184e-040   2.30002e-039   [-0.000013,-0.000011,]
[6,15,]   306   0.000636375   2.36066e-041   1.93566e-039   [-0.000015,-0.000010,]
[7,15,]   307   0.000917249   2.70116e-040   1.66239e-039   [-0.000018,-0.000008,]
[8,15,]   308   0.00115642   4.3721e-040   1.48021e-039   [-0.000020,-0.000006,]
[9,15,]   309   0.00129633   5.33381e-040   1.38912e-039   [-0.000021,-0.000002,]
[10,15,]   310   0.00130291   5.41227e-040   1.38912e-039   [-0.000021,0.000002,]
[11,15,]   311   0.00117237   4.60394e-040   1.48021e-039   [-0.000020,0.000005,]
[12,15,]   312   0.000933602   2.99406e-040   1.66239e-039   [-0.000018,0.000008,]
[13,15,]   313   0.000646701   4.9587e-041   1.93566e-039   [-0.000015,0.000009,]
[14,15,]   314   0.000383694   -2.89758e-040   2.30002e-039   [-0.000013,0.000010,]
[15,15,]   315   0.000192765   -7.23086e-040   2.75547e-039   [-0.000011,0.000010,]
[16,15,]   316   8.14139e-005   -1.24351e-039   3.30201e-039   [-0.000009,0.000010,]
[17,15,]   317   2.86373e-005   -1.9053e-039   3.93964e-039   [-0.000007,0.000010,]
[18,15,]   318   8.42925e-006   -2.65465e-039   4.66836e-039   [0.000001,0.000010,]
[19,15,]   319   2.0979e-006   -4.79332e-039   5.48817e-039   [0.000009,0.000011,]
[0,16,]   320   1.11419e-006   -5.26982e-039   6.03471e-039   [0.000003,-0.000007,]
[1,16,]   321   3.52484e-006   -3.41619e-039   5.2149e-039   [-0.000014,-0.000008,]
[2,16,]   322   1.18032e-005   -2.42963e-039   4.48618e-039   [-0.000008,-0.000009,]
[3,16,]   323   3.3845e-005   -1.75615e-039   3.84855e-039   [-0.000009,-0.000009,]
[4,16,]   324   8.14118e-005   -1.24357e-039   3.30201e-039   [-0.000010,-0.000009,]
[5,16,]   325   0.000165816   -8.15387e-040   2.84656e-039   [-0.000012,-0.000008,]
[6,16,]   326   0.000288053   -4.74091e-040   2.4822e-039   [-0.000014,-0.000008,]
[7,16,]   327   0.000430812   -2.15915e-040   2.20893e-039   [-0.000016,-0.000006,]
[8,16,]   328   0.000560483   -3.83857e-041   2.02675e-039   [-0.000017,-0.000004,]
[9,16,]   329   0.000639919   5.53605e-041   1.93566e-039   [-0.000018,-0.000001,]
[10,16,]   330   0.000643973   6.57583e-041   1.93566e-039   [-0.000018,0.000001,]
[11,16,]   331   0.00057022   -1.2674e-041   2.02675e-039   [-0.000017,0.000004,]
[12,16,]   332   0.000441218   -1.80905e-040   2.20893e-039   [-0.000016,0.000006,]
[13,16,]   333   0.000295338   -4.38307e-040   2.4822e-039   [-0.000014,0.000007,]
[14,16,]   334   0.000169287   -7.86663e-040   2.84656e-039   [-0.000012,0.000008,]
[15,16,]   335   8.23954e-005   -1.22835e-039   3.30201e-039   [-0.000011,0.000009,]
[16,16,]   336   3.3847e-005   -1.75597e-039   3.84855e-039   [-0.000009,0.000009,]
[17,16,]   337   1.16225e-005   -2.42736e-039   4.48618e-039   [-0.000008,0.000009,]
[18,16,]   338   3.35279e-006   -3.19062e-039   5.2149e-039   [0.000001,0.000009,]
[19,16,]   339   8.25567e-007   -5.4475e-039   6.03471e-039   [0.000010,0.000010,]
[0,17,]   340   3.68462e-007   -6.05707e-039   6.67234e-039   [0.000003,-0.000006,]
[1,17,]   341   1.16519e-006   -4.12215e-039   5.85253e-039   [-0.000015,-0.000007,]
[2,17,]   342   3.9688e-006   -3.1117e-039   5.12381e-039   [-0.000008,-0.000008,]
[3,17,]   343   1.16218e-005   -2.42751e-039   4.48618e-039   [-0.000009,-0.000008,]
[4,17,]   344   2.86366e-005   -1.90534e-039   3.93964e-039   [-0.000010,-0.000007,]
[5,17,]   345   5.99159e-005   -1.46556e-039   3.48419e-039   [-0.000011,-0.000007,]
[6,17,]   346   0.000107068   -1.1123e-039   3.11983e-039   [-0.000013,-0.000006,]
[7,17,]   347   0.000164493   -8.43097e-040   2.84656e-039   [-0.000014,-0.000005,]
[8,17,]   348   0.00021869   -6.58333e-040   2.66438e-039   [-0.000015,-0.000003,]
[9,17,]   349   0.000252853   -5.59246e-040   2.57329e-039   [-0.000016,-0.000001,]
[10,17,]   350   0.000254764   -5.4881e-040   2.57329e-039   [-0.000016,0.000001,]
[11,17,]   351   0.000223354   -6.28724e-040   2.66438e-039   [-0.000015,0.000003,]
[12,17,]   352   0.000169618   -8.00109e-040   2.84656e-039   [-0.000014,0.000005,]
[13,17,]   353   0.000110863   -1.06325e-039   3.11983e-039   [-0.000013,0.000006,]
[14,17,]   354   6.19426e-005   -1.41837e-039   3.48419e-039   [-0.000011,0.000007,]
[15,17,]   355   2.94055e-005   -1.8675e-039   3.93964e-039   [-0.000010,0.000008,]
[16,17,]   356   1.18038e-005   -2.40225e-039   4.48618e-039   [-0.000009,0.000008,]
[17,17,]   357   3.96904e-006   -3.08342e-039   5.12381e-039   [-0.000008,0.000008,]
[18,17,]   358   1.12425e-006   -3.86397e-039   5.85253e-039   [0.000002,0.000008,]
[19,17,]   359   2.74641e-007   -6.22761e-039   6.67234e-039   [0.000011,0.000009,]
[0,18,]   360   1.02738e-007   -6.96356e-039   7.40106e-039   [0.000003,0.000004,]
[1,18,]   361   3.25028e-007   -4.93477e-039   6.58125e-039   [-0.000016,0.000002,]
[2,18,]   362   1.12417e-006   -3.89318e-039   5.85253e-039   [-0.000008,0.000002,]
[3,18,]   363   3.35259e-006   -3.19077e-039   5.2149e-039   [-0.000009,0.000001,]
[4,18,]   364   8.42904e-006   -2.6547e-039   4.66836e-039   [-0.000010,0.000001,]
[5,18,]   365   1.80212e-005   -2.20365e-039   4.21291e-039   [-0.000011,0.000001,]
[6,18,]   366   3.29115e-005   -1.84426e-039   3.84855e-039   [-0.000012,0.000001,]
[7,18,]   367   5.15813e-005   -1.57623e-039   3.57528e-039   [-0.000013,0.000001,]
[8,18,]   368   6.96616e-005   -1.40079e-039   3.3931e-039   [-0.000013,0.000002,]
[9,18,]   369   8.1293e-005   -1.31958e-039   3.30201e-039   [-0.000014,0.000004,]
[10,18,]   370   8.20372e-005   -1.33309e-039   3.30201e-039   [-0.000014,0.000005,]
[11,18,]   371   7.14907e-005   -1.44117e-039   3.3931e-039   [-0.000013,0.000007,]
[12,18,]   372   5.36242e-005   -1.64267e-039   3.57528e-039   [-0.000013,0.000009,]
[13,18,]   373   3.44707e-005   -1.93579e-039   3.84855e-039   [-0.000012,0.000011,]
[14,18,]   374   1.8901e-005   -2.31943e-039   4.21291e-039   [-0.000011,0.000012,]
[15,18,]   375   8.80104e-006   -2.79455e-039   4.66836e-039   [-0.000010,0.000013,]
[16,18,]   376   3.46741e-006   -3.35206e-039   5.2149e-039   [-0.000008,0.000014,]
[17,18,]   377   1.14545e-006   -4.05573e-039   5.85253e-039   [-0.000007,0.000015,]
[18,18,]   378   3.19321e-007   -4.86561e-039   6.58125e-039   [0.000002,0.000016,]
[19,18,]   379   7.75756e-008   -7.34121e-039   7.40106e-039   [0.000012,0.000017,]
[0,19,]   380   2.53306e-008   -9.43537e-039   8.22087e-039   [0.000003,0.000013,]
[1,19,]   381   7.90415e-008   -7.40922e-039   7.40106e-039   [-0.000017,0.000012,]
[2,19,]   382   2.74628e-007   -6.25828e-039   6.67234e-039   [-0.000010,0.000011,]
[3,19,]   383   8.25517e-007   -5.44769e-039   6.03471e-039   [-0.000010,0.000010,]
[4,19,]   384   2.09785e-006   -4.79337e-039   5.48817e-039   [-0.000011,0.000009,]
[5,19,]   385   4.54763e-006   -4.21456e-039   5.03272e-039   [-0.000011,0.000008,]
[6,19,]   386   8.44684e-006   -3.72531e-039   4.66836e-039   [-0.000012,0.000008,]
[7,19,]   387   1.34986e-005   -3.33626e-039   4.39509e-039   [-0.000013,0.000007,]
[8,19,]   388   1.86145e-005   -3.06174e-039   4.21291e-039   [-0.000013,0.000007,]
[9,19,]   389   2.21763e-005   -2.91534e-039   4.12182e-039   [-0.000013,0.000008,]
[10,19,]   390   2.28021e-005   -2.90463e-039   4.12182e-039   [-0.000012,0.000009,]
[11,19,]   391   2.01776e-005   -3.02995e-039   4.21291e-039   [-0.000011,0.000011,]
[12,19,]   392   1.53042e-005   -3.28454e-039   4.39509e-039   [-0.000011,0.000013,]
[13,19,]   393   9.90515e-006   -3.65681e-039   4.66836e-039   [-0.000010,0.000015,]
[14,19,]   394   5.44742e-006   -4.13502e-039   5.03272e-039   [-0.000009,0.000017,]
[15,19,]   395   2.53632e-006   -4.71108e-039   5.48817e-039   [-0.000008,0.000018,]
[16,19,]   396   9.9692e-007   -5.36939e-039   6.03471e-039   [-0.000007,0.000020,]
[17,19,]   397   3.28043e-007   -6.17196e-039   6.67234e-039   [-0.000006,0.000021,]
[18,19,]   398   9.10319e-008   -7.09143e-039   7.40106e-039   [0.000004,0.000023,]
[19,19,]   399   2.23111e-008   -9.60582e-039   8.22087e-039   [0.000014,0.000024,]
