coordinates  index   rho      Q      V    velocities 
[0,0,]   0   7.54251e-008   -8.34802e-039   8.22087e-039   [0.000022,0.000008,]
[1,0,]   1   1.87057e-007   -6.7466e-039   7.40106e-039   [-0.000010,0.000008,]
[2,0,]   2   6.17353e-007   -5.55378e-039   6.67234e-039   [0.000003,0.000008,]
[3,0,]   3   1.85862e-006   -4.60535e-039   6.03471e-039   [0.000006,0.000008,]
[4,0,]   4   4.6425e-006   -4.00532e-039   5.48817e-039   [0.000008,0.000008,]
[5,0,]   5   9.72188e-006   -3.50819e-039   5.03272e-039   [0.000009,0.000009,]
[6,0,]   6   1.71064e-005   -3.12968e-039   4.66836e-039   [0.000010,0.000009,]
[7,0,]   7   2.54385e-005   -2.86811e-039   4.39509e-039   [0.000011,0.000011,]
[8,0,]   8   3.21774e-005   -2.73826e-039   4.21291e-039   [0.000012,0.000012,]
[9,0,]   9   3.49112e-005   -2.7496e-039   4.12182e-039   [0.000013,0.000014,]
[10,0,]   10   3.27998e-005   -2.88304e-039   4.12182e-039   [0.000013,0.000016,]
[11,0,]   11   2.69282e-005   -3.1005e-039   4.21291e-039   [0.000014,0.000018,]
[12,0,]   12   1.94242e-005   -3.38056e-039   4.39509e-039   [0.000013,0.000019,]
[13,0,]   13   1.22924e-005   -3.71541e-039   4.66836e-039   [0.000013,0.000021,]
[14,0,]   14   6.77892e-006   -4.11712e-039   5.03272e-039   [0.000012,0.000021,]
[15,0,]   15   3.22619e-006   -4.59963e-039   5.48817e-039   [0.000011,0.000022,]
[16,0,]   16   1.31187e-006   -5.15988e-039   6.03471e-039   [0.000010,0.000022,]
[17,0,]   17   4.47995e-007   -5.91532e-039   6.67234e-039   [0.000011,0.000023,]
[18,0,]   18   1.30999e-007   -7.20733e-039   7.40106e-039   [0.000023,0.000023,]
[19,0,]   19   4.6045e-008   -9.0238e-039   8.22087e-039   [0.000033,0.000023,]
[0,1,]   20   1.62113e-007   -7.1658e-039   7.40106e-039   [0.000022,-0.000027,]
[1,1,]   21   4.09964e-007   -5.48261e-039   6.58125e-039   [-0.000009,-0.000026,]
[2,1,]   22   1.36975e-006   -4.34511e-039   5.85253e-039   [0.000005,-0.000025,]
[3,1,]   23   4.17407e-006   -3.44537e-039   5.2149e-039   [0.000008,-0.000024,]
[4,1,]   24   1.05891e-005   -2.8761e-039   4.66836e-039   [0.000010,-0.000023,]
[5,1,]   25   2.2625e-005   -2.39491e-039   4.21291e-039   [0.000011,-0.000022,]
[6,1,]   26   4.08059e-005   -2.02027e-039   3.84855e-039   [0.000012,-0.000020,]
[7,1,]   27   6.24512e-005   -1.74684e-039   3.57528e-039   [0.000013,-0.000017,]
[8,1,]   28   8.1543e-005   -1.5803e-039   3.3931e-039   [0.000014,-0.000015,]
[9,1,]   29   9.13551e-005   -1.52618e-039   3.30201e-039   [0.000015,-0.000012,]
[10,1,]   30   8.82947e-005   -1.57698e-039   3.30201e-039   [0.000015,-0.000009,]
[11,1,]   31   7.39811e-005   -1.71224e-039   3.3931e-039   [0.000014,-0.000007,]
[12,1,]   32   5.3857e-005   -1.92732e-039   3.57528e-039   [0.000013,-0.000005,]
[13,1,]   33   3.40266e-005   -2.21563e-039   3.84855e-039   [0.000012,-0.000005,]
[14,1,]   34   1.85746e-005   -2.58506e-039   4.21291e-039   [0.000011,-0.000005,]
[15,1,]   35   8.70505e-006   -3.04237e-039   4.66836e-039   [0.000010,-0.000005,]
[16,1,]   36   3.47752e-006   -3.58089e-039   5.2149e-039   [0.000009,-0.000006,]
[17,1,]   37   1.16579e-006   -4.31831e-039   5.85253e-039   [0.000010,-0.000007,]
[18,1,]   38   3.34663e-007   -5.59474e-039   6.58125e-039   [0.000022,-0.000007,]
[19,1,]   39   1.15735e-007   -7.53765e-039   7.40106e-039   [0.000032,-0.000009,]
[0,2,]   40   5.05373e-007   -5.67023e-039   6.67234e-039   [0.000021,-0.000017,]
[1,2,]   41   1.27864e-006   -4.08586e-039   5.85253e-039   [-0.000009,-0.000016,]
[2,2,]   42   4.18434e-006   -3.04352e-039   5.12381e-039   [0.000005,-0.000016,]
[3,2,]   43   1.25153e-005   -2.20053e-039   4.48618e-039   [0.000008,-0.000016,]
[4,2,]   44   3.13088e-005   -1.6617e-039   3.93964e-039   [0.000010,-0.000016,]
[5,2,]   45   6.61397e-005   -1.20826e-039   3.48419e-039   [0.000012,-0.000015,]
[6,2,]   46   0.000118178   -8.71114e-040   3.11983e-039   [0.000014,-0.000014,]
[7,2,]   47   0.000179838   -6.38708e-040   2.84656e-039   [0.000016,-0.000012,]
[8,2,]   48   0.000234866   -5.15189e-040   2.66438e-039   [0.000017,-0.000010,]
[9,2,]   49   0.000265254   -4.90087e-040   2.57329e-039   [0.000018,-0.000007,]
[10,2,]   50   0.000260097   -5.65578e-040   2.57329e-039   [0.000018,-0.000003,]
[11,2,]   51   0.000221809   -7.33743e-040   2.66438e-039   [0.000017,-0.000000,]
[12,2,]   52   0.000164621   -9.67342e-040   2.84656e-039   [0.000016,0.000003,]
[13,2,]   53   0.000106003   -1.26786e-039   3.11983e-039   [0.000014,0.000004,]
[14,2,]   54   5.89409e-005   -1.62949e-039   3.48419e-039   [0.000012,0.000005,]
[15,2,]   55   2.81067e-005   -2.06642e-039   3.93964e-039   [0.000010,0.000006,]
[16,2,]   56   1.14093e-005   -2.57619e-039   4.48618e-039   [0.000009,0.000006,]
[17,2,]   57   3.88136e-006   -3.27907e-039   5.12381e-039   [0.000010,0.000006,]
[18,2,]   58   1.12873e-006   -4.495e-039   5.85253e-039   [0.000021,0.000005,]
[19,2,]   59   3.88161e-007   -6.36842e-039   6.67234e-039   [0.000031,0.000004,]
[0,3,]   60   1.4034e-006   -4.83563e-039   6.03471e-039   [0.000019,-0.000014,]
[1,3,]   61   3.54677e-006   -3.37063e-039   5.2149e-039   [-0.000008,-0.000012,]
[2,3,]   62   1.13126e-005   -2.41022e-039   4.48618e-039   [0.000005,-0.000013,]
[3,3,]   63   3.29727e-005   -1.61528e-039   3.84855e-039   [0.000008,-0.000013,]
[4,3,]   64   8.06514e-005   -1.09279e-039   3.30201e-039   [0.000010,-0.000013,]
[5,3,]   65   0.00016686   -6.46848e-040   2.84656e-039   [0.000013,-0.000013,]
[6,3,]   66   0.000292562   -3.10397e-040   2.4822e-039   [0.000015,-0.000012,]
[7,3,]   67   0.000438729   -7.73954e-041   2.20893e-039   [0.000018,-0.000011,]
[8,3,]   68   0.000569672   7.25156e-041   2.02675e-039   [0.000020,-0.000008,]
[9,3,]   69   0.000647365   1.39891e-040   1.93566e-039   [0.000022,-0.000005,]
[10,3,]   70   0.000646587   1.16086e-040   1.93566e-039   [0.000022,-0.000002,]
[11,3,]   71   0.000566641   2.30053e-042   2.02675e-039   [0.000020,0.000002,]
[12,3,]   72   0.000433785   -2.07927e-040   2.20893e-039   [0.000018,0.000005,]
[13,3,]   73   0.000288347   -4.86693e-040   2.4822e-039   [0.000015,0.000007,]
[14,3,]   74   0.000165164   -8.39231e-040   2.84656e-039   [0.000012,0.000008,]
[15,3,]   75   8.09216e-005   -1.26183e-039   3.30201e-039   [0.000010,0.000008,]
[16,3,]   76   3.36429e-005   -1.75769e-039   3.84855e-039   [0.000009,0.000008,]
[17,3,]   77   1.16893e-005   -2.44242e-039   4.48618e-039   [0.000009,0.000008,]
[18,3,]   78   3.46118e-006   -3.61e-039   5.2149e-039   [0.000020,0.000008,]
[19,3,]   79   1.18285e-006   -5.41034e-039   6.03471e-039   [0.000029,0.000006,]
[0,4,]   80   3.29585e-006   -4.35796e-039   5.48817e-039   [0.000018,-0.000011,]
[1,4,]   81   8.37706e-006   -2.99176e-039   4.66836e-039   [-0.000007,-0.000010,]
[2,4,]   82   2.612e-005   -2.09336e-039   3.93964e-039   [0.000004,-0.000010,]
[3,4,]   83   7.40738e-005   -1.33622e-039   3.30201e-039   [0.000007,-0.000010,]
[4,4,]   84   0.000176233   -8.27023e-040   2.75547e-039   [0.000010,-0.000011,]
[5,4,]   85   0.000354232   -3.81049e-040   2.30002e-039   [0.000013,-0.000011,]
[6,4,]   86   0.000602865   -4.77282e-041   1.93566e-039   [0.000016,-0.000010,]
[7,4,]   87   0.000880097   2.05708e-040   1.66239e-039   [0.000020,-0.000009,]
[8,4,]   88   0.00112045   3.70703e-040   1.48021e-039   [0.000023,-0.000006,]
[9,4,]   89   0.00126792   5.03718e-040   1.38912e-039   [0.000025,-0.000003,]
[10,4,]   90   0.00128548   5.49282e-040   1.38912e-039   [0.000026,0.000001,]
[11,4,]   91   0.00116002   4.57945e-040   1.48021e-039   [0.000024,0.000005,]
[12,4,]   92   0.000924405   2.91596e-040   1.66239e-039   [0.000020,0.000008,]
[13,4,]   93   0.000640204   2.08113e-041   1.93566e-039   [0.000016,0.000010,]
[14,4,]   94   0.00038102   -3.18094e-040   2.30002e-039   [0.000013,0.000011,]
[15,4,]   95   0.0001929   -7.38844e-040   2.75547e-039   [0.000010,0.000011,]
[16,4,]   96   8.24268e-005   -1.23011e-039   3.30201e-039   [0.000009,0.000011,]
[17,4,]   97   2.93026e-005   -1.90778e-039   3.93964e-039   [0.000009,0.000010,]
[18,4,]   98   8.83916e-006   -3.03261e-039   4.66836e-039   [0.000018,0.000009,]
[19,4,]   99   2.99461e-006   -4.75922e-039   5.48817e-039   [0.000027,0.000007,]
[0,5,]   100   6.78528e-006   -3.93804e-039   5.03272e-039   [0.000017,-0.000010,]
[1,5,]   101   1.7526e-005   -2.6168e-039   4.21291e-039   [-0.000007,-0.000008,]
[2,5,]   102   5.37522e-005   -1.74802e-039   3.48419e-039   [0.000004,-0.000008,]
[3,5,]   103   0.000148411   -1.01349e-039   2.84656e-039   [0.000007,-0.000009,]
[4,5,]   104   0.000341937   -5.08615e-040   2.30002e-039   [0.000010,-0.000009,]
[5,5,]   105   0.000661166   -7.49423e-041   1.84457e-039   [0.000013,-0.000009,]
[6,5,]   106   0.00107671   2.65672e-040   1.48021e-039   [0.000017,-0.000009,]
[7,5,]   107   0.0014972   5.01243e-040   1.20694e-039   [0.000021,-0.000008,]
[8,5,]   108   0.00182476   7.01752e-040   1.02476e-039   [0.000026,-0.000005,]
[9,5,]   109   0.00200012   7.81459e-040   9.33673e-040   [0.000030,-0.000001,]
[10,5,]   110   0.00203335   8.72407e-040   9.33673e-040   [0.000030,0.000004,]
[11,5,]   111   0.00190264   8.20464e-040   1.02476e-039   [0.000028,0.000009,]
[12,5,]   112   0.00159798   6.61086e-040   1.20694e-039   [0.000023,0.000012,]
[13,5,]   113   0.00117089   4.38501e-040   1.48021e-039   [0.000017,0.000013,]
[14,5,]   114   0.000731892   1.11213e-040   1.84457e-039   [0.000013,0.000013,]
[15,5,]   115   0.00038582   -2.92088e-040   2.30002e-039   [0.000010,0.000013,]
[16,5,]   116   0.000170123   -7.8004e-040   2.84656e-039   [0.000008,0.000012,]
[17,5,]   117   6.1996e-005   -1.44906e-039   3.48419e-039   [0.000008,0.000011,]
[18,5,]   118   1.90563e-005   -2.5286e-039   4.21291e-039   [0.000017,0.000010,]
[19,5,]   119   6.37651e-006   -4.18507e-039   5.03272e-039   [0.000024,0.000008,]
[0,6,]   120   1.2329e-005   -3.54843e-039   4.66836e-039   [0.000017,-0.000009,]
[1,6,]   121   3.26008e-005   -2.21436e-039   3.84855e-039   [-0.000006,-0.000007,]
[2,6,]   122   9.89316e-005   -1.34233e-039   3.11983e-039   [0.000004,-0.000008,]
[3,6,]   123   0.000266431   -6.07294e-040   2.4822e-039   [0.000006,-0.000008,]
[4,6,]   124   0.000592251   -1.12764e-040   1.93566e-039   [0.000009,-0.000009,]
[5,6,]   125   0.0010918   3.18285e-040   1.48021e-039   [0.000013,-0.000010,]
[6,6,]   126   0.00166994   6.234e-040   1.11585e-039   [0.000017,-0.000010,]
[7,6,]   127   0.00215296   8.6797e-040   8.42583e-040   [0.000023,-0.000010,]
[8,6,]   128   0.0024077   9.76333e-040   6.60403e-040   [0.000030,-0.000007,]
[9,6,]   129   0.00247477   1.03492e-039   5.69313e-040   [0.000035,0.000000,]
[10,6,]   130   0.00247311   9.88554e-040   5.69313e-040   [0.000037,0.000008,]
[11,6,]   131   0.00244895   1.00137e-039   6.60403e-040   [0.000032,0.000014,]
[12,6,]   132   0.00223994   9.45056e-040   8.42583e-040   [0.000024,0.000017,]
[13,6,]   133   0.00177106   7.21684e-040   1.11585e-039   [0.000018,0.000017,]
[14,6,]   134   0.0011793   4.41701e-040   1.48021e-039   [0.000013,0.000016,]
[15,6,]   135   0.000651458   4.72963e-041   1.93566e-039   [0.000009,0.000015,]
[16,6,]   136   0.000297372   -4.27027e-040   2.4822e-039   [0.000007,0.000014,]
[17,6,]   137   0.000111147   -1.09038e-039   3.11983e-039   [0.000007,0.000013,]
[18,6,]   138   3.47846e-005   -2.12076e-039   3.84855e-039   [0.000015,0.000012,]
[19,6,]   139   1.1445e-005   -3.71627e-039   4.66836e-039   [0.000022,0.000009,]
[0,7,]   140   1.95427e-005   -3.23257e-039   4.39509e-039   [0.000018,-0.000009,]
[1,7,]   141   5.27969e-005   -1.8646e-039   3.57528e-039   [-0.000006,-0.000008,]
[2,7,]   142   0.000158991   -9.67006e-040   2.84656e-039   [0.000003,-0.000009,]
[3,7,]   143   0.000418195   -2.35853e-040   2.20893e-039   [0.000005,-0.000010,]
[4,7,]   144   0.000896272   2.61772e-040   1.66239e-039   [0.000008,-0.000012,]
[5,7,]   145   0.00156281   6.4862e-040   1.20694e-039   [0.000011,-0.000014,]
[6,7,]   146   0.00221181   9.6433e-040   8.42583e-040   [0.000016,-0.000016,]
[7,7,]   147   0.00253765   1.07177e-039   5.69313e-040   [0.000024,-0.000017,]
[8,7,]   148   0.00245621   1.05586e-039   3.87133e-040   [0.000036,-0.000014,]
[9,7,]   149   0.00221198   7.53833e-040   2.96043e-040   [0.000047,-0.000005,]
[10,7,]   150   0.00216601   7.52549e-040   2.96043e-040   [0.000047,0.000016,]
[11,7,]   151   0.00241584   9.34527e-040   3.87133e-040   [0.000037,0.000024,]
[12,7,]   152   0.00254403   1.01595e-039   5.69313e-040   [0.000025,0.000024,]
[13,7,]   153   0.00225368   9.36795e-040   8.42583e-040   [0.000016,0.000022,]
[14,7,]   154   0.00161743   6.6559e-040   1.20694e-039   [0.000011,0.000020,]
[15,7,]   155   0.000940604   3.04852e-040   1.66239e-039   [0.000008,0.000018,]
[16,7,]   156   0.000444151   -1.69613e-040   2.20893e-039   [0.000006,0.000016,]
[17,7,]   157   0.000169983   -8.22502e-040   2.84656e-039   [0.000006,0.000014,]
[18,7,]   158   5.40171e-005   -1.80631e-039   3.57528e-039   [0.000013,0.000012,]
[19,7,]   159   1.73951e-005   -3.35785e-039   4.39509e-039   [0.000019,0.000010,]
[0,8,]   160   2.67684e-005   -3.02456e-039   4.21291e-039   [0.000018,-0.000010,]
[1,8,]   161   7.30123e-005   -1.64658e-039   3.3931e-039   [-0.000006,-0.000010,]
[2,8,]   162   0.00021821   -7.29733e-040   2.66438e-039   [0.000002,-0.000011,]
[3,8,]   163   0.000562627   4.84799e-042   2.02675e-039   [0.000004,-0.000013,]
[4,8,]   164   0.00116614   4.80274e-040   1.48021e-039   [0.000006,-0.000016,]
[5,8,]   165   0.00192885   8.64328e-040   1.02476e-039   [0.000008,-0.000019,]
[6,8,]   166   0.00249168   1.06229e-039   6.60403e-040   [0.000013,-0.000024,]
[7,8,]   167   0.00246658   1.02589e-039   3.87133e-040   [0.000022,-0.000030,]
[8,8,]   168   0.00186557   3.5037e-040   2.04953e-040   [0.000039,-0.000031,]
[9,8,]   169   0.00133011   8.14272e-041   1.13863e-040   [0.000072,-0.000018,]
[10,8,]   170   0.00119097   -1.41765e-039   1.13863e-040   [0.000073,0.000027,]
[11,8,]   171   0.0018159   2.12952e-040   2.04953e-040   [0.000037,0.000040,]
[12,8,]   172   0.00244096   9.73723e-040   3.87133e-040   [0.000020,0.000036,]
[13,8,]   173   0.00248661   1.02496e-039   6.60403e-040   [0.000012,0.000028,]
[14,8,]   174   0.00193603   8.36281e-040   1.02476e-039   [0.000008,0.000023,]
[15,8,]   175   0.00117851   4.58827e-040   1.48021e-039   [0.000005,0.000020,]
[16,8,]   176   0.000572825   -1.1428e-043   2.02675e-039   [0.000004,0.000017,]
[17,8,]   177   0.000223225   -6.53008e-040   2.66438e-039   [0.000004,0.000015,]
[18,8,]   178   7.1694e-005   -1.58929e-039   3.3931e-039   [0.000011,0.000013,]
[19,8,]   179   2.25027e-005   -3.12351e-039   4.21291e-039   [0.000017,0.000011,]
[0,9,]   180   3.17463e-005   -2.92271e-039   4.12182e-039   [0.000017,-0.000011,]
[1,9,]   181   8.59715e-005   -1.57409e-039   3.30201e-039   [-0.000007,-0.000012,]
[2,9,]   182   0.000255366   -6.30875e-040   2.57329e-039   [-0.000000,-0.000014,]
[3,9,]   183   0.000649721   9.01135e-041   1.93566e-039   [0.000001,-0.000016,]
[4,9,]   184   0.00132001   5.84835e-040   1.38912e-039   [0.000002,-0.000019,]
[5,9,]   185   0.00210291   9.33403e-040   9.33673e-040   [0.000003,-0.000024,]
[6,9,]   186   0.00253676   1.02461e-039   5.69313e-040   [0.000006,-0.000031,]
[7,9,]   187   0.00219278   7.53005e-040   2.96043e-040   [0.000014,-0.000042,]
[8,9,]   188   0.00119676   -1.44147e-039   1.13863e-040   [0.000026,-0.000070,]
[9,9,]   189   0.000426904   -8.58353e-039   2.27725e-041   [0.000114,-0.000112,]
[10,9,]   190   0.000417492   -8.83021e-039   2.27725e-041   [0.000114,0.000117,]
[11,9,]   191   0.00128876   -7.51794e-041   1.13863e-040   [0.000023,0.000073,]
[12,9,]   192   0.00219257   7.07932e-040   2.96043e-040   [0.000009,0.000046,]
[13,9,]   193   0.0025211   1.05911e-039   5.69313e-040   [0.000004,0.000032,]
[14,9,]   194   0.00207572   8.68346e-040   9.33673e-040   [0.000003,0.000026,]
[15,9,]   195   0.00130566   5.52216e-040   1.38912e-039   [0.000002,0.000021,]
[16,9,]   196   0.000644673   7.64827e-041   1.93566e-039   [0.000001,0.000018,]
[17,9,]   197   0.00025353   -5.74054e-040   2.57329e-039   [0.000002,0.000016,]
[18,9,]   198   8.17138e-005   -1.47665e-039   3.30201e-039   [0.000009,0.000014,]
[19,9,]   199   2.49423e-005   -3.02713e-039   4.12182e-039   [0.000016,0.000012,]
[0,10,]   200   3.27474e-005   -2.91171e-039   4.12182e-039   [0.000016,-0.000011,]
[1,10,]   201   8.68663e-005   -1.60784e-039   3.30201e-039   [-0.000009,-0.000013,]
[2,10,]   202   0.000257244   -6.43382e-040   2.57329e-039   [-0.000002,-0.000015,]
[3,10,]   203   0.000652818   7.80124e-041   1.93566e-039   [-0.000002,-0.000017,]
[4,10,]   204   0.00132136   5.57282e-040   1.38912e-039   [-0.000002,-0.000020,]
[5,10,]   205   0.00209769   8.70821e-040   9.33673e-040   [-0.000003,-0.000025,]
[6,10,]   206   0.00254104   1.05446e-039   5.69313e-040   [-0.000004,-0.000032,]
[7,10,]   207   0.00220022   6.77961e-040   2.96043e-040   [-0.000009,-0.000045,]
[8,10,]   208   0.00128633   -1.14454e-040   1.13863e-040   [-0.000021,-0.000072,]
[9,10,]   209   0.000408256   -9.07599e-039   2.27725e-041   [-0.000115,-0.000115,]
[10,10,]   210   0.000408808   -8.97138e-039   2.27725e-041   [-0.000116,0.000116,]
[11,10,]   211   0.00116748   -1.47131e-039   1.13863e-040   [-0.000025,0.000072,]
[12,10,]   212   0.00214858   7.30777e-040   2.96043e-040   [-0.000013,0.000045,]
[13,10,]   213   0.00248791   9.97415e-040   5.69313e-040   [-0.000005,0.000033,]
[14,10,]   214   0.0020624   8.98898e-040   9.33673e-040   [-0.000003,0.000026,]
[15,10,]   215   0.00129503   5.48982e-040   1.38912e-039   [-0.000002,0.000021,]
[16,10,]   216   0.000637726   5.85536e-041   1.93566e-039   [-0.000001,0.000018,]
[17,10,]   217   0.000250187   -5.90731e-040   2.57329e-039   [-0.000000,0.000016,]
[18,10,]   218   8.03016e-005   -1.46941e-039   3.30201e-039   [0.000007,0.000014,]
[19,10,]   219   2.38527e-005   -3.06782e-039   4.12182e-039   [0.000015,0.000013,]
[0,11,]   220   2.93723e-005   -2.9998e-039   4.21291e-039   [0.000015,-0.000011,]
[1,11,]   221   7.57342e-005   -1.73184e-039   3.3931e-039   [-0.000011,-0.000013,]
[2,11,]   222   0.000224856   -7.37615e-040   2.66438e-039   [-0.000005,-0.000015,]
[3,11,]   223   0.000575791   -1.13172e-041   2.02675e-039   [-0.000004,-0.000017,]
[4,11,]   224   0.0011834   4.52129e-040   1.48021e-039   [-0.000005,-0.000020,]
[5,11,]   225   0.00194048   8.30468e-040   1.02476e-039   [-0.000007,-0.000023,]
[6,11,]   226   0.00248532   1.01624e-039   6.60403e-040   [-0.000012,-0.000028,]
[7,11,]   227   0.00243194   9.67083e-040   3.87133e-040   [-0.000019,-0.000035,]
[8,11,]   228   0.00180017   2.07321e-040   2.04953e-040   [-0.000035,-0.000039,]
[9,11,]   229   0.00116417   -1.47385e-039   1.13863e-040   [-0.000072,-0.000026,]
[10,11,]   230   0.00128079   -6.20649e-041   1.13863e-040   [-0.000072,0.000022,]
[11,11,]   231   0.00180105   2.21355e-040   2.04953e-040   [-0.000039,0.000035,]
[12,11,]   232   0.00239993   9.37468e-040   3.87133e-040   [-0.000022,0.000034,]
[13,11,]   233   0.00243917   9.94124e-040   6.60403e-040   [-0.000012,0.000029,]
[14,11,]   234   0.00189582   8.03056e-040   1.02476e-039   [-0.000008,0.000024,]
[15,11,]   235   0.0011498   4.25606e-040   1.48021e-039   [-0.000006,0.000020,]
[16,11,]   236   0.000555845   -3.96548e-041   2.02675e-039   [-0.000004,0.000017,]
[17,11,]   237   0.000215007   -7.02579e-040   2.66438e-039   [-0.000002,0.000015,]
[18,11,]   238   6.82438e-005   -1.56138e-039   3.3931e-039   [0.000006,0.000013,]
[19,11,]   239   1.97969e-005   -3.23561e-039   4.21291e-039   [0.000015,0.000014,]
[0,12,]   240   2.27584e-005   -3.20054e-039   4.39509e-039   [0.000014,-0.000010,]
[1,12,]   241   5.69174e-005   -1.94771e-039   3.57528e-039   [-0.000013,-0.000012,]
[2,12,]   242   0.000170457   -9.08721e-040   2.84656e-039   [-0.000006,-0.000014,]
[3,12,]   243   0.000444407   -1.7824e-040   2.20893e-039   [-0.000006,-0.000016,]
[4,12,]   244   0.000939861   3.01251e-040   1.66239e-039   [-0.000008,-0.000018,]
[5,12,]   245   0.0016125   6.61582e-040   1.20694e-039   [-0.000011,-0.000020,]
[6,12,]   246   0.00224081   9.29022e-040   8.42583e-040   [-0.000015,-0.000022,]
[7,12,]   247   0.0025258   1.00872e-039   5.69313e-040   [-0.000023,-0.000023,]
[8,12,]   248   0.00239831   9.37907e-040   3.87133e-040   [-0.000034,-0.000022,]
[9,12,]   249   0.00214338   7.24533e-040   2.96043e-040   [-0.000044,-0.000013,]
[10,12,]   250   0.00218452   7.10519e-040   2.96043e-040   [-0.000045,0.000009,]
[11,12,]   251   0.00242759   9.76563e-040   3.87133e-040   [-0.000035,0.000019,]
[12,12,]   252   0.00252532   1.01228e-039   5.69313e-040   [-0.000023,0.000023,]
[13,12,]   253   0.0022183   9.27229e-040   8.42583e-040   [-0.000016,0.000022,]
[14,12,]   254   0.00157808   6.2957e-040   1.20694e-039   [-0.000011,0.000020,]
[15,12,]   255   0.00091003   2.58752e-040   1.66239e-039   [-0.000008,0.000018,]
[16,12,]   256   0.000425742   -2.24124e-040   2.20893e-039   [-0.000006,0.000016,]
[17,12,]   257   0.000160924   -8.93267e-040   2.84656e-039   [-0.000004,0.000014,]
[18,12,]   258   5.01768e-005   -1.7581e-039   3.57528e-039   [0.000006,0.000013,]
[19,12,]   259   1.43107e-005   -3.52575e-039   4.39509e-039   [0.000015,0.000014,]
[0,13,]   260   1.50953e-005   -3.51409e-039   4.66836e-039   [0.000013,-0.000009,]
[1,13,]   261   3.66733e-005   -2.25806e-039   3.84855e-039   [-0.000015,-0.000012,]
[2,13,]   262   0.000111238   -1.17439e-039   3.11983e-039   [-0.000008,-0.000013,]
[3,13,]   263   0.000296897   -4.28833e-040   2.4822e-039   [-0.000008,-0.000014,]
[4,13,]   264   0.000649131   4.91438e-041   1.93566e-039   [-0.000009,-0.000015,]
[5,13,]   265   0.00117141   4.38856e-040   1.48021e-039   [-0.000012,-0.000016,]
[6,13,]   266   0.00175372   7.07104e-040   1.11585e-039   [-0.000016,-0.000017,]
[7,13,]   267   0.00221835   9.27304e-040   8.42583e-040   [-0.000022,-0.000016,]
[8,13,]   268   0.00243862   9.96088e-040   6.60403e-040   [-0.000029,-0.000012,]
[9,13,]   269   0.00248598   1.00319e-039   5.69313e-040   [-0.000033,-0.000005,]
[10,13,]   270   0.00251595   1.06258e-039   5.69313e-040   [-0.000032,0.000004,]
[11,13,]   271   0.00247696   1.02754e-039   6.60403e-040   [-0.000028,0.000012,]
[12,13,]   272   0.00223895   9.34339e-040   8.42583e-040   [-0.000022,0.000015,]
[13,13,]   273   0.0017535   7.09011e-040   1.11585e-039   [-0.000017,0.000016,]
[14,13,]   274   0.00115573   4.18744e-040   1.48021e-039   [-0.000013,0.000016,]
[15,13,]   275   0.000631049   6.96057e-042   1.93566e-039   [-0.000010,0.000015,]
[16,13,]   276   0.000284362   -4.78009e-040   2.4822e-039   [-0.000007,0.000014,]
[17,13,]   277   0.000104422   -1.17094e-039   3.11983e-039   [-0.000005,0.000013,]
[18,13,]   278   3.18666e-005   -2.04963e-039   3.84855e-039   [0.000006,0.000012,]
[19,13,]   279   9.00171e-006   -3.91921e-039   4.66836e-039   [0.000017,0.000013,]
[0,14,]   280   8.50485e-006   -3.93544e-039   5.03272e-039   [0.000012,-0.000008,]
[1,14,]   281   2.01348e-005   -2.66417e-039   4.21291e-039   [-0.000017,-0.000010,]
[2,14,]   282   6.20094e-005   -1.5328e-039   3.48419e-039   [-0.000009,-0.000011,]
[3,14,]   283   0.000169715   -7.76767e-040   2.84656e-039   [-0.000009,-0.000012,]
[4,14,]   284   0.000383902   -2.85935e-040   2.30002e-039   [-0.000010,-0.000013,]
[5,14,]   285   0.000725283   1.09071e-040   1.84457e-039   [-0.000013,-0.000013,]
[6,14,]   286   0.00115572   4.18293e-040   1.48021e-039   [-0.000016,-0.000013,]
[7,14,]   287   0.00157806   6.29669e-040   1.20694e-039   [-0.000020,-0.000011,]
[8,14,]   288   0.00189566   8.0408e-040   1.02476e-039   [-0.000024,-0.000008,]
[9,14,]   289   0.00206164   9.00774e-040   9.33673e-040   [-0.000026,-0.000003,]
[10,14,]   290   0.00207364   8.72216e-040   9.33673e-040   [-0.000026,0.000003,]
[11,14,]   291   0.00193164   8.40701e-040   1.02476e-039   [-0.000023,0.000007,]
[12,14,]   292   0.00161045   6.68514e-040   1.20694e-039   [-0.000020,0.000011,]
[13,14,]   293   0.00117118   4.41434e-040   1.48021e-039   [-0.000016,0.000012,]
[14,14,]   294   0.000725304   1.09387e-040   1.84457e-039   [-0.000013,0.000013,]
[15,14,]   295   0.000377458   -3.12907e-040   2.30002e-039   [-0.000011,0.000012,]
[16,14,]   296   0.000163837   -8.16906e-040   2.84656e-039   [-0.000008,0.000012,]
[17,14,]   297   5.83936e-005   -1.52672e-039   3.48419e-039   [-0.000006,0.000011,]
[18,14,]   298   1.7416e-005   -2.43328e-039   4.21291e-039   [0.000006,0.000011,]
[19,14,]   299   4.90715e-006   -4.4022e-039   5.03272e-039   [0.000018,0.000013,]
[0,15,]   300   4.0447e-006   -4.46196e-039   5.48817e-039   [0.000011,-0.000007,]
[1,15,]   301   9.36708e-006   -3.16755e-039   4.66836e-039   [-0.000018,-0.000009,]
[2,15,]   302   2.93151e-005   -1.99212e-039   3.93964e-039   [-0.000010,-0.000010,]
[3,15,]   303   8.22485e-005   -1.22227e-039   3.30201e-039   [-0.000009,-0.000011,]
[4,15,]   304   0.000191958   -7.26593e-040   2.75547e-039   [-0.000010,-0.000011,]
[5,15,]   305   0.000377445   -3.12433e-040   2.30002e-039   [-0.000012,-0.000011,]
[6,15,]   306   0.000631037   6.899e-042   1.93566e-039   [-0.000015,-0.000010,]
[7,15,]   307   0.000910025   2.5886e-040   1.66239e-039   [-0.000018,-0.000008,]
[8,15,]   308   0.00114978   4.26054e-040   1.48021e-039   [-0.000020,-0.000006,]
[9,15,]   309   0.00129489   5.50411e-040   1.38912e-039   [-0.000021,-0.000002,]
[10,15,]   310   0.00130513   5.54886e-040   1.38912e-039   [-0.000021,0.000002,]
[11,15,]   311   0.00117727   4.63089e-040   1.48021e-039   [-0.000020,0.000005,]
[12,15,]   312   0.000938571   3.10465e-040   1.66239e-039   [-0.000018,0.000008,]
[13,15,]   313   0.000649129   5.38286e-041   1.93566e-039   [-0.000015,0.000009,]
[14,15,]   314   0.00038402   -2.84107e-040   2.30002e-039   [-0.000013,0.000010,]
[15,15,]   315   0.000192019   -7.25835e-040   2.75547e-039   [-0.000011,0.000010,]
[16,15,]   316   8.06357e-005   -1.23792e-039   3.30201e-039   [-0.000009,0.000010,]
[17,15,]   317   2.79397e-005   -1.96684e-039   3.93964e-039   [-0.000006,0.000010,]
[18,15,]   318   8.15033e-006   -2.90562e-039   4.66836e-039   [0.000007,0.000010,]
[19,15,]   319   2.30295e-006   -4.96573e-039   5.48817e-039   [0.000020,0.000012,]
[0,16,]   320   1.61756e-006   -5.06262e-039   6.03471e-039   [0.000011,-0.000006,]
[1,16,]   321   3.67837e-006   -3.74013e-039   5.2149e-039   [-0.000020,-0.000008,]
[2,16,]   322   1.16978e-005   -2.52351e-039   4.48618e-039   [-0.000010,-0.000008,]
[3,16,]   323   3.3591e-005   -1.74194e-039   3.84855e-039   [-0.000009,-0.000009,]
[4,16,]   324   8.06123e-005   -1.23847e-039   3.30201e-039   [-0.000010,-0.000009,]
[5,16,]   325   0.000163834   -8.16271e-040   2.84656e-039   [-0.000012,-0.000008,]
[6,16,]   326   0.00028436   -4.77989e-040   2.4822e-039   [-0.000014,-0.000007,]
[7,16,]   327   0.000425741   -2.24082e-040   2.20893e-039   [-0.000016,-0.000006,]
[8,16,]   328   0.000555843   -3.94952e-041   2.02675e-039   [-0.000017,-0.000004,]
[9,16,]   329   0.000637707   5.90796e-041   1.93566e-039   [-0.000018,-0.000001,]
[10,16,]   330   0.000644592   7.79156e-041   1.93566e-039   [-0.000018,0.000001,]
[11,16,]   331   0.000572613   2.7514e-042   2.02675e-039   [-0.000017,0.000004,]
[12,16,]   332   0.000443786   -1.64933e-040   2.20893e-039   [-0.000016,0.000006,]
[13,16,]   333   0.000296955   -4.20293e-040   2.4822e-039   [-0.000014,0.000007,]
[14,16,]   334   0.000169814   -7.71614e-040   2.84656e-039   [-0.000012,0.000008,]
[15,16,]   335   8.22979e-005   -1.21858e-039   3.30201e-039   [-0.000011,0.000009,]
[16,16,]   336   3.36098e-005   -1.73865e-039   3.84855e-039   [-0.000009,0.000009,]
[17,16,]   337   1.1359e-005   -2.48133e-039   4.48618e-039   [-0.000007,0.000009,]
[18,16,]   338   3.24704e-006   -3.455e-039   5.2149e-039   [0.000008,0.000009,]
[19,16,]   339   9.23342e-007   -5.59586e-039   6.03471e-039   [0.000022,0.000011,]
[0,17,]   340   5.34665e-007   -5.89546e-039   6.67234e-039   [0.000011,-0.000004,]
[1,17,]   341   1.1974e-006   -4.54464e-039   5.85253e-039   [-0.000021,-0.000006,]
[2,17,]   342   3.86851e-006   -3.28478e-039   5.12381e-039   [-0.000010,-0.000006,]
[3,17,]   343   1.13529e-005   -2.48457e-039   4.48618e-039   [-0.000009,-0.000007,]
[4,17,]   344   2.79321e-005   -1.96743e-039   3.93964e-039   [-0.000010,-0.000006,]
[5,17,]   345   5.83933e-005   -1.52609e-039   3.48419e-039   [-0.000011,-0.000006,]
[6,17,]   346   0.000104422   -1.17093e-039   3.11983e-039   [-0.000013,-0.000005,]
[7,17,]   347   0.000160924   -8.93249e-040   2.84656e-039   [-0.000014,-0.000004,]
[8,17,]   348   0.000215007   -7.02545e-040   2.66438e-039   [-0.000015,-0.000002,]
[9,17,]   349   0.000250187   -5.90534e-040   2.57329e-039   [-0.000016,-0.000000,]
[10,17,]   350   0.000253525   -5.73465e-040   2.57329e-039   [-0.000016,0.000002,]
[11,17,]   351   0.000223206   -6.51622e-040   2.66438e-039   [-0.000015,0.000004,]
[12,17,]   352   0.000169946   -8.19889e-040   2.84656e-039   [-0.000014,0.000006,]
[13,17,]   353   0.000111104   -1.08631e-039   3.11983e-039   [-0.000013,0.000007,]
[14,17,]   354   6.19661e-005   -1.44406e-039   3.48419e-039   [-0.000011,0.000008,]
[15,17,]   355   2.92968e-005   -1.90085e-039   3.93964e-039   [-0.000010,0.000009,]
[16,17,]   356   1.16905e-005   -2.42885e-039   4.48618e-039   [-0.000008,0.000009,]
[17,17,]   357   3.86609e-006   -3.1867e-039   5.12381e-039   [-0.000006,0.000010,]
[18,17,]   358   1.08516e-006   -4.19843e-039   5.85253e-039   [0.000009,0.000010,]
[19,17,]   359   3.11264e-007   -6.40777e-039   6.67234e-039   [0.000023,0.000012,]
[0,18,]   360   1.49998e-007   -7.01031e-039   7.40106e-039   [0.000011,0.000011,]
[1,18,]   361   3.31556e-007   -5.62307e-039   6.58125e-039   [-0.000022,0.000010,]
[2,18,]   362   1.08583e-006   -4.3002e-039   5.85253e-039   [-0.000011,0.000009,]
[3,18,]   363   3.2453e-006   -3.45829e-039   5.2149e-039   [-0.000009,0.000008,]
[4,18,]   364   8.14811e-006   -2.9063e-039   4.66836e-039   [-0.000010,0.000007,]
[5,18,]   365   1.7416e-005   -2.43269e-039   4.21291e-039   [-0.000011,0.000006,]
[6,18,]   366   3.18666e-005   -2.04963e-039   3.84855e-039   [-0.000012,0.000006,]
[7,18,]   367   5.01769e-005   -1.7581e-039   3.57528e-039   [-0.000013,0.000006,]
[8,18,]   368   6.82439e-005   -1.56139e-039   3.3931e-039   [-0.000013,0.000006,]
[9,18,]   369   8.0302e-005   -1.46939e-039   3.30201e-039   [-0.000014,0.000007,]
[10,18,]   370   8.17143e-005   -1.4765e-039   3.30201e-039   [-0.000014,0.000009,]
[11,18,]   371   7.16941e-005   -1.58881e-039   3.3931e-039   [-0.000013,0.000011,]
[12,18,]   372   5.40163e-005   -1.80527e-039   3.57528e-039   [-0.000012,0.000013,]
[13,18,]   373   3.47834e-005   -2.11903e-039   3.84855e-039   [-0.000012,0.000015,]
[14,18,]   374   1.90558e-005   -2.52669e-039   4.21291e-039   [-0.000010,0.000017,]
[15,18,]   375   8.84143e-006   -3.02925e-039   4.66836e-039   [-0.000009,0.000018,]
[16,18,]   376   3.46267e-006   -3.59981e-039   5.2149e-039   [-0.000008,0.000020,]
[17,18,]   377   1.12433e-006   -4.40206e-039   5.85253e-039   [-0.000006,0.000021,]
[18,18,]   378   3.10566e-007   -5.47948e-039   6.58125e-039   [0.000010,0.000022,]
[19,18,]   379   8.99365e-008   -7.76131e-039   7.40106e-039   [0.000025,0.000023,]
[0,19,]   380   4.43104e-008   -9.14818e-039   8.22087e-039   [0.000010,0.000026,]
[1,19,]   381   9.61753e-008   -7.8951e-039   7.40106e-039   [-0.000023,0.000025,]
[2,19,]   382   3.11502e-007   -6.5118e-039   6.67234e-039   [-0.000012,0.000023,]
[3,19,]   383   9.22851e-007   -5.59934e-039   6.03471e-039   [-0.000011,0.000022,]
[4,19,]   384   2.30231e-006   -4.96645e-039   5.48817e-039   [-0.000012,0.000020,]
[5,19,]   385   4.90716e-006   -4.40157e-039   5.03272e-039   [-0.000013,0.000018,]
[6,19,]   386   9.0017e-006   -3.9192e-039   4.66836e-039   [-0.000013,0.000017,]
[7,19,]   387   1.43107e-005   -3.52574e-039   4.39509e-039   [-0.000014,0.000015,]
[8,19,]   388   1.9797e-005   -3.23562e-039   4.21291e-039   [-0.000014,0.000015,]
[9,19,]   389   2.38529e-005   -3.06778e-039   4.12182e-039   [-0.000013,0.000015,]
[10,19,]   390   2.49425e-005   -3.02687e-039   4.12182e-039   [-0.000012,0.000016,]
[11,19,]   391   2.25029e-005   -3.12267e-039   4.21291e-039   [-0.000011,0.000017,]
[12,19,]   392   1.73952e-005   -3.35597e-039   4.39509e-039   [-0.000010,0.000019,]
[13,19,]   393   1.1445e-005   -3.71307e-039   4.66836e-039   [-0.000009,0.000022,]
[14,19,]   394   6.37667e-006   -4.18124e-039   5.03272e-039   [-0.000008,0.000024,]
[15,19,]   395   2.99552e-006   -4.75396e-039   5.48817e-039   [-0.000007,0.000027,]
[16,19,]   396   1.18338e-006   -5.39868e-039   6.03471e-039   [-0.000006,0.000029,]
[17,19,]   397   3.86605e-007   -6.27359e-039   6.67234e-039   [-0.000004,0.000031,]
[18,19,]   398   1.07244e-007   -7.43633e-039   7.40106e-039   [0.000011,0.000032,]
[19,19,]   399   3.15222e-008   -9.62682e-039   8.22087e-039   [0.000026,0.000033,]
