coordinates  index   rho      Q      V      velocities
[0,0,]   0   0.000558555   0.022213   0.009025   [0.007991,0.032169,]
[1,0,]   1   0.000720847   0.0194734   0.008125   [0.018042,0.032861,]
[2,0,]   2   0.000863432   0.0186545   0.007325   [0.020191,0.034260,]
[3,0,]   3   0.00097342   0.0194252   0.006625   [0.031657,0.036453,]
[4,0,]   4   0.00103687   0.0201468   0.006025   [0.040989,0.039597,]
[5,0,]   5   0.00104443   0.0213522   0.005525   [0.061423,0.043890,]
[6,0,]   6   0.000992532   0.0358854   0.005125   [0.114403,0.049376,]
[7,0,]   7   0.000832113   -0.0180572   0.004825   [0.151020,0.054997,]
[8,0,]   8   0.000765887   -0.00327559   0.004625   [0.333513,0.054609,]
[9,0,]   9   0.000745731   -0.0522907   0.004525   [0.394488,0.029293,]
[10,0,]   10   0.000914969   -0.0583342   0.004525   [0.266549,-0.021371,]
[11,0,]   11   0.00141046   0.0263228   0.004625   [0.324387,-0.046687,]
[12,0,]   12   0.00195609   0.0817419   0.004825   [0.376082,-0.047075,]
[13,0,]   13   0.0020154   0.0638442   0.005125   [0.284681,-0.041454,]
[14,0,]   14   0.00166598   0.0111987   0.005525   [0.135624,-0.035968,]
[15,0,]   15   0.00133961   -0.00875752   0.006025   [0.041812,-0.031675,]
[16,0,]   16   0.00113231   0.000425268   0.006625   [0.015662,-0.028531,]
[17,0,]   17   0.000971724   0.0121481   0.007325   [0.015592,-0.026338,]
[18,0,]   18   0.000805589   0.0146134   0.008125   [0.007936,-0.024939,]
[19,0,]   19   0.000634449   0.0164531   0.009025   [-0.007231,-0.024248,]
[0,1,]   20   0.000559236   0.0241064   0.008125   [0.007624,0.025710,]
[1,1,]   21   0.00073295   0.0209777   0.007225   [0.017863,0.027941,]
[2,1,]   22   0.000883784   0.0196922   0.006425   [0.018882,0.029975,]
[3,1,]   23   0.000997883   0.0201395   0.005725   [0.029577,0.032911,]
[4,1,]   24   0.00106114   0.0212872   0.005125   [0.037381,0.037083,]
[5,1,]   25   0.00106197   0.0223992   0.004625   [0.054389,0.042099,]
[6,1,]   26   0.000997967   0.0401381   0.004225   [0.106664,0.043922,]
[7,1,]   27   0.000810744   -0.0127179   0.003925   [0.141559,0.054997,]
[8,1,]   28   0.000703575   -0.0110487   0.003725   [0.335687,0.047687,]
[9,1,]   29   0.000664964   -0.0467421   0.003625   [0.440575,0.016962,]
[10,1,]   30   0.000779007   -0.0774546   0.003625   [0.297656,-0.033596,]
[11,1,]   31   0.00123868   0.00650983   0.003725   [0.320366,-0.098002,]
[12,1,]   32   0.00188035   0.0857688   0.003925   [0.389363,-0.092951,]
[13,1,]   33   0.00205372   0.0770833   0.004225   [0.302127,-0.056459,]
[14,1,]   34   0.00170372   0.0156906   0.004625   [0.139015,-0.031501,]
[15,1,]   35   0.0013479   -0.0125176   0.005125   [0.033674,-0.029087,]
[16,1,]   36   0.00113529   -0.00142996   0.005725   [0.007995,-0.032299,]
[17,1,]   37   0.000978017   0.0135411   0.006425   [0.011899,-0.032683,]
[18,1,]   38   0.000809438   0.016971   0.007225   [0.005789,-0.031596,]
[19,1,]   39   0.000629347   0.0192327   0.008125   [-0.009184,-0.032495,]
[0,2,]   40   0.000542505   0.025579   0.007325   [0.007240,0.023960,]
[1,2,]   41   0.000725276   0.0220296   0.006425   [0.017860,0.026929,]
[2,2,]   42   0.000881891   0.0203342   0.005625   [0.017484,0.029212,]
[3,2,]   43   0.000997386   0.0202952   0.004925   [0.027226,0.032456,]
[4,2,]   44   0.00105858   0.0224668   0.004325   [0.033742,0.037558,]
[5,2,]   45   0.00105034   0.0217135   0.003825   [0.045661,0.043360,]
[6,2,]   46   0.000977165   0.0455204   0.003425   [0.098561,0.045117,]
[7,2,]   47   0.000764905   -0.00826624   0.003125   [0.130143,0.058566,]
[8,2,]   48   0.000612723   -0.030235   0.002925   [0.330850,0.057966,]
[9,2,]   49   0.00056698   -0.0361665   0.002825   [0.510956,0.002745,]
[10,2,]   50   0.000611849   -0.113121   0.002825   [0.349336,-0.027314,]
[11,2,]   51   0.000992027   -0.0359346   0.002925   [0.300404,-0.109063,]
[12,2,]   52   0.00170351   0.0885409   0.003125   [0.392982,-0.108355,]
[13,2,]   53   0.00200255   0.0897899   0.003425   [0.317392,-0.064648,]
[14,2,]   54   0.00167764   0.0189846   0.003825   [0.140395,-0.033060,]
[15,2,]   55   0.00131071   -0.0180787   0.004325   [0.024579,-0.030647,]
[16,2,]   56   0.00110469   -0.00394548   0.004925   [0.000528,-0.034101,]
[17,2,]   57   0.000956619   0.0139114   0.005625   [0.008618,-0.034525,]
[18,2,]   58   0.000789262   0.0179558   0.006425   [0.003677,-0.033222,]
[19,2,]   59   0.000603265   0.0204657   0.007325   [-0.011237,-0.034901,]
[0,3,]   60   0.000511536   0.0290171   0.006625   [0.006839,0.023177,]
[1,3,]   61   0.000700964   0.0246871   0.005725   [0.018450,0.026673,]
[2,3,]   62   0.000860717   0.0220827   0.004925   [0.016309,0.029180,]
[3,3,]   63   0.000974817   0.0214147   0.004225   [0.025620,0.032926,]
[4,3,]   64   0.00103141   0.0236518   0.003625   [0.030445,0.038542,]
[5,3,]   65   0.00101412   0.0228582   0.003125   [0.036592,0.046539,]
[6,3,]   66   0.000932417   0.0491957   0.002725   [0.087302,0.046706,]
[7,3,]   67   0.000707469   0.00964009   0.002425   [0.117513,0.064665,]
[8,3,]   68   0.00050714   -0.0651393   0.002225   [0.302085,0.074802,]
[9,3,]   69   0.000470426   0.00819955   0.002125   [0.591036,-0.019308,]
[10,3,]   70   0.00045442   -0.145866   0.002125   [0.421588,-0.020940,]
[11,3,]   71   0.000731798   -0.0940762   0.002225   [0.261545,-0.092969,]
[12,3,]   72   0.00145761   0.0928036   0.002425   [0.396883,-0.109341,]
[13,3,]   73   0.00188437   0.115779   0.002725   [0.342854,-0.069518,]
[14,3,]   74   0.00160385   0.0295033   0.003125   [0.147659,-0.038094,]
[15,3,]   75   0.00124007   -0.0218601   0.003625   [0.014793,-0.033619,]
[16,3,]   76   0.00104874   -0.00598505   0.004225   [-0.008185,-0.036315,]
[17,3,]   77   0.000915235   0.0166421   0.004925   [0.004678,-0.036141,]
[18,3,]   78   0.000752128   0.0216142   0.005725   [0.000748,-0.034833,]
[19,3,]   79   0.000563001   0.025295   0.006625   [-0.014852,-0.037067,]
[0,4,]   80   0.000467692   0.0315313   0.006025   [0.006423,0.024561,]
[1,4,]   81   0.000660977   0.0265133   0.005125   [0.018998,0.027927,]
[2,4,]   82   0.000821496   0.0234399   0.004325   [0.015246,0.030614,]
[3,4,]   83   0.000931235   0.0208945   0.003625   [0.023574,0.034242,]
[4,4,]   84   0.000982168   0.0260327   0.003025   [0.028181,0.041697,]
[5,4,]   85   0.000952657   0.0189847   0.002525   [0.025769,0.047142,]
[6,4,]   86   0.000866384   0.0563456   0.002125   [0.076064,0.058264,]
[7,4,]   87   0.000633358   0.0221018   0.001825   [0.106894,0.057751,]
[8,4,]   88   0.000399051   -0.103791   0.001625   [0.247758,0.106877,]
[9,4,]   89   0.000351639   0.0222882   0.001525   [0.697805,-0.027522,]
[10,4,]   90   0.00032414   -0.14559   0.001525   [0.558266,-0.015125,]
[11,4,]   91   0.000497861   -0.181697   0.001625   [0.212884,-0.037784,]
[12,4,]   92   0.00114909   0.0803915   0.001825   [0.365088,-0.063148,]
[13,4,]   93   0.00164884   0.127541   0.002125   [0.348016,-0.058064,]
[14,4,]   94   0.00146241   0.0412933   0.002525   [0.148239,-0.041879,]
[15,4,]   95   0.00113992   -0.0235097   0.003025   [0.007183,-0.039946,]
[16,4,]   96   0.000974786   -0.00649719   0.003625   [-0.015009,-0.037083,]
[17,4,]   97   0.000856524   0.0177792   0.004325   [0.001609,-0.035567,]
[18,4,]   98   0.000699068   0.023805   0.005125   [-0.002115,-0.033804,]
[19,4,]   99   0.000509078   0.0280965   0.006025   [-0.018111,-0.035815,]
[0,5,]   100   0.000416254   0.0337988   0.005525   [0.005994,0.026801,]
[1,5,]   101   0.000610624   0.0283478   0.004625   [0.019459,0.029486,]
[2,5,]   102   0.000769491   0.0237292   0.003825   [0.013781,0.031770,]
[3,5,]   103   0.000874157   0.0225028   0.003125   [0.023042,0.036459,]
[4,5,]   104   0.00091381   0.0215908   0.002525   [0.022939,0.041965,]
[5,5,]   105   0.0008803   0.0268239   0.002025   [0.022545,0.052665,]
[6,5,]   106   0.000775822   0.0471863   0.001625   [0.051220,0.059445,]
[7,5,]   107   0.000554253   0.0438452   0.001325   [0.098351,0.067780,]
[8,5,]   108   0.000310384   -0.0719703   0.001125   [0.184780,0.124676,]
[9,5,]   109   0.000210375   -0.11462   0.001025   [0.806670,-0.002694,]
[10,5,]   110   0.000220991   -0.114865   0.001025   [0.748961,-0.032557,]
[11,5,]   111   0.000339002   -0.230682   0.001125   [0.181488,0.011079,]
[12,5,]   112   0.000844039   0.0424639   0.001325   [0.308829,-0.004726,]
[13,5,]   113   0.00133334   0.12543   0.001625   [0.317432,-0.030274,]
[14,5,]   114   0.00125215   0.0418772   0.002025   [0.135163,-0.046602,]
[15,5,]   115   0.00102146   -0.0165048   0.002525   [-0.000816,-0.047140,]
[16,5,]   116   0.000892826   -0.00492682   0.003125   [-0.017467,-0.040109,]
[17,5,]   117   0.000790241   0.0205846   0.003825   [-0.000886,-0.034677,]
[18,5,]   118   0.000637384   0.0253691   0.004625   [-0.004544,-0.032954,]
[19,5,]   119   0.000448612   0.0307091   0.005525   [-0.021364,-0.033866,]
[0,6,]   120   0.000363999   0.03423   0.005125   [0.005554,0.030236,]
[1,6,]   121   0.000556518   0.0283285   0.004225   [0.018767,0.031512,]
[2,6,]   122   0.000713083   0.0252022   0.003425   [0.013070,0.034041,]
[3,6,]   123   0.000809336   0.0185911   0.002725   [0.019543,0.036574,]
[4,6,]   124   0.000843096   0.0273007   0.002125   [0.022891,0.045290,]
[5,6,]   125   0.000791829   0.0189657   0.001625   [0.010308,0.047758,]
[6,6,]   126   0.000683245   0.0558801   0.001225   [0.038680,0.067550,]
[7,6,]   127   0.00046083   0.0611204   0.000925   [0.086565,0.089370,]
[8,6,]   128   0.000224484   -0.0766235   0.000725   [0.096425,0.078178,]
[9,6,]   129   0.000102283   -0.375219   0.000625   [0.932502,0.350943,]
[10,6,]   130   0.000142778   -0.141791   0.000625   [0.963970,0.008440,]
[11,6,]   131   0.000253236   -0.199535   0.000725   [0.159857,0.053450,]
[12,6,]   132   0.000621205   0.0122147   0.000925   [0.238174,0.081808,]
[13,6,]   133   0.00101474   0.104422   0.001225   [0.253640,0.014249,]
[14,6,]   134   0.00101497   0.0361441   0.001625   [0.098432,-0.035534,]
[15,6,]   135   0.000892031   -0.0107141   0.002125   [-0.007819,-0.055345,]
[16,6,]   136   0.000813592   0.00402929   0.002725   [-0.016772,-0.041088,]
[17,6,]   137   0.00072333   0.0215389   0.003425   [-0.000385,-0.034361,]
[18,6,]   138   0.000574716   0.0263534   0.004225   [-0.006503,-0.030665,]
[19,6,]   139   0.000388028   0.030887   0.005125   [-0.022497,-0.030119,]
[0,7,]   140   0.000318546   0.0341601   0.004825   [0.005105,0.034034,]
[1,7,]   141   0.000507722   0.0290326   0.003925   [0.017938,0.034293,]
[2,7,]   142   0.000659935   0.0222415   0.003125   [0.009442,0.034107,]
[3,7,]   143   0.000752514   0.0240305   0.002425   [0.019593,0.038803,]
[4,7,]   144   0.000769566   0.0210928   0.001825   [0.011708,0.037338,]
[5,7,]   145   0.000709965   0.0314913   0.001325   [0.009862,0.055620,]
[6,7,]   146   0.000584448   0.0772081   0.000925   [0.035105,0.078824,]
[7,7,]   147   0.000345109   -0.0339626   0.000625   [0.005431,0.143418,]
[8,7,]   148   0.000169704   0.0189518   0.000425   [0.295323,0.273632,]
[9,7,]   149   4.38326e-05   -0.957634   0.000325   [1.144969,0.639114,]
[10,7,]   150   0.000105835   -0.148773   0.000325   [0.859504,0.076834,]
[11,7,]   151   0.000216572   -0.170827   0.000425   [0.103826,0.015362,]
[12,7,]   152   0.000496057   0.0297718   0.000625   [0.166080,0.126737,]
[13,7,]   153   0.000754579   0.0599157   0.000925   [0.142364,0.033037,]
[14,7,]   154   0.000785186   -0.00372454   0.001325   [0.030626,-0.038609,]
[15,7,]   155   0.000770891   -0.00373009   0.001825   [-0.028785,-0.055484,]
[16,7,]   156   0.000741105   0.00886679   0.002425   [-0.011181,-0.043459,]
[17,7,]   157   0.000666305   0.0268145   0.003125   [0.000136,-0.032669,]
[18,7,]   158   0.000519363   0.0247202   0.003925   [-0.005628,-0.029618,]
[19,7,]   159   0.000336821   0.0305225   0.004825   [-0.022893,-0.026832,]
[0,8,]   160   0.000286484   0.0322719   0.004625   [0.004650,0.035587,]
[1,8,]   161   0.000470654   0.025448   0.003725   [0.013415,0.034808,]
[2,8,]   162   0.000622298   0.0273116   0.002925   [0.007984,0.034329,]
[3,8,]   163   0.000703863   0.0195505   0.002225   [0.007712,0.034984,]
[4,8,]   164   0.000711818   0.0354833   0.001625   [0.016575,0.036556,]
[5,8,]   165   0.000617376   0.0214942   0.001125   [0.015261,0.067111,]
[6,8,]   166   0.000466779   -0.00361613   0.000725   [0.064440,0.112253,]
[7,8,]   167   0.000285713   -0.0240961   0.000425   [0.161367,0.282647,]
[8,8,]   168   0.00013082   -0.151883   0.000225   [0.343385,0.362246,]
[9,8,]   169   3.28932e-05   -1.666   0.000125   [1.007990,0.688518,]
[10,8,]   170   0.000119277   -0.0466681   0.000125   [0.612504,-0.237416,]
[11,8,]   171   0.000237756   -0.0426928   0.000225   [-0.038977,0.022715,]
[12,8,]   172   0.000426608   -0.00203437   0.000425   [0.135843,0.091968,]
[13,8,]   173   0.000597212   0.0513721   0.000725   [0.026256,0.038825,]
[14,8,]   174   0.000634985   -0.0253943   0.001125   [-0.026622,-0.045766,]
[15,8,]   175   0.000684156   0.00166846   0.001625   [-0.035803,-0.053251,]
[16,8,]   176   0.000692193   0.0209659   0.002225   [-0.009021,-0.039895,]
[17,8,]   177   0.000622982   0.0260749   0.002925   [0.003860,-0.032781,]
[18,8,]   178   0.000479284   0.0258051   0.003725   [-0.006091,-0.028957,]
[19,8,]   179   0.000299289   0.0288646   0.004625   [-0.019591,-0.026574,]
[0,9,]   180   0.0002699   0.0321638   0.004525   [0.004191,0.033705,]
[1,9,]   181   0.000452398   0.027669   0.003625   [0.011189,0.034161,]
[2,9,]   182   0.000600572   0.0258134   0.002825   [-0.000110,0.031526,]
[3,9,]   183   0.000677377   0.0298981   0.002125   [0.006508,0.035969,]
[4,9,]   184   0.00066088   0.028351   0.001525   [0.020209,0.046781,]
[5,9,]   185   0.000547064   -0.0237201   0.001025   [0.047919,0.089983,]
[6,9,]   186   0.000426574   -0.0266923   0.000625   [0.185522,0.168915,]
[7,9,]   187   0.000282531   -0.132501   0.000325   [0.122632,0.152681,]
[8,9,]   188   0.000183682   -0.141051   0.000125   [0.327282,0.097990,]
[9,9,]   189   0.000171267   0.250003   2.5e-05   [0.353166,0.235733,]
[10,9,]   190   0.000175736   -0.029145   2.5e-05   [0.001558,-0.130649,]
[11,9,]   191   0.000279007   0.120166   0.000125   [0.059296,0.050982,]
[12,9,]   192   0.000423292   0.150965   0.000325   [0.049400,0.066766,]
[13,9,]   193   0.000480293   -0.033486   0.000625   [-0.060489,-0.067672,]
[14,9,]   194   0.000550387   -0.0410572   0.001025   [-0.099091,-0.078363,]
[15,9,]   195   0.000638342   -0.000909461   0.001525   [-0.046541,-0.050663,]
[16,9,]   196   0.000665445   0.0207501   0.002125   [-0.006022,-0.038707,]
[17,9,]   197   0.000601315   0.0291421   0.002825   [0.001347,-0.031196,]
[18,9,]   198   0.000457575   0.0230532   0.003625   [-0.004912,-0.031287,]
[19,9,]   199   0.000281366   0.0301157   0.004525   [-0.020824,-0.029905,]
[0,10,]   200   0.000271545   0.0330653   0.004525   [0.003731,0.030356,]
[1,10,]   201   0.000452481   0.024887   0.003625   [0.005711,0.031432,]
[2,10,]   202   0.000601174   0.0314415   0.002825   [-0.000002,0.031161,]
[3,10,]   203   0.000665896   0.0209541   0.002125   [0.007530,0.038690,]
[4,10,]   204   0.000638903   -0.000676569   0.001525   [0.046712,0.050639,]
[5,10,]   205   0.000550446   -0.0412551   0.001025   [0.099186,0.078353,]
[6,10,]   206   0.000480312   -0.0334863   0.000625   [0.060411,0.067653,]
[7,10,]   207   0.000423264   0.150924   0.000325   [-0.049392,-0.066792,]
[8,10,]   208   0.000278992   0.120127   0.000125   [-0.059300,-0.051009,]
[9,10,]   209   0.000175732   -0.0291483   2.5e-05   [-0.001566,0.130612,]
[10,10,]   210   0.000171264   0.250002   2.5e-05   [-0.353163,-0.235669,]
[11,10,]   211   0.00018368   -0.141092   0.000125   [-0.327298,-0.098005,]
[12,10,]   212   0.000282543   -0.132464   0.000325   [-0.122645,-0.152685,]
[13,10,]   213   0.00042655   -0.0267015   0.000625   [-0.185600,-0.168915,]
[14,10,]   214   0.000547005   -0.0235168   0.001025   [-0.047821,-0.089985,]
[15,10,]   215   0.000660304   0.0281254   0.001525   [-0.020024,-0.046749,]
[16,10,]   216   0.000676931   0.029676   0.002125   [-0.004991,-0.035921,]
[17,10,]   217   0.000600772   0.0235493   0.002825   [0.001485,-0.031415,]
[18,10,]   218   0.000457509   0.0255772   0.003625   [-0.010324,-0.034327,]
[19,10,]   219   0.000279684   0.0285194   0.004525   [-0.019540,-0.034361,]
[0,11,]   220   0.000288469   0.0321622   0.004625   [0.003272,0.027794,]
[1,11,]   221   0.000473515   0.0277374   0.003725   [0.006469,0.029328,]
[2,11,]   222   0.000622516   0.0282925   0.002925   [-0.002646,0.032622,]
[3,11,]   223   0.000692573   0.0212124   0.002225   [0.010549,0.039837,]
[4,11,]   224   0.000684754   0.0019344   0.001625   [0.035995,0.053193,]
[5,11,]   225   0.000635067   -0.0255442   0.001125   [0.026726,0.045760,]
[6,11,]   226   0.000597242   0.0514284   0.000725   [-0.026350,-0.038804,]
[7,11,]   227   0.000426589   -0.00200415   0.000425   [-0.135864,-0.091850,]
[8,11,]   228   0.000237767   -0.0425838   0.000225   [0.038950,-0.022534,]
[9,11,]   229   0.000119276   -0.0466127   0.000125   [-0.612411,0.237535,]
[10,11,]   230   3.28888e-05   -1.66618   0.000125   [-1.007976,-0.688509,]
[11,11,]   231   0.000130822   -0.151805   0.000225   [-0.343456,-0.362203,]
[12,11,]   232   0.000285722   -0.0240642   0.000425   [-0.161345,-0.282677,]
[13,11,]   233   0.00046675   -0.00360762   0.000725   [-0.064516,-0.112248,]
[14,11,]   234   0.000617299   0.0216849   0.001125   [-0.015132,-0.067107,]
[15,11,]   235   0.000711196   0.0352196   0.001625   [-0.016355,-0.036482,]
[16,11,]   236   0.000703526   0.0192927   0.002225   [-0.006125,-0.034893,]
[17,11,]   237   0.00062295   0.0250537   0.002925   [-0.006854,-0.034095,]
[18,11,]   238   0.000476901   0.0237393   0.003725   [-0.013382,-0.035184,]
[19,11,]   239   0.000298049   0.0296308   0.004625   [-0.023603,-0.036912,]
[0,12,]   240   0.00032341   0.0323861   0.004825   [0.002817,0.027935,]
[1,12,]   241   0.000512026   0.0261023   0.003925   [0.005048,0.029985,]
[2,12,]   242   0.000665284   0.0290105   0.003125   [0.000779,0.032458,]
[3,12,]   243   0.000741364   0.00914497   0.002425   [0.012790,0.043386,]
[4,12,]   244   0.000771547   -0.00341469   0.001825   [0.029009,0.055411,]
[5,12,]   245   0.000785231   -0.00389316   0.001325   [-0.030451,0.038585,]
[6,12,]   246   0.000754474   0.0597839   0.000925   [-0.142318,-0.033050,]
[7,12,]   247   0.000495908   0.0293989   0.000625   [-0.165912,-0.126797,]
[8,12,]   248   0.000216544   -0.171182   0.000425   [-0.103828,-0.015621,]
[9,12,]   249   0.000105812   -0.149182   0.000325   [-0.859684,-0.076907,]
[10,12,]   250   4.38238e-05   -0.957759   0.000325   [-1.145044,-0.638651,]
[11,12,]   251   0.000169675   0.0187873   0.000425   [-0.295379,-0.273728,]
[12,12,]   252   0.000345115   -0.033829   0.000625   [-0.005482,-0.143368,]
[13,12,]   253   0.000584394   0.0771852   0.000925   [-0.035148,-0.078839,]
[14,12,]   254   0.000709855   0.0316678   0.001325   [-0.009695,-0.055625,]
[15,12,]   255   0.000768865   0.0207474   0.001825   [-0.011437,-0.037280,]
[16,12,]   256   0.000752277   0.0236875   0.002425   [-0.017915,-0.038736,]
[17,12,]   257   0.000661123   0.0199655   0.003125   [-0.008533,-0.033893,]
[18,12,]   258   0.000515423   0.0274584   0.003925   [-0.018632,-0.034581,]
[19,12,]   259   0.000332491   0.031957   0.004825   [-0.025694,-0.034904,]
[0,13,]   260   0.000372379   0.0325777   0.005125   [0.002368,0.030564,]
[1,13,]   261   0.000566129   0.027681   0.004225   [0.005567,0.030936,]
[2,13,]   262   0.000721971   0.0237905   0.003425   [0.001159,0.034343,]
[3,13,]   263   0.000813851   0.00441474   0.002725   [0.018439,0.041086,]
[4,13,]   264   0.000892798   -0.0103024   0.002125   [0.008061,0.055347,]
[5,13,]   265   0.00101504   0.0360656   0.001625   [-0.098269,0.035674,]
[6,13,]   266   0.00101485   0.104474   0.001225   [-0.253769,-0.013872,]
[7,13,]   267   0.000621541   0.0124163   0.000925   [-0.238440,-0.081227,]
[8,13,]   268   0.000253567   -0.19892   0.000725   [-0.159898,-0.052934,]
[9,13,]   269   0.000142903   -0.141454   0.000625   [-0.963155,-0.007887,]
[10,13,]   270   0.00010229   -0.376065   0.000625   [-0.932509,-0.350848,]
[11,13,]   271   0.000224493   -0.0763058   0.000725   [-0.096910,-0.077768,]
[12,13,]   272   0.000460728   0.0609587   0.000925   [-0.086461,-0.089337,]
[13,13,]   273   0.000683211   0.0559708   0.001225   [-0.038810,-0.067532,]
[14,13,]   274   0.000791705   0.0191344   0.001625   [-0.010107,-0.047732,]
[15,13,]   275   0.000842355   0.0269428   0.002125   [-0.022599,-0.045267,]
[16,13,]   276   0.000809202   0.0182426   0.002725   [-0.017801,-0.036530,]
[17,13,]   277   0.00071466   0.0228871   0.003425   [-0.012295,-0.033960,]
[18,13,]   278   0.000565493   0.0269817   0.004225   [-0.019818,-0.031672,]
[19,13,]   279   0.000380183   0.0325591   0.005125   [-0.026916,-0.030491,]
[0,14,]   280   0.000431538   0.0317997   0.005525   [0.001928,0.033791,]
[1,14,]   281   0.000628095   0.0263401   0.004625   [0.003501,0.033038,]
[2,14,]   282   0.000788776   0.0227154   0.003825   [0.001528,0.034717,]
[3,14,]   283   0.000893052   -0.0045908   0.003125   [0.019095,0.040025,]
[4,14,]   284   0.00102206   -0.0162717   0.002525   [0.001181,0.047167,]
[5,14,]   285   0.00125174   0.0411847   0.002025   [-0.134612,0.046762,]
[6,14,]   286   0.00133314   0.124453   0.001625   [-0.316945,0.030120,]
[7,14,]   287   0.000844503   0.0413107   0.001325   [-0.308522,0.003485,]
[8,14,]   288   0.000339558   -0.23091   0.001125   [-0.181517,-0.013457,]
[9,14,]   289   0.00022113   -0.116148   0.001025   [-0.749561,0.031155,]
[10,14,]   290   0.000210778   -0.115363   0.001025   [-0.806888,0.002367,]
[11,14,]   291   0.000310201   -0.0730624   0.001125   [-0.184898,-0.124682,]
[12,14,]   292   0.000554158   0.0438905   0.001325   [-0.098794,-0.067380,]
[13,14,]   293   0.000775734   0.0470643   0.001625   [-0.051270,-0.059569,]
[14,14,]   294   0.000880135   0.0269599   0.002025   [-0.022373,-0.052668,]
[15,14,]   295   0.000913061   0.0212014   0.002525   [-0.022650,-0.042084,]
[16,14,]   296   0.000874042   0.0220839   0.003125   [-0.021305,-0.036599,]
[17,14,]   297   0.000771165   0.0213627   0.003825   [-0.013076,-0.032058,]
[18,14,]   298   0.000620145   0.0270234   0.004625   [-0.020490,-0.029769,]
[19,14,]   299   0.000433524   0.0321804   0.005525   [-0.025953,-0.026956,]
[0,15,]   300   0.000492553   0.0297329   0.006025   [0.001499,0.035675,]
[1,15,]   301   0.000690364   0.0250928   0.005125   [0.001295,0.033887,]
[2,15,]   302   0.000855542   0.0201458   0.004325   [-0.001003,0.035823,]
[3,15,]   303   0.000975231   -0.00596586   0.003625   [0.016662,0.037097,]
[4,15,]   304   0.00114077   -0.0233599   0.003025   [-0.006699,0.040242,]
[5,15,]   305   0.00146381   0.0409928   0.002525   [-0.148256,0.042321,]
[6,15,]   306   0.00165351   0.128304   0.002125   [-0.349546,0.058002,]
[7,15,]   307   0.00115446   0.0829958   0.001825   [-0.367578,0.062218,]
[8,15,]   308   0.000500213   -0.177689   0.001625   [-0.213086,0.036609,]
[9,15,]   309   0.000324998   -0.145059   0.001525   [-0.555401,0.015679,]
[10,15,]   310   0.000354662   0.0264049   0.001525   [-0.696416,0.023848,]
[11,15,]   311   0.000399244   -0.104456   0.001625   [-0.247515,-0.105403,]
[12,15,]   312   0.000633316   0.0213795   0.001825   [-0.106909,-0.057680,]
[13,15,]   313   0.00086674   0.0568341   0.002125   [-0.076597,-0.058345,]
[14,15,]   314   0.00095248   0.0190219   0.002525   [-0.025562,-0.047036,]
[15,15,]   315   0.000981669   0.0259411   0.003025   [-0.028026,-0.041899,]
[16,15,]   316   0.000931338   0.0207785   0.003625   [-0.022002,-0.034385,]
[17,15,]   317   0.000823287   0.0214873   0.004325   [-0.014613,-0.031103,]
[18,15,]   318   0.00067048   0.0256361   0.005125   [-0.019915,-0.028296,]
[19,15,]   319   0.000484807   0.0303673   0.006025   [-0.023852,-0.024812,]
[0,16,]   320   0.000547561   0.026707   0.006625   [0.001083,0.035902,]
[1,16,]   321   0.000743943   0.0226851   0.005725   [-0.001396,0.034027,]
[2,16,]   322   0.000913965   0.0186443   0.004925   [-0.004105,0.035793,]
[3,16,]   323   0.00104847   -0.0058456   0.004225   [0.009853,0.036021,]
[4,16,]   324   0.00124049   -0.0225652   0.003625   [-0.014000,0.033848,]
[5,16,]   325   0.00160628   0.0283179   0.003125   [-0.147466,0.037352,]
[6,16,]   326   0.00188945   0.115944   0.002725   [-0.343740,0.065628,]
[7,16,]   327   0.00145827   0.0944829   0.002425   [-0.397689,0.102794,]
[8,16,]   328   0.000728144   -0.0921005   0.002225   [-0.260089,0.087744,]
[9,16,]   329   0.000452086   -0.147719   0.002125   [-0.424687,0.018987,]
[10,16,]   330   0.000475661   0.0149088   0.002125   [-0.590336,0.007013,]
[11,16,]   331   0.00050591   -0.0697568   0.002225   [-0.298459,-0.074102,]
[12,16,]   332   0.000708752   0.0107199   0.002425   [-0.119510,-0.065369,]
[13,16,]   333   0.000932419   0.0487996   0.002725   [-0.087317,-0.047567,]
[14,16,]   334   0.00101354   0.022879   0.003125   [-0.036541,-0.046572,]
[15,16,]   335   0.00103063   0.023588   0.003625   [-0.030405,-0.039188,]
[16,16,]   336   0.000974348   0.0211939   0.004225   [-0.024170,-0.033470,]
[17,16,]   337   0.000861863   0.0203175   0.004925   [-0.015830,-0.030261,]
[18,16,]   338   0.000709303   0.0239253   0.005725   [-0.019243,-0.027724,]
[19,16,]   339   0.000526885   0.0279524   0.006625   [-0.021472,-0.024322,]
[0,17,]   340   0.000589285   0.0235079   0.007325   [0.000682,0.034717,]
[1,17,]   341   0.000781591   0.0202744   0.006425   [-0.003679,0.033118,]
[2,17,]   342   0.000954532   0.0164366   0.005625   [-0.007501,0.035099,]
[3,17,]   343   0.00110351   -0.00388991   0.004925   [0.001702,0.034662,]
[4,17,]   344   0.00131322   -0.0183444   0.004325   [-0.024543,0.030914,]
[5,17,]   345   0.00168847   0.0220582   0.003825   [-0.144532,0.030873,]
[6,17,]   346   0.00201233   0.0970019   0.003425   [-0.324725,0.060955,]
[7,17,]   347   0.0016899   0.0955858   0.003125   [-0.396807,0.108508,]
[8,17,]   348   0.000967221   -0.0353766   0.002925   [-0.296012,0.116876,]
[9,17,]   349   0.000600378   -0.114562   0.002825   [-0.353541,0.033774,]
[10,17,]   350   0.000575981   -0.0141823   0.002825   [-0.506915,-0.019691,]
[11,17,]   351   0.000610041   -0.034232   0.002925   [-0.319017,-0.051661,]
[12,17,]   352   0.00076859   -0.00447975   0.003125   [-0.131719,-0.061286,]
[13,17,]   353   0.000977362   0.046497   0.003425   [-0.098422,-0.045029,]
[14,17,]   354   0.00104893   0.0217453   0.003825   [-0.045238,-0.042948,]
[15,17,]   355   0.00105731   0.0232682   0.004325   [-0.034100,-0.037787,]
[16,17,]   356   0.000995807   0.0205452   0.004925   [-0.026090,-0.032160,]
[17,17,]   357   0.000881902   0.0195398   0.005625   [-0.017358,-0.029497,]
[18,17,]   358   0.000731778   0.0223609   0.006425   [-0.018842,-0.027243,]
[19,17,]   359   0.000555087   0.0257422   0.007325   [-0.019455,-0.024236,]
[0,18,]   360   0.000612669   0.020635   0.008125   [0.000297,0.033212,]
[1,18,]   361   0.000797954   0.0180266   0.007225   [-0.005679,0.032133,]
[2,18,]   362   0.000970863   0.0144885   0.006425   [-0.010662,0.034087,]
[3,18,]   363   0.00113047   -0.00237327   0.005725   [-0.006634,0.033782,]
[4,18,]   364   0.00135079   -0.0123857   0.005125   [-0.035629,0.029702,]
[5,18,]   365   0.00171161   0.0189573   0.004625   [-0.142782,0.028291,]
[6,18,]   366   0.00203063   0.0800307   0.004225   [-0.300672,0.052745,]
[7,18,]   367   0.00180036   0.0839408   0.003925   [-0.378663,0.099292,]
[8,18,]   368   0.00115688   -0.00158145   0.003725   [-0.312603,0.117995,]
[9,18,]   369   0.000743066   -0.078592   0.003625   [-0.325513,0.047111,]
[10,18,]   370   0.000658688   -0.0361059   0.003625   [-0.440030,-0.036933,]
[11,18,]   371   0.000690383   -0.0209292   0.003725   [-0.317835,-0.035995,]
[12,18,]   372   0.000815525   -0.00412667   0.003925   [-0.149773,-0.059102,]
[13,18,]   373   0.000992074   0.0366072   0.004225   [-0.103546,-0.042636,]
[14,18,]   374   0.00105788   0.0230694   0.004625   [-0.054655,-0.041134,]
[15,18,]   375   0.00105656   0.0214625   0.005125   [-0.037457,-0.036821,]
[16,18,]   376   0.000992337   0.0195898   0.005725   [-0.028182,-0.031712,]
[17,18,]   377   0.000879802   0.0183719   0.006425   [-0.019014,-0.029344,]
[18,18,]   378   0.000734727   0.0204992   0.007225   [-0.018647,-0.027435,]
[19,18,]   379   0.000566402   0.0233355   0.008125   [-0.017770,-0.025034,]
[0,19,]   380   0.000614684   0.0179364   0.009025   [-0.000070,0.032377,]
[1,19,]   381   0.000789947   0.0157671   0.008125   [-0.007251,0.031589,]
[2,19,]   382   0.000958895   0.0123088   0.007325   [-0.013529,0.033509,]
[3,19,]   383   0.00112358   -0.00163854   0.006625   [-0.014222,0.033196,]
[4,19,]   384   0.00134619   -0.00777493   0.006025   [-0.046468,0.029272,]
[5,19,]   385   0.00168175   0.0194611   0.005525   [-0.144089,0.026865,]
[6,19,]   386   0.00196895   0.0699834   0.005125   [-0.282465,0.047179,]
[7,19,]   387   0.00179916   0.0757187   0.004825   [-0.356200,0.087854,]
[8,19,]   388   0.00125129   0.010546   0.004625   [-0.312822,0.109029,]
[9,19,]   389   0.000849143   -0.0548166   0.004525   [-0.310717,0.046741,]
[10,19,]   390   0.000727737   -0.039224   0.004525   [-0.392268,-0.036397,]
[11,19,]   391   0.000744266   -0.0148877   0.004625   [-0.305814,-0.032753,]
[12,19,]   392   0.000839232   -0.00443681   0.004825   [-0.163004,-0.053029,]
[13,19,]   393   0.00098201   0.0301265   0.005125   [-0.109194,-0.042291,]
[14,19,]   394   0.00103752   0.0225924   0.005525   [-0.062024,-0.039752,]
[15,19,]   395   0.0010292   0.0204993   0.006025   [-0.041113,-0.036508,]
[16,19,]   396   0.000964015   0.0187101   0.006625   [-0.030151,-0.031718,]
[17,19,]   397   0.000855673   0.0175959   0.007325   [-0.020757,-0.029507,]
[18,19,]   398   0.000718237   0.0192154   0.008125   [-0.018979,-0.027863,]
[19,19,]   399   0.000560664   0.0217368   0.009025   [-0.016862,-0.025896,]
