coordinates  index   rho      Q      V      velocities
[0,0,]   0   0.000556021   0.0231887   0.009025   [0.008441,0.032619,]
[1,0,]   1   0.000719321   0.020266   0.008125   [0.019390,0.033311,]
[2,0,]   2   0.00086079   0.0189043   0.007325   [0.020563,0.034710,]
[3,0,]   3   0.000968602   0.0193588   0.006625   [0.031167,0.036903,]
[4,0,]   4   0.00103034   0.0224644   0.006025   [0.040858,0.040047,]
[5,0,]   5   0.00102636   0.0175088   0.005525   [0.055426,0.044340,]
[6,0,]   6   0.000979872   0.0428229   0.005125   [0.121950,0.049826,]
[7,0,]   7   0.000801195   -0.0210142   0.004825   [0.152543,0.055447,]
[8,0,]   8   0.000723717   -0.0249403   0.004625   [0.320586,0.055059,]
[9,0,]   9   0.000755732   -0.022147   0.004525   [0.411053,0.029743,]
[10,0,]   10   0.000890433   -0.0564301   0.004525   [0.263003,-0.020921,]
[11,0,]   11   0.00130974   -0.00355446   0.004625   [0.280625,-0.046237,]
[12,0,]   12   0.00194373   0.0792231   0.004825   [0.361235,-0.046625,]
[13,0,]   13   0.00215238   0.0793651   0.005125   [0.314906,-0.041004,]
[14,0,]   14   0.00180542   0.0237648   0.005525   [0.167090,-0.035518,]
[15,0,]   15   0.00139892   -0.011927   0.006025   [0.049413,-0.031225,]
[16,0,]   16   0.00114627   -0.00645059   0.006625   [0.010226,-0.028081,]
[17,0,]   17   0.000977244   0.00959694   0.007325   [0.010857,-0.025888,]
[18,0,]   18   0.000813042   0.0148032   0.008125   [0.006133,-0.024489,]
[19,0,]   19   0.000642568   0.0167071   0.009025   [-0.008612,-0.023798,]
[0,1,]   20   0.000555941   0.0251554   0.008125   [0.008074,0.025348,]
[1,1,]   21   0.00073095   0.0218179   0.007225   [0.019425,0.027776,]
[2,1,]   22   0.00088091   0.0199507   0.006425   [0.019479,0.030028,]
[3,1,]   23   0.000993083   0.0199729   0.005725   [0.029064,0.033262,]
[4,1,]   24   0.00105533   0.0237126   0.005125   [0.037173,0.036932,]
[5,1,]   25   0.00104468   0.0190604   0.004625   [0.048037,0.042658,]
[6,1,]   26   0.000984377   0.0456436   0.004225   [0.112881,0.042818,]
[7,1,]   27   0.000782971   -0.011602   0.003925   [0.146342,0.052390,]
[8,1,]   28   0.000657499   -0.0378004   0.003725   [0.318352,0.057417,]
[9,1,]   29   0.000670333   -0.0191019   0.003625   [0.455047,0.001300,]
[10,1,]   30   0.000765792   -0.0629016   0.003625   [0.305468,-0.032331,]
[11,1,]   31   0.00112681   -0.028646   0.003725   [0.274194,-0.078309,]
[12,1,]   32   0.00182126   0.0767627   0.003925   [0.364132,-0.093594,]
[13,1,]   33   0.00217416   0.0924063   0.004225   [0.332292,-0.065514,]
[14,1,]   34   0.00185907   0.0326362   0.004625   [0.176364,-0.034689,]
[15,1,]   35   0.00141571   -0.0144583   0.005125   [0.043841,-0.026345,]
[16,1,]   36   0.00114736   -0.00999032   0.005725   [0.001317,-0.030352,]
[17,1,]   37   0.000980306   0.0103703   0.006425   [0.005836,-0.032589,]
[18,1,]   38   0.000814891   0.0173477   0.007225   [0.003511,-0.032105,]
[19,1,]   39   0.000635975   0.0196927   0.008125   [-0.010822,-0.033203,]
[0,2,]   40   0.000538427   0.0266257   0.007325   [0.007690,0.023095,]
[1,2,]   41   0.000722849   0.0228077   0.006425   [0.019623,0.026354,]
[2,2,]   42   0.000878982   0.0206687   0.005625   [0.018373,0.029004,]
[3,2,]   43   0.000992611   0.0196157   0.004925   [0.026533,0.032592,]
[4,2,]   44   0.00105423   0.0254461   0.004325   [0.033819,0.037375,]
[5,2,]   45   0.00103405   0.0179413   0.003825   [0.038711,0.043509,]
[6,2,]   46   0.000962771   0.0492544   0.003425   [0.102943,0.044616,]
[7,2,]   47   0.000742737   -0.00190801   0.003125   [0.142500,0.051695,]
[8,2,]   48   0.00056332   -0.066804   0.002925   [0.304867,0.076937,]
[9,2,]   49   0.000563804   -0.0162286   0.002825   [0.519057,-0.025489,]
[10,2,]   50   0.000618596   -0.0711039   0.002825   [0.381146,-0.033975,]
[11,2,]   51   0.00087974   -0.0837307   0.002925   [0.254733,-0.075681,]
[12,2,]   52   0.00158977   0.0680197   0.003125   [0.349387,-0.104693,]
[13,2,]   53   0.0020889   0.104467   0.003425   [0.345071,-0.077113,]
[14,2,]   54   0.00184094   0.0414867   0.003825   [0.183658,-0.038682,]
[15,2,]   55   0.0013838   -0.0191661   0.004325   [0.037316,-0.028418,]
[16,2,]   56   0.00111402   -0.0144628   0.004925   [-0.007556,-0.032111,]
[17,2,]   57   0.000955457   0.00994236   0.005625   [0.001427,-0.034792,]
[18,2,]   58   0.00079256   0.0184344   0.006425   [0.001073,-0.034097,]
[19,2,]   59   0.000608071   0.0209576   0.007325   [-0.013015,-0.036191,]
[0,3,]   60   0.000506879   0.0303051   0.006625   [0.007289,0.021973,]
[1,3,]   61   0.000698502   0.0257595   0.005725   [0.020669,0.025834,]
[2,3,]   62   0.000858091   0.0223665   0.004925   [0.017617,0.028659,]
[3,3,]   63   0.000970777   0.0208651   0.004225   [0.025134,0.033268,]
[4,3,]   64   0.00102877   0.0260449   0.003625   [0.030249,0.037839,]
[5,3,]   65   0.001002   0.0219057   0.003125   [0.029921,0.047402,]
[6,3,]   66   0.000916442   0.0473526   0.002725   [0.086501,0.045946,]
[7,3,]   67   0.000695436   0.0262548   0.002425   [0.141769,0.055125,]
[8,3,]   68   0.000461077   -0.105386   0.002225   [0.263387,0.099992,]
[9,3,]   69   0.000451614   0.00241224   0.002125   [0.579876,-0.049403,]
[10,3,]   70   0.000481374   -0.058147   0.002125   [0.491017,-0.054642,]
[11,3,]   71   0.000640189   -0.151403   0.002225   [0.225695,-0.052074,]
[12,3,]   72   0.00129794   0.0502206   0.002425   [0.325806,-0.096035,]
[13,3,]   73   0.00192378   0.127509   0.002725   [0.363737,-0.078952,]
[14,3,]   74   0.00176732   0.0602353   0.003125   [0.199702,-0.045520,]
[15,3,]   75   0.00131874   -0.0181606   0.003625   [0.032571,-0.032931,]
[16,3,]   76   0.00105572   -0.0187615   0.004225   [-0.017359,-0.035130,]
[17,3,]   77   0.000911356   0.0120289   0.004925   [-0.004250,-0.036626,]
[18,3,]   78   0.000753828   0.0224396   0.005725   [-0.002553,-0.036054,]
[19,3,]   79   0.000566504   0.0263941   0.006625   [-0.017320,-0.038772,]
[0,4,]   80   0.000462699   0.0328664   0.006025   [0.006873,0.023565,]
[1,4,]   81   0.00065854   0.0274769   0.005125   [0.021443,0.027180,]
[2,4,]   82   0.000819576   0.0243423   0.004325   [0.017315,0.030518,]
[3,4,]   83   0.000927549   0.0189441   0.003625   [0.022699,0.034208,]
[4,4,]   84   0.000982586   0.0298444   0.003025   [0.028778,0.042636,]
[5,4,]   85   0.000944126   0.0180288   0.002525   [0.018762,0.046117,]
[6,4,]   86   0.00085093   0.0495795   0.002125   [0.070044,0.059379,]
[7,4,]   87   0.00062997   0.0475989   0.001825   [0.145200,0.051208,]
[8,4,]   88   0.000363382   -0.137974   0.001625   [0.201219,0.105537,]
[9,4,]   89   0.00031496   -0.0323684   0.001525   [0.647013,-0.010704,]
[10,4,]   90   0.000356454   -0.0213189   0.001525   [0.661066,-0.080150,]
[11,4,]   91   0.000451356   -0.206451   0.001625   [0.214221,-0.010306,]
[12,4,]   92   0.000989862   0.0171583   0.001825   [0.271164,-0.037881,]
[13,4,]   93   0.00163918   0.129965   0.002125   [0.354964,-0.054096,]
[14,4,]   94   0.00160052   0.074593   0.002525   [0.201623,-0.043831,]
[15,4,]   95   0.00121415   -0.0157462   0.003025   [0.028531,-0.041818,]
[16,4,]   96   0.000980215   -0.0191559   0.003625   [-0.024265,-0.037301,]
[17,4,]   97   0.000850941   0.0123336   0.004325   [-0.007989,-0.036315,]
[18,4,]   98   0.000699549   0.0248501   0.005125   [-0.005939,-0.034457,]
[19,4,]   99   0.000511163   0.0291874   0.006025   [-0.020857,-0.036931,]
[0,5,]   100   0.000411209   0.0354878   0.005525   [0.006444,0.026307,]
[1,5,]   101   0.000608608   0.0300627   0.004625   [0.022577,0.029275,]
[2,5,]   102   0.00076774   0.0235432   0.003825   [0.015802,0.031496,]
[3,5,]   103   0.000872456   0.0220851   0.003125   [0.023590,0.037387,]
[4,5,]   104   0.000915465   0.0230315   0.002525   [0.021752,0.041907,]
[5,5,]   105   0.000877771   0.0282218   0.002025   [0.016051,0.052058,]
[6,5,]   106   0.000766902   0.0477761   0.001625   [0.044901,0.060774,]
[7,5,]   107   0.000547589   0.0482578   0.001325   [0.120153,0.058936,]
[8,5,]   108   0.000295565   -0.0391244   0.001125   [0.169441,0.110864,]
[9,5,]   109   0.000167704   -0.258157   0.001025   [0.731824,0.081405,]
[10,5,]   110   0.000236699   -0.00995148   0.001025   [0.829049,-0.095513,]
[11,5,]   111   0.000327845   -0.202688   0.001125   [0.235931,0.002861,]
[12,5,]   112   0.000730022   -0.0218563   0.001325   [0.214242,0.019766,]
[13,5,]   113   0.00130285   0.119107   0.001625   [0.311095,-0.015119,]
[14,5,]   114   0.00134553   0.0690687   0.002025   [0.181366,-0.040941,]
[15,5,]   115   0.00107877   -0.00740659   0.002525   [0.018695,-0.050113,]
[16,5,]   116   0.000895634   -0.0162629   0.003125   [-0.025517,-0.043217,]
[17,5,]   117   0.000785052   0.0164036   0.003825   [-0.010250,-0.035654,]
[18,5,]   118   0.00063734   0.0261858   0.004625   [-0.008213,-0.033375,]
[19,5,]   119   0.000450067   0.0320808   0.005525   [-0.024757,-0.034272,]
[0,6,]   120   0.000359493   0.0355938   0.005125   [0.006004,0.030321,]
[1,6,]   121   0.00055451   0.0288688   0.004225   [0.021434,0.031459,]
[2,6,]   122   0.000712474   0.02632   0.003425   [0.016279,0.034663,]
[3,6,]   123   0.000807947   0.0157998   0.002725   [0.018883,0.036342,]
[4,6,]   124   0.000848083   0.0306986   0.002125   [0.021953,0.044766,]
[5,6,]   125   0.000792993   0.0254467   0.001625   [0.004690,0.047684,]
[6,6,]   126   0.000672214   0.0462657   0.001225   [0.024423,0.057590,]
[7,6,]   127   0.000456244   0.0758807   0.000925   [0.109730,0.111274,]
[8,6,]   128   0.000215989   -0.00604416   0.000725   [0.142830,0.055024,]
[9,6,]   129   6.67653e-05   -0.778652   0.000625   [0.832566,0.405217,]
[10,6,]   130   0.000141753   -0.118854   0.000625   [0.974451,0.005042,]
[11,6,]   131   0.000259588   -0.13206   0.000725   [0.248642,0.039001,]
[12,6,]   132   0.000556965   -0.0469453   0.000925   [0.167625,0.083268,]
[13,6,]   133   0.000998343   0.100742   0.001225   [0.241758,0.039961,]
[14,6,]   134   0.0010699   0.0541228   0.001625   [0.133688,-0.019163,]
[15,6,]   135   0.000924774   -0.00525049   0.002125   [0.004759,-0.056691,]
[16,6,]   136   0.0008129   -0.00348989   0.002725   [-0.024032,-0.044943,]
[17,6,]   137   0.00071893   0.0185207   0.003425   [-0.007294,-0.036211,]
[18,6,]   138   0.000574926   0.0276978   0.004225   [-0.009757,-0.030295,]
[19,6,]   139   0.00038876   0.0316643   0.005125   [-0.025213,-0.029919,]
[0,7,]   140   0.000314567   0.0352825   0.004825   [0.005555,0.034597,]
[1,7,]   141   0.0005067   0.0308663   0.003925   [0.021593,0.035228,]
[2,7,]   142   0.000659621   0.0215798   0.003125   [0.011284,0.033585,]
[3,7,]   143   0.000753407   0.0237243   0.002425   [0.018995,0.038218,]
[4,7,]   144   0.000776064   0.03074   0.001825   [0.010679,0.035983,]
[5,7,]   145   0.00070385   0.0249026   0.001325   [-0.006068,0.054778,]
[6,7,]   146   0.000580679   0.092664   0.000925   [0.050763,0.093982,]
[7,7,]   147   0.000330277   -0.0473067   0.000625   [0.014039,0.161042,]
[8,7,]   148   0.000149705   -0.0661534   0.000425   [0.312355,0.241194,]
[9,7,]   149   3.44639e-05   -1.17054   0.000325   [1.089879,0.875155,]
[10,7,]   150   0.000116388   -0.0681097   0.000325   [0.870871,0.129772,]
[11,7,]   151   0.000227552   -0.127229   0.000425   [0.163127,-0.005785,]
[12,7,]   152   0.000479351   0.0133837   0.000625   [0.111654,0.128521,]
[13,7,]   153   0.000762681   0.0595906   0.000925   [0.150936,0.051089,]
[14,7,]   154   0.00081833   0.0118524   0.001325   [0.049771,-0.018962,]
[15,7,]   155   0.000778033   -0.0112784   0.001825   [-0.029500,-0.057379,]
[16,7,]   156   0.000734157   0.00175942   0.002425   [-0.019735,-0.047852,]
[17,7,]   157   0.00066311   0.0266737   0.003125   [-0.005002,-0.034154,]
[18,7,]   158   0.000520141   0.0256449   0.003925   [-0.007249,-0.029424,]
[19,7,]   159   0.000338408   0.0326675   0.004825   [-0.026627,-0.026207,]
[0,8,]   160   0.000284295   0.0337913   0.004625   [0.005100,0.036106,]
[1,8,]   161   0.000470156   0.0253148   0.003725   [0.014997,0.035175,]
[2,8,]   162   0.000623673   0.0295503   0.002925   [0.009673,0.033076,]
[3,8,]   163   0.000703594   0.0213702   0.002225   [0.006219,0.033718,]
[4,8,]   164   0.000708481   0.0348203   0.001625   [0.015379,0.035293,]
[5,8,]   165   0.000609343   0.0251911   0.001125   [0.026155,0.082779,]
[6,8,]   166   0.000453339   -0.0252554   0.000725   [0.068649,0.136638,]
[7,8,]   167   0.000279587   -0.0677112   0.000425   [0.136936,0.291204,]
[8,8,]   168   0.000139802   -0.0713843   0.000225   [0.608207,0.401846,]
[9,8,]   169   3.65107e-05   -1.55252   0.000125   [0.993431,0.582774,]
[10,8,]   170   0.000138273   0.0496549   0.000125   [0.365799,-0.164493,]
[11,8,]   171   0.000236524   -0.0864645   0.000225   [-0.001346,-0.038007,]
[12,8,]   172   0.000428088   -0.0187338   0.000425   [0.104493,0.061736,]
[13,8,]   173   0.000628932   0.0702519   0.000725   [0.032237,0.057486,]
[14,8,]   174   0.000651597   -0.0264563   0.001125   [-0.011315,-0.036306,]
[15,8,]   175   0.000680743   -0.00378285   0.001625   [-0.047264,-0.052992,]
[16,8,]   176   0.000682843   0.0155932   0.002225   [-0.015869,-0.043199,]
[17,8,]   177   0.000620769   0.0272332   0.002925   [0.001538,-0.033360,]
[18,8,]   178   0.000481019   0.0279139   0.003725   [-0.007234,-0.028555,]
[19,8,]   179   0.000300643   0.0301633   0.004625   [-0.021445,-0.026628,]
[0,9,]   180   0.000268243   0.033927   0.004525   [0.004641,0.033267,]
[1,9,]   181   0.000453267   0.0302473   0.003625   [0.013071,0.034137,]
[2,9,]   182   0.000601528   0.0291297   0.002825   [0.000099,0.030650,]
[3,9,]   183   0.000672277   0.0287765   0.002125   [0.005901,0.036115,]
[4,9,]   184   0.000652689   0.0305456   0.001525   [0.036113,0.057360,]
[5,9,]   185   0.000531604   -0.0526302   0.001025   [0.057637,0.104930,]
[6,9,]   186   0.000430161   -0.0531228   0.000625   [0.194070,0.167937,]
[7,9,]   187   0.00031907   -0.0332296   0.000325   [0.146456,0.115113,]
[8,9,]   188   0.00019557   -0.137783   0.000125   [0.230012,0.096498,]
[9,9,]   189   0.000181135   0.241543   2.5e-05   [0.331397,-0.022818,]
[10,9,]   190   0.000186453   -0.0257412   2.5e-05   [0.057947,-0.173978,]
[11,9,]   191   0.0002771   0.0716156   0.000125   [0.015443,0.060915,]
[12,9,]   192   0.000448824   0.155471   0.000325   [0.074356,0.083059,]
[13,9,]   193   0.000526962   0.0246972   0.000625   [-0.012224,-0.050223,]
[14,9,]   194   0.000560748   -0.0385876   0.001025   [-0.098347,-0.076647,]
[15,9,]   195   0.000625558   -0.0172878   0.001525   [-0.060019,-0.058165,]
[16,9,]   196   0.000655832   0.0173765   0.002125   [-0.015414,-0.041299,]
[17,9,]   197   0.000599734   0.0297441   0.002825   [-0.000086,-0.030682,]
[18,9,]   198   0.000459805   0.0247232   0.003625   [-0.006007,-0.031235,]
[19,9,]   199   0.000283793   0.0341313   0.004525   [-0.025469,-0.029754,]
[0,10,]   200   0.000270921   0.037188   0.004525   [0.004181,0.030278,]
[1,10,]   201   0.000453043   0.0268081   0.003625   [0.006856,0.031420,]
[2,10,]   202   0.000599424   0.0326356   0.002825   [0.001856,0.030663,]
[3,10,]   203   0.000656491   0.0176988   0.002125   [0.017491,0.041274,]
[4,10,]   204   0.000626411   -0.0169067   0.001525   [0.060317,0.058130,]
[5,10,]   205   0.000560867   -0.0388653   0.001025   [0.098524,0.076618,]
[6,10,]   206   0.000526995   0.0246848   0.000625   [0.012105,0.050184,]
[7,10,]   207   0.000448765   0.155384   0.000325   [-0.074338,-0.083102,]
[8,10,]   208   0.000277074   0.071549   0.000125   [-0.015461,-0.060965,]
[9,10,]   209   0.000186447   -0.0257371   2.5e-05   [-0.057962,0.173943,]
[10,10,]   210   0.000181129   0.241516   2.5e-05   [-0.331385,0.022913,]
[11,10,]   211   0.000195566   -0.137847   0.000125   [-0.230046,-0.096530,]
[12,10,]   212   0.00031909   -0.0331717   0.000325   [-0.146480,-0.115113,]
[13,10,]   213   0.00043011   -0.0531511   0.000625   [-0.194195,-0.167941,]
[14,10,]   214   0.000531486   -0.0523419   0.001025   [-0.057465,-0.104932,]
[15,10,]   215   0.000651811   0.030198   0.001525   [-0.035794,-0.057323,]
[16,10,]   216   0.000671611   0.0284135   0.002125   [-0.003823,-0.036055,]
[17,10,]   217   0.000601894   0.0263221   0.002825   [0.001808,-0.030555,]
[18,10,]   218   0.000459845   0.0274621   0.003625   [-0.011830,-0.034335,]
[19,10,]   219   0.000280677   0.0289528   0.004525   [-0.021196,-0.034003,]
[0,11,]   220   0.000287083   0.0347784   0.004625   [0.003722,0.028107,]
[1,11,]   221   0.000473712   0.0305144   0.003725   [0.007932,0.029043,]
[2,11,]   222   0.000620085   0.0299841   0.002925   [0.000159,0.033246,]
[3,11,]   223   0.000683413   0.0159808   0.002225   [0.017931,0.043120,]
[4,11,]   224   0.000681639   -0.00337883   0.001625   [0.047580,0.052916,]
[5,11,]   225   0.000651753   -0.0266299   0.001125   [0.011484,0.036302,]
[6,11,]   226   0.000628985   0.0703492   0.000725   [-0.032376,-0.057412,]
[7,11,]   227   0.000428056   -0.0187085   0.000425   [-0.104529,-0.061508,]
[8,11,]   228   0.000236544   -0.0863034   0.000225   [0.001320,0.038264,]
[9,11,]   229   0.000138268   0.0496819   0.000125   [-0.365641,0.164713,]
[10,11,]   230   3.65117e-05   -1.55244   0.000125   [-0.993442,-0.582650,]
[11,11,]   231   0.000139804   -0.0712861   0.000225   [-0.608320,-0.401778,]
[12,11,]   232   0.000279595   -0.067666   0.000425   [-0.136890,-0.291262,]
[13,11,]   233   0.000453289   -0.0252253   0.000725   [-0.068770,-0.136625,]
[14,11,]   234   0.000609201   0.0254626   0.001125   [-0.025937,-0.082767,]
[15,11,]   235   0.000707553   0.0344273   0.001625   [-0.015020,-0.035187,]
[16,11,]   236   0.000703103   0.0209901   0.002225   [-0.004083,-0.033588,]
[17,11,]   237   0.000624664   0.0267818   0.002925   [-0.008162,-0.032849,]
[18,11,]   238   0.000478209   0.0232989   0.003725   [-0.014979,-0.035711,]
[19,11,]   239   0.000299   0.0307945   0.004625   [-0.027516,-0.037885,]
[0,12,]   240   0.000321609   0.034814   0.004825   [0.003267,0.027811,]
[1,12,]   241   0.000510821   0.0272608   0.003925   [0.006504,0.029977,]
[2,12,]   242   0.000661638   0.029311   0.003125   [0.006205,0.033946,]
[3,12,]   243   0.000734521   0.00215828   0.002425   [0.021850,0.047732,]
[4,12,]   244   0.000778964   -0.010827   0.001825   [0.029872,0.057266,]
[5,12,]   245   0.000818356   0.0115652   0.001325   [-0.049444,0.018925,]
[6,12,]   246   0.000762474   0.0592821   0.000925   [-0.150824,-0.051109,]
[7,12,]   247   0.000479152   0.0127845   0.000625   [-0.111453,-0.128652,]
[8,12,]   248   0.000227538   -0.127587   0.000425   [-0.163153,0.005411,]
[9,12,]   249   0.000116345   -0.0688314   0.000325   [-0.871018,-0.129695,]
[10,12,]   250   3.44625e-05   -1.17073   0.000325   [-1.090018,-0.874567,]
[11,12,]   251   0.000149654   -0.0664347   0.000425   [-0.312571,-0.241337,]
[12,12,]   252   0.000330276   -0.0471021   0.000625   [-0.014118,-0.160924,]
[13,12,]   253   0.000580578   0.0926125   0.000925   [-0.050820,-0.094028,]
[14,12,]   254   0.000703658   0.0251545   0.001325   [0.006333,-0.054770,]
[15,12,]   255   0.000775043   0.0302515   0.001825   [-0.010241,-0.035901,]
[16,12,]   256   0.000753078   0.0232341   0.002425   [-0.016797,-0.038120,]
[17,12,]   257   0.000661342   0.0188852   0.003125   [-0.010042,-0.033371,]
[18,12,]   258   0.000516386   0.0287913   0.003925   [-0.022357,-0.035614,]
[19,12,]   259   0.000331815   0.0322091   0.004825   [-0.028242,-0.035716,]
[0,13,]   260   0.000369464   0.0340316   0.005125   [0.002818,0.030577,]
[1,13,]   261   0.000564171   0.0294219   0.004225   [0.008642,0.030682,]
[2,13,]   262   0.000716983   0.0211762   0.003425   [0.008318,0.036215,]
[3,13,]   263   0.000813252   -0.00290637   0.002725   [0.026189,0.044919,]
[4,13,]   264   0.000925846   -0.00466488   0.002125   [-0.004360,0.056745,]
[5,13,]   265   0.00107005   0.0540204   0.001625   [-0.133425,0.019510,]
[6,13,]   266   0.000998692   0.100836   0.001225   [-0.241990,-0.039299,]
[7,13,]   267   0.000557587   -0.0465404   0.000925   [-0.168015,-0.082518,]
[8,13,]   268   0.000260063   -0.131417   0.000725   [-0.248460,-0.038606,]
[9,13,]   269   0.000141947   -0.11843   0.000625   [-0.973332,-0.004231,]
[10,13,]   270   6.6855e-05   -0.778835   0.000625   [-0.832797,-0.405150,]
[11,13,]   271   0.000215938   -0.00587485   0.000725   [-0.143414,-0.054308,]
[12,13,]   272   0.000456088   0.0756348   0.000925   [-0.109587,-0.111226,]
[13,13,]   273   0.000672175   0.0464715   0.001225   [-0.024653,-0.057538,]
[14,13,]   274   0.000792751   0.0256265   0.001625   [-0.004344,-0.047647,]
[15,13,]   275   0.000847039   0.0302232   0.002125   [-0.021504,-0.044731,]
[16,13,]   276   0.000807796   0.0153126   0.002725   [-0.016616,-0.036278,]
[17,13,]   277   0.000714779   0.0236128   0.003425   [-0.015251,-0.034566,]
[18,13,]   278   0.000565847   0.0272273   0.004225   [-0.022748,-0.031701,]
[19,13,]   279   0.000379567   0.0335195   0.005125   [-0.030388,-0.030763,]
[0,14,]   280   0.000428808   0.0333222   0.005525   [0.002378,0.034207,]
[1,14,]   281   0.000625601   0.0273158   0.004625   [0.006816,0.033467,]
[2,14,]   282   0.000782895   0.0189079   0.003825   [0.011041,0.035651,]
[3,14,]   283   0.000895841   -0.0157785   0.003125   [0.027681,0.043102,]
[4,14,]   284   0.00107942   -0.00731995   0.002525   [-0.017952,0.050233,]
[5,14,]   285   0.00134494   0.0678311   0.002025   [-0.180431,0.041104,]
[6,14,]   286   0.00130309   0.117718   0.001625   [-0.310580,0.014516,]
[7,14,]   287   0.000731054   -0.0229273   0.001325   [-0.214308,-0.021951,]
[8,14,]   288   0.000328613   -0.202336   0.001125   [-0.235894,-0.005953,]
[9,14,]   289   0.000236891   -0.0122879   0.001025   [-0.829524,0.094242,]
[10,14,]   290   0.000168407   -0.258383   0.001025   [-0.732059,-0.083184,]
[11,14,]   291   0.000295167   -0.040831   0.001125   [-0.169677,-0.110222,]
[12,14,]   292   0.000547537   0.0483411   0.001325   [-0.120896,-0.058493,]
[13,14,]   293   0.000766706   0.0475272   0.001625   [-0.044968,-0.061017,]
[14,14,]   294   0.000877485   0.0284254   0.002025   [-0.015802,-0.052010,]
[15,14,]   295   0.000914398   0.0224715   0.002525   [-0.021288,-0.042115,]
[16,14,]   296   0.000872335   0.0215024   0.003125   [-0.021330,-0.037589,]
[17,14,]   297   0.000770221   0.020785   0.003825   [-0.014867,-0.031894,]
[18,14,]   298   0.000620652   0.0283888   0.004625   [-0.023880,-0.029693,]
[19,14,]   299   0.000432651   0.0334029   0.005525   [-0.028985,-0.026587,]
[0,15,]   300   0.000490616   0.0313624   0.006025   [0.001949,0.036657,]
[1,15,]   301   0.000688607   0.0265487   0.005125   [0.004887,0.034500,]
[2,15,]   302   0.000849393   0.0151992   0.004325   [0.008804,0.036606,]
[3,15,]   303   0.000980681   -0.0184993   0.003625   [0.026544,0.037416,]
[4,15,]   304   0.00121561   -0.0156537   0.003025   [-0.027855,0.042404,]
[5,15,]   305   0.00160405   0.0745785   0.002525   [-0.202083,0.044314,]
[6,15,]   306   0.001647   0.131637   0.002125   [-0.357544,0.053528,]
[7,15,]   307   0.000995996   0.0210687   0.001825   [-0.274044,0.036222,]
[8,15,]   308   0.000453077   -0.203543   0.001625   [-0.213126,0.008935,]
[9,15,]   309   0.000357988   -0.0205507   0.001525   [-0.658632,0.080306,]
[10,15,]   310   0.000319523   -0.0235874   0.001525   [-0.645331,0.005264,]
[11,15,]   311   0.000362896   -0.141327   0.001625   [-0.199581,-0.102560,]
[12,15,]   312   0.0006305   0.0475676   0.001825   [-0.145942,-0.051663,]
[13,15,]   313   0.000851321   0.0502073   0.002125   [-0.070670,-0.059323,]
[14,15,]   314   0.000943779   0.0179687   0.002525   [-0.018382,-0.046006,]
[15,15,]   315   0.000981896   0.0297907   0.003025   [-0.028579,-0.042931,]
[16,15,]   316   0.000927662   0.018706   0.003625   [-0.020622,-0.034410,]
[17,15,]   317   0.000822213   0.0221111   0.004325   [-0.016503,-0.031178,]
[18,15,]   318   0.000670614   0.0264428   0.005125   [-0.022640,-0.027715,]
[19,15,]   319   0.000484045   0.031476   0.006025   [-0.026737,-0.023956,]
[0,16,]   320   0.000547139   0.0282386   0.006625   [0.001533,0.037204,]
[1,16,]   321   0.000743413   0.0238585   0.005725   [0.001721,0.034975,]
[2,16,]   322   0.00090931   0.0144007   0.004925   [0.005113,0.036271,]
[3,16,]   323   0.00105515   -0.018894   0.004225   [0.019818,0.035023,]
[4,16,]   324   0.00131993   -0.0193999   0.003625   [-0.031459,0.033153,]
[5,16,]   325   0.00177253   0.0591564   0.003125   [-0.199921,0.043476,]
[6,16,]   326   0.0019308   0.128572   0.002725   [-0.365363,0.072966,]
[7,16,]   327   0.00129672   0.0527451   0.002425   [-0.326675,0.088683,]
[8,16,]   328   0.000634926   -0.150232   0.002225   [-0.223843,0.048248,]
[9,16,]   329   0.000479628   -0.0591934   0.002125   [-0.495560,0.051637,]
[10,16,]   330   0.000458076   0.0118035   0.002125   [-0.577290,0.033373,]
[11,16,]   331   0.000458778   -0.112905   0.002225   [-0.258637,-0.097164,]
[12,16,]   332   0.000698068   0.028719   0.002425   [-0.145434,-0.057543,]
[13,16,]   333   0.000915722   0.0462091   0.002725   [-0.086003,-0.046721,]
[14,16,]   334   0.00100139   0.0222131   0.003125   [-0.030023,-0.047500,]
[15,16,]   335   0.00102758   0.0258343   0.003625   [-0.030097,-0.038724,]
[16,16,]   336   0.000970087   0.0205243   0.004225   [-0.023238,-0.033892,]
[17,16,]   337   0.000859795   0.0203167   0.004925   [-0.017015,-0.030047,]
[18,16,]   338   0.000709002   0.0248243   0.005725   [-0.021702,-0.027198,]
[19,16,]   339   0.00052596   0.028999   0.006625   [-0.023954,-0.023429,]
[0,17,]   340   0.000590316   0.0246994   0.007325   [0.001132,0.035989,]
[1,17,]   341   0.000782555   0.0212726   0.006425   [-0.000911,0.034000,]
[2,17,]   342   0.000952236   0.0126579   0.005625   [0.000361,0.035674,]
[3,17,]   343   0.00111288   -0.0148086   0.004925   [0.010411,0.032945,]
[4,17,]   344   0.0013899   -0.0184611   0.004325   [-0.038578,0.028261,]
[5,17,]   345   0.00185736   0.0470099   0.003825   [-0.190325,0.035153,]
[6,17,]   346   0.00209476   0.112982   0.003425   [-0.352959,0.073202,]
[7,17,]   347   0.00156429   0.0731823   0.003125   [-0.350107,0.106902,]
[8,17,]   348   0.00085085   -0.0873087   0.002925   [-0.249292,0.085537,]
[9,17,]   349   0.000608388   -0.0685962   0.002825   [-0.390917,0.037625,]
[10,17,]   350   0.000571826   0.00736462   0.002825   [-0.511541,0.008886,]
[11,17,]   351   0.000558961   -0.0748242   0.002925   [-0.289616,-0.068753,]
[12,17,]   352   0.000749366   0.00609164   0.003125   [-0.146844,-0.056711,]
[13,17,]   353   0.000961275   0.0488722   0.003425   [-0.101248,-0.043352,]
[14,17,]   354   0.00103269   0.0185482   0.003825   [-0.038441,-0.043403,]
[15,17,]   355   0.00105239   0.0263442   0.004325   [-0.034146,-0.037608,]
[16,17,]   356   0.000990412   0.0196788   0.004925   [-0.024960,-0.032211,]
[17,17,]   357   0.000879123   0.0197312   0.005625   [-0.018301,-0.029400,]
[18,17,]   358   0.000730837   0.0230638   0.006425   [-0.020887,-0.026721,]
[19,17,]   359   0.000553874   0.0266081   0.007325   [-0.021602,-0.023405,]
[0,18,]   360   0.000614798   0.021356   0.008125   [0.000747,0.034306,]
[1,18,]   361   0.000800104   0.0186002   0.007225   [-0.003260,0.032936,]
[2,18,]   362   0.000971186   0.0111971   0.006425   [-0.004042,0.034634,]
[3,18,]   363   0.00114289   -0.0112193   0.005725   [0.000104,0.032339,]
[4,18,]   364   0.0014223   -0.0133176   0.005125   [-0.047092,0.026398,]
[5,18,]   365   0.00186455   0.0365621   0.004625   [-0.180338,0.030186,]
[6,18,]   366   0.002129   0.0945544   0.004225   [-0.328180,0.063428,]
[7,18,]   367   0.00171997   0.0726426   0.003925   [-0.351234,0.105036,]
[8,18,]   368   0.00104727   -0.0354063   0.003725   [-0.270902,0.100737,]
[9,18,]   369   0.00073213   -0.059014   0.003625   [-0.336470,0.041164,]
[10,18,]   370   0.00065473   -0.0166439   0.003625   [-0.447927,-0.016958,]
[11,18,]   371   0.000645412   -0.0446821   0.003725   [-0.302016,-0.044003,]
[12,18,]   372   0.000789343   -0.00127495   0.003925   [-0.156927,-0.059065,]
[13,18,]   373   0.000974462   0.0394965   0.004225   [-0.107261,-0.039265,]
[14,18,]   374   0.00104073   0.0211966   0.004625   [-0.049636,-0.042184,]
[15,18,]   375   0.00104916   0.0233322   0.005125   [-0.036746,-0.036413,]
[16,18,]   376   0.000986459   0.0194493   0.005725   [-0.027332,-0.031814,]
[17,18,]   377   0.000876329   0.0184225   0.006425   [-0.019625,-0.029295,]
[18,18,]   378   0.000733177   0.0211267   0.007225   [-0.020372,-0.027059,]
[19,18,]   379   0.000564831   0.0240957   0.008125   [-0.019632,-0.024432,]
[0,19,]   380   0.000617422   0.0182882   0.009025   [0.000380,0.033383,]
[1,19,]   381   0.000792929   0.0160172   0.008125   [-0.005030,0.032353,]
[2,19,]   382   0.000961434   0.00917036   0.007325   [-0.007913,0.034117,]
[3,19,]   383   0.00113901   -0.00878323   0.006625   [-0.009363,0.031952,]
[4,19,]   384   0.00141296   -0.00829799   0.006025   [-0.057165,0.026122,]
[5,19,]   385   0.00181555   0.0336299   0.005525   [-0.175895,0.027152,]
[6,19,]   386   0.00206253   0.0826157   0.005125   [-0.306848,0.055528,]
[7,19,]   387   0.00174837   0.0687769   0.004825   [-0.337441,0.094388,]
[8,19,]   388   0.00115889   -0.0149978   0.004625   [-0.277793,0.100038,]
[9,19,]   389   0.00082987   -0.0453314   0.004525   [-0.310861,0.039932,]
[10,19,]   390   0.000719597   -0.0240172   0.004525   [-0.398956,-0.023761,]
[11,19,]   391   0.000705831   -0.0290695   0.004625   [-0.296352,-0.037143,]
[12,19,]   392   0.000809749   -0.00588516   0.004825   [-0.166749,-0.053108,]
[13,19,]   393   0.000963446   0.0335045   0.005125   [-0.113107,-0.039862,]
[14,19,]   394   0.00101961   0.0209104   0.005525   [-0.058189,-0.040226,]
[15,19,]   395   0.00102029   0.0219979   0.006025   [-0.040211,-0.036447,]
[16,19,]   396   0.000957639   0.0187961   0.006625   [-0.029380,-0.031812,]
[17,19,]   397   0.000851793   0.0177082   0.007325   [-0.021223,-0.029606,]
[18,19,]   398   0.000716194   0.0197829   0.008125   [-0.020472,-0.027665,]
[19,19,]   399   0.00055875   0.0224232   0.009025   [-0.018557,-0.025531,]
