coordinates  index   rho      Q      V      velocities
[0,0,]   0   0.000544315   0.0249467   0.009025   [0.010240,0.034418,]
[1,0,]   1   0.000713795   0.0222102   0.008125   [0.024510,0.035110,]
[2,0,]   2   0.000859072   0.0248567   0.007325   [0.026635,0.036509,]
[3,0,]   3   0.000947864   0.0124655   0.006625   [0.021752,0.038702,]
[4,0,]   4   0.0010204   0.0392788   0.006025   [0.047199,0.041846,]
[5,0,]   5   0.000958173   0.0107923   0.005525   [0.038437,0.046139,]
[6,0,]   6   0.000884332   0.0231852   0.005125   [0.111016,0.051625,]
[7,0,]   7   0.000762662   0.039123   0.004825   [0.251100,0.057246,]
[8,0,]   8   0.000567589   -0.130221   0.004625   [0.267469,0.056858,]
[9,0,]   9   0.000690137   -0.0260742   0.004525   [0.313966,0.031542,]
[10,0,]   10   0.000976253   0.0695856   0.004525   [0.363601,-0.019122,]
[11,0,]   11   0.00109692   -0.0550416   0.004625   [0.249472,-0.044438,]
[12,0,]   12   0.00152074   -0.0250483   0.004825   [0.188203,-0.044826,]
[13,0,]   13   0.00226341   0.085434   0.005125   [0.302201,-0.039205,]
[14,0,]   14   0.00247748   0.0989473   0.005525   [0.309759,-0.033719,]
[15,0,]   15   0.00191618   0.0317558   0.006025   [0.163682,-0.029426,]
[16,0,]   16   0.00130316   -0.0357774   0.006625   [0.016672,-0.026282,]
[17,0,]   17   0.000996001   -0.0211253   0.007325   [-0.027688,-0.024089,]
[18,0,]   18   0.000829892   0.0104578   0.008125   [-0.013568,-0.022690,]
[19,0,]   19   0.000669509   0.0126418   0.009025   [-0.014528,-0.021998,]
[0,1,]   20   0.000539762   0.0278024   0.008125   [0.009874,0.023735,]
[1,1,]   21   0.0007231   0.0244433   0.007225   [0.025921,0.027681,]
[2,1,]   22   0.000877763   0.0248009   0.006425   [0.025980,0.029477,]
[3,1,]   23   0.000975665   0.0155252   0.005725   [0.020611,0.035854,]
[4,1,]   24   0.00104463   0.0369174   0.005125   [0.040116,0.037048,]
[5,1,]   25   0.000984904   0.0193194   0.004625   [0.033825,0.039253,]
[6,1,]   26   0.000880539   0.0201478   0.004225   [0.095901,0.053031,]
[7,1,]   27   0.000742184   0.0438071   0.003925   [0.246287,0.032929,]
[8,1,]   28   0.000525115   -0.113784   0.003725   [0.280013,0.069343,]
[9,1,]   29   0.000568169   -0.0616107   0.003625   [0.328408,0.041858,]
[10,1,]   30   0.000832475   0.0676734   0.003625   [0.409409,-0.103753,]
[11,1,]   31   0.000974218   -0.0403271   0.003725   [0.286227,-0.061067,]
[12,1,]   32   0.0013283   -0.0471738   0.003925   [0.175526,-0.032657,]
[13,1,]   33   0.00210369   0.0787729   0.004225   [0.285174,-0.063284,]
[14,1,]   34   0.002481   0.107302   0.004625   [0.320333,-0.063458,]
[15,1,]   35   0.00199942   0.047123   0.005125   [0.178828,-0.037270,]
[16,1,]   36   0.00133308   -0.0360195   0.005725   [0.016320,-0.020211,]
[17,1,]   37   0.000991618   -0.0267138   0.006425   [-0.039379,-0.024791,]
[18,1,]   38   0.000818295   0.0102415   0.007225   [-0.020633,-0.033190,]
[19,1,]   39   0.000653159   0.0124743   0.008125   [-0.017550,-0.034375,]
[0,2,]   40   0.000518216   0.0293598   0.007325   [0.009489,0.019434,]
[1,2,]   41   0.000711328   0.0233153   0.006425   [0.025805,0.023265,]
[2,2,]   42   0.000876315   0.0279111   0.005625   [0.027131,0.028536,]
[3,2,]   43   0.00097578   0.0125591   0.004925   [0.017785,0.032532,]
[4,2,]   44   0.00104549   0.0373096   0.004325   [0.034164,0.039585,]
[5,2,]   45   0.000984148   0.0243636   0.003825   [0.031819,0.035016,]
[6,2,]   46   0.000848898   0.00949063   0.003425   [0.075952,0.056735,]
[7,2,]   47   0.000695889   0.0385275   0.003125   [0.242770,0.031500,]
[8,2,]   48   0.000482807   -0.0651993   0.002925   [0.311769,0.052697,]
[9,2,]   49   0.000409815   -0.159604   0.002825   [0.338621,0.080111,]
[10,2,]   50   0.000635625   0.0442867   0.002825   [0.458428,-0.150848,]
[11,2,]   51   0.000838044   0.00345532   0.002925   [0.355939,-0.079934,]
[12,2,]   52   0.00109871   -0.0753746   0.003125   [0.161342,-0.012544,]
[13,2,]   53   0.00179837   0.0488883   0.003425   [0.242660,-0.057846,]
[14,2,]   54   0.00232267   0.110752   0.003825   [0.313173,-0.069671,]
[15,2,]   55   0.0019847   0.0612116   0.004325   [0.190495,-0.050666,]
[16,2,]   56   0.00132288   -0.031809   0.004925   [0.017613,-0.026968,]
[17,2,]   57   0.000958874   -0.0356583   0.005625   [-0.048344,-0.029577,]
[18,2,]   58   0.000783031   0.00860373   0.006425   [-0.027599,-0.036188,]
[19,2,]   59   0.000613367   0.00919923   0.007325   [-0.019105,-0.040370,]
[0,3,]   60   0.000481088   0.0328968   0.006625   [0.009088,0.016728,]
[1,3,]   61   0.000685485   0.0299412   0.005725   [0.030358,0.023063,]
[2,3,]   62   0.000853966   0.0261743   0.004925   [0.027146,0.025812,]
[3,3,]   63   0.000960571   0.0184976   0.004225   [0.019357,0.035007,]
[4,3,]   64   0.0010236   0.0342785   0.003625   [0.024761,0.040305,]
[5,3,]   65   0.000967392   0.0307427   0.003125   [0.025619,0.034984,]
[6,3,]   66   0.000815996   0.0216646   0.002725   [0.057819,0.062727,]
[7,3,]   67   0.000631737   0.0157115   0.002425   [0.205355,0.033057,]
[8,3,]   68   0.00045019   0.0361044   0.002225   [0.350842,0.020962,]
[9,3,]   69   0.000269511   -0.292271   0.002125   [0.360604,0.130921,]
[10,3,]   70   0.000423038   -0.00950625   0.002125   [0.485105,-0.134499,]
[11,3,]   71   0.000677299   0.0471204   0.002225   [0.446750,-0.110250,]
[12,3,]   72   0.000886963   -0.0828632   0.002425   [0.160720,-0.007948,]
[13,3,]   73   0.00146503   0.0153129   0.002725   [0.193481,-0.043434,]
[14,3,]   74   0.0020552   0.108664   0.003125   [0.302156,-0.060592,]
[15,3,]   75   0.00188925   0.0833234   0.003625   [0.203690,-0.055724,]
[16,3,]   76   0.00127967   -0.0187151   0.004225   [0.025108,-0.039682,]
[17,3,]   77   0.000913677   -0.0348531   0.004925   [-0.056699,-0.035984,]
[18,3,]   78   0.000735031   0.00860017   0.005725   [-0.036092,-0.040123,]
[19,3,]   79   0.00056422   0.0128177   0.006625   [-0.028224,-0.043407,]
[0,4,]   80   0.000435436   0.0365578   0.006025   [0.008672,0.020030,]
[1,4,]   81   0.000641716   0.0264491   0.005125   [0.030023,0.022746,]
[2,4,]   82   0.00081702   0.0298037   0.004325   [0.030582,0.031096,]
[3,4,]   83   0.000922443   0.016088   0.003625   [0.019263,0.035910,]
[4,4,]   84   0.000982934   0.0276716   0.003025   [0.014966,0.040932,]
[5,4,]   85   0.000934447   0.0448397   0.002525   [0.026185,0.045906,]
[6,4,]   86   0.000764619   0.0182972   0.002125   [0.033403,0.035064,]
[7,4,]   87   0.000556238   0.00510805   0.001825   [0.149658,0.072455,]
[8,4,]   88   0.000392616   0.110515   0.001625   [0.410513,-0.022312,]
[9,4,]   89   0.000175139   -0.327376   0.001525   [0.465751,0.218916,]
[10,4,]   90   0.000225281   -0.233626   0.001525   [0.499847,-0.036274,]
[11,4,]   91   0.000499452   0.0666163   0.001625   [0.483371,-0.071117,]
[12,4,]   92   0.000708405   -0.0776338   0.001825   [0.176813,-0.004918,]
[13,4,]   93   0.00118386   0.00196909   0.002125   [0.149394,-0.001224,]
[14,4,]   94   0.00172635   0.094862   0.002525   [0.272827,-0.020289,]
[15,4,]   95   0.00167789   0.0868101   0.003025   [0.192230,-0.041995,]
[16,4,]   96   0.00118093   -0.00866511   0.003625   [0.024338,-0.045984,]
[17,4,]   97   0.000850644   -0.0318249   0.004325   [-0.057277,-0.044302,]
[18,4,]   98   0.000676855   0.0106933   0.005125   [-0.039888,-0.037324,]
[19,4,]   99   0.000500595   0.00895575   0.006025   [-0.028078,-0.042624,]
[0,5,]   100   0.000379796   0.0344414   0.005525   [0.008243,0.024442,]
[1,5,]   101   0.000593214   0.0343187   0.004625   [0.036380,0.030091,]
[2,5,]   102   0.000767505   0.0275008   0.003825   [0.031466,0.032242,]
[3,5,]   103   0.000875056   0.0134221   0.003125   [0.015532,0.037116,]
[4,5,]   104   0.000944811   0.0500251   0.002525   [0.014352,0.040768,]
[5,5,]   105   0.000865952   0.0250871   0.002025   [-0.010862,0.038994,]
[6,5,]   106   0.000722318   0.0748768   0.001625   [0.037677,0.036338,]
[7,5,]   107   0.000462131   -0.00473798   0.001325   [0.080204,0.089990,]
[8,5,]   108   0.000283657   0.0696291   0.001125   [0.465270,-0.011318,]
[9,5,]   109   0.000107336   -0.349762   0.001025   [0.684277,0.217426,]
[10,5,]   110   0.000118817   -0.45492   0.001025   [0.532706,0.144464,]
[11,5,]   111   0.000352162   0.0364256   0.001125   [0.446073,0.019337,]
[12,5,]   112   0.000578809   -0.0393292   0.001325   [0.162839,0.041653,]
[13,5,]   113   0.000964256   -0.00659957   0.001625   [0.131418,0.019664,]
[14,5,]   114   0.0014146   0.0921508   0.002025   [0.230771,0.019295,]
[15,5,]   115   0.00139554   0.0694305   0.002525   [0.157590,-0.033385,]
[16,5,]   116   0.00103387   -0.009072   0.003125   [0.009140,-0.055160,]
[17,5,]   117   0.000779049   -0.0193386   0.003825   [-0.056883,-0.052146,]
[18,5,]   118   0.000617926   0.0150846   0.004625   [-0.039458,-0.038034,]
[19,5,]   119   0.000444661   0.0230582   0.005525   [-0.041311,-0.036956,]
[0,6,]   120   0.000334412   0.0378243   0.005125   [0.007803,0.034534,]
[1,6,]   121   0.000539535   0.025324   0.004225   [0.032625,0.033283,]
[2,6,]   122   0.000716679   0.0269092   0.003425   [0.028459,0.031258,]
[3,6,]   123   0.000824717   0.0252944   0.002725   [0.013562,0.035652,]
[4,6,]   124   0.000871168   0.0407189   0.002125   [-0.004652,0.020986,]
[5,6,]   125   0.000786764   0.0501205   0.001625   [-0.011185,0.063435,]
[6,6,]   126   0.000620164   0.0743908   0.001225   [0.031900,0.052713,]
[7,6,]   127   0.000356827   -0.0269455   0.000925   [0.016442,0.153660,]
[8,6,]   128   0.00017825   0.0144692   0.000725   [0.457090,0.147703,]
[9,6,]   129   5.94749e-05   -0.669786   0.000625   [1.013463,0.577938,]
[10,6,]   130   8.80472e-05   -0.446538   0.000625   [0.693688,0.133274,]
[11,6,]   131   0.000268618   -0.0319989   0.000725   [0.299702,0.058241,]
[12,6,]   132   0.000470537   -0.0847888   0.000925   [0.091581,0.027966,]
[13,6,]   133   0.000814701   0.00971378   0.001225   [0.074537,0.064248,]
[14,6,]   134   0.00112586   0.055816   0.001625   [0.186837,0.044976,]
[15,6,]   135   0.00112314   0.0580839   0.002125   [0.096279,-0.006856,]
[16,6,]   136   0.000874124   -0.0180824   0.002725   [-0.008650,-0.054419,]
[17,6,]   137   0.000704776   -0.00255159   0.003425   [-0.049300,-0.052307,]
[18,6,]   138   0.000560156   0.0219296   0.004225   [-0.029896,-0.034707,]
[19,6,]   139   0.00038202   0.0177593   0.005125   [-0.028483,-0.038534,]
[0,7,]   140   0.000292416   0.0275699   0.004825   [0.007354,0.032836,]
[1,7,]   141   0.000498244   0.0290513   0.003925   [0.027778,0.035765,]
[2,7,]   142   0.000675635   0.0434645   0.003125   [0.024433,0.028411,]
[3,7,]   143   0.000759058   0.0190447   0.002425   [-0.009439,0.025898,]
[4,7,]   144   0.000792623   0.0735433   0.001825   [0.019720,0.044601,]
[5,7,]   145   0.000652283   0.00487889   0.001325   [-0.014077,0.093722,]
[6,7,]   146   0.000488061   -0.00558185   0.000925   [0.070175,0.133777,]
[7,7,]   147   0.000283117   -0.0165309   0.000625   [0.071645,0.239265,]
[8,7,]   148   9.16577e-05   -0.515155   0.000425   [0.738518,0.426334,]
[9,7,]   149   6.53527e-05   -0.383546   0.000325   [1.077885,0.682731,]
[10,7,]   150   0.000119061   -0.248142   0.000325   [0.421046,-0.145656,]
[11,7,]   151   0.000281097   0.0238945   0.000425   [0.189736,0.108388,]
[12,7,]   152   0.000460313   -0.0364069   0.000625   [0.065297,0.052670,]
[13,7,]   153   0.00074634   0.0521669   0.000925   [0.090701,0.074464,]
[14,7,]   154   0.000948792   0.0792725   0.001325   [0.124725,0.068634,]
[15,7,]   155   0.000881109   0.00556966   0.001825   [0.035779,-0.025405,]
[16,7,]   156   0.000735326   -0.0243456   0.002425   [-0.051009,-0.054556,]
[17,7,]   157   0.000634096   -0.000737986   0.003125   [-0.046572,-0.052363,]
[18,7,]   158   0.000514446   0.0318702   0.003925   [-0.031012,-0.032808,]
[19,7,]   159   0.000344168   0.0467396   0.004825   [-0.051587,-0.029615,]
[0,8,]   160   0.000272913   0.0469531   0.004625   [0.006899,0.029770,]
[1,8,]   161   0.000469482   0.0343451   0.003725   [0.022775,0.032215,]
[2,8,]   162   0.000628461   0.0378114   0.002925   [0.008996,0.020788,]
[3,8,]   163   0.000691173   0.0335333   0.002225   [0.014690,0.039775,]
[4,8,]   164   0.000669094   0.0174255   0.001625   [0.040039,0.081280,]
[5,8,]   165   0.000557675   -0.0425717   0.001125   [0.041457,0.156658,]
[6,8,]   166   0.000455655   -0.0122598   0.000725   [0.115405,0.246017,]
[7,8,]   167   0.000299457   0.0210203   0.000425   [0.188994,0.181513,]
[8,8,]   168   9.79721e-05   -0.673446   0.000225   [0.651820,0.405454,]
[9,8,]   169   0.000106922   -0.225292   0.000125   [0.713760,0.038401,]
[10,8,]   170   0.000219862   0.198126   0.000125   [0.391632,-0.142774,]
[11,8,]   171   0.000306482   -0.00977078   0.000225   [0.249291,-0.044657,]
[12,8,]   172   0.000466766   0.0282453   0.000425   [-0.062349,-0.009742,]
[13,8,]   173   0.000656704   0.00312359   0.000725   [0.028463,0.010470,]
[14,8,]   174   0.000771155   0.0254584   0.001125   [0.050434,0.014619,]
[15,8,]   175   0.000727416   -0.00704152   0.001625   [-0.050044,-0.040457,]
[16,8,]   176   0.000643007   -0.0359692   0.002225   [-0.050671,-0.059529,]
[17,8,]   177   0.000596157   0.0251506   0.002925   [-0.037148,-0.040406,]
[18,8,]   178   0.0004787   0.0314161   0.003725   [-0.012572,-0.031288,]
[19,8,]   179   0.000304634   0.031873   0.004625   [-0.024762,-0.032561,]
[0,9,]   180   0.000260322   0.0493285   0.004525   [0.006440,0.026426,]
[1,9,]   181   0.000452462   0.0399759   0.003625   [0.013305,0.028770,]
[2,9,]   182   0.000596826   0.0514179   0.002825   [0.022266,0.034929,]
[3,9,]   183   0.000620535   -0.00737183   0.002125   [0.035742,0.060384,]
[4,9,]   184   0.000600595   -0.0403203   0.001525   [0.112977,0.107215,]
[5,9,]   185   0.000562566   -0.0511153   0.001025   [0.113019,0.107783,]
[6,9,]   186   0.000524211   0.00966444   0.000625   [0.029911,0.068954,]
[7,9,]   187   0.000417038   0.126793   0.000325   [0.098291,0.008935,]
[8,9,]   188   0.000246649   0.0676045   0.000125   [0.221493,0.032161,]
[9,9,]   189   0.000174514   -0.096601   2.5e-05   [0.337514,-0.106158,]
[10,9,]   190   0.000215417   0.00979369   2.5e-05   [0.145846,-0.046651,]
[11,9,]   191   0.000294813   0.00534493   0.000125   [-0.051145,-0.054460,]
[12,9,]   192   0.000424806   -0.0583905   0.000325   [-0.012367,-0.031850,]
[13,9,]   193   0.000657985   0.140679   0.000625   [0.049944,0.049367,]
[14,9,]   194   0.000689872   0.0474411   0.001025   [0.036158,-0.023836,]
[15,9,]   195   0.000647786   -0.0122731   0.001525   [-0.061996,-0.074939,]
[16,9,]   196   0.000612597   -0.013914   0.002125   [-0.066268,-0.061199,]
[17,9,]   197   0.000576917   0.0179663   0.002825   [-0.028058,-0.038956,]
[18,9,]   198   0.000466157   0.0400585   0.003625   [-0.028658,-0.030088,]
[19,9,]   199   0.000293488   0.0559624   0.004525   [-0.056831,-0.026670,]
[0,10,]   200   0.000260335   0.0533143   0.004525   [0.005980,0.028204,]
[1,10,]   201   0.000447402   0.0407424   0.003625   [0.025754,0.030647,]
[2,10,]   202   0.000573939   0.0226793   0.002825   [0.030816,0.038915,]
[3,10,]   203   0.000614156   -0.0130223   0.002125   [0.071538,0.061031,]
[4,10,]   204   0.000650689   -0.0110489   0.001525   [0.063560,0.074827,]
[5,10,]   205   0.00069068   0.0467181   0.001025   [-0.035012,0.023632,]
[6,10,]   206   0.000658125   0.140385   0.000625   [-0.050170,-0.049466,]
[7,10,]   207   0.000424438   -0.0592117   0.000325   [0.012366,0.031675,]
[8,10,]   208   0.000294701   0.00525125   0.000125   [0.050990,0.054313,]
[9,10,]   209   0.000215247   0.00908974   2.5e-05   [-0.145969,0.046564,]
[10,10,]   210   0.000174574   -0.0962726   2.5e-05   [-0.337587,0.106043,]
[11,10,]   211   0.000246564   0.0671929   0.000125   [-0.221644,-0.031798,]
[12,10,]   212   0.000417149   0.127066   0.000325   [-0.098357,-0.008801,]
[13,10,]   213   0.000523732   0.00942383   0.000625   [-0.030250,-0.068998,]
[14,10,]   214   0.000561548   -0.0506958   0.001025   [-0.112080,-0.107752,]
[15,10,]   215   0.000597536   -0.0417738   0.001525   [-0.111285,-0.107210,]
[16,10,]   216   0.000618178   -0.00932729   0.002125   [-0.030125,-0.060376,]
[17,10,]   217   0.00059808   0.0446721   0.002825   [-0.015832,-0.035073,]
[18,10,]   218   0.000466692   0.0304397   0.003625   [-0.005810,-0.028923,]
[19,10,]   219   0.000286371   0.0296906   0.004525   [-0.020638,-0.026809,]
[0,11,]   220   0.000276447   0.0492658   0.004625   [0.005521,0.033674,]
[1,11,]   221   0.000463148   0.0402118   0.003725   [0.018491,0.032035,]
[2,11,]   222   0.000594257   0.0318666   0.002925   [0.042855,0.040730,]
[3,11,]   223   0.000645055   -0.0338453   0.002225   [0.056217,0.059404,]
[4,11,]   224   0.000730518   -0.0054681   0.001625   [0.051700,0.040681,]
[5,11,]   225   0.000772092   0.0252933   0.001125   [-0.049482,-0.014054,]
[6,11,]   226   0.000657131   0.00334224   0.000725   [-0.028773,-0.009662,]
[7,11,]   227   0.00046678   0.0282251   0.000425   [0.062236,0.010535,]
[8,11,]   228   0.00030656   -0.00959235   0.000225   [-0.249354,0.045331,]
[9,11,]   229   0.000219886   0.198184   0.000125   [-0.391672,0.143941,]
[10,11,]   230   0.000106996   -0.224284   0.000125   [-0.713432,-0.039821,]
[11,11,]   231   9.78582e-05   -0.674223   0.000225   [-0.651726,-0.403916,]
[12,11,]   232   0.000299568   0.0215415   0.000425   [-0.189403,-0.181898,]
[13,11,]   233   0.000455264   -0.0120826   0.000725   [-0.115734,-0.245906,]
[14,11,]   234   0.000556748   -0.0419422   0.001125   [-0.040262,-0.156726,]
[15,11,]   235   0.000666089   0.0161416   0.001625   [-0.038497,-0.081150,]
[16,11,]   236   0.000689884   0.0324787   0.002225   [-0.009569,-0.039711,]
[17,11,]   237   0.000632641   0.0332908   0.002925   [-0.006399,-0.021227,]
[18,11,]   238   0.000489658   0.0334683   0.003725   [-0.025918,-0.034165,]
[19,11,]   239   0.000307532   0.049063   0.004625   [-0.055316,-0.035262,]
[0,12,]   240   0.000306877   0.0453926   0.004825   [0.005066,0.035778,]
[1,12,]   241   0.000492698   0.0325392   0.003925   [0.027319,0.035209,]
[2,12,]   242   0.000629008   0.00357613   0.003125   [0.048457,0.052816,]
[3,12,]   243   0.000735674   -0.0234367   0.002425   [0.056177,0.054281,]
[4,12,]   244   0.000882974   0.00590748   0.001825   [-0.033524,0.025400,]
[5,12,]   245   0.00094846   0.0773752   0.001325   [-0.122995,-0.068576,]
[6,12,]   246   0.000746459   0.0509779   0.000925   [-0.090699,-0.074855,]
[7,12,]   247   0.000460333   -0.0376964   0.000625   [-0.065432,-0.053760,]
[8,12,]   248   0.000281257   0.0230114   0.000425   [-0.189517,-0.109220,]
[9,12,]   249   0.000119087   -0.249779   0.000325   [-0.423263,0.144092,]
[10,12,]   250   6.53173e-05   -0.384399   0.000325   [-1.077587,-0.685725,]
[11,12,]   251   9.12846e-05   -0.518034   0.000425   [-0.737634,-0.424078,]
[12,12,]   252   0.000283348   -0.0155637   0.000625   [-0.073138,-0.239610,]
[13,12,]   253   0.000487287   -0.00615495   0.000925   [-0.070197,-0.133867,]
[14,12,]   254   0.000651205   0.00547155   0.001325   [0.015037,-0.093473,]
[15,12,]   255   0.000789379   0.0721855   0.001825   [-0.017896,-0.044642,]
[16,12,]   256   0.00075802   0.0174732   0.002425   [0.014487,-0.025621,]
[17,12,]   257   0.000680439   0.0383885   0.003125   [-0.020013,-0.028546,]
[18,12,]   258   0.000517093   0.0215907   0.003925   [-0.025336,-0.036315,]
[19,12,]   259   0.000323905   0.0127556   0.004825   [-0.025529,-0.033872,]
[0,13,]   260   0.000346496   0.0283245   0.005125   [0.004617,0.039571,]
[1,13,]   261   0.000539345   0.0278471   0.004225   [0.030104,0.035461,]
[2,13,]   262   0.000699247   0.00256042   0.003425   [0.052332,0.052792,]
[3,13,]   263   0.00087449   -0.0161189   0.002725   [0.013739,0.055017,]
[4,13,]   264   0.00112627   0.0591285   0.002125   [-0.094290,0.008700,]
[5,13,]   265   0.00112893   0.0557434   0.001625   [-0.186271,-0.043162,]
[6,13,]   266   0.000818702   0.0110365   0.001225   [-0.075995,-0.063595,]
[7,13,]   267   0.000472711   -0.0835942   0.000925   [-0.092135,-0.028076,]
[8,13,]   268   0.000270082   -0.0308433   0.000725   [-0.300240,-0.057433,]
[9,13,]   269   8.87561e-05   -0.443583   0.000625   [-0.695890,-0.132243,]
[10,13,]   270   5.9754e-05   -0.665382   0.000625   [-1.009315,-0.582094,]
[11,13,]   271   0.000177129   0.00891752   0.000725   [-0.454348,-0.143175,]
[12,13,]   272   0.000357922   -0.0238735   0.000925   [-0.019198,-0.154626,]
[13,13,]   273   0.00061909   0.073897   0.001225   [-0.031634,-0.051854,]
[14,13,]   274   0.000785659   0.0505746   0.001625   [0.012430,-0.063425,]
[15,13,]   275   0.00086835   0.0397386   0.002125   [0.006221,-0.020763,]
[16,13,]   276   0.000824825   0.0240176   0.002725   [-0.008535,-0.035509,]
[17,13,]   277   0.000724359   0.0229924   0.003425   [-0.026689,-0.031404,]
[18,13,]   278   0.000564822   0.0242853   0.004225   [-0.036669,-0.034881,]
[19,13,]   279   0.000376197   0.0389023   0.005125   [-0.053097,-0.038353,]
[0,14,]   280   0.000401856   0.0223583   0.005525   [0.004177,0.038387,]
[1,14,]   281   0.000592791   0.0159761   0.004625   [0.035214,0.038467,]
[2,14,]   282   0.000770733   -0.016221   0.003825   [0.058612,0.052193,]
[3,14,]   283   0.0010313   -0.010213   0.003125   [-0.002612,0.055640,]
[4,14,]   284   0.00139762   0.0671445   0.002525   [-0.154119,0.033553,]
[5,14,]   285   0.00141998   0.0897809   0.002025   [-0.230233,-0.021830,]
[6,14,]   286   0.000970786   -0.00582404   0.001625   [-0.133340,-0.024958,]
[7,14,]   287   0.000580814   -0.0402061   0.001325   [-0.162818,-0.046163,]
[8,14,]   288   0.00035407   0.0352697   0.001125   [-0.444713,-0.023622,]
[9,14,]   289   0.000120237   -0.454025   0.001025   [-0.539887,-0.152611,]
[10,14,]   290   0.000108061   -0.348009   0.001025   [-0.680482,-0.228556,]
[11,14,]   291   0.000282085   0.0614504   0.001125   [-0.461196,0.018668,]
[12,14,]   292   0.000464627   -0.00126485   0.001325   [-0.085365,-0.094239,]
[13,14,]   293   0.000719618   0.0723677   0.001625   [-0.036722,-0.034930,]
[14,14,]   294   0.000865258   0.0260529   0.002025   [0.011186,-0.039568,]
[15,14,]   295   0.000941497   0.0482624   0.002525   [-0.012396,-0.041474,]
[16,14,]   296   0.000875311   0.012019   0.003125   [-0.010852,-0.037540,]
[17,14,]   297   0.00077546   0.0232617   0.003825   [-0.028786,-0.033486,]
[18,14,]   298   0.000618031   0.0296237   0.004625   [-0.037612,-0.031035,]
[19,14,]   299   0.000420553   0.0265997   0.005525   [-0.035094,-0.024571,]
[0,15,]   300   0.000460878   0.0154403   0.006025   [0.003748,0.040387,]
[1,15,]   301   0.000654288   0.015541   0.005125   [0.038711,0.036476,]
[2,15,]   302   0.00084358   -0.0279802   0.004325   [0.060356,0.045427,]
[3,15,]   303   0.00118289   -0.00794009   0.003625   [-0.019128,0.047791,]
[4,15,]   304   0.00169431   0.0892065   0.003025   [-0.193256,0.042460,]
[5,15,]   305   0.00174911   0.0991303   0.002525   [-0.277721,0.016943,]
[6,15,]   306   0.00119695   0.00800692   0.002125   [-0.152827,-0.003830,]
[7,15,]   307   0.00070874   -0.0777529   0.001825   [-0.176359,0.003109,]
[8,15,]   308   0.000503563   0.0714891   0.001625   [-0.487546,0.067932,]
[9,15,]   309   0.000230586   -0.216449   0.001525   [-0.508894,0.028616,]
[10,15,]   310   0.000177568   -0.321711   0.001525   [-0.446105,-0.225409,]
[11,15,]   311   0.000394339   0.106169   0.001625   [-0.400890,0.028594,]
[12,15,]   312   0.000563372   0.0150657   0.001825   [-0.158356,-0.077665,]
[13,15,]   313   0.000760002   0.0127219   0.002125   [-0.029462,-0.031617,]
[14,15,]   314   0.000935702   0.0480217   0.002525   [-0.027054,-0.047501,]
[15,15,]   315   0.000979991   0.026601   0.003025   [-0.013247,-0.041080,]
[16,15,]   316   0.000922991   0.0151641   0.003625   [-0.014774,-0.036687,]
[17,15,]   317   0.000825584   0.0268468   0.004325   [-0.029332,-0.032614,]
[18,15,]   318   0.000668097   0.0253708   0.005125   [-0.032954,-0.024691,]
[19,15,]   319   0.000479348   0.0359855   0.006025   [-0.042731,-0.022234,]
[0,16,]   320   0.000523149   0.0154589   0.006625   [0.003332,0.040641,]
[1,16,]   321   0.000710829   0.0110147   0.005725   [0.035209,0.038313,]
[2,16,]   322   0.000904141   -0.0341419   0.004925   [0.061085,0.036883,]
[3,16,]   323   0.00128151   -0.0212915   0.004225   [-0.019240,0.039653,]
[4,16,]   324   0.00191003   0.0843289   0.003625   [-0.205372,0.050460,]
[5,16,]   325   0.00207536   0.11266   0.003125   [-0.307137,0.050311,]
[6,16,]   326   0.00146169   0.0198117   0.002725   [-0.193865,0.035362,]
[7,16,]   327   0.000869733   -0.0870147   0.002425   [-0.158831,0.008467,]
[8,16,]   328   0.000672281   0.051058   0.002225   [-0.451239,0.106221,]
[9,16,]   329   0.000423659   -0.00116581   0.002125   [-0.495593,0.124182,]
[10,16,]   330   0.000270189   -0.289086   0.002125   [-0.342869,-0.138563,]
[11,16,]   331   0.000456205   0.0381675   0.002225   [-0.345485,-0.023035,]
[12,16,]   332   0.00063733   0.0198883   0.002425   [-0.213350,-0.043579,]
[13,16,]   333   0.000807735   0.0143412   0.002725   [-0.053250,-0.058424,]
[14,16,]   334   0.000969132   0.0352202   0.003125   [-0.028891,-0.039186,]
[15,16,]   335   0.0010176   0.0313591   0.003625   [-0.021988,-0.040869,]
[16,16,]   336   0.000959651   0.0182815   0.004225   [-0.016047,-0.036517,]
[17,16,]   337   0.000859295   0.022722   0.004925   [-0.025633,-0.028460,]
[18,16,]   338   0.000707108   0.0276906   0.005725   [-0.032276,-0.025417,]
[19,16,]   339   0.000518611   0.0291711   0.006625   [-0.032669,-0.018769,]
[0,17,]   340   0.000573654   0.0148098   0.007325   [0.002931,0.040689,]
[1,17,]   341   0.000758328   0.0128067   0.006425   [0.030087,0.036856,]
[2,17,]   342   0.000950177   -0.0341696   0.005625   [0.053205,0.032827,]
[3,17,]   343   0.00133599   -0.0275719   0.004925   [-0.018565,0.026430,]
[4,17,]   344   0.00201854   0.0716856   0.004325   [-0.201773,0.045134,]
[5,17,]   345   0.0023234   0.119367   0.003825   [-0.320875,0.064082,]
[6,17,]   346   0.00174465   0.0492792   0.003425   [-0.235294,0.061811,]
[7,17,]   347   0.00104424   -0.0856268   0.003125   [-0.156846,0.023234,]
[8,17,]   348   0.000815179   0.0152661   0.002925   [-0.370950,0.083066,]
[9,17,]   349   0.000616484   0.0532597   0.002825   [-0.471088,0.152163,]
[10,17,]   350   0.000399441   -0.165116   0.002825   [-0.310731,-0.072868,]
[11,17,]   351   0.00049571   -0.0443523   0.002925   [-0.305025,-0.065889,]
[12,17,]   352   0.000700257   0.0460856   0.003125   [-0.245091,-0.033162,]
[13,17,]   353   0.000836546   -0.000424244   0.003425   [-0.065692,-0.051401,]
[14,17,]   354   0.000987268   0.0343927   0.003825   [-0.037555,-0.037879,]
[15,17,]   355   0.00103588   0.0339908   0.004325   [-0.029753,-0.038213,]
[16,17,]   356   0.000972557   0.0140031   0.004925   [-0.015379,-0.032906,]
[17,17,]   357   0.00087735   0.0256468   0.005625   [-0.026723,-0.029212,]
[18,17,]   358   0.000726787   0.0226166   0.006425   [-0.028128,-0.023830,]
[19,17,]   359   0.000548481   0.0283696   0.007325   [-0.031840,-0.019918,]
[0,18,]   360   0.000606134   0.0135475   0.008125   [0.002546,0.039362,]
[1,18,]   361   0.000784466   0.0106865   0.007225   [0.022682,0.037188,]
[2,18,]   362   0.000976468   -0.0284486   0.006425   [0.042559,0.031424,]
[3,18,]   363   0.0013446   -0.0330519   0.005725   [-0.019235,0.021406,]
[4,18,]   364   0.00200835   0.0524744   0.005125   [-0.185560,0.032833,]
[5,18,]   365   0.00240549   0.109023   0.004625   [-0.315817,0.062436,]
[6,18,]   366   0.00195462   0.0726178   0.004225   [-0.269279,0.078868,]
[7,18,]   367   0.00122367   -0.0508299   0.003925   [-0.174470,0.053135,]
[8,18,]   368   0.000915755   -0.0270927   0.003725   [-0.300093,0.071258,]
[9,18,]   369   0.000759075   0.0562127   0.003625   [-0.415787,0.116385,]
[10,18,]   370   0.0005296   -0.0779772   0.003625   [-0.325180,-0.024365,]
[11,18,]   371   0.000539437   -0.0786861   0.003725   [-0.283560,-0.087928,]
[12,18,]   372   0.000727777   0.0310081   0.003925   [-0.235757,-0.025350,]
[13,18,]   373   0.000865131   0.0174169   0.004225   [-0.092533,-0.045976,]
[14,18,]   374   0.000978623   0.0241331   0.004625   [-0.041061,-0.040042,]
[15,18,]   375   0.00102692   0.0322459   0.005125   [-0.034855,-0.033564,]
[16,18,]   376   0.000966379   0.0172313   0.005725   [-0.019348,-0.034828,]
[17,18,]   377   0.000870395   0.0213417   0.006425   [-0.024658,-0.027991,]
[18,18,]   378   0.000728204   0.0228655   0.007225   [-0.027647,-0.025966,]
[19,18,]   379   0.000557701   0.0252224   0.008125   [-0.027154,-0.021606,]
[0,19,]   380   0.000613544   0.0108276   0.009025   [0.002180,0.038422,]
[1,19,]   381   0.000785606   0.00834762   0.008125   [0.017702,0.036406,]
[2,19,]   382   0.0009778   -0.0251331   0.007325   [0.029746,0.032736,]
[3,19,]   383   0.00133115   -0.0261864   0.006625   [-0.028695,0.018122,]
[4,19,]   384   0.00192831   0.0440323   0.006025   [-0.177178,0.024755,]
[5,19,]   385   0.00232917   0.0995746   0.005525   [-0.297440,0.050233,]
[6,19,]   386   0.00199163   0.0708808   0.005125   [-0.273334,0.082028,]
[7,19,]   387   0.00134637   -0.025744   0.004825   [-0.189098,0.066697,]
[8,19,]   388   0.000998676   -0.0336016   0.004625   [-0.272329,0.069695,]
[9,19,]   389   0.000841245   0.0482313   0.004525   [-0.368959,0.081550,]
[10,19,]   390   0.000618919   -0.0480203   0.004525   [-0.317293,-0.011667,]
[11,19,]   391   0.000590649   -0.0724775   0.004625   [-0.270638,-0.077694,]
[12,19,]   392   0.000736312   0.0162083   0.004825   [-0.227781,-0.026498,]
[13,19,]   393   0.000866978   0.0249643   0.005125   [-0.109125,-0.044819,]
[14,19,]   394   0.000945097   0.0143476   0.005525   [-0.047744,-0.035108,]
[15,19,]   395   0.000996089   0.0345855   0.006025   [-0.040973,-0.037665,]
[16,19,]   396   0.000932777   0.014888   0.006625   [-0.021345,-0.031997,]
[17,19,]   397   0.000844401   0.0218896   0.007325   [-0.025538,-0.030719,]
[18,19,]   398   0.000709148   0.020841   0.008125   [-0.026191,-0.026416,]
[19,19,]   399   0.000550973   0.022733   0.009025   [-0.025330,-0.023534,]
