coordinates  index   rho      Q      V    velocities 
[0,0,]   0   4.88011e-008   -8.81994e-039   8.22087e-039   [0.000019,0.000005,]
[1,0,]   1   1.46316e-007   -6.82085e-039   7.40106e-039   [-0.000008,0.000004,]
[2,0,]   2   5.01349e-007   -5.69407e-039   6.67234e-039   [0.000004,0.000004,]
[3,0,]   3   1.51074e-006   -4.80887e-039   6.03471e-039   [0.000006,0.000004,]
[4,0,]   4   3.78109e-006   -4.21017e-039   5.48817e-039   [0.000008,0.000004,]
[5,0,]   5   7.94909e-006   -3.71414e-039   5.03273e-039   [0.000009,0.000005,]
[6,0,]   6   1.40948e-005   -3.32459e-039   4.66846e-039   [0.000010,0.000006,]
[7,0,]   7   2.12038e-005   -3.0366e-039   4.39576e-039   [0.000010,0.000007,]
[8,0,]   8   2.72351e-005   -2.85698e-039   4.21638e-039   [0.000011,0.000008,]
[9,0,]   9   3.00679e-005   -2.79516e-039   4.13587e-039   [0.000012,0.000009,]
[10,0,]   10   2.87082e-005   -2.85417e-039   4.16619e-039   [0.000013,0.000010,]
[11,0,]   11   2.38121e-005   -3.03096e-039   4.322e-039   [0.000013,0.000012,]
[12,0,]   12   1.71919e-005   -3.3189e-039   4.604e-039   [0.000013,0.000013,]
[13,0,]   13   1.07908e-005   -3.70222e-039   4.97994e-039   [0.000013,0.000015,]
[14,0,]   14   5.86585e-006   -4.166e-039   5.39463e-039   [0.000012,0.000016,]
[15,0,]   15   2.74571e-006   -4.702e-039   5.81556e-039   [0.000011,0.000017,]
[16,0,]   16   1.09924e-006   -5.29943e-039   6.26536e-039   [0.000010,0.000018,]
[17,0,]   17   3.71166e-007   -6.05267e-039   6.79889e-039   [0.000011,0.000019,]
[18,0,]   18   1.06867e-007   -7.25864e-039   7.45514e-039   [0.000020,0.000019,]
[19,0,]   19   3.44315e-008   -9.25603e-039   8.23887e-039   [0.000029,0.000019,]
[0,1,]   20   1.24048e-007   -7.2623e-039   7.40106e-039   [0.000018,-0.000024,]
[1,1,]   21   3.7906e-007   -5.22751e-039   6.58125e-039   [-0.000006,-0.000023,]
[2,1,]   22   1.30631e-006   -4.19474e-039   5.85253e-039   [0.000006,-0.000023,]
[3,1,]   23   3.96268e-006   -3.37761e-039   5.2149e-039   [0.000008,-0.000022,]
[4,1,]   24   1.00228e-005   -2.82453e-039   4.66837e-039   [0.000010,-0.000021,]
[5,1,]   25   2.1385e-005   -2.36087e-039   4.21294e-039   [0.000011,-0.000020,]
[6,1,]   26   3.86381e-005   -1.99453e-039   3.84882e-039   [0.000012,-0.000018,]
[7,1,]   27   5.94345e-005   -1.7186e-039   3.57709e-039   [0.000013,-0.000016,]
[8,1,]   28   7.82541e-005   -1.53431e-039   3.40252e-039   [0.000013,-0.000014,]
[9,1,]   29   8.86344e-005   -1.44551e-039   3.34021e-039   [0.000014,-0.000012,]
[10,1,]   30   8.67025e-005   -1.45407e-039   3.4226e-039   [0.000014,-0.000010,]
[11,1,]   31   7.3414e-005   -1.55908e-039   3.68963e-039   [0.000014,-0.000009,]
[12,1,]   32   5.38045e-005   -1.76113e-039   4.14315e-039   [0.000013,-0.000007,]
[13,1,]   33   3.40597e-005   -2.05469e-039   4.69551e-039   [0.000013,-0.000006,]
[14,1,]   34   1.85546e-005   -2.4352e-039   5.19669e-039   [0.000012,-0.000005,]
[15,1,]   35   8.65813e-006   -2.90038e-039   5.5583e-039   [0.000011,-0.000005,]
[16,1,]   36   3.44298e-006   -3.44005e-039   5.84187e-039   [0.000010,-0.000005,]
[17,1,]   37   1.15224e-006   -4.1452e-039   6.19653e-039   [0.000009,-0.000005,]
[18,1,]   38   3.28399e-007   -5.29673e-039   6.72825e-039   [0.000019,-0.000005,]
[19,1,]   39   1.03821e-007   -7.38638e-039   7.44998e-039   [0.000028,-0.000006,]
[0,2,]   40   4.0803e-007   -5.83368e-039   6.67234e-039   [0.000017,-0.000015,]
[1,2,]   41   1.23734e-006   -3.92322e-039   5.85253e-039   [-0.000006,-0.000015,]
[2,2,]   42   4.17321e-006   -2.96996e-039   5.12381e-039   [0.000006,-0.000015,]
[3,2,]   43   1.24343e-005   -2.19773e-039   4.48618e-039   [0.000008,-0.000015,]
[4,2,]   44   3.10136e-005   -1.67185e-039   3.93965e-039   [0.000010,-0.000015,]
[5,2,]   45   6.53676e-005   -1.23636e-039   3.48426e-039   [0.000012,-0.000015,]
[6,2,]   46   0.000116791   -9.05359e-040   3.12041e-039   [0.000013,-0.000014,]
[7,2,]   47   0.000177992   -6.69746e-040   2.85039e-039   [0.000014,-0.000012,]
[8,2,]   48   0.000233037   -5.28468e-040   2.68433e-039   [0.000015,-0.000011,]
[9,2,]   49   0.000263964   -4.78479e-040   2.65415e-039   [0.000016,-0.000009,]
[10,2,]   50   0.000259955   -5.19882e-040   2.82858e-039   [0.000016,-0.000006,]
[11,2,]   51   0.000223055   -6.51935e-040   3.29213e-039   [0.000016,-0.000004,]
[12,2,]   52   0.000166578   -8.67673e-040   4.04875e-039   [0.000016,-0.000002,]
[13,2,]   53   0.000107771   -1.16662e-039   4.91283e-039   [0.000015,0.000001,]
[14,2,]   54   6.00328e-005   -1.54315e-039   5.56684e-039   [0.000014,0.000003,]
[15,2,]   55   2.86016e-005   -1.99764e-039   5.82363e-039   [0.000012,0.000004,]
[16,2,]   56   1.15841e-005   -2.52149e-039   5.81347e-039   [0.000010,0.000006,]
[17,2,]   57   3.93972e-006   -3.20306e-039   5.85206e-039   [0.000010,0.000006,]
[18,2,]   58   1.13849e-006   -4.30798e-039   6.16372e-039   [0.000019,0.000006,]
[19,2,]   59   3.59135e-007   -6.30977e-039   6.7759e-039   [0.000027,0.000005,]
[0,3,]   60   1.16413e-006   -4.99689e-039   6.03471e-039   [0.000016,-0.000014,]
[1,3,]   61   3.48609e-006   -3.24621e-039   5.2149e-039   [-0.000006,-0.000013,]
[2,3,]   62   1.14506e-005   -2.36984e-039   4.48618e-039   [0.000005,-0.000013,]
[3,3,]   63   3.33173e-005   -1.63522e-039   3.84855e-039   [0.000008,-0.000014,]
[4,3,]   64   8.14362e-005   -1.11627e-039   3.30202e-039   [0.000010,-0.000014,]
[5,3,]   65   0.000168414   -6.76467e-040   2.84667e-039   [0.000012,-0.000014,]
[6,3,]   66   0.000295445   -3.36882e-040   2.48315e-039   [0.000014,-0.000013,]
[7,3,]   67   0.000442997   -9.30231e-041   2.21525e-039   [0.000016,-0.000012,]
[8,3,]   68   0.000573578   6.15728e-041   2.05963e-039   [0.000017,-0.000010,]
[9,3,]   69   0.000648122   1.26834e-040   2.06897e-039   [0.000018,-0.000008,]
[10,3,]   70   0.000643758   1.02029e-040   2.35656e-039   [0.000019,-0.000005,]
[11,3,]   71   0.00056347   -1.15507e-042   3.06174e-039   [0.000019,-0.000002,]
[12,3,]   72   0.000433023   -1.89549e-040   4.191e-039   [0.000018,0.000000,]
[13,3,]   73   0.000289639   -4.55991e-040   5.43836e-039   [0.000017,0.000003,]
[14,3,]   74   0.000166781   -8.067e-040   6.28027e-039   [0.000016,0.000005,]
[15,3,]   75   8.18741e-005   -1.2425e-039   6.40818e-039   [0.000014,0.000006,]
[16,3,]   76   3.40094e-005   -1.75629e-039   6.03689e-039   [0.000011,0.000008,]
[17,3,]   77   1.18139e-005   -2.42862e-039   5.68687e-039   [0.000010,0.000008,]
[18,3,]   78   3.47403e-006   -3.50139e-039   5.72796e-039   [0.000018,0.000008,]
[19,3,]   79   1.0935e-006   -5.41954e-039   6.20545e-039   [0.000025,0.000006,]
[0,4,]   80   2.80169e-006   -4.45092e-039   5.48817e-039   [0.000014,-0.000012,]
[1,4,]   81   8.33054e-006   -2.84682e-039   4.66836e-039   [-0.000006,-0.000010,]
[2,4,]   82   2.67005e-005   -2.03172e-039   3.93964e-039   [0.000005,-0.000011,]
[3,4,]   83   7.56996e-005   -1.32735e-039   3.30201e-039   [0.000007,-0.000011,]
[4,4,]   84   0.000180329   -8.1108e-040   2.75549e-039   [0.000010,-0.000012,]
[5,4,]   85   0.000362915   -3.62202e-040   2.30016e-039   [0.000012,-0.000012,]
[6,4,]   86   0.000618558   -1.18269e-041   1.93688e-039   [0.000015,-0.000011,]
[7,4,]   87   0.000901885   2.49484e-040   1.6705e-039   [0.000018,-0.000010,]
[8,4,]   88   0.00114143   4.14661e-040   1.52243e-039   [0.000020,-0.000007,]
[9,4,]   89   0.001277   5.11842e-040   1.56029e-039   [0.000021,-0.000004,]
[10,4,]   90   0.00127781   5.16993e-040   1.92957e-039   [0.000022,-0.000001,]
[11,4,]   91   0.00114501   4.20023e-040   2.80916e-039   [0.000022,0.000003,]
[12,4,]   92   0.000913263   2.6657e-040   4.20742e-039   [0.000021,0.000006,]
[13,4,]   93   0.000637141   2.89137e-041   5.73145e-039   [0.000019,0.000008,]
[14,4,]   94   0.000382164   -2.931e-040   6.70899e-039   [0.000017,0.000009,]
[15,4,]   95   0.000194366   -7.12773e-040   6.74387e-039   [0.000015,0.000010,]
[16,4,]   96   8.31007e-005   -1.22018e-039   6.11189e-039   [0.000012,0.000010,]
[17,4,]   97   2.95464e-005   -1.88873e-039   5.48135e-039   [0.000010,0.000010,]
[18,4,]   98   8.84986e-006   -2.93225e-039   5.32715e-039   [0.000017,0.000009,]
[19,4,]   99   2.77401e-006   -4.76596e-039   5.70741e-039   [0.000024,0.000008,]
[0,5,]   100   5.85999e-006   -3.98274e-039   5.03272e-039   [0.000014,-0.000010,]
[1,5,]   101   1.7498e-005   -2.46514e-039   4.21291e-039   [-0.000006,-0.000008,]
[2,5,]   102   5.50315e-005   -1.67829e-039   3.48419e-039   [0.000004,-0.000008,]
[3,5,]   103   0.000151937   -9.89976e-040   2.84656e-039   [0.000007,-0.000009,]
[4,5,]   104   0.000350587   -4.76102e-040   2.30004e-039   [0.000010,-0.000009,]
[5,5,]   105   0.000678855   -3.17202e-041   1.84471e-039   [0.000013,-0.000010,]
[6,5,]   106   0.00110631   3.1817e-040   1.48143e-039   [0.000016,-0.000009,]
[7,5,]   107   0.00153622   5.671e-040   1.21505e-039   [0.000019,-0.000008,]
[8,5,]   108   0.00186011   7.42966e-040   1.06698e-039   [0.000023,-0.000005,]
[9,5,]   109   0.00202086   8.21924e-040   1.10484e-039   [0.000026,-0.000000,]
[10,5,]   110   0.00202615   8.38989e-040   1.47412e-039   [0.000026,0.000005,]
[11,5,]   111   0.00187655   7.66656e-040   2.35371e-039   [0.000025,0.000010,]
[12,5,]   112   0.00157389   6.23402e-040   3.75197e-039   [0.000023,0.000013,]
[13,5,]   113   0.00116002   4.25505e-040   5.276e-039   [0.000020,0.000015,]
[14,5,]   114   0.000731017   1.27138e-040   6.25354e-039   [0.000018,0.000014,]
[15,5,]   115   0.000387328   -2.72319e-040   6.28842e-039   [0.000014,0.000014,]
[16,5,]   116   0.000171015   -7.70823e-040   5.65644e-039   [0.000011,0.000013,]
[17,5,]   117   6.23573e-005   -1.43158e-039   5.0259e-039   [0.000009,0.000012,]
[18,5,]   118   1.90407e-005   -2.43919e-039   4.8717e-039   [0.000015,0.000011,]
[19,5,]   119   5.9264e-006   -4.18771e-039   5.25196e-039   [0.000021,0.000008,]
[0,6,]   120   1.0721e-005   -3.5734e-039   4.66836e-039   [0.000014,-0.000008,]
[1,6,]   121   3.24488e-005   -2.07407e-039   3.84855e-039   [-0.000005,-0.000007,]
[2,6,]   122   0.000100731   -1.27821e-039   3.11983e-039   [0.000004,-0.000007,]
[3,6,]   123   0.000270978   -5.90459e-040   2.4822e-039   [0.000006,-0.000008,]
[4,6,]   124   0.00060254   -8.62894e-041   1.93567e-039   [0.000009,-0.000009,]
[5,6,]   125   0.00111017   3.41828e-040   1.48032e-039   [0.000012,-0.000010,]
[6,6,]   126   0.00169668   6.52963e-040   1.1168e-039   [0.000016,-0.000010,]
[7,6,]   127   0.00218235   8.83132e-040   8.48899e-040   [0.000022,-0.000009,]
[8,6,]   128   0.00243367   9.89423e-040   6.93284e-040   [0.000028,-0.000005,]
[9,6,]   129   0.00248858   1.04251e-039   7.02618e-040   [0.000032,0.000002,]
[10,6,]   130   0.00248442   1.05334e-039   9.90213e-040   [0.000033,0.000011,]
[11,6,]   131   0.00243173   9.77818e-040   1.69539e-039   [0.000030,0.000018,]
[12,6,]   132   0.00221265   8.99227e-040   2.82465e-039   [0.000025,0.000021,]
[13,6,]   133   0.00175648   7.12103e-040   4.07201e-039   [0.000020,0.000021,]
[14,6,]   134   0.00117631   4.47994e-040   4.91392e-039   [0.000016,0.000020,]
[15,6,]   135   0.000652526   6.26407e-041   5.04183e-039   [0.000013,0.000017,]
[16,6,]   136   0.000298161   -4.23542e-040   4.67054e-039   [0.000010,0.000015,]
[17,6,]   137   0.000111561   -1.07461e-039   4.32052e-039   [0.000008,0.000013,]
[18,6,]   138   3.47169e-005   -2.03991e-039   4.36161e-039   [0.000014,0.000012,]
[19,6,]   139   1.06903e-005   -3.70869e-039   4.8391e-039   [0.000019,0.000009,]
[0,7,]   140   1.70303e-005   -3.24948e-039   4.39509e-039   [0.000014,-0.000009,]
[1,7,]   141   5.22347e-005   -1.74167e-039   3.57528e-039   [-0.000005,-0.000008,]
[2,7,]   142   0.000160569   -9.17055e-040   2.84656e-039   [0.000003,-0.000009,]
[3,7,]   143   0.000421426   -2.3009e-040   2.20893e-039   [0.000005,-0.000010,]
[4,7,]   144   0.000901748   2.63369e-040   1.6624e-039   [0.000008,-0.000011,]
[5,7,]   145   0.00156964   6.49104e-040   1.20701e-039   [0.000011,-0.000013,]
[6,7,]   146   0.00221469   9.34849e-040   8.43156e-040   [0.000016,-0.000015,]
[7,7,]   147   0.00253869   1.04497e-039   5.73144e-040   [0.000023,-0.000016,]
[8,7,]   148   0.00246036   1.07387e-039   4.07076e-040   [0.000034,-0.000013,]
[9,7,]   149   0.00219885   7.31676e-040   3.76897e-040   [0.000045,-0.000001,]
[10,7,]   150   0.00216813   7.87131e-040   5.51331e-040   [0.000045,0.000018,]
[11,7,]   151   0.00241557   9.50877e-040   1.01488e-039   [0.000035,0.000028,]
[12,7,]   152   0.00253309   1.00483e-039   1.7715e-039   [0.000025,0.000029,]
[13,7,]   153   0.00224267   9.23126e-040   2.63558e-039   [0.000018,0.000027,]
[14,7,]   154   0.00161443   6.7138e-040   3.28959e-039   [0.000013,0.000023,]
[15,7,]   155   0.000940695   3.07842e-040   3.54638e-039   [0.000010,0.000020,]
[16,7,]   156   0.000444512   -1.71422e-040   3.53622e-039   [0.000007,0.000017,]
[17,7,]   157   0.000170369   -8.11393e-040   3.57481e-039   [0.000006,0.000015,]
[18,7,]   158   5.39076e-005   -1.73267e-039   3.88647e-039   [0.000011,0.000013,]
[19,7,]   159   1.63521e-005   -3.33731e-039   4.49865e-039   [0.000017,0.000010,]
[0,8,]   160   2.33542e-005   -3.03163e-039   4.21291e-039   [0.000014,-0.000010,]
[1,8,]   161   7.18593e-005   -1.53618e-039   3.3931e-039   [-0.000005,-0.000010,]
[2,8,]   162   0.000218973   -6.8609e-040   2.66438e-039   [0.000002,-0.000011,]
[3,8,]   163   0.000562941   -6.80663e-043   2.02675e-039   [0.000004,-0.000013,]
[4,8,]   164   0.00116463   4.73012e-040   1.48022e-039   [0.000006,-0.000016,]
[5,8,]   165   0.00192305   8.42192e-040   1.02479e-039   [0.000008,-0.000019,]
[6,8,]   166   0.00248395   1.04028e-039   6.60673e-040   [0.000012,-0.000024,]
[7,8,]   167   0.00245395   1.00143e-039   3.88942e-040   [0.000021,-0.000030,]
[8,8,]   168   0.00185518   4.14965e-040   2.14373e-040   [0.000039,-0.000032,]
[9,8,]   169   0.0012885   -1.6918e-040   1.52055e-040   [0.000070,-0.000014,]
[10,8,]   170   0.00118085   -1.39711e-039   2.34452e-040   [0.000070,0.000032,]
[11,8,]   171   0.00182599   3.45858e-040   5.01482e-040   [0.000038,0.000044,]
[12,8,]   172   0.00244921   1.02529e-039   9.55004e-040   [0.000021,0.000039,]
[13,8,]   173   0.00248451   1.01768e-039   1.50736e-039   [0.000013,0.000031,]
[14,8,]   174   0.00193384   8.24131e-040   2.00854e-039   [0.000009,0.000026,]
[15,8,]   175   0.00117841   4.5999e-040   2.37015e-039   [0.000006,0.000021,]
[16,8,]   176   0.000572901   -6.80037e-042   2.65372e-039   [0.000005,0.000018,]
[17,8,]   177   0.000223723   -6.41542e-040   3.00838e-039   [0.000004,0.000015,]
[18,8,]   178   7.16484e-005   -1.51997e-039   3.5401e-039   [0.000009,0.000013,]
[19,8,]   179   2.13167e-005   -3.08734e-039   4.26183e-039   [0.000014,0.000011,]
[0,9,]   180   2.76929e-005   -2.92156e-039   4.12182e-039   [0.000013,-0.000011,]
[1,9,]   181   8.43413e-005   -1.46566e-039   3.30201e-039   [-0.000006,-0.000012,]
[2,9,]   182   0.000255338   -5.91494e-040   2.57329e-039   [0.000000,-0.000014,]
[3,9,]   183   0.000647959   8.39408e-041   1.93566e-039   [0.000001,-0.000016,]
[4,9,]   184   0.00131436   5.68308e-040   1.38912e-039   [0.000002,-0.000019,]
[5,9,]   185   0.00209536   9.10428e-040   9.33684e-040   [0.000003,-0.000024,]
[6,9,]   186   0.00254137   1.0846e-039   5.69412e-040   [0.000005,-0.000031,]
[7,9,]   187   0.00218327   7.67132e-040   2.96708e-040   [0.000012,-0.000042,]
[8,9,]   188   0.00117812   -1.45368e-039   1.17328e-040   [0.000028,-0.000068,]
[9,9,]   189   0.000410076   -8.8115e-039   3.68228e-041   [0.000118,-0.000110,]
[10,9,]   190   0.000405179   -8.94829e-039   6.71351e-041   [0.000112,0.000122,]
[11,9,]   191   0.00126051   -2.78673e-040   2.2295e-040   [0.000020,0.000074,]
[12,9,]   192   0.00218449   6.91608e-040   5.04951e-040   [0.000009,0.000047,]
[13,9,]   193   0.00252476   1.05705e-039   8.80889e-040   [0.000004,0.000034,]
[14,9,]   194   0.00208039   8.841e-040   1.29558e-039   [0.000003,0.000027,]
[15,9,]   195   0.00130635   5.45164e-040   1.71651e-039   [0.000002,0.000022,]
[16,9,]   196   0.000645118   6.93967e-041   2.16631e-039   [0.000002,0.000018,]
[17,9,]   197   0.000254378   -5.62822e-040   2.69984e-039   [0.000002,0.000016,]
[18,9,]   198   8.18928e-005   -1.40585e-039   3.35609e-039   [0.000007,0.000014,]
[19,9,]   199   2.3817e-005   -2.97157e-039   4.13982e-039   [0.000013,0.000012,]
[0,10,]   200   2.84822e-005   -2.91662e-039   4.12182e-039   [0.000012,-0.000011,]
[1,10,]   201   8.50377e-005   -1.49997e-039   3.30201e-039   [-0.000007,-0.000013,]
[2,10,]   202   0.000256933   -6.01701e-040   2.57329e-039   [-0.000002,-0.000015,]
[3,10,]   203   0.00065078   7.4586e-041   1.93566e-039   [-0.000001,-0.000017,]
[4,10,]   204   0.00131651   5.49984e-040   1.38912e-039   [-0.000002,-0.000020,]
[5,10,]   205   0.00209341   8.84713e-040   9.33676e-040   [-0.000003,-0.000025,]
[6,10,]   206   0.00253515   1.05136e-039   5.69341e-040   [-0.000004,-0.000032,]
[7,10,]   207   0.00218615   6.70539e-040   2.96233e-040   [-0.000008,-0.000044,]
[8,10,]   208   0.00125472   -3.11577e-040   1.14855e-040   [-0.000019,-0.000071,]
[9,10,]   209   0.000395493   -9.21157e-039   2.6798e-041   [-0.000113,-0.000119,]
[10,10,]   210   0.000396365   -9.12705e-039   3.54826e-041   [-0.000120,0.000115,]
[11,10,]   211   0.00115847   -1.47383e-039   1.45116e-040   [-0.000028,0.000072,]
[12,10,]   212   0.00215464   7.53618e-040   3.55896e-040   [-0.000011,0.000046,]
[13,10,]   213   0.00250916   1.06668e-039   6.58581e-040   [-0.000005,0.000034,]
[14,10,]   214   0.00206773   8.84629e-040   1.03736e-039   [-0.000003,0.000026,]
[15,10,]   215   0.00129653   5.38458e-040   1.48292e-039   [-0.000002,0.000022,]
[16,10,]   216   0.000639068   5.44382e-041   2.00174e-039   [-0.000001,0.000018,]
[17,10,]   217   0.000251592   -5.75858e-040   2.60955e-039   [-0.000001,0.000016,]
[18,10,]   218   8.0787e-005   -1.3918e-039   3.31751e-039   [0.000006,0.000014,]
[19,10,]   219   2.29335e-005   -2.99359e-039   4.12698e-039   [0.000012,0.000013,]
[0,11,]   220   2.53886e-005   -3.02207e-039   4.21291e-039   [0.000011,-0.000011,]
[1,11,]   221   7.40076e-005   -1.6221e-039   3.3931e-039   [-0.000009,-0.000013,]
[2,11,]   222   0.000224563   -6.9212e-040   2.66438e-039   [-0.000004,-0.000015,]
[3,11,]   223   0.000574172   -1.30939e-041   2.02675e-039   [-0.000004,-0.000017,]
[4,11,]   224   0.00117974   4.53442e-040   1.48021e-039   [-0.000005,-0.000020,]
[5,11,]   225   0.00193374   8.15993e-040   1.02476e-039   [-0.000007,-0.000023,]
[6,11,]   226   0.00248063   1.00701e-039   6.60409e-040   [-0.000012,-0.000028,]
[7,11,]   227   0.00243948   1.01347e-039   3.87175e-040   [-0.000020,-0.000034,]
[8,11,]   228   0.00180871   3.2547e-040   2.05174e-040   [-0.000037,-0.000039,]
[9,11,]   229   0.00115463   -1.47373e-039   1.14761e-040   [-0.000070,-0.000028,]
[10,11,]   230   0.00124988   -2.81361e-040   1.16699e-040   [-0.000071,0.000020,]
[11,11,]   231   0.0018091   3.32088e-040   2.11926e-040   [-0.000039,0.000037,]
[12,11,]   232   0.00240832   9.45739e-040   4.00488e-040   [-0.000021,0.000035,]
[13,11,]   233   0.00244774   9.92863e-040   6.80321e-040   [-0.000012,0.000029,]
[14,11,]   234   0.00189998   7.95758e-040   1.0479e-039   [-0.000008,0.000024,]
[15,11,]   235   0.00115311   4.28729e-040   1.50114e-039   [-0.000006,0.000020,]
[16,11,]   236   0.000558165   -3.99566e-041   2.0415e-039   [-0.000004,0.000017,]
[17,11,]   237   0.000216851   -6.79946e-040   2.67247e-039   [-0.000003,0.000015,]
[18,11,]   238   6.89259e-005   -1.47642e-039   3.39656e-039   [0.000004,0.000013,]
[19,11,]   239   1.91147e-005   -3.14952e-039   4.21406e-039   [0.000011,0.000013,]
[0,12,]   240   1.95073e-005   -3.24368e-039   4.39509e-039   [0.000010,-0.000010,]
[1,12,]   241   5.55262e-005   -1.83311e-039   3.57528e-039   [-0.000011,-0.000012,]
[2,12,]   242   0.00017023   -8.63717e-040   2.84656e-039   [-0.000006,-0.000014,]
[3,12,]   243   0.000443344   -1.79674e-040   2.20893e-039   [-0.000006,-0.000016,]
[4,12,]   244   0.000937462   2.98367e-040   1.66239e-039   [-0.000008,-0.000018,]
[5,12,]   245   0.0016089   6.62279e-040   1.20694e-039   [-0.000011,-0.000020,]
[6,12,]   246   0.00223644   9.16944e-040   8.42584e-040   [-0.000015,-0.000022,]
[7,12,]   247   0.00252727   1.00258e-039   5.6932e-040   [-0.000023,-0.000023,]
[8,12,]   248   0.00240641   9.46535e-040   3.87171e-040   [-0.000035,-0.000021,]
[9,12,]   249   0.00214872   7.52219e-040   2.96199e-040   [-0.000045,-0.000011,]
[10,12,]   250   0.00217363   6.88861e-040   2.96535e-040   [-0.000045,0.000008,]
[11,12,]   251   0.00243594   1.02097e-039   3.88344e-040   [-0.000035,0.000020,]
[12,12,]   252   0.00252689   1.0044e-039   5.71633e-040   [-0.000023,0.000023,]
[13,12,]   253   0.00221804   9.07866e-040   8.46044e-040   [-0.000016,0.000022,]
[14,12,]   254   0.00158147   6.35214e-040   1.21096e-039   [-0.000011,0.000020,]
[15,12,]   255   0.000913421   2.62694e-040   1.66603e-039   [-0.000008,0.000018,]
[16,12,]   256   0.000428226   -2.19703e-040   2.21149e-039   [-0.000006,0.000016,]
[17,12,]   257   0.00016268   -8.68047e-040   2.84797e-039   [-0.000004,0.000014,]
[18,12,]   258   5.08484e-005   -1.66054e-039   3.57588e-039   [0.000004,0.000013,]
[19,12,]   259   1.38204e-005   -3.43202e-039   4.39529e-039   [0.000012,0.000013,]
[0,13,]   260   1.28246e-005   -3.57863e-039   4.66836e-039   [0.000009,-0.000009,]
[1,13,]   261   3.57317e-005   -2.13688e-039   3.84855e-039   [-0.000013,-0.000012,]
[2,13,]   262   0.000111141   -1.12681e-039   3.11983e-039   [-0.000007,-0.000013,]
[3,13,]   263   0.00029638   -4.32715e-040   2.4822e-039   [-0.000007,-0.000014,]
[4,13,]   264   0.000648263   4.96898e-041   1.93566e-039   [-0.000009,-0.000015,]
[5,13,]   265   0.00117026   4.36809e-040   1.48021e-039   [-0.000012,-0.000016,]
[6,13,]   266   0.00175314   7.09178e-040   1.11585e-039   [-0.000016,-0.000017,]
[7,13,]   267   0.00221776   9.08145e-040   8.42584e-040   [-0.000022,-0.000016,]
[8,13,]   268   0.00244611   9.94512e-040   6.60408e-040   [-0.000029,-0.000012,]
[9,13,]   269   0.00250472   1.06923e-039   5.69334e-040   [-0.000033,-0.000005,]
[10,13,]   270   0.00251641   1.05687e-039   5.69379e-040   [-0.000032,0.000004,]
[11,13,]   271   0.00247418   1.01502e-039   6.60567e-040   [-0.000028,0.000012,]
[12,13,]   272   0.00223493   9.20751e-040   8.42897e-040   [-0.000022,0.000015,]
[13,13,]   273   0.00175297   7.1034e-040   1.11632e-039   [-0.000017,0.000017,]
[14,13,]   274   0.00115767   4.20633e-040   1.48076e-039   [-0.000013,0.000016,]
[15,13,]   275   0.000633627   1.55057e-041   1.93615e-039   [-0.000010,0.000015,]
[16,13,]   276   0.000286164   -4.76349e-040   2.48255e-039   [-0.000008,0.000014,]
[17,13,]   277   0.000105719   -1.14106e-039   3.12002e-039   [-0.000006,0.000013,]
[18,13,]   278   3.2363e-005   -1.9395e-039   3.84863e-039   [0.000004,0.000012,]
[19,13,]   279   8.66075e-006   -3.8248e-039   4.66839e-039   [0.000012,0.000013,]
[0,14,]   280   7.16598e-006   -4.02e-039   5.03272e-039   [0.000008,-0.000008,]
[1,14,]   281   1.96077e-005   -2.53443e-039   4.21291e-039   [-0.000015,-0.000011,]
[2,14,]   282   6.20172e-005   -1.48366e-039   3.48419e-039   [-0.000008,-0.000011,]
[3,14,]   283   0.000169628   -7.80034e-040   2.84656e-039   [-0.000008,-0.000012,]
[4,14,]   284   0.000383926   -2.88266e-040   2.30002e-039   [-0.000010,-0.000013,]
[5,14,]   285   0.000726046   1.1186e-040   1.84457e-039   [-0.000013,-0.000013,]
[6,14,]   286   0.00115764   4.20528e-040   1.48021e-039   [-0.000016,-0.000013,]
[7,14,]   287   0.00158126   6.35883e-040   1.20694e-039   [-0.000020,-0.000011,]
[8,14,]   288   0.0018991   7.97382e-040   1.02476e-039   [-0.000024,-0.000008,]
[9,14,]   289   0.00206528   8.86766e-040   9.33675e-040   [-0.000026,-0.000003,]
[10,14,]   290   0.0020756   8.85784e-040   9.3368e-040   [-0.000026,0.000003,]
[11,14,]   291   0.0019271   8.23837e-040   1.02478e-039   [-0.000023,0.000007,]
[12,14,]   292   0.00160729   6.67475e-040   1.20698e-039   [-0.000020,0.000011,]
[13,14,]   293   0.00117003   4.38791e-040   1.48026e-039   [-0.000016,0.000012,]
[14,14,]   294   0.000726041   1.12218e-040   1.84463e-039   [-0.000013,0.000013,]
[15,14,]   295   0.000378694   -3.09554e-040   2.30007e-039   [-0.000011,0.000013,]
[16,14,]   296   0.000164818   -8.15963e-040   2.8466e-039   [-0.000008,0.000012,]
[17,14,]   297   5.91408e-005   -1.49592e-039   3.48421e-039   [-0.000007,0.000011,]
[18,14,]   298   1.77019e-005   -2.31057e-039   4.21292e-039   [0.000004,0.000011,]
[19,14,]   299   4.68803e-006   -4.31302e-039   5.03273e-039   [0.000014,0.000012,]
[0,15,]   300   3.38515e-006   -4.56273e-039   5.48817e-039   [0.000008,-0.000007,]
[1,15,]   301   9.12789e-006   -3.02667e-039   4.66836e-039   [-0.000016,-0.000010,]
[2,15,]   302   2.93777e-005   -1.93799e-039   3.93964e-039   [-0.000009,-0.000010,]
[3,15,]   303   8.2377e-005   -1.22354e-039   3.30201e-039   [-0.000009,-0.000011,]
[4,15,]   304   0.000192409   -7.24814e-040   2.75547e-039   [-0.000010,-0.000011,]
[5,15,]   305   0.000378689   -3.09379e-040   2.30002e-039   [-0.000013,-0.000011,]
[6,15,]   306   0.000633611   1.56517e-041   1.93566e-039   [-0.000015,-0.000010,]
[7,15,]   307   0.000913345   2.63304e-040   1.66239e-039   [-0.000018,-0.000008,]
[8,15,]   308   0.00115279   4.30131e-040   1.48021e-039   [-0.000020,-0.000006,]
[9,15,]   309   0.0012956   5.40848e-040   1.38912e-039   [-0.000021,-0.000002,]
[10,15,]   310   0.00130432   5.48028e-040   1.38912e-039   [-0.000021,0.000002,]
[11,15,]   311   0.00117506   4.61519e-040   1.48021e-039   [-0.000020,0.000005,]
[12,15,]   312   0.000936369   3.04985e-040   1.6624e-039   [-0.000018,0.000008,]
[13,15,]   313   0.000648162   5.28386e-041   1.93567e-039   [-0.000015,0.000009,]
[14,15,]   314   0.000383962   -2.87168e-040   2.30003e-039   [-0.000013,0.000010,]
[15,15,]   315   0.000192432   -7.24464e-040   2.75548e-039   [-0.000011,0.000010,]
[16,15,]   316   8.10382e-005   -1.24048e-039   3.30202e-039   [-0.000009,0.000010,]
[17,15,]   317   2.82864e-005   -1.93564e-039   3.93964e-039   [-0.000007,0.000010,]
[18,15,]   318   8.28188e-006   -2.77241e-039   4.66836e-039   [0.000004,0.000010,]
[19,15,]   319   2.18055e-006   -4.88636e-039   5.48817e-039   [0.000015,0.000011,]
[0,16,]   320   1.34717e-006   -5.18293e-039   6.03471e-039   [0.000007,-0.000006,]
[1,16,]   321   3.59125e-006   -3.59362e-039   5.2149e-039   [-0.000017,-0.000008,]
[2,16,]   322   1.17575e-005   -2.4707e-039   4.48618e-039   [-0.000009,-0.000009,]
[3,16,]   323   3.37411e-005   -1.74622e-039   3.84855e-039   [-0.000009,-0.000009,]
[4,16,]   324   8.1029e-005   -1.24067e-039   3.30201e-039   [-0.000010,-0.000009,]
[5,16,]   325   0.000164817   -8.1569e-040   2.84656e-039   [-0.000012,-0.000008,]
[6,16,]   326   0.00028616   -4.76217e-040   2.4822e-039   [-0.000014,-0.000008,]
[7,16,]   327   0.000428208   -2.19286e-040   2.20893e-039   [-0.000016,-0.000006,]
[8,16,]   328   0.000558087   -3.89176e-041   2.02675e-039   [-0.000017,-0.000004,]
[9,16,]   329   0.00063881   5.64913e-041   1.93566e-039   [-0.000018,-0.000001,]
[10,16,]   330   0.000644478   7.24728e-041   1.93566e-039   [-0.000018,0.000001,]
[11,16,]   331   0.000571693   -3.83918e-042   2.02675e-039   [-0.000017,0.000004,]
[12,16,]   332   0.000442788   -1.71163e-040   2.20893e-039   [-0.000016,0.000006,]
[13,16,]   333   0.000296354   -4.27864e-040   2.4822e-039   [-0.000014,0.000007,]
[14,16,]   334   0.000169664   -7.77623e-040   2.84656e-039   [-0.000012,0.000008,]
[15,16,]   335   8.23975e-005   -1.22213e-039   3.30201e-039   [-0.000011,0.000009,]
[16,16,]   336   3.37492e-005   -1.74508e-039   3.84855e-039   [-0.000009,0.000009,]
[17,16,]   337   1.14945e-005   -2.45224e-039   4.48618e-039   [-0.000007,0.000009,]
[18,16,]   338   3.29761e-006   -3.31379e-039   5.2149e-039   [0.000005,0.000009,]
[19,16,]   339   8.66382e-007   -5.52849e-039   6.03471e-039   [0.000017,0.000010,]
[0,17,]   340   4.45657e-007   -5.99429e-039   6.67234e-039   [0.000007,-0.000005,]
[1,17,]   341   1.17753e-006   -4.35102e-039   5.85253e-039   [-0.000019,-0.000007,]
[2,17,]   342   3.91954e-006   -3.19268e-039   5.12381e-039   [-0.000009,-0.000007,]
[3,17,]   343   1.14919e-005   -2.45333e-039   4.48618e-039   [-0.000009,-0.000007,]
[4,17,]   344   2.82834e-005   -1.93583e-039   3.93964e-039   [-0.000010,-0.000007,]
[5,17,]   345   5.91408e-005   -1.49566e-039   3.48419e-039   [-0.000011,-0.000007,]
[6,17,]   346   0.000105719   -1.14099e-039   3.11983e-039   [-0.000013,-0.000006,]
[7,17,]   347   0.000162677   -8.67811e-040   2.84656e-039   [-0.000014,-0.000004,]
[8,17,]   348   0.000216837   -6.79294e-040   2.66438e-039   [-0.000015,-0.000003,]
[9,17,]   349   0.00025154   -5.74369e-040   2.57329e-039   [-0.000016,-0.000001,]
[10,17,]   350   0.000254233   -5.60159e-040   2.57329e-039   [-0.000016,0.000001,]
[11,17,]   351   0.00022342   -6.37984e-040   2.66438e-039   [-0.000015,0.000004,]
[12,17,]   352   0.000169913   -8.08075e-040   2.84656e-039   [-0.000014,0.000005,]
[13,17,]   353   0.000111079   -1.07242e-039   3.11983e-039   [-0.000013,0.000007,]
[14,17,]   354   6.2006e-005   -1.42927e-039   3.48419e-039   [-0.000011,0.000008,]
[15,17,]   355   2.93747e-005   -1.88218e-039   3.93964e-039   [-0.000010,0.000008,]
[16,17,]   356   1.17565e-005   -2.41287e-039   4.48618e-039   [-0.000009,0.000009,]
[17,17,]   357   3.91926e-006   -3.13281e-039   5.12381e-039   [-0.000007,0.000009,]
[18,17,]   358   1.10386e-006   -4.02324e-039   5.85253e-039   [0.000006,0.000009,]
[19,17,]   359   2.90216e-007   -6.32661e-039   6.67234e-039   [0.000018,0.000011,]
[0,18,]   360   1.24617e-007   -7.00465e-039   7.40106e-039   [0.000007,0.000008,]
[1,18,]   361   3.2683e-007   -5.2936e-039   6.58125e-039   [-0.000019,0.000006,]
[2,18,]   362   1.10392e-006   -4.08532e-039   5.85253e-039   [-0.000009,0.000006,]
[3,18,]   363   3.29685e-006   -3.3149e-039   5.2149e-039   [-0.000009,0.000005,]
[4,18,]   364   8.281e-006   -2.77263e-039   4.66836e-039   [-0.000010,0.000004,]
[5,18,]   365   1.77019e-005   -2.31033e-039   4.21291e-039   [-0.000011,0.000004,]
[6,18,]   366   3.2363e-005   -1.93947e-039   3.84855e-039   [-0.000012,0.000004,]
[7,18,]   367   5.08481e-005   -1.66042e-039   3.57528e-039   [-0.000013,0.000004,]
[8,18,]   368   6.89241e-005   -1.47606e-039   3.3931e-039   [-0.000013,0.000004,]
[9,18,]   369   8.07794e-005   -1.39085e-039   3.30201e-039   [-0.000014,0.000006,]
[10,18,]   370   8.18694e-005   -1.4038e-039   3.30201e-039   [-0.000014,0.000007,]
[11,18,]   371   7.15968e-005   -1.51632e-039   3.3931e-039   [-0.000013,0.000009,]
[12,18,]   372   5.3828e-005   -1.72724e-039   3.57528e-039   [-0.000013,0.000011,]
[13,18,]   373   3.46329e-005   -2.03269e-039   3.84855e-039   [-0.000012,0.000013,]
[14,18,]   374   1.8981e-005   -2.43013e-039   4.21291e-039   [-0.000011,0.000015,]
[15,18,]   375   8.82216e-006   -2.92046e-039   4.66836e-039   [-0.000010,0.000016,]
[16,18,]   376   3.46548e-006   -3.48467e-039   5.2149e-039   [-0.000008,0.000017,]
[17,18,]   377   1.13461e-006   -4.23921e-039   5.85253e-039   [-0.000007,0.000018,]
[18,18,]   378   3.14463e-007   -5.17884e-039   6.58125e-039   [0.000006,0.000019,]
[19,18,]   379   8.28865e-008   -7.57946e-039   7.40106e-039   [0.000019,0.000020,]
[0,19,]   380   3.35829e-008   -9.30358e-039   8.22087e-039   [0.000007,0.000020,]
[1,19,]   381   8.62863e-008   -7.68871e-039   7.40106e-039   [-0.000021,0.000019,]
[2,19,]   382   2.90256e-007   -6.39095e-039   6.67234e-039   [-0.000011,0.000018,]
[3,19,]   383   8.66183e-007   -5.52972e-039   6.03471e-039   [-0.000011,0.000017,]
[4,19,]   384   2.18031e-006   -4.88661e-039   5.48817e-039   [-0.000011,0.000015,]
[5,19,]   385   4.68804e-006   -4.31277e-039   5.03272e-039   [-0.000012,0.000014,]
[6,19,]   386   8.66075e-006   -3.82477e-039   4.66836e-039   [-0.000013,0.000012,]
[7,19,]   387   1.38204e-005   -3.43187e-039   4.39509e-039   [-0.000013,0.000012,]
[8,19,]   388   1.91144e-005   -3.14903e-039   4.21291e-039   [-0.000013,0.000011,]
[9,19,]   389   2.29321e-005   -2.9922e-039   4.12182e-039   [-0.000013,0.000012,]
[10,19,]   390   2.38124e-005   -2.96833e-039   4.12182e-039   [-0.000012,0.000013,]
[11,19,]   391   2.13061e-005   -3.08092e-039   4.21291e-039   [-0.000011,0.000014,]
[12,19,]   392   1.63353e-005   -3.32627e-039   4.39509e-039   [-0.000010,0.000016,]
[13,19,]   393   1.06726e-005   -3.69208e-039   4.66836e-039   [-0.000009,0.000019,]
[14,19,]   394   5.91397e-006   -4.16607e-039   5.03272e-039   [-0.000008,0.000021,]
[15,19,]   395   2.7685e-006   -4.74081e-039   5.48817e-039   [-0.000008,0.000023,]
[16,19,]   396   1.09192e-006   -5.39137e-039   6.03471e-039   [-0.000006,0.000025,]
[17,19,]   397   3.5815e-007   -6.23161e-039   6.67234e-039   [-0.000005,0.000027,]
[18,19,]   398   9.93205e-008   -7.27187e-039   7.40106e-039   [0.000008,0.000028,]
[19,19,]   399   2.65864e-008   -9.62709e-039   8.22087e-039   [0.000021,0.000030,]
