coordinates  index   rho      Q      V    velocities 
[0,0,]   0   8.85766e-008   -8.15387e-039   8.22087e-039   [0.000024,0.000010,]
[1,0,]   1   2.05096e-007   -6.69996e-039   7.40106e-039   [-0.000011,0.000009,]
[2,0,]   2   6.65602e-007   -5.49941e-039   6.67234e-039   [0.000002,0.000009,]
[3,0,]   3   2.00225e-006   -4.53339e-039   6.03471e-039   [0.000005,0.000009,]
[4,0,]   4   5.00193e-006   -3.93993e-039   5.48817e-039   [0.000008,0.000009,]
[5,0,]   5   1.04819e-005   -3.45305e-039   5.03272e-039   [0.000009,0.000010,]
[6,0,]   6   1.84688e-005   -3.08797e-039   4.66836e-039   [0.000009,0.000010,]
[7,0,]   7   2.75536e-005   -2.83135e-039   4.39509e-039   [0.000010,0.000011,]
[8,0,]   8   3.50713e-005   -2.68539e-039   4.21291e-039   [0.000011,0.000013,]
[9,0,]   9   3.84219e-005   -2.65579e-039   4.12182e-039   [0.000012,0.000014,]
[10,0,]   10   3.65188e-005   -2.73783e-039   4.12183e-039   [0.000013,0.000015,]
[11,0,]   11   3.0291e-005   -2.92002e-039   4.21297e-039   [0.000013,0.000016,]
[12,0,]   12   2.19836e-005   -3.20074e-039   4.39548e-039   [0.000013,0.000018,]
[13,0,]   13   1.39235e-005   -3.56781e-039   4.67053e-039   [0.000013,0.000018,]
[14,0,]   14   7.65247e-006   -4.01522e-039   5.0422e-039   [0.000012,0.000019,]
[15,0,]   15   3.62065e-006   -4.54081e-039   5.52043e-039   [0.000011,0.000020,]
[16,0,]   16   1.46215e-006   -5.13592e-039   6.12021e-039   [0.000011,0.000020,]
[17,0,]   17   4.95757e-007   -5.92403e-039   6.84882e-039   [0.000012,0.000021,]
[18,0,]   18   1.44478e-007   -7.2548e-039   7.68478e-039   [0.000024,0.000021,]
[19,0,]   19   5.1934e-008   -9.07058e-039   8.57609e-039   [0.000034,0.000022,]
[0,1,]   20   1.79703e-007   -7.09776e-039   7.40106e-039   [0.000023,-0.000028,]
[1,1,]   21   4.23783e-007   -5.55518e-039   6.58125e-039   [-0.000010,-0.000027,]
[2,1,]   22   1.39509e-006   -4.39561e-039   5.85253e-039   [0.000004,-0.000026,]
[3,1,]   23   4.25604e-006   -3.47054e-039   5.2149e-039   [0.000007,-0.000025,]
[4,1,]   24   1.08194e-005   -2.90124e-039   4.66836e-039   [0.000010,-0.000024,]
[5,1,]   25   2.31838e-005   -2.42131e-039   4.21291e-039   [0.000011,-0.000022,]
[6,1,]   26   4.19642e-005   -2.04906e-039   3.84855e-039   [0.000012,-0.000021,]
[7,1,]   27   6.4532e-005   -1.77273e-039   3.57528e-039   [0.000013,-0.000018,]
[8,1,]   28   8.4785e-005   -1.59261e-039   3.3931e-039   [0.000014,-0.000016,]
[9,1,]   29   9.57099e-005   -1.51438e-039   3.30201e-039   [0.000014,-0.000014,]
[10,1,]   30   9.32526e-005   -1.53865e-039   3.30203e-039   [0.000014,-0.000013,]
[11,1,]   31   7.86792e-005   -1.65753e-039   3.39325e-039   [0.000014,-0.000011,]
[12,1,]   32   5.75113e-005   -1.8777e-039   3.57633e-039   [0.000013,-0.000010,]
[13,1,]   33   3.63511e-005   -2.18906e-039   3.85445e-039   [0.000012,-0.000010,]
[14,1,]   34   1.97854e-005   -2.59085e-039   4.23868e-039   [0.000011,-0.000010,]
[15,1,]   35   9.22278e-006   -3.08052e-039   4.75604e-039   [0.000010,-0.000011,]
[16,1,]   36   3.65868e-006   -3.64851e-039   5.44731e-039   [0.000009,-0.000011,]
[17,1,]   37   1.21668e-006   -4.41804e-039   6.33226e-039   [0.000011,-0.000012,]
[18,1,]   38   3.47428e-007   -5.74787e-039   7.35247e-039   [0.000024,-0.000012,]
[19,1,]   39   1.23127e-007   -7.68748e-039   8.36663e-039   [0.000035,-0.000012,]
[0,2,]   40   5.4772e-007   -5.6012e-039   6.67234e-039   [0.000022,-0.000017,]
[1,2,]   41   1.29618e-006   -4.14419e-039   5.85253e-039   [-0.000009,-0.000016,]
[2,2,]   42   4.18332e-006   -3.08275e-039   5.12381e-039   [0.000004,-0.000016,]
[3,2,]   43   1.25292e-005   -2.21922e-039   4.48618e-039   [0.000007,-0.000016,]
[4,2,]   44   3.14289e-005   -1.68144e-039   3.93964e-039   [0.000010,-0.000016,]
[5,2,]   45   6.6668e-005   -1.22438e-039   3.48419e-039   [0.000012,-0.000015,]
[6,2,]   46   0.000119705   -8.80261e-040   3.11983e-039   [0.000013,-0.000015,]
[7,2,]   47   0.000183083   -6.31753e-040   2.84656e-039   [0.000015,-0.000013,]
[8,2,]   48   0.000240116   -4.85394e-040   2.66438e-039   [0.000016,-0.000012,]
[9,2,]   49   0.000272142   -4.26941e-040   2.5733e-039   [0.000016,-0.000009,]
[10,2,]   50   0.000267811   -4.64557e-040   2.57333e-039   [0.000016,-0.000007,]
[11,2,]   51   0.000229378   -5.98579e-040   2.66469e-039   [0.000016,-0.000005,]
[12,2,]   52   0.000171073   -8.10374e-040   2.84879e-039   [0.000015,-0.000004,]
[13,2,]   53   0.000110585   -1.11335e-039   3.13231e-039   [0.000013,-0.000002,]
[14,2,]   54   6.15914e-005   -1.49773e-039   3.53873e-039   [0.000012,-0.000002,]
[15,2,]   55   2.93404e-005   -1.9721e-039   4.12527e-039   [0.000010,-0.000001,]
[16,2,]   56   1.18701e-005   -2.5255e-039   4.97818e-039   [0.000010,-0.000001,]
[17,2,]   57   4.01698e-006   -3.27878e-039   6.1394e-039   [0.000011,-0.000001,]
[18,2,]   58   1.16372e-006   -4.57272e-039   7.4852e-039   [0.000023,-0.000000,]
[19,2,]   59   4.10597e-007   -6.45692e-039   8.71646e-039   [0.000034,-0.000001,]
[0,3,]   60   1.50554e-006   -4.77187e-039   6.03471e-039   [0.000020,-0.000014,]
[1,3,]   61   3.57445e-006   -3.41625e-039   5.2149e-039   [-0.000009,-0.000012,]
[2,3,]   62   1.12558e-005   -2.43595e-039   4.48618e-039   [0.000004,-0.000012,]
[3,3,]   63   3.28462e-005   -1.62327e-039   3.84855e-039   [0.000007,-0.000012,]
[4,3,]   64   8.05499e-005   -1.10257e-039   3.30201e-039   [0.000010,-0.000013,]
[5,3,]   65   0.00016734   -6.51653e-040   2.84656e-039   [0.000012,-0.000013,]
[6,3,]   66   0.000294737   -3.02899e-040   2.4822e-039   [0.000014,-0.000012,]
[7,3,]   67   0.000443271   -5.51118e-041   2.20893e-039   [0.000016,-0.000011,]
[8,3,]   68   0.000575017   1.06455e-040   2.02675e-039   [0.000017,-0.000009,]
[9,3,]   69   0.000650099   1.747e-040   1.93567e-039   [0.000018,-0.000007,]
[10,3,]   70   0.000645495   1.54252e-040   1.93572e-039   [0.000018,-0.000005,]
[11,3,]   71   0.00056414   5.29841e-041   2.02726e-039   [0.000017,-0.000002,]
[12,3,]   72   0.000433041   -1.35149e-040   2.2126e-039   [0.000016,-0.000000,]
[13,3,]   73   0.000289862   -3.91779e-040   2.50278e-039   [0.000014,0.000001,]
[14,3,]   74   0.000167369   -7.38835e-040   2.93649e-039   [0.000012,0.000001,]
[15,3,]   75   8.25669e-005   -1.17062e-039   3.60805e-039   [0.000011,0.000002,]
[16,3,]   76   3.44928e-005   -1.68614e-039   4.65972e-039   [0.000010,0.000002,]
[17,3,]   77   1.20167e-005   -2.3987e-039   6.1606e-039   [0.000012,0.000002,]
[18,3,]   78   3.56744e-006   -3.63383e-039   7.90672e-039   [0.000023,0.000002,]
[19,3,]   79   1.25669e-006   -5.40979e-039   9.40489e-039   [0.000033,0.000001,]
[0,4,]   80   3.50614e-006   -4.32095e-039   5.48817e-039   [0.000019,-0.000011,]
[1,4,]   81   8.41111e-006   -3.04424e-039   4.66836e-039   [-0.000008,-0.000010,]
[2,4,]   82   2.59257e-005   -2.12376e-039   3.93964e-039   [0.000004,-0.000010,]
[3,4,]   83   7.36037e-005   -1.34943e-039   3.30201e-039   [0.000007,-0.000010,]
[4,4,]   84   0.000175503   -8.43218e-040   2.75547e-039   [0.000010,-0.000010,]
[5,4,]   85   0.000354087   -3.90017e-040   2.30002e-039   [0.000012,-0.000010,]
[6,4,]   86   0.000604796   -4.56048e-041   1.93566e-039   [0.000015,-0.000010,]
[7,4,]   87   0.000883744   2.22614e-040   1.66239e-039   [0.000017,-0.000009,]
[8,4,]   88   0.00111911   3.8216e-040   1.48021e-039   [0.000020,-0.000007,]
[9,4,]   89   0.00125143   4.90168e-040   1.38913e-039   [0.000021,-0.000004,]
[10,4,]   90   0.00125109   4.98914e-040   1.38919e-039   [0.000021,-0.000000,]
[11,4,]   91   0.00111816   3.87702e-040   1.48087e-039   [0.000020,0.000003,]
[12,4,]   92   0.000890596   2.35856e-040   1.6671e-039   [0.000018,0.000006,]
[13,4,]   93   0.000621575   -5.78347e-042   1.96209e-039   [0.000015,0.000007,]
[14,4,]   94   0.000374597   -3.10882e-040   2.41549e-039   [0.000013,0.000008,]
[15,4,]   95   0.000192166   -7.11262e-040   3.14844e-039   [0.000011,0.000008,]
[16,4,]   96   8.31055e-005   -1.18977e-039   4.34357e-039   [0.000010,0.000008,]
[17,4,]   97   2.98364e-005   -1.86474e-039   6.08964e-039   [0.000012,0.000008,]
[18,4,]   98   9.0797e-006   -3.03609e-039   8.12472e-039   [0.000023,0.000007,]
[19,4,]   99   3.18568e-006   -4.69535e-039   9.81557e-039   [0.000032,0.000005,]
[0,5,]   100   7.18069e-006   -3.9191e-039   5.03272e-039   [0.000018,-0.000009,]
[1,5,]   101   1.75764e-005   -2.67164e-039   4.21291e-039   [-0.000007,-0.000008,]
[2,5,]   102   5.33508e-005   -1.77872e-039   3.48419e-039   [0.000004,-0.000008,]
[3,5,]   103   0.000147455   -1.02829e-039   2.84656e-039   [0.000007,-0.000009,]
[4,5,]   104   0.000340394   -5.25008e-040   2.30002e-039   [0.000010,-0.000009,]
[5,5,]   105   0.000660225   -8.76221e-041   1.84457e-039   [0.000012,-0.000009,]
[6,5,]   106   0.00107854   2.66447e-040   1.48021e-039   [0.000016,-0.000009,]
[7,5,]   107   0.00149981   5.08077e-040   1.20694e-039   [0.000019,-0.000007,]
[8,5,]   108   0.00181776   7.078e-040   1.02476e-039   [0.000023,-0.000004,]
[9,5,]   109   0.00196607   7.39278e-040   9.33678e-040   [0.000025,0.000000,]
[10,5,]   110   0.00196875   8.04061e-040   9.33743e-040   [0.000026,0.000005,]
[11,5,]   111   0.00182042   7.17018e-040   1.02542e-039   [0.000024,0.000010,]
[12,5,]   112   0.00152399   5.50026e-040   1.21165e-039   [0.000020,0.000013,]
[13,5,]   113   0.00112403   3.56597e-040   1.50664e-039   [0.000016,0.000015,]
[14,5,]   114   0.000711443   6.4961e-041   1.96004e-039   [0.000013,0.000015,]
[15,5,]   115   0.000380547   -3.02447e-040   2.69299e-039   [0.000010,0.000015,]
[16,5,]   116   0.00017015   -7.6338e-040   3.88812e-039   [0.000010,0.000015,]
[17,5,]   117   6.2756e-005   -1.41355e-039   5.63419e-039   [0.000011,0.000014,]
[18,5,]   118   1.95009e-005   -2.52559e-039   7.66927e-039   [0.000021,0.000012,]
[19,5,]   119   6.76565e-006   -4.09735e-039   9.36012e-039   [0.000030,0.000010,]
[0,6,]   120   1.30211e-005   -3.53519e-039   4.66836e-039   [0.000019,-0.000009,]
[1,6,]   121   3.27265e-005   -2.2653e-039   3.84855e-039   [-0.000007,-0.000007,]
[2,6,]   122   9.83656e-005   -1.37039e-039   3.11983e-039   [0.000003,-0.000008,]
[3,6,]   123   0.000265202   -6.17951e-040   2.4822e-039   [0.000006,-0.000009,]
[4,6,]   124   0.000590506   -1.26601e-040   1.93566e-039   [0.000009,-0.000009,]
[5,6,]   125   0.00109165   3.11176e-040   1.48021e-039   [0.000012,-0.000010,]
[6,6,]   126   0.00167415   6.23217e-040   1.11585e-039   [0.000016,-0.000010,]
[7,6,]   127   0.00216054   8.78961e-040   8.42583e-040   [0.000021,-0.000009,]
[8,6,]   128   0.00240841   9.78915e-040   6.60403e-040   [0.000027,-0.000005,]
[9,6,]   129   0.00246114   1.03857e-039   5.69317e-040   [0.000032,0.000003,]
[10,6,]   130   0.00242652   9.31725e-040   5.69368e-040   [0.000033,0.000011,]
[11,6,]   131   0.00238198   9.47429e-040   6.60912e-040   [0.000029,0.000018,]
[12,6,]   132   0.00217153   8.87661e-040   8.4625e-040   [0.000022,0.000022,]
[13,6,]   133   0.00172265   6.67025e-040   1.13643e-039   [0.000017,0.000023,]
[14,6,]   134   0.00115729   4.13026e-040   1.57014e-039   [0.000012,0.000022,]
[15,6,]   135   0.000646059   4.00063e-041   2.2417e-039   [0.000010,0.000021,]
[16,6,]   136   0.000297987   -4.1225e-040   3.29337e-039   [0.000008,0.000020,]
[17,6,]   137   0.000112353   -1.06468e-039   4.79425e-039   [0.000009,0.000019,]
[18,6,]   138   3.54617e-005   -2.12503e-039   6.54037e-039   [0.000019,0.000016,]
[19,6,]   139   1.20577e-005   -3.65287e-039   8.03854e-039   [0.000026,0.000013,]
[0,7,]   140   2.06321e-005   -3.21954e-039   4.39509e-039   [0.000019,-0.000009,]
[1,7,]   141   5.31027e-005   -1.90965e-039   3.57528e-039   [-0.000006,-0.000008,]
[2,7,]   142   0.000158474   -9.89364e-040   2.84656e-039   [0.000003,-0.000009,]
[3,7,]   143   0.000417278   -2.42742e-040   2.20893e-039   [0.000005,-0.000010,]
[4,7,]   144   0.000895835   2.57671e-040   1.66239e-039   [0.000008,-0.000012,]
[5,7,]   145   0.00156533   6.46778e-040   1.20694e-039   [0.000011,-0.000014,]
[6,7,]   146   0.00222075   9.73988e-040   8.42583e-040   [0.000016,-0.000016,]
[7,7,]   147   0.00255162   1.07965e-039   5.69313e-040   [0.000023,-0.000017,]
[8,7,]   148   0.00247058   1.04087e-039   3.87133e-040   [0.000034,-0.000012,]
[9,7,]   149   0.0022394   8.0623e-040   2.96045e-040   [0.000044,-0.000003,]
[10,7,]   150   0.002184   8.01593e-040   2.96076e-040   [0.000044,0.000020,]
[11,7,]   151   0.00241285   9.58034e-040   3.87441e-040   [0.000034,0.000029,]
[12,7,]   152   0.00252738   1.02296e-039   5.71537e-040   [0.000024,0.000030,]
[13,7,]   153   0.00224091   9.43791e-040   8.55064e-040   [0.000016,0.000029,]
[14,7,]   154   0.00161432   6.73745e-040   1.26148e-039   [0.000011,0.000027,]
[15,7,]   155   0.000943425   3.20897e-040   1.84802e-039   [0.000008,0.000024,]
[16,7,]   156   0.000447474   -1.51107e-040   2.70093e-039   [0.000007,0.000022,]
[17,7,]   157   0.000171834   -8.07048e-040   3.86215e-039   [0.000007,0.000020,]
[18,7,]   158   5.48349e-005   -1.82413e-039   5.20795e-039   [0.000015,0.000018,]
[19,7,]   159   1.81453e-005   -3.34061e-039   6.43921e-039   [0.000023,0.000014,]
[0,8,]   160   2.82532e-005   -3.01312e-039   4.21291e-039   [0.000019,-0.000010,]
[1,8,]   161   7.35637e-005   -1.68649e-039   3.3931e-039   [-0.000007,-0.000010,]
[2,8,]   162   0.000217936   -7.49633e-040   2.66438e-039   [0.000001,-0.000012,]
[3,8,]   163   0.000562534   3.67096e-042   2.02675e-039   [0.000003,-0.000013,]
[4,8,]   164   0.00116735   4.80375e-040   1.48021e-039   [0.000006,-0.000016,]
[5,8,]   165   0.0019333   8.70178e-040   1.02476e-039   [0.000008,-0.000019,]
[6,8,]   166   0.00249852   1.06034e-039   6.60403e-040   [0.000013,-0.000024,]
[7,8,]   167   0.0024808   1.02598e-039   3.87133e-040   [0.000022,-0.000030,]
[8,8,]   168   0.00188636   3.33173e-040   2.04953e-040   [0.000038,-0.000029,]
[9,8,]   169   0.00136829   1.93456e-040   1.13864e-040   [0.000071,-0.000017,]
[10,8,]   170   0.00123152   -1.22855e-039   1.13878e-040   [0.000072,0.000028,]
[11,8,]   171   0.00184566   2.42526e-040   2.05098e-040   [0.000035,0.000043,]
[12,8,]   172   0.00246094   9.73249e-040   3.88183e-040   [0.000019,0.000040,]
[13,8,]   173   0.00250767   1.05279e-039   6.66298e-040   [0.000012,0.000033,]
[14,8,]   174   0.00195426   8.68869e-040   1.05053e-039   [0.000008,0.000028,]
[15,8,]   175   0.00118998   4.79535e-040   1.56789e-039   [0.000005,0.000025,]
[16,8,]   176   0.000578499   1.51068e-041   2.25916e-039   [0.000004,0.000022,]
[17,8,]   177   0.000225272   -6.51361e-040   3.14411e-039   [0.000005,0.000019,]
[18,8,]   178   7.24209e-005   -1.61858e-039   4.16432e-039   [0.000012,0.000017,]
[19,8,]   179   2.32351e-005   -3.1435e-039   5.17848e-039   [0.000019,0.000014,]
[0,9,]   180   3.35042e-005   -2.91384e-039   4.12182e-039   [0.000018,-0.000011,]
[1,9,]   181   8.67208e-005   -1.61266e-039   3.30201e-039   [-0.000008,-0.000012,]
[2,9,]   182   0.000255371   -6.47846e-040   2.57329e-039   [-0.000001,-0.000014,]
[3,9,]   183   0.000650271   9.15992e-041   1.93566e-039   [0.000001,-0.000016,]
[4,9,]   184   0.001322   5.88361e-040   1.38912e-039   [0.000002,-0.000019,]
[5,9,]   185   0.00210613   9.4007e-040   9.33673e-040   [0.000003,-0.000024,]
[6,9,]   186   0.00253569   9.89556e-040   5.69313e-040   [0.000006,-0.000031,]
[7,9,]   187   0.00220218   7.3948e-040   2.96043e-040   [0.000014,-0.000042,]
[8,9,]   188   0.00121487   -1.38078e-039   1.13863e-040   [0.000025,-0.000070,]
[9,9,]   189   0.000438549   -8.4656e-039   2.2773e-041   [0.000111,-0.000111,]
[10,9,]   190   0.000430599   -8.71793e-039   2.27783e-041   [0.000113,0.000117,]
[11,9,]   191   0.00131885   -1.68971e-041   1.13916e-040   [0.000024,0.000076,]
[12,9,]   192   0.00222884   7.55942e-040   2.96429e-040   [0.000010,0.000048,]
[13,9,]   193   0.00255185   1.08824e-039   5.71481e-040   [0.000004,0.000035,]
[14,9,]   194   0.00209617   8.75317e-040   9.4315e-040   [0.000003,0.000028,]
[15,9,]   195   0.00131769   5.6282e-040   1.42138e-039   [0.000002,0.000024,]
[16,9,]   196   0.000649725   8.03478e-041   2.02116e-039   [0.000002,0.000021,]
[17,9,]   197   0.000254956   -5.81807e-040   2.74977e-039   [0.000002,0.000018,]
[18,9,]   198   8.21289e-005   -1.51259e-039   3.58573e-039   [0.000010,0.000015,]
[19,9,]   199   2.5544e-005   -3.0647e-039   4.47704e-039   [0.000017,0.000014,]
[0,10,]   200   3.4582e-005   -2.9007e-039   4.12182e-039   [0.000017,-0.000011,]
[1,10,]   201   8.7694e-005   -1.645e-039   3.30201e-039   [-0.000009,-0.000013,]
[2,10,]   202   0.000257346   -6.60691e-040   2.57329e-039   [-0.000003,-0.000015,]
[3,10,]   203   0.000653394   7.77964e-041   1.93566e-039   [-0.000002,-0.000017,]
[4,10,]   204   0.00132298   5.59304e-040   1.38912e-039   [-0.000002,-0.000020,]
[5,10,]   205   0.0020993   8.62483e-040   9.33673e-040   [-0.000003,-0.000025,]
[6,10,]   206   0.00254555   1.06124e-039   5.69313e-040   [-0.000003,-0.000032,]
[7,10,]   207   0.00220955   6.96821e-040   2.96043e-040   [-0.000009,-0.000045,]
[8,10,]   208   0.00129628   -8.14435e-041   1.13863e-040   [-0.000022,-0.000072,]
[9,10,]   209   0.000408649   -9.24739e-039   2.27726e-041   [-0.000116,-0.000114,]
[10,10,]   210   0.000411743   -9.07492e-039   2.27742e-041   [-0.000115,0.000117,]
[11,10,]   211   0.00118625   -1.3976e-039   1.13878e-040   [-0.000024,0.000075,]
[12,10,]   212   0.00216742   7.24863e-040   2.96153e-040   [-0.000014,0.000046,]
[13,10,]   213   0.00249857   9.63598e-040   5.69934e-040   [-0.000005,0.000034,]
[14,10,]   214   0.00207453   9.03485e-040   9.36388e-040   [-0.000003,0.000027,]
[15,10,]   215   0.001302   5.48859e-040   1.39836e-039   [-0.000002,0.000022,]
[16,10,]   216   0.000640284   5.53437e-041   1.96016e-039   [-0.000001,0.000019,]
[17,10,]   217   0.000250593   -6.03766e-040   2.62386e-039   [-0.000000,0.000017,]
[18,10,]   218   8.03592e-005   -1.50851e-039   3.3833e-039   [0.000008,0.000014,]
[19,10,]   219   2.42969e-005   -3.10921e-039   4.22359e-039   [0.000016,0.000014,]
[0,11,]   220   3.10703e-005   -2.98254e-039   4.21291e-039   [0.000016,-0.000011,]
[1,11,]   221   7.65064e-005   -1.7687e-039   3.3931e-039   [-0.000011,-0.000013,]
[2,11,]   222   0.000224942   -7.57003e-040   2.66438e-039   [-0.000005,-0.000015,]
[3,11,]   223   0.000576253   -1.13802e-041   2.02675e-039   [-0.000004,-0.000017,]
[4,11,]   224   0.00118468   4.52164e-040   1.48021e-039   [-0.000005,-0.000020,]
[5,11,]   225   0.00194299   8.37245e-040   1.02476e-039   [-0.000007,-0.000023,]
[6,11,]   226   0.00248621   1.01465e-039   6.60403e-040   [-0.000012,-0.000028,]
[7,11,]   227   0.00242775   9.35384e-040   3.87133e-040   [-0.000019,-0.000035,]
[8,11,]   228   0.00179946   1.72759e-040   2.04953e-040   [-0.000035,-0.000038,]
[9,11,]   229   0.00117308   -1.4016e-039   1.13863e-040   [-0.000073,-0.000025,]
[10,11,]   230   0.00129075   -2.67173e-041   1.13863e-040   [-0.000073,0.000024,]
[11,11,]   231   0.0018055   1.86019e-040   2.04956e-040   [-0.000038,0.000035,]
[12,11,]   232   0.00240642   9.28882e-040   3.87157e-040   [-0.000022,0.000035,]
[13,11,]   233   0.00244361   9.84084e-040   6.60541e-040   [-0.000012,0.000029,]
[14,11,]   234   0.00190038   8.01188e-040   1.02537e-039   [-0.000008,0.000024,]
[15,11,]   235   0.00115175   4.18853e-040   1.48227e-039   [-0.000006,0.000020,]
[16,11,]   236   0.00055615   -4.62868e-041   2.03222e-039   [-0.000004,0.000018,]
[17,11,]   237   0.000214649   -7.17993e-040   2.67566e-039   [-0.000002,0.000015,]
[18,11,]   238   6.80793e-005   -1.60064e-039   3.41124e-039   [0.000007,0.000014,]
[19,11,]   239   2.0111e-005   -3.2746e-039   4.23562e-039   [0.000016,0.000014,]
[0,12,]   240   2.41347e-005   -3.17543e-039   4.39509e-039   [0.000015,-0.000010,]
[1,12,]   241   5.75344e-005   -1.98544e-039   3.57528e-039   [-0.000013,-0.000012,]
[2,12,]   242   0.000170518   -9.27726e-040   2.84656e-039   [-0.000007,-0.000014,]
[3,12,]   243   0.00044466   -1.7909e-040   2.20893e-039   [-0.000006,-0.000016,]
[4,12,]   244   0.000940633   3.0231e-040   1.66239e-039   [-0.000007,-0.000018,]
[5,12,]   245   0.00161376   6.61194e-040   1.20694e-039   [-0.000011,-0.000020,]
[6,12,]   246   0.00224237   9.34451e-040   8.42583e-040   [-0.000015,-0.000022,]
[7,12,]   247   0.00252507   1.01073e-039   5.69313e-040   [-0.000023,-0.000023,]
[8,12,]   248   0.00239642   9.34553e-040   3.87133e-040   [-0.000034,-0.000022,]
[9,12,]   249   0.00214404   7.1179e-040   2.96043e-040   [-0.000044,-0.000014,]
[10,12,]   250   0.00219328   7.39713e-040   2.96043e-040   [-0.000045,0.000010,]
[11,12,]   251   0.00242513   9.42904e-040   3.87133e-040   [-0.000035,0.000019,]
[12,12,]   252   0.00252766   1.01186e-039   5.69317e-040   [-0.000023,0.000023,]
[13,12,]   253   0.00222099   9.30101e-040   8.42607e-040   [-0.000016,0.000022,]
[14,12,]   254   0.00157876   6.23798e-040   1.20705e-039   [-0.000011,0.000020,]
[15,12,]   255   0.000909709   2.53295e-040   1.66275e-039   [-0.000008,0.000018,]
[16,12,]   256   0.000425102   -2.30759e-040   2.20988e-039   [-0.000006,0.000016,]
[17,12,]   257   0.000160352   -9.06501e-040   2.84852e-039   [-0.000004,0.000014,]
[18,12,]   258   4.99578e-005   -1.79972e-039   3.57843e-039   [0.000007,0.000013,]
[19,12,]   259   1.45346e-005   -3.56216e-039   4.39904e-039   [0.000017,0.000014,]
[0,13,]   260   1.60518e-005   -3.48086e-039   4.66836e-039   [0.000014,-0.000009,]
[1,13,]   261   3.70897e-005   -2.29707e-039   3.84855e-039   [-0.000015,-0.000011,]
[2,13,]   262   0.000111254   -1.19475e-039   3.11983e-039   [-0.000008,-0.000013,]
[3,13,]   263   0.000296987   -4.28549e-040   2.4822e-039   [-0.000008,-0.000014,]
[4,13,]   264   0.000649335   4.81931e-041   1.93566e-039   [-0.000009,-0.000015,]
[5,13,]   265   0.00117185   4.40165e-040   1.48021e-039   [-0.000012,-0.000016,]
[6,13,]   266   0.00175407   7.07353e-040   1.11585e-039   [-0.000016,-0.000017,]
[7,13,]   267   0.00221841   9.34707e-040   8.42583e-040   [-0.000022,-0.000016,]
[8,13,]   268   0.00243479   9.91698e-040   6.60403e-040   [-0.000029,-0.000012,]
[9,13,]   269   0.00247798   9.69298e-040   5.69313e-040   [-0.000033,-0.000005,]
[10,13,]   270   0.00251782   1.06995e-039   5.69313e-040   [-0.000032,0.000004,]
[11,13,]   271   0.0024776   1.02608e-039   6.60403e-040   [-0.000028,0.000012,]
[12,13,]   272   0.00224112   9.38471e-040   8.42583e-040   [-0.000022,0.000015,]
[13,13,]   273   0.00175442   7.0727e-040   1.11586e-039   [-0.000017,0.000016,]
[14,13,]   274   0.00115544   4.15875e-040   1.48023e-039   [-0.000013,0.000016,]
[15,13,]   275   0.000630249   1.23443e-042   1.93571e-039   [-0.000010,0.000015,]
[16,13,]   276   0.00028373   -4.80702e-040   2.48233e-039   [-0.000007,0.000014,]
[17,13,]   277   0.000103953   -1.18402e-039   3.1201e-039   [-0.000005,0.000013,]
[18,13,]   278   3.16965e-005   -2.09398e-039   3.84898e-039   [0.000007,0.000012,]
[19,13,]   279   9.15671e-006   -3.95253e-039   4.6689e-039   [0.000018,0.000013,]
[0,14,]   280   9.06712e-006   -3.89466e-039   5.03272e-039   [0.000013,-0.000008,]
[1,14,]   281   2.03688e-005   -2.7053e-039   4.21291e-039   [-0.000017,-0.000010,]
[2,14,]   282   6.19963e-005   -1.55344e-039   3.48419e-039   [-0.000009,-0.000011,]
[3,14,]   283   0.000169688   -7.76797e-040   2.84656e-039   [-0.000009,-0.000012,]
[4,14,]   284   0.000383834   -2.84982e-040   2.30002e-039   [-0.000010,-0.000013,]
[5,14,]   285   0.000724969   1.07611e-040   1.84457e-039   [-0.000013,-0.000013,]
[6,14,]   286   0.00115509   4.17691e-040   1.48021e-039   [-0.000016,-0.000013,]
[7,14,]   287   0.00157705   6.28525e-040   1.20694e-039   [-0.000020,-0.000011,]
[8,14,]   288   0.00189439   8.08111e-040   1.02476e-039   [-0.000024,-0.000008,]
[9,14,]   289   0.00205997   9.05955e-040   9.33673e-040   [-0.000026,-0.000003,]
[10,14,]   290   0.00207283   8.64643e-040   9.33673e-040   [-0.000026,0.000003,]
[11,14,]   291   0.00193338   8.47909e-040   1.02476e-039   [-0.000023,0.000007,]
[12,14,]   292   0.00161169   6.68094e-040   1.20694e-039   [-0.000020,0.000011,]
[13,14,]   293   0.00117171   4.42072e-040   1.48021e-039   [-0.000016,0.000012,]
[14,14,]   294   0.000725045   1.07036e-040   1.84457e-039   [-0.000013,0.000013,]
[15,14,]   295   0.000377004   -3.14655e-040   2.30003e-039   [-0.000011,0.000012,]
[16,14,]   296   0.000163462   -8.1833e-040   2.84658e-039   [-0.000008,0.000012,]
[17,14,]   297   5.8118e-005   -1.53875e-039   3.48422e-039   [-0.000006,0.000011,]
[18,14,]   298   1.7318e-005   -2.48145e-039   4.21296e-039   [0.000007,0.000011,]
[19,14,]   299   5.00553e-006   -4.4317e-039   5.03278e-039   [0.000020,0.000013,]
[0,15,]   300   4.32082e-006   -4.4152e-039   5.48817e-039   [0.000013,-0.000007,]
[1,15,]   301   9.47408e-006   -3.21186e-039   4.66836e-039   [-0.000019,-0.000009,]
[2,15,]   302   2.92865e-005   -2.01481e-039   3.93964e-039   [-0.000010,-0.000010,]
[3,15,]   303   8.21716e-005   -1.22289e-039   3.30201e-039   [-0.000009,-0.000011,]
[4,15,]   304   0.000191759   -7.27431e-040   2.75547e-039   [-0.000010,-0.000011,]
[5,15,]   305   0.00037697   -3.13299e-040   2.30002e-039   [-0.000012,-0.000011,]
[6,15,]   306   0.000630091   3.25778e-042   1.93566e-039   [-0.000015,-0.000010,]
[7,15,]   307   0.000908902   2.57958e-040   1.66239e-039   [-0.000018,-0.000008,]
[8,15,]   308   0.00114875   4.25536e-040   1.48021e-039   [-0.000020,-0.000006,]
[9,15,]   309   0.00129446   5.53287e-040   1.38912e-039   [-0.000021,-0.000002,]
[10,15,]   310   0.00130529   5.5716e-040   1.38912e-039   [-0.000021,0.000002,]
[11,15,]   311   0.00117807   4.6422e-040   1.48021e-039   [-0.000020,0.000005,]
[12,15,]   312   0.000939313   3.12369e-040   1.66239e-039   [-0.000018,0.000007,]
[13,15,]   313   0.000649401   5.33414e-041   1.93566e-039   [-0.000015,0.000009,]
[14,15,]   314   0.000383999   -2.82991e-040   2.30002e-039   [-0.000013,0.000010,]
[15,15,]   315   0.000191841   -7.26594e-040   2.75547e-039   [-0.000011,0.000010,]
[16,15,]   316   8.04725e-005   -1.23744e-039   3.30201e-039   [-0.000008,0.000010,]
[17,15,]   317   2.78099e-005   -1.97877e-039   3.93964e-039   [-0.000006,0.000010,]
[18,15,]   318   8.10553e-006   -2.95689e-039   4.66837e-039   [0.000008,0.000010,]
[19,15,]   319   2.35683e-006   -4.99026e-039   5.48818e-039   [0.000022,0.000012,]
[0,16,]   320   1.73032e-006   -5.00947e-039   6.03471e-039   [0.000012,-0.000006,]
[1,16,]   321   3.71776e-006   -3.78652e-039   5.2149e-039   [-0.000021,-0.000008,]
[2,16,]   322   1.16729e-005   -2.54638e-039   4.48618e-039   [-0.000010,-0.000008,]
[3,16,]   323   3.35211e-005   -1.74228e-039   3.84855e-039   [-0.000009,-0.000009,]
[4,16,]   324   8.04412e-005   -1.23809e-039   3.30201e-039   [-0.000010,-0.000008,]
[5,16,]   325   0.000163454   -8.16941e-040   2.84656e-039   [-0.000012,-0.000008,]
[6,16,]   326   0.000283678   -4.78919e-040   2.4822e-039   [-0.000014,-0.000007,]
[7,16,]   327   0.000424811   -2.26675e-040   2.20893e-039   [-0.000016,-0.000006,]
[8,16,]   328   0.000555007   -3.98256e-041   2.02675e-039   [-0.000017,-0.000004,]
[9,16,]   329   0.000637276   6.08815e-041   1.93566e-039   [-0.000018,-0.000001,]
[10,16,]   330   0.000644518   7.91091e-041   1.93566e-039   [-0.000018,0.000001,]
[11,16,]   331   0.000572848   4.7975e-042   2.02675e-039   [-0.000017,0.000004,]
[12,16,]   332   0.000444038   -1.63639e-040   2.20893e-039   [-0.000016,0.000006,]
[13,16,]   333   0.000297091   -4.18237e-040   2.4822e-039   [-0.000014,0.000007,]
[14,16,]   334   0.000169819   -7.70223e-040   2.84656e-039   [-0.000012,0.000008,]
[15,16,]   335   8.22355e-005   -1.21797e-039   3.30201e-039   [-0.000011,0.000009,]
[16,16,]   336   3.35455e-005   -1.73781e-039   3.84855e-039   [-0.000009,0.000009,]
[17,16,]   337   1.13064e-005   -2.49324e-039   4.48618e-039   [-0.000006,0.000009,]
[18,16,]   338   3.22957e-006   -3.50964e-039   5.2149e-039   [0.000009,0.000009,]
[19,16,]   339   9.47844e-007   -5.61604e-039   6.03471e-039   [0.000023,0.000011,]
[0,17,]   340   5.71675e-007   -5.8493e-039   6.67234e-039   [0.000012,-0.000004,]
[1,17,]   341   1.20729e-006   -4.60697e-039   5.85253e-039   [-0.000022,-0.000006,]
[2,17,]   342   3.84952e-006   -3.3217e-039   5.12381e-039   [-0.000011,-0.000006,]
[3,17,]   343   1.12985e-005   -2.49767e-039   4.48618e-039   [-0.000009,-0.000006,]
[4,17,]   344   2.77997e-005   -1.97953e-039   3.93964e-039   [-0.000010,-0.000006,]
[5,17,]   345   5.81165e-005   -1.53752e-039   3.48419e-039   [-0.000011,-0.000006,]
[6,17,]   346   0.00010394   -1.18262e-039   3.11983e-039   [-0.000013,-0.000005,]
[7,17,]   347   0.000160272   -9.03066e-040   2.84656e-039   [-0.000014,-0.000004,]
[8,17,]   348   0.000214317   -7.11973e-040   2.66438e-039   [-0.000015,-0.000002,]
[9,17,]   349   0.00024967   -5.96819e-040   2.57329e-039   [-0.000016,-0.000000,]
[10,17,]   350   0.000253223   -5.78796e-040   2.57329e-039   [-0.000016,0.000002,]
[11,17,]   351   0.000223072   -6.57822e-040   2.66438e-039   [-0.000015,0.000004,]
[12,17,]   352   0.00016991   -8.25085e-040   2.84656e-039   [-0.000014,0.000006,]
[13,17,]   353   0.000111078   -1.09257e-039   3.11983e-039   [-0.000013,0.000007,]
[14,17,]   354   6.19322e-005   -1.45032e-039   3.48419e-039   [-0.000011,0.000009,]
[15,17,]   355   2.92582e-005   -1.90873e-039   3.93964e-039   [-0.000010,0.000009,]
[16,17,]   356   1.16614e-005   -2.43636e-039   4.48618e-039   [-0.000008,0.000010,]
[17,17,]   357   3.84568e-006   -3.20772e-039   5.12381e-039   [-0.000006,0.000010,]
[18,17,]   358   1.07879e-006   -4.26468e-039   5.85253e-039   [0.000010,0.000010,]
[19,17,]   359   3.20207e-007   -6.432e-039   6.67234e-039   [0.000025,0.000012,]
[0,18,]   360   1.6062e-007   -7.00157e-039   7.40106e-039   [0.000012,0.000012,]
[1,18,]   361   3.34261e-007   -5.73438e-039   6.58125e-039   [-0.000023,0.000011,]
[2,18,]   362   1.07986e-006   -4.38288e-039   5.85253e-039   [-0.000011,0.000010,]
[3,18,]   363   3.22735e-006   -3.51414e-039   5.2149e-039   [-0.000010,0.000009,]
[4,18,]   364   8.10258e-006   -2.95779e-039   4.66836e-039   [-0.000010,0.000008,]
[5,18,]   365   1.73177e-005   -2.48039e-039   4.21291e-039   [-0.000011,0.000007,]
[6,18,]   366   3.16939e-005   -2.09297e-039   3.84855e-039   [-0.000012,0.000007,]
[7,18,]   367   4.99409e-005   -1.79697e-039   3.57528e-039   [-0.000013,0.000007,]
[8,18,]   368   6.80049e-005   -1.59505e-039   3.3931e-039   [-0.000013,0.000007,]
[9,18,]   369   8.01372e-005   -1.5e-039   3.30201e-039   [-0.000014,0.000008,]
[10,18,]   370   8.16677e-005   -1.5037e-039   3.30201e-039   [-0.000014,0.000010,]
[11,18,]   371   7.17386e-005   -1.61488e-039   3.3931e-039   [-0.000013,0.000012,]
[12,18,]   372   5.4093e-005   -1.83248e-039   3.57528e-039   [-0.000012,0.000014,]
[13,18,]   373   3.48444e-005   -2.1483e-039   3.84855e-039   [-0.000011,0.000016,]
[14,18,]   374   1.9087e-005   -2.55896e-039   4.21291e-039   [-0.000010,0.000017,]
[15,18,]   375   8.85011e-006   -3.06538e-039   4.66836e-039   [-0.000009,0.000019,]
[16,18,]   376   3.46201e-006   -3.63858e-039   5.2149e-039   [-0.000008,0.000020,]
[17,18,]   377   1.12092e-006   -4.45721e-039   5.85253e-039   [-0.000006,0.000022,]
[18,18,]   378   3.09465e-007   -5.58481e-039   6.58125e-039   [0.000011,0.000023,]
[19,18,]   379   9.29394e-008   -7.81424e-039   7.40106e-039   [0.000027,0.000024,]
[0,19,]   380   4.90868e-008   -9.08294e-039   8.22087e-039   [0.000012,0.000027,]
[1,19,]   381   1.00537e-007   -7.9529e-039   7.40106e-039   [-0.000024,0.000027,]
[2,19,]   382   3.20579e-007   -6.55226e-039   6.67234e-039   [-0.000013,0.000025,]
[3,19,]   383   9.47196e-007   -5.62075e-039   6.03471e-039   [-0.000011,0.000023,]
[4,19,]   384   2.35596e-006   -4.99123e-039   5.48817e-039   [-0.000012,0.000022,]
[5,19,]   385   5.0055e-006   -4.43065e-039   5.03272e-039   [-0.000013,0.000020,]
[6,19,]   386   9.15627e-006   -3.95153e-039   4.66836e-039   [-0.000013,0.000018,]
[7,19,]   387   1.45313e-005   -3.55893e-039   4.39509e-039   [-0.000014,0.000017,]
[8,19,]   388   2.00943e-005   -3.26669e-039   4.21291e-039   [-0.000014,0.000016,]
[9,19,]   389   2.42384e-005   -3.09464e-039   4.12182e-039   [-0.000013,0.000016,]
[10,19,]   390   2.53981e-005   -3.04661e-039   4.12182e-039   [-0.000012,0.000017,]
[11,19,]   391   2.29725e-005   -3.13537e-039   4.21291e-039   [-0.000011,0.000018,]
[12,19,]   392   1.78043e-005   -3.36339e-039   4.39509e-039   [-0.000010,0.000020,]
[13,19,]   393   1.17395e-005   -3.71661e-039   4.66836e-039   [-0.000009,0.000023,]
[14,19,]   394   6.55142e-006   -4.18218e-039   5.03272e-039   [-0.000008,0.000025,]
[15,19,]   395   3.08039e-006   -4.75392e-039   5.48817e-039   [-0.000007,0.000028,]
[16,19,]   396   1.21715e-006   -5.39713e-039   6.03471e-039   [-0.000006,0.000030,]
[17,19,]   397   3.97016e-007   -6.28367e-039   6.67234e-039   [-0.000004,0.000032,]
[18,19,]   398   1.10189e-007   -7.49012e-039   7.40106e-039   [0.000012,0.000034,]
[19,19,]   399   3.35421e-008   -9.61946e-039   8.22087e-039   [0.000027,0.000034,]
