coordinates  index   rho      Q      V    velocities 
[0,0,]   0   2.57308e-008   -9.30218e-039   8.22126e-039   [0.000013,-0.000001,]
[1,0,]   1   1.00892e-007   -6.81637e-039   7.40323e-039   [-0.000002,-0.000002,]
[2,0,]   2   3.57896e-007   -5.87662e-039   6.68182e-039   [0.000006,-0.000002,]
[3,0,]   3   1.07652e-006   -5.09211e-039   6.06697e-039   [0.000007,-0.000002,]
[4,0,]   4   2.71011e-006   -4.48188e-039   5.57367e-039   [0.000008,-0.000001,]
[5,0,]   5   5.75661e-006   -3.96883e-039   5.2092e-039   [0.000009,-0.000001,]
[6,0,]   6   1.03689e-005   -3.54825e-039   4.95208e-039   [0.000010,0.000001,]
[7,0,]   7   1.59201e-005   -3.2197e-039   4.75031e-039   [0.000011,0.000002,]
[8,0,]   8   2.09397e-005   -2.99102e-039   4.55927e-039   [0.000012,0.000004,]
[9,0,]   9   2.3696e-005   -2.87443e-039   4.38484e-039   [0.000012,0.000006,]
[10,0,]   10   2.31417e-005   -2.88139e-039   4.27737e-039   [0.000013,0.000007,]
[11,0,]   11   1.95325e-005   -3.01707e-039   4.28456e-039   [0.000013,0.000009,]
[12,0,]   12   1.42425e-005   -3.27768e-039   4.42079e-039   [0.000012,0.000010,]
[13,0,]   13   8.95263e-006   -3.65236e-039   4.67554e-039   [0.000012,0.000011,]
[14,0,]   14   4.83445e-006   -4.12837e-039   5.03428e-039   [0.000011,0.000012,]
[15,0,]   15   2.23342e-006   -4.69565e-039   5.48844e-039   [0.000010,0.000012,]
[16,0,]   16   8.78976e-007   -5.34326e-039   6.03475e-039   [0.000009,0.000013,]
[17,0,]   17   2.92621e-007   -6.10366e-039   6.67235e-039   [0.000009,0.000013,]
[18,0,]   18   8.25451e-008   -7.13364e-039   7.40106e-039   [0.000015,0.000013,]
[19,0,]   19   2.25114e-008   -9.47727e-039   8.22087e-039   [0.000020,0.000013,]
[0,1,]   20   8.74174e-008   -7.12293e-039   7.40211e-039   [0.000012,-0.000018,]
[1,1,]   21   3.44071e-007   -4.73762e-039   6.58715e-039   [-0.000001,-0.000018,]
[2,1,]   22   1.21317e-006   -3.92302e-039   5.8783e-039   [0.000007,-0.000018,]
[3,1,]   23   3.63643e-006   -3.22867e-039   5.30258e-039   [0.000009,-0.000017,]
[4,1,]   24   9.15028e-006   -2.69333e-039   4.90077e-039   [0.000010,-0.000016,]
[5,1,]   25   1.94771e-005   -2.25064e-039   4.69264e-039   [0.000011,-0.000015,]
[6,1,]   26   3.52431e-005   -1.89733e-039   4.61977e-039   [0.000013,-0.000013,]
[7,1,]   27   5.45012e-005   -1.6281e-039   4.54085e-039   [0.000014,-0.000011,]
[8,1,]   28   7.24019e-005   -1.44209e-039   4.3346e-039   [0.000014,-0.000008,]
[9,1,]   29   8.29779e-005   -1.34152e-039   4.01697e-039   [0.000014,-0.000005,]
[10,1,]   30   8.22657e-005   -1.32992e-039   3.72484e-039   [0.000014,-0.000003,]
[11,1,]   31   7.06004e-005   -1.41006e-039   3.58785e-039   [0.000014,-0.000001,]
[12,1,]   32   5.23695e-005   -1.58295e-039   3.64514e-039   [0.000013,-0.000000,]
[13,1,]   33   3.34654e-005   -1.84805e-039   3.86807e-039   [0.000012,0.000001,]
[14,1,]   34   1.83421e-005   -2.20472e-039   4.21716e-039   [0.000011,0.000001,]
[15,1,]   35   8.58197e-006   -2.65328e-039   4.66908e-039   [0.000010,0.000001,]
[16,1,]   36   3.41261e-006   -3.19001e-039   5.215e-039   [0.000009,0.000001,]
[17,1,]   37   1.14539e-006   -3.84968e-039   5.85254e-039   [0.000008,0.000000,]
[18,1,]   38   3.25072e-007   -4.77637e-039   6.58125e-039   [0.000014,-0.000000,]
[19,1,]   39   8.81026e-008   -7.06036e-039   7.40106e-039   [0.000019,-0.000001,]
[0,2,]   40   3.04711e-007   -5.97347e-039   6.67457e-039   [0.000011,-0.000013,]
[1,2,]   41   1.18126e-006   -3.7109e-039   5.86501e-039   [-0.000001,-0.000013,]
[2,2,]   42   4.08816e-006   -2.93746e-039   5.17835e-039   [0.000007,-0.000014,]
[3,2,]   43   1.20586e-005   -2.27059e-039   4.67181e-039   [0.000009,-0.000014,]
[4,2,]   44   2.99001e-005   -1.76009e-039   4.43164e-039   [0.000011,-0.000014,]
[5,2,]   45   6.27208e-005   -1.34524e-039   4.49978e-039   [0.000013,-0.000013,]
[6,2,]   46   0.000111849   -1.02247e-039   4.7525e-039   [0.000015,-0.000011,]
[7,2,]   47   0.000170659   -7.84526e-040   4.89068e-039   [0.000016,-0.000009,]
[8,2,]   48   0.000224352   -6.28784e-040   4.65753e-039   [0.000017,-0.000006,]
[9,2,]   49   0.000255749   -5.55907e-040   4.08685e-039   [0.000017,-0.000003,]
[10,2,]   50   0.000253899   -5.67501e-040   3.46842e-039   [0.000017,0.000000,]
[11,2,]   51   0.000219764   -6.64602e-040   3.07667e-039   [0.000016,0.000003,]
[12,2,]   52   0.000165437   -8.46899e-040   2.99445e-039   [0.000014,0.000005,]
[13,2,]   53   0.000107739   -1.11409e-039   3.16115e-039   [0.000013,0.000006,]
[14,2,]   54   6.02934e-005   -1.46669e-039   3.49318e-039   [0.000011,0.000007,]
[15,2,]   55   2.88036e-005   -1.90684e-039   3.94117e-039   [0.000010,0.000007,]
[16,2,]   56   1.16794e-005   -2.43281e-039   4.48638e-039   [0.000009,0.000008,]
[17,2,]   57   3.98999e-006   -3.07916e-039   5.12383e-039   [0.000008,0.000008,]
[18,2,]   58   1.15007e-006   -3.98413e-039   5.85253e-039   [0.000013,0.000007,]
[19,2,]   59   3.13825e-007   -6.15887e-039   6.67234e-039   [0.000018,0.000006,]
[0,3,]   60   8.994e-007   -5.19075e-039   6.03838e-039   [0.000010,-0.000013,]
[1,3,]   61   3.41405e-006   -3.08889e-039   5.23548e-039   [-0.000002,-0.000013,]
[2,3,]   62   1.15593e-005   -2.36178e-039   4.57611e-039   [0.000006,-0.000014,]
[3,3,]   63   3.34668e-005   -1.70775e-039   4.15459e-039   [0.000008,-0.000015,]
[4,3,]   64   8.1578e-005   -1.18956e-039   4.11318e-039   [0.000011,-0.000015,]
[5,3,]   65   0.000168138   -7.59925e-040   4.52098e-039   [0.000014,-0.000014,]
[6,3,]   66   0.000294305   -4.22043e-040   5.17402e-039   [0.000017,-0.000012,]
[7,3,]   67   0.00044087   -1.72317e-040   5.57911e-039   [0.000019,-0.000010,]
[8,3,]   68   0.000570822   -9.37179e-042   5.3129e-039   [0.000021,-0.000006,]
[9,3,]   69   0.000645328   6.61002e-041   4.4311e-039   [0.000021,-0.000003,]
[10,3,]   70   0.000641696   5.50881e-041   3.41149e-039   [0.000020,0.000001,]
[11,3,]   71   0.000562313   -3.91385e-041   2.7065e-039   [0.000018,0.000004,]
[12,3,]   72   0.000432336   -2.15733e-040   2.45276e-039   [0.000016,0.000006,]
[13,3,]   73   0.000289048   -4.73683e-040   2.55032e-039   [0.000014,0.000008,]
[14,3,]   74   0.000166308   -8.15538e-040   2.86138e-039   [0.000012,0.000008,]
[15,3,]   75   8.15833e-005   -1.2451e-039   3.30452e-039   [0.000010,0.000009,]
[16,3,]   76   3.38781e-005   -1.76206e-039   3.84888e-039   [0.000009,0.000009,]
[17,3,]   77   1.18165e-005   -2.39966e-039   4.48622e-039   [0.000008,0.000009,]
[18,3,]   78   3.46636e-006   -3.28751e-039   5.21491e-039   [0.000013,0.000009,]
[19,3,]   79   9.52528e-007   -5.35675e-039   6.03471e-039   [0.000017,0.000007,]
[0,4,]   80   2.24523e-006   -4.58063e-039   5.49288e-039   [0.000008,-0.000011,]
[1,4,]   81   8.35677e-006   -2.64346e-039   4.69479e-039   [-0.000003,-0.000011,]
[2,4,]   82   2.76726e-005   -1.95457e-039   4.05511e-039   [0.000005,-0.000012,]
[3,4,]   83   7.83984e-005   -1.30782e-039   3.69498e-039   [0.000008,-0.000012,]
[4,4,]   84   0.00018683   -7.76027e-040   3.79703e-039   [0.000011,-0.000013,]
[5,4,]   85   0.000375372   -3.26298e-040   4.45002e-039   [0.000015,-0.000012,]
[6,4,]   86   0.000638467   3.00926e-041   5.39202e-039   [0.000019,-0.000011,]
[7,4,]   87   0.000928393   2.92982e-040   5.98979e-039   [0.000022,-0.000009,]
[8,4,]   88   0.00117139   4.62496e-040   5.69971e-039   [0.000024,-0.000006,]
[9,4,]   89   0.00130482   5.42987e-040   4.59333e-039   [0.000025,-0.000002,]
[10,4,]   90   0.00129943   5.3408e-040   3.28412e-039   [0.000023,0.000002,]
[11,4,]   91   0.0011598   4.4081e-040   2.35303e-039   [0.000021,0.000005,]
[12,4,]   92   0.00091984   2.72925e-040   1.97548e-039   [0.000018,0.000008,]
[13,4,]   93   0.000637899   2.6425e-041   2.02313e-039   [0.000015,0.000010,]
[14,4,]   94   0.000380583   -3.0336e-040   2.31905e-039   [0.000013,0.000011,]
[15,4,]   95   0.000192891   -7.22668e-040   2.7587e-039   [0.000011,0.000011,]
[16,4,]   96   8.23537e-005   -1.23207e-039   3.30244e-039   [0.000009,0.000011,]
[17,4,]   97   2.93952e-005   -1.86283e-039   3.93969e-039   [0.000008,0.000010,]
[18,4,]   98   8.7862e-006   -2.73327e-039   4.66837e-039   [0.000012,0.000010,]
[19,4,]   99   2.4287e-006   -4.69429e-039   5.48817e-039   [0.000016,0.000008,]
[0,5,]   100   4.82105e-006   -4.05359e-039   5.03743e-039   [0.000008,-0.000009,]
[1,5,]   101   1.77124e-005   -2.24511e-039   4.23934e-039   [-0.000003,-0.000008,]
[2,5,]   102   5.74788e-005   -1.56897e-039   3.59966e-039   [0.000005,-0.000009,]
[3,5,]   103   0.000158766   -9.26687e-040   3.23953e-039   [0.000008,-0.000009,]
[4,5,]   104   0.00036677   -3.93008e-040   3.34158e-039   [0.000011,-0.000010,]
[5,5,]   105   0.000709188   5.63132e-041   3.99457e-039   [0.000015,-0.000010,]
[6,5,]   106   0.00115245   4.06949e-040   4.93657e-039   [0.000020,-0.000010,]
[7,5,]   107   0.00159402   6.56991e-040   5.53434e-039   [0.000024,-0.000009,]
[8,5,]   108   0.00192066   8.1469e-040   5.24426e-039   [0.000028,-0.000007,]
[9,5,]   109   0.00207931   8.90331e-040   4.13788e-039   [0.000029,-0.000002,]
[10,5,]   110   0.00207264   8.79736e-040   2.82867e-039   [0.000028,0.000003,]
[11,5,]   111   0.00190743   7.97966e-040   1.89758e-039   [0.000025,0.000008,]
[12,5,]   112   0.00158835   6.4745e-040   1.52003e-039   [0.000020,0.000011,]
[13,5,]   113   0.00116134   4.24927e-040   1.56768e-039   [0.000016,0.000013,]
[14,5,]   114   0.000726981   1.14233e-040   1.8636e-039   [0.000013,0.000013,]
[15,5,]   115   0.000383478   -2.9116e-040   2.30325e-039   [0.000010,0.000013,]
[16,5,]   116   0.000169017   -7.91775e-040   2.84699e-039   [0.000008,0.000012,]
[17,5,]   117   6.1859e-005   -1.41547e-039   3.48424e-039   [0.000007,0.000011,]
[18,5,]   118   1.88529e-005   -2.26595e-039   4.21292e-039   [0.000011,0.000011,]
[19,5,]   119   5.23311e-006   -4.11771e-039   5.03272e-039   [0.000014,0.000009,]
[0,6,]   120   8.94748e-006   -3.59936e-039   4.67203e-039   [0.000008,-0.000008,]
[1,6,]   121   3.26559e-005   -1.8744e-039   3.86913e-039   [-0.000002,-0.000007,]
[2,6,]   122   0.00010415   -1.1835e-039   3.20976e-039   [0.000004,-0.000007,]
[3,6,]   123   0.000279791   -5.46316e-040   2.78824e-039   [0.000007,-0.000008,]
[4,6,]   124   0.000621936   -2.82951e-041   2.74683e-039   [0.000010,-0.000009,]
[5,6,]   125   0.00114266   3.94003e-040   3.15463e-039   [0.000014,-0.000010,]
[6,6,]   126   0.0017392   7.04824e-040   3.80767e-039   [0.000020,-0.000012,]
[7,6,]   127   0.00222412   9.08163e-040   4.21276e-039   [0.000026,-0.000012,]
[8,6,]   128   0.00247024   1.00356e-039   3.94655e-039   [0.000032,-0.000009,]
[9,6,]   129   0.00252731   1.06672e-039   3.06475e-039   [0.000035,-0.000003,]
[10,6,]   130   0.00252225   1.07692e-039   2.04514e-039   [0.000035,0.000005,]
[11,6,]   131   0.00245525   9.86828e-040   1.34015e-039   [0.000029,0.000012,]
[12,6,]   132   0.00221912   8.95301e-040   1.08641e-039   [0.000022,0.000016,]
[13,6,]   133   0.00175294   7.15427e-040   1.18397e-039   [0.000017,0.000017,]
[14,6,]   134   0.001168   4.3549e-040   1.49503e-039   [0.000012,0.000016,]
[15,6,]   135   0.00064581   4.72222e-041   1.93817e-039   [0.000009,0.000015,]
[16,6,]   136   0.000294691   -4.44088e-040   2.48253e-039   [0.000007,0.000014,]
[17,6,]   137   0.000110665   -1.0613e-039   3.11987e-039   [0.000006,0.000013,]
[18,6,]   138   3.43762e-005   -1.88977e-039   3.84856e-039   [0.000009,0.000012,]
[19,6,]   139   9.55669e-006   -3.63804e-039   4.66836e-039   [0.000012,0.000010,]
[0,7,]   140   1.43121e-005   -3.23619e-039   4.39732e-039   [0.000008,-0.000008,]
[1,7,]   141   5.19517e-005   -1.57315e-039   3.58776e-039   [-0.000002,-0.000008,]
[2,7,]   142   0.000163264   -8.55591e-040   2.9011e-039   [0.000004,-0.000008,]
[3,7,]   143   0.000426865   -2.25627e-040   2.39456e-039   [0.000006,-0.000009,]
[4,7,]   144   0.000911366   2.69335e-040   2.15439e-039   [0.000008,-0.000011,]
[5,7,]   145   0.00158068   6.51488e-040   2.22253e-039   [0.000012,-0.000014,]
[6,7,]   146   0.00221724   9.04932e-040   2.47525e-039   [0.000018,-0.000017,]
[7,7,]   147   0.00252959   1.006e-039   2.61343e-039   [0.000026,-0.000019,]
[8,7,]   148   0.002438   9.93853e-040   2.38028e-039   [0.000036,-0.000018,]
[9,7,]   149   0.0021884   7.89371e-040   1.8096e-039   [0.000046,-0.000007,]
[10,7,]   150   0.00217882   8.09436e-040   1.19117e-039   [0.000046,0.000010,]
[11,7,]   151   0.00241939   9.50362e-040   7.9942e-040   [0.000035,0.000021,]
[12,7,]   152   0.00252481   9.94709e-040   7.17203e-040   [0.000024,0.000024,]
[13,7,]   153   0.00222814   9.06157e-040   8.83897e-040   [0.000016,0.000022,]
[14,7,]   154   0.00160178   6.64563e-040   1.21593e-039   [0.000011,0.000020,]
[15,7,]   155   0.000932041   2.96467e-040   1.66392e-039   [0.000008,0.000018,]
[16,7,]   156   0.000440248   -1.86462e-040   2.20913e-039   [0.000006,0.000016,]
[17,7,]   157   0.000169349   -7.98414e-040   2.84658e-039   [0.000005,0.000014,]
[18,7,]   158   5.3504e-005   -1.60352e-039   3.57528e-039   [0.000008,0.000013,]
[19,7,]   159   1.48447e-005   -3.26352e-039   4.39509e-039   [0.000011,0.000011,]
[0,8,]   160   1.96759e-005   -2.98712e-039   4.21396e-039   [0.000008,-0.000010,]
[1,8,]   161   7.07882e-005   -1.38378e-039   3.399e-039   [-0.000002,-0.000010,]
[2,8,]   162   0.000219845   -6.41953e-040   2.69015e-039   [0.000002,-0.000011,]
[3,8,]   163   0.00056232   -1.84827e-041   2.11443e-039   [0.000004,-0.000013,]
[4,8,]   164   0.0011605   4.58767e-040   1.71262e-039   [0.000006,-0.000015,]
[5,8,]   165   0.00191039   8.13099e-040   1.50449e-039   [0.000008,-0.000019,]
[6,8,]   166   0.00246141   9.99503e-040   1.43162e-039   [0.000013,-0.000025,]
[7,8,]   167   0.00242718   9.61064e-040   1.3527e-039   [0.000022,-0.000032,]
[8,8,]   168   0.00182223   4.29626e-040   1.14645e-039   [0.000040,-0.000037,]
[9,8,]   169   0.00120724   -5.56553e-040   8.28818e-040   [0.000070,-0.000015,]
[10,8,]   170   0.00117864   -8.96503e-040   5.36693e-040   [0.000071,0.000031,]
[11,8,]   171   0.00181601   4.20792e-040   3.99703e-040   [0.000039,0.000040,]
[12,8,]   172   0.00243082   9.85553e-040   4.56991e-040   [0.000020,0.000034,]
[13,8,]   173   0.0024668   9.97897e-040   6.79918e-040   [0.000012,0.000028,]
[14,8,]   174   0.00192043   8.11888e-040   1.02901e-039   [0.000008,0.000023,]
[15,8,]   175   0.00117083   4.58976e-040   1.48093e-039   [0.000005,0.000020,]
[16,8,]   176   0.000569302   -1.7461e-041   2.02685e-039   [0.000004,0.000017,]
[17,8,]   177   0.000223185   -6.26278e-040   2.66439e-039   [0.000003,0.000015,]
[18,8,]   178   7.14166e-005   -1.40767e-039   3.3931e-039   [0.000006,0.000013,]
[19,8,]   179   1.96909e-005   -3.00576e-039   4.21291e-039   [0.000009,0.000011,]
[0,9,]   180   2.32655e-005   -2.86372e-039   4.12221e-039   [0.000007,-0.000011,]
[1,9,]   181   8.26475e-005   -1.31017e-039   3.30418e-039   [-0.000003,-0.000012,]
[2,9,]   182   0.000254842   -5.48464e-040   2.58277e-039   [0.000001,-0.000013,]
[3,9,]   183   0.000643688   7.1043e-041   1.96792e-039   [0.000001,-0.000016,]
[4,9,]   184   0.00130275   5.44886e-040   1.47462e-039   [0.000002,-0.000019,]
[5,9,]   185   0.00207689   8.85882e-040   1.11015e-039   [0.000003,-0.000024,]
[6,9,]   186   0.00252649   1.08024e-039   8.53028e-040   [0.000005,-0.000031,]
[7,9,]   187   0.00218211   8.11974e-040   6.51257e-040   [0.000009,-0.000044,]
[8,9,]   188   0.00118045   -8.93461e-040   4.6022e-040   [0.000031,-0.000069,]
[9,9,]   189   0.000336739   -1.07622e-038   2.8579e-040   [0.000124,-0.000110,]
[10,9,]   190   0.000335995   -1.07828e-038   1.78323e-040   [0.000111,0.000124,]
[11,9,]   191   0.00120401   -5.60481e-040   1.85507e-040   [0.000016,0.000070,]
[12,9,]   192   0.00218307   7.87109e-040   3.21742e-040   [0.000008,0.000045,]
[13,9,]   193   0.00252188   1.0631e-039   5.76492e-040   [0.000005,0.000033,]
[14,9,]   194   0.00207527   8.85812e-040   9.35235e-040   [0.000003,0.000026,]
[15,9,]   195   0.00130209   5.38577e-040   1.38939e-039   [0.000002,0.000021,]
[16,9,]   196   0.000643615   6.26732e-041   1.9357e-039   [0.000001,0.000018,]
[17,9,]   197   0.000254916   -5.44736e-040   2.5733e-039   [0.000001,0.000016,]
[18,9,]   198   8.20992e-005   -1.30337e-039   3.30201e-039   [0.000004,0.000014,]
[19,9,]   199   2.23925e-005   -2.87635e-039   4.12182e-039   [0.000007,0.000012,]
[0,10,]   200   2.3708e-005   -2.86775e-039   4.12193e-039   [0.000006,-0.000012,]
[1,10,]   201   8.30816e-005   -1.33454e-039   3.30263e-039   [-0.000004,-0.000013,]
[2,10,]   202   0.00025601   -5.53234e-040   2.57601e-039   [-0.000001,-0.000015,]
[3,10,]   203   0.000646078   6.65537e-041   1.9449e-039   [-0.000001,-0.000017,]
[4,10,]   204   0.00130626   5.41044e-040   1.41362e-039   [-0.000002,-0.000020,]
[5,10,]   205   0.00208041   8.86265e-040   9.84236e-040   [-0.000003,-0.000025,]
[6,10,]   206   0.00252632   1.06159e-039   6.50598e-040   [-0.000004,-0.000032,]
[7,10,]   207   0.00218552   7.83896e-040   3.97813e-040   [-0.000008,-0.000044,]
[8,10,]   208   0.00120471   -5.64038e-040   2.13096e-040   [-0.000016,-0.000069,]
[9,10,]   209   0.000335787   -1.07911e-038   9.81283e-041   [-0.000110,-0.000124,]
[10,10,]   210   0.000335697   -1.0786e-038   6.73385e-041   [-0.000124,0.000110,]
[11,10,]   211   0.00117742   -8.93501e-040   1.34389e-040   [-0.000030,0.000070,]
[12,10,]   212   0.002176   8.11055e-040   3.03406e-040   [-0.000009,0.000045,]
[13,10,]   213   0.00251817   1.07618e-039   5.71369e-040   [-0.000005,0.000033,]
[14,10,]   214   0.00206876   8.77318e-040   9.3412e-040   [-0.000003,0.000026,]
[15,10,]   215   0.00129686   5.31883e-040   1.3892e-039   [-0.000002,0.000021,]
[16,10,]   216   0.000640452   5.49027e-041   1.93567e-039   [-0.000001,0.000018,]
[17,10,]   217   0.000253428   -5.52967e-040   2.57329e-039   [-0.000001,0.000016,]
[18,10,]   218   8.15285e-005   -1.29158e-039   3.30201e-039   [0.000003,0.000014,]
[19,10,]   219   2.19048e-005   -2.88266e-039   4.12182e-039   [0.000006,0.000013,]
[0,11,]   220   2.08196e-005   -2.99695e-039   4.21294e-039   [0.000005,-0.000011,]
[1,11,]   221   7.21156e-005   -1.44512e-039   3.39324e-039   [-0.000006,-0.000013,]
[2,11,]   222   0.000223646   -6.4188e-040   2.66499e-039   [-0.000003,-0.000015,]
[3,11,]   223   0.000570326   -1.97853e-041   2.02881e-039   [-0.000004,-0.000017,]
[4,11,]   224   0.00117253   4.56838e-040   1.48568e-039   [-0.000005,-0.000020,]
[5,11,]   225   0.00192243   8.09846e-040   1.03604e-039   [-0.000008,-0.000023,]
[6,11,]   226   0.00246837   9.96004e-040   6.7854e-040   [-0.000012,-0.000028,]
[7,11,]   227   0.00243144   9.84112e-040   4.09841e-040   [-0.000020,-0.000034,]
[8,11,]   228   0.00181576   4.21126e-040   2.27094e-040   [-0.000039,-0.000039,]
[9,11,]   229   0.00117743   -8.9408e-040   1.30677e-040   [-0.000070,-0.000030,]
[10,11,]   230   0.00120389   -5.59143e-040   1.23807e-040   [-0.000070,0.000016,]
[11,11,]   231   0.00181552   4.22644e-040   2.09533e-040   [-0.000039,0.000039,]
[12,11,]   232   0.00241805   9.51839e-040   3.88775e-040   [-0.000021,0.000035,]
[13,11,]   233   0.00245303   9.87284e-040   6.60861e-040   [-0.000012,0.000028,]
[14,11,]   234   0.00190518   7.97683e-040   1.02486e-039   [-0.000008,0.000023,]
[15,11,]   235   0.00115835   4.40832e-040   1.48023e-039   [-0.000006,0.000020,]
[16,11,]   236   0.000561691   -3.7717e-041   2.02675e-039   [-0.000004,0.000017,]
[17,11,]   237   0.000219553   -6.49466e-040   2.66438e-039   [-0.000003,0.000015,]
[18,11,]   238   7.00129e-005   -1.37254e-039   3.3931e-039   [0.000001,0.000013,]
[19,11,]   239   1.84711e-005   -3.02498e-039   4.21291e-039   [0.000005,0.000013,]
[0,12,]   240   1.57095e-005   -3.24717e-039   4.3951e-039   [0.000004,-0.000011,]
[1,12,]   241   5.39698e-005   -1.64183e-039   3.57531e-039   [-0.000008,-0.000013,]
[2,12,]   242   0.000169468   -8.14967e-040   2.84667e-039   [-0.000005,-0.000014,]
[3,12,]   243   0.000440511   -1.89112e-040   2.20929e-039   [-0.000006,-0.000016,]
[4,12,]   244   0.000932476   2.94414e-040   1.66334e-039   [-0.000008,-0.000018,]
[5,12,]   245   0.00160227   6.63157e-040   1.2089e-039   [-0.000011,-0.000020,]
[6,12,]   246   0.0022284   9.05404e-040   8.45734e-040   [-0.000016,-0.000022,]
[7,12,]   247   0.00252448   9.9474e-040   5.73259e-040   [-0.000023,-0.000023,]
[8,12,]   248   0.00241814   9.51576e-040   3.9098e-040   [-0.000035,-0.000021,]
[9,12,]   249   0.00217599   8.11001e-040   2.98964e-040   [-0.000045,-0.000009,]
[10,12,]   250   0.002183   7.87302e-040   2.97771e-040   [-0.000045,0.000008,]
[11,12,]   251   0.00243057   9.86027e-040   3.87928e-040   [-0.000034,0.000020,]
[12,12,]   252   0.00252422   9.95365e-040   5.69598e-040   [-0.000023,0.000023,]
[13,12,]   253   0.00221819   8.95963e-040   8.42662e-040   [-0.000016,0.000022,]
[14,12,]   254   0.00158744   6.48092e-040   1.20696e-039   [-0.000011,0.000020,]
[15,12,]   255   0.000919287   2.73869e-040   1.6624e-039   [-0.000008,0.000018,]
[16,12,]   256   0.000432118   -2.14061e-040   2.20893e-039   [-0.000006,0.000016,]
[17,12,]   257   0.000165359   -8.32105e-040   2.84656e-039   [-0.000005,0.000014,]
[18,12,]   258   5.19352e-005   -1.54578e-039   3.57528e-039   [0.000000,0.000013,]
[19,12,]   259   1.34318e-005   -3.29588e-039   4.39509e-039   [0.000005,0.000012,]
[0,13,]   260   1.01385e-005   -3.61114e-039   4.66836e-039   [0.000003,-0.000010,]
[1,13,]   261   3.46702e-005   -1.92777e-039   3.84856e-039   [-0.000009,-0.000012,]
[2,13,]   262   0.000110683   -1.07705e-039   3.11985e-039   [-0.000006,-0.000013,]
[3,13,]   263   0.00029473   -4.45436e-040   2.48225e-039   [-0.000007,-0.000014,]
[4,13,]   264   0.000645874   4.6312e-041   1.93579e-039   [-0.000009,-0.000015,]
[5,13,]   265   0.00116804   4.35094e-040   1.48048e-039   [-0.000012,-0.000016,]
[6,13,]   266   0.00175275   7.15511e-040   1.11628e-039   [-0.000017,-0.000017,]
[7,13,]   267   0.00221825   8.95753e-040   8.43117e-040   [-0.000022,-0.000016,]
[8,13,]   268   0.00245306   9.87216e-040   6.60923e-040   [-0.000028,-0.000012,]
[9,13,]   269   0.00251817   1.0762e-039   5.69708e-040   [-0.000033,-0.000005,]
[10,13,]   270   0.00252185   1.06318e-039   5.69546e-040   [-0.000033,0.000005,]
[11,13,]   271   0.0024667   9.98079e-040   6.6051e-040   [-0.000028,0.000012,]
[12,13,]   272   0.00222793   9.06496e-040   8.42621e-040   [-0.000022,0.000016,]
[13,13,]   273   0.00175266   7.15939e-040   1.11586e-039   [-0.000017,0.000017,]
[14,13,]   274   0.00116109   4.25595e-040   1.48021e-039   [-0.000013,0.000016,]
[15,13,]   275   0.000637755   2.72944e-041   1.93566e-039   [-0.000010,0.000015,]
[16,13,]   276   0.000288997   -4.7241e-040   2.4822e-039   [-0.000008,0.000014,]
[17,13,]   277   0.000107711   -1.09963e-039   3.11983e-039   [-0.000006,0.000013,]
[18,13,]   278   3.31781e-005   -1.81034e-039   3.84855e-039   [-0.000000,0.000012,]
[19,13,]   279   8.41095e-006   -3.68245e-039   4.66836e-039   [0.000005,0.000012,]
[0,14,]   280   5.56983e-006   -4.07974e-039   5.03272e-039   [0.000002,-0.000009,]
[1,14,]   281   1.90195e-005   -2.30447e-039   4.21291e-039   [-0.000011,-0.000011,]
[2,14,]   282   6.18594e-005   -1.43089e-039   3.48419e-039   [-0.000007,-0.000011,]
[3,14,]   283   0.000169018   -7.92231e-040   2.84657e-039   [-0.000008,-0.000012,]
[4,14,]   284   0.000383477   -2.91353e-040   2.30004e-039   [-0.000010,-0.000013,]
[5,14,]   285   0.000726942   1.14418e-040   1.8446e-039   [-0.000013,-0.000013,]
[6,14,]   286   0.0011611   4.25461e-040   1.48026e-039   [-0.000016,-0.000013,]
[7,14,]   287   0.00158745   6.48025e-040   1.207e-039   [-0.000020,-0.000011,]
[8,14,]   288   0.00190518   7.97658e-040   1.02482e-039   [-0.000023,-0.000008,]
[9,14,]   289   0.00206876   8.77321e-040   9.33714e-040   [-0.000026,-0.000003,]
[10,14,]   290   0.00207526   8.85845e-040   9.33697e-040   [-0.000026,0.000003,]
[11,14,]   291   0.0019204   8.11975e-040   1.02477e-039   [-0.000023,0.000008,]
[12,14,]   292   0.00160173   6.64738e-040   1.20695e-039   [-0.000020,0.000011,]
[13,14,]   293   0.00116794   4.35783e-040   1.48021e-039   [-0.000016,0.000012,]
[14,14,]   294   0.00072693   1.14624e-040   1.84457e-039   [-0.000013,0.000013,]
[15,14,]   295   0.000380559   -3.02862e-040   2.30002e-039   [-0.000011,0.000013,]
[16,14,]   296   0.000166301   -8.14712e-040   2.84656e-039   [-0.000008,0.000012,]
[17,14,]   297   6.02824e-005   -1.45224e-039   3.48419e-039   [-0.000007,0.000011,]
[18,14,]   298   1.81766e-005   -2.16576e-039   4.21291e-039   [-0.000001,0.000011,]
[19,14,]   299   4.52255e-006   -4.17092e-039   5.03272e-039   [0.000005,0.000011,]
[0,15,]   300   2.5941e-006   -4.64553e-039   5.48817e-039   [0.000002,-0.000008,]
[1,15,]   301   8.86748e-006   -2.77305e-039   4.66836e-039   [-0.000012,-0.000010,]
[2,15,]   302   2.93945e-005   -1.87845e-039   3.93964e-039   [-0.000008,-0.000010,]
[3,15,]   303   8.23525e-005   -1.23213e-039   3.30201e-039   [-0.000009,-0.000011,]
[4,15,]   304   0.000192887   -7.22547e-040   2.75547e-039   [-0.000011,-0.000011,]
[5,15,]   305   0.00038056   -3.02895e-040   2.30002e-039   [-0.000013,-0.000011,]
[6,15,]   306   0.000637756   2.72615e-041   1.93567e-039   [-0.000015,-0.000010,]
[7,15,]   307   0.000919288   2.73851e-040   1.6624e-039   [-0.000018,-0.000008,]
[8,15,]   308   0.00115835   4.40825e-040   1.48022e-039   [-0.000020,-0.000006,]
[9,15,]   309   0.00129686   5.31885e-040   1.38913e-039   [-0.000021,-0.000002,]
[10,15,]   310   0.00130209   5.38591e-040   1.38912e-039   [-0.000021,0.000002,]
[11,15,]   311   0.00117083   4.59012e-040   1.48021e-039   [-0.000020,0.000005,]
[12,15,]   312   0.000932034   2.96541e-040   1.66239e-039   [-0.000018,0.000008,]
[13,15,]   313   0.000645802   4.73472e-041   1.93566e-039   [-0.000015,0.000009,]
[14,15,]   314   0.000383472   -2.91004e-040   2.30002e-039   [-0.000013,0.000010,]
[15,15,]   315   0.000192889   -7.22456e-040   2.75547e-039   [-0.000011,0.000011,]
[16,15,]   316   8.15838e-005   -1.24454e-039   3.30201e-039   [-0.000009,0.000010,]
[17,15,]   317   2.87987e-005   -1.89212e-039   3.93964e-039   [-0.000007,0.000010,]
[18,15,]   318   8.50056e-006   -2.6127e-039   4.66836e-039   [-0.000001,0.000010,]
[19,15,]   319   2.08031e-006   -4.75056e-039   5.48817e-039   [0.000006,0.000010,]
[0,16,]   320   1.02093e-006   -5.29736e-039   6.03471e-039   [0.000001,-0.000007,]
[1,16,]   321   3.4999e-006   -3.32849e-039   5.2149e-039   [-0.000013,-0.000009,]
[2,16,]   322   1.18163e-005   -2.41537e-039   4.48618e-039   [-0.000008,-0.000009,]
[3,16,]   323   3.3878e-005   -1.76164e-039   3.84855e-039   [-0.000009,-0.000009,]
[4,16,]   324   8.1583e-005   -1.24457e-039   3.30201e-039   [-0.000010,-0.000009,]
[5,16,]   325   0.000166301   -8.147e-040   2.84656e-039   [-0.000012,-0.000008,]
[6,16,]   326   0.000288997   -4.72416e-040   2.4822e-039   [-0.000014,-0.000008,]
[7,16,]   327   0.000432118   -2.14065e-040   2.20893e-039   [-0.000016,-0.000006,]
[8,16,]   328   0.000561691   -3.77184e-041   2.02675e-039   [-0.000017,-0.000004,]
[9,16,]   329   0.000640452   5.49035e-041   1.93566e-039   [-0.000018,-0.000001,]
[10,16,]   330   0.000643615   6.26773e-041   1.93566e-039   [-0.000018,0.000001,]
[11,16,]   331   0.000569302   -1.74495e-041   2.02675e-039   [-0.000017,0.000004,]
[12,16,]   332   0.000440248   -1.86438e-040   2.20893e-039   [-0.000016,0.000006,]
[13,16,]   333   0.000294691   -4.44047e-040   2.4822e-039   [-0.000014,0.000007,]
[14,16,]   334   0.000169017   -7.91737e-040   2.84656e-039   [-0.000012,0.000008,]
[15,16,]   335   8.23541e-005   -1.23199e-039   3.30201e-039   [-0.000011,0.000009,]
[16,16,]   336   3.38787e-005   -1.7616e-039   3.84855e-039   [-0.000009,0.000009,]
[17,16,]   337   1.16773e-005   -2.4177e-039   4.48618e-039   [-0.000008,0.000009,]
[18,16,]   338   3.37872e-006   -3.14769e-039   5.2149e-039   [-0.000000,0.000009,]
[19,16,]   339   8.15376e-007   -5.40985e-039   6.03471e-039   [0.000007,0.000009,]
[0,17,]   340   3.37383e-007   -6.07376e-039   6.67234e-039   [0.000001,-0.000006,]
[1,17,]   341   1.16139e-006   -4.01122e-039   5.85253e-039   [-0.000013,-0.000008,]
[2,17,]   342   3.98906e-006   -3.08028e-039   5.12381e-039   [-0.000008,-0.000008,]
[3,17,]   343   1.16771e-005   -2.41772e-039   4.48618e-039   [-0.000009,-0.000008,]
[4,17,]   344   2.87984e-005   -1.89214e-039   3.93964e-039   [-0.000010,-0.000007,]
[5,17,]   345   6.02824e-005   -1.45222e-039   3.48419e-039   [-0.000011,-0.000007,]
[6,17,]   346   0.000107711   -1.09963e-039   3.11983e-039   [-0.000013,-0.000006,]
[7,17,]   347   0.000165359   -8.32105e-040   2.84656e-039   [-0.000014,-0.000005,]
[8,17,]   348   0.000219553   -6.49466e-040   2.66438e-039   [-0.000015,-0.000003,]
[9,17,]   349   0.000253428   -5.52967e-040   2.57329e-039   [-0.000016,-0.000001,]
[10,17,]   350   0.000254916   -5.44735e-040   2.57329e-039   [-0.000016,0.000001,]
[11,17,]   351   0.000223185   -6.26275e-040   2.66438e-039   [-0.000015,0.000003,]
[12,17,]   352   0.000169349   -7.98408e-040   2.84656e-039   [-0.000014,0.000005,]
[13,17,]   353   0.000110665   -1.06129e-039   3.11983e-039   [-0.000013,0.000006,]
[14,17,]   354   6.1859e-005   -1.41547e-039   3.48419e-039   [-0.000011,0.000007,]
[15,17,]   355   2.93954e-005   -1.8628e-039   3.93964e-039   [-0.000010,0.000008,]
[16,17,]   356   1.18168e-005   -2.39923e-039   4.48618e-039   [-0.000009,0.000008,]
[17,17,]   357   3.98926e-006   -3.06364e-039   5.12381e-039   [-0.000008,0.000008,]
[18,17,]   358   1.13356e-006   -3.80566e-039   5.85253e-039   [-0.000000,0.000008,]
[19,17,]   359   2.70439e-007   -6.18098e-039   6.67234e-039   [0.000007,0.000009,]
[0,18,]   360   9.39599e-008   -6.93933e-039   7.40106e-039   [0.000001,0.000001,]
[1,18,]   361   3.2494e-007   -4.77536e-039   6.58125e-039   [-0.000014,0.000000,]
[2,18,]   362   1.1335e-006   -3.8228e-039   5.85253e-039   [-0.000008,-0.000000,]
[3,18,]   363   3.37865e-006   -3.1477e-039   5.2149e-039   [-0.000009,-0.000000,]
[4,18,]   364   8.50048e-006   -2.61271e-039   4.66836e-039   [-0.000010,-0.000001,]
[5,18,]   365   1.81766e-005   -2.16574e-039   4.21291e-039   [-0.000011,-0.000001,]
[6,18,]   366   3.31781e-005   -1.81034e-039   3.84855e-039   [-0.000012,-0.000000,]
[7,18,]   367   5.19352e-005   -1.54578e-039   3.57528e-039   [-0.000013,0.000000,]
[8,18,]   368   7.00129e-005   -1.37254e-039   3.3931e-039   [-0.000013,0.000001,]
[9,18,]   369   8.15285e-005   -1.29158e-039   3.30201e-039   [-0.000014,0.000003,]
[10,18,]   370   8.20992e-005   -1.30337e-039   3.30201e-039   [-0.000014,0.000004,]
[11,18,]   371   7.14166e-005   -1.40767e-039   3.3931e-039   [-0.000013,0.000006,]
[12,18,]   372   5.3504e-005   -1.60352e-039   3.57528e-039   [-0.000013,0.000008,]
[13,18,]   373   3.43762e-005   -1.88977e-039   3.84855e-039   [-0.000012,0.000009,]
[14,18,]   374   1.88529e-005   -2.26597e-039   4.21291e-039   [-0.000011,0.000011,]
[15,18,]   375   8.78628e-006   -2.73325e-039   4.66836e-039   [-0.000010,0.000012,]
[16,18,]   376   3.46644e-006   -3.28708e-039   5.2149e-039   [-0.000009,0.000013,]
[17,18,]   377   1.14985e-006   -3.96817e-039   5.85253e-039   [-0.000008,0.000013,]
[18,18,]   378   3.21599e-007   -4.73032e-039   6.58125e-039   [0.000000,0.000014,]
[19,18,]   379   7.6032e-008   -7.21911e-039   7.40106e-039   [0.000008,0.000015,]
[0,19,]   380   2.23773e-008   -9.48597e-039   8.22087e-039   [0.000001,0.000009,]
[1,19,]   381   7.68707e-008   -7.26416e-039   7.40106e-039   [-0.000015,0.000008,]
[2,19,]   382   2.70426e-007   -6.19906e-039   6.67234e-039   [-0.000009,0.000007,]
[3,19,]   383   8.15357e-007   -5.40987e-039   6.03471e-039   [-0.000010,0.000007,]
[4,19,]   384   2.08029e-006   -4.75057e-039   5.48817e-039   [-0.000010,0.000006,]
[5,19,]   385   4.52255e-006   -4.1709e-039   5.03272e-039   [-0.000011,0.000005,]
[6,19,]   386   8.41095e-006   -3.68245e-039   4.66836e-039   [-0.000012,0.000005,]
[7,19,]   387   1.34318e-005   -3.29588e-039   4.39509e-039   [-0.000012,0.000005,]
[8,19,]   388   1.84711e-005   -3.02498e-039   4.21291e-039   [-0.000013,0.000005,]
[9,19,]   389   2.19048e-005   -2.88266e-039   4.12182e-039   [-0.000013,0.000006,]
[10,19,]   390   2.23925e-005   -2.87635e-039   4.12182e-039   [-0.000012,0.000007,]
[11,19,]   391   1.96909e-005   -3.00576e-039   4.21291e-039   [-0.000011,0.000009,]
[12,19,]   392   1.48447e-005   -3.26352e-039   4.39509e-039   [-0.000011,0.000011,]
[13,19,]   393   9.55669e-006   -3.63804e-039   4.66836e-039   [-0.000010,0.000012,]
[14,19,]   394   5.23311e-006   -4.11772e-039   5.03272e-039   [-0.000009,0.000014,]
[15,19,]   395   2.42872e-006   -4.69427e-039   5.48817e-039   [-0.000008,0.000016,]
[16,19,]   396   9.52549e-007   -5.35628e-039   6.03471e-039   [-0.000007,0.000017,]
[17,19,]   397   3.1376e-007   -6.1422e-039   6.67234e-039   [-0.000007,0.000018,]
[18,19,]   398   8.71117e-008   -7.01472e-039   7.40106e-039   [0.000001,0.000019,]
[19,19,]   399   2.06532e-008   -9.5915e-039   8.22087e-039   [0.000009,0.000021,]
