coordinates  index   rho      Q      V    velocities 
[0,0,]   0   2.4577e-008   -9.32233e-039   8.22199e-039   [0.000012,-0.000002,]
[1,0,]   1   9.80034e-008   -6.81364e-039   7.40648e-039   [-0.000001,-0.000002,]
[2,0,]   2   3.4816e-007   -5.8915e-039   6.69271e-039   [0.000006,-0.000002,]
[3,0,]   3   1.04709e-006   -5.11637e-039   6.09437e-039   [0.000008,-0.000002,]
[4,0,]   4   2.63847e-006   -4.50635e-039   5.62426e-039   [0.000009,-0.000002,]
[5,0,]   5   5.614e-006   -3.99132e-039   5.27451e-039   [0.000009,-0.000001,]
[6,0,]   6   1.01375e-005   -3.56535e-039   5.00292e-039   [0.000010,0.000000,]
[7,0,]   7   1.56134e-005   -3.22886e-039   4.75562e-039   [0.000011,0.000002,]
[8,0,]   8   2.06039e-005   -2.992e-039   4.51548e-039   [0.000012,0.000004,]
[9,0,]   9   2.33852e-005   -2.86949e-039   4.31959e-039   [0.000012,0.000005,]
[10,0,]   10   2.28901e-005   -2.87379e-039   4.22249e-039   [0.000013,0.000007,]
[11,0,]   11   1.93477e-005   -3.00933e-039   4.25282e-039   [0.000013,0.000008,]
[12,0,]   12   1.41161e-005   -3.27104e-039   4.40741e-039   [0.000012,0.000010,]
[13,0,]   13   8.87206e-006   -3.64727e-039   4.67133e-039   [0.000012,0.000011,]
[14,0,]   14   4.78753e-006   -4.12507e-039   5.03328e-039   [0.000011,0.000011,]
[15,0,]   15   2.20921e-006   -4.69436e-039   5.48825e-039   [0.000010,0.000012,]
[16,0,]   16   8.68214e-007   -5.34488e-039   6.03472e-039   [0.000009,0.000012,]
[17,0,]   17   2.88699e-007   -6.1047e-039   6.67234e-039   [0.000009,0.000013,]
[18,0,]   18   8.13149e-008   -7.11703e-039   7.40106e-039   [0.000014,0.000013,]
[19,0,]   19   2.18503e-008   -9.49027e-039   8.22087e-039   [0.000020,0.000013,]
[0,1,]   20   8.55073e-008   -7.0984e-039   7.40411e-039   [0.000012,-0.000017,]
[1,1,]   21   3.41667e-007   -4.70001e-039   6.59597e-039   [-0.000000,-0.000017,]
[2,1,]   22   1.20554e-006   -3.90224e-039   5.90789e-039   [0.000007,-0.000017,]
[3,1,]   23   3.61027e-006   -3.21765e-039   5.37706e-039   [0.000009,-0.000017,]
[4,1,]   24   9.08366e-006   -2.68438e-039   5.0383e-039   [0.000010,-0.000016,]
[5,1,]   25   1.93424e-005   -2.24318e-039   4.87017e-039   [0.000012,-0.000014,]
[6,1,]   26   3.5029e-005   -1.88971e-039   4.75799e-039   [0.000013,-0.000012,]
[7,1,]   27   5.42356e-005   -1.61907e-039   4.5553e-039   [0.000014,-0.000010,]
[8,1,]   28   7.21482e-005   -1.43134e-039   4.21558e-039   [0.000014,-0.000007,]
[9,1,]   29   8.27961e-005   -1.32969e-039   3.83959e-039   [0.000014,-0.000005,]
[10,1,]   30   8.2177e-005   -1.31786e-039   3.57565e-039   [0.000014,-0.000003,]
[11,1,]   31   7.0584e-005   -1.39819e-039   3.50158e-039   [0.000013,-0.000001,]
[12,1,]   32   5.23872e-005   -1.57108e-039   3.60877e-039   [0.000013,0.000000,]
[13,1,]   33   3.34871e-005   -1.8358e-039   3.85661e-039   [0.000012,0.000001,]
[14,1,]   34   1.83554e-005   -2.19175e-039   4.21442e-039   [0.000011,0.000001,]
[15,1,]   35   8.58715e-006   -2.63944e-039   4.66858e-039   [0.000010,0.000001,]
[16,1,]   36   3.41372e-006   -3.17598e-039   5.21493e-039   [0.000009,0.000001,]
[17,1,]   37   1.14578e-006   -3.83205e-039   5.85253e-039   [0.000008,0.000001,]
[18,1,]   38   3.25069e-007   -4.73954e-039   6.58125e-039   [0.000013,0.000000,]
[19,1,]   39   8.6979e-008   -7.03782e-039   7.40106e-039   [0.000018,-0.000001,]
[0,2,]   40   2.9898e-007   -5.97973e-039   6.67879e-039   [0.000011,-0.000013,]
[1,2,]   41   1.17668e-006   -3.70167e-039   5.88369e-039   [-0.000001,-0.000013,]
[2,2,]   42   4.07719e-006   -2.94247e-039   5.24101e-039   [0.000007,-0.000014,]
[3,2,]   43   1.20186e-005   -2.28398e-039   4.82947e-039   [0.000009,-0.000014,]
[4,2,]   44   2.97979e-005   -1.77438e-039   4.72279e-039   [0.000011,-0.000014,]
[5,2,]   45   6.25128e-005   -1.35919e-039   4.8756e-039   [0.000013,-0.000013,]
[6,2,]   46   0.000111515   -1.0338e-039   5.0451e-039   [0.000015,-0.000011,]
[7,2,]   47   0.000170238   -7.91735e-040   4.92126e-039   [0.000016,-0.000008,]
[8,2,]   48   0.000223952   -6.31575e-040   4.40557e-039   [0.000017,-0.000005,]
[9,2,]   49   0.000255495   -5.55054e-040   3.71134e-039   [0.000017,-0.000002,]
[10,2,]   50   0.000253856   -5.6424e-040   3.15259e-039   [0.000016,0.000001,]
[11,2,]   51   0.000219888   -6.59997e-040   2.89404e-039   [0.000015,0.000003,]
[12,2,]   52   0.000165617   -8.41691e-040   2.91747e-039   [0.000014,0.000005,]
[13,2,]   53   0.000107888   -1.10866e-039   3.13688e-039   [0.000013,0.000006,]
[14,2,]   54   6.03805e-005   -1.46125e-039   3.48739e-039   [0.000011,0.000007,]
[15,2,]   55   2.88416e-005   -1.90153e-039   3.94011e-039   [0.000010,0.000007,]
[16,2,]   56   1.16918e-005   -2.42841e-039   4.48624e-039   [0.000009,0.000008,]
[17,2,]   57   3.99434e-006   -3.07248e-039   5.12382e-039   [0.000008,0.000008,]
[18,2,]   58   1.15096e-006   -3.96054e-039   5.85253e-039   [0.000013,0.000008,]
[19,2,]   59   3.10304e-007   -6.14937e-039   6.67234e-039   [0.000017,0.000007,]
[0,3,]   60   8.84256e-007   -5.20643e-039   6.04535e-039   [0.000009,-0.000013,]
[1,3,]   61   3.40894e-006   -3.08327e-039   5.26627e-039   [-0.000002,-0.000013,]
[2,3,]   62   1.1565e-005   -2.36667e-039   4.6794e-039   [0.000006,-0.000014,]
[3,3,]   63   3.34819e-005   -1.7179e-039   4.41454e-039   [0.000009,-0.000015,]
[4,3,]   64   8.16252e-005   -1.19853e-039   4.5932e-039   [0.000012,-0.000014,]
[5,3,]   65   0.000168217   -7.67675e-040   5.14061e-039   [0.000015,-0.000014,]
[6,3,]   66   0.00029434   -4.28204e-040   5.65643e-039   [0.000017,-0.000012,]
[7,3,]   67   0.000440705   -1.77165e-040   5.62953e-039   [0.000019,-0.000009,]
[8,3,]   68   0.000570392   -1.31712e-041   4.89748e-039   [0.000020,-0.000006,]
[9,3,]   69   0.000644821   6.36113e-041   3.81199e-039   [0.000020,-0.000002,]
[10,3,]   70   0.000641421   5.42267e-041   2.89077e-039   [0.000019,0.000001,]
[11,3,]   71   0.000562369   -3.88054e-041   2.40539e-039   [0.000018,0.000004,]
[12,3,]   72   0.000432566   -2.1471e-040   2.32583e-039   [0.000016,0.000006,]
[13,3,]   73   0.000289261   -4.72679e-040   2.51031e-039   [0.000014,0.000008,]
[14,3,]   74   0.000166425   -8.14933e-040   2.85183e-039   [0.000012,0.000008,]
[15,3,]   75   8.16247e-005   -1.24508e-039   3.30278e-039   [0.000010,0.000009,]
[16,3,]   76   3.38847e-005   -1.76328e-039   3.84864e-039   [0.000009,0.000009,]
[17,3,]   77   1.18186e-005   -2.39901e-039   4.48619e-039   [0.000008,0.000009,]
[18,3,]   78   3.46579e-006   -3.27142e-039   5.2149e-039   [0.000012,0.000009,]
[19,3,]   79   9.41707e-007   -5.35341e-039   6.03471e-039   [0.000016,0.000007,]
[0,4,]   80   2.21293e-006   -4.59586e-039   5.50183e-039   [0.000008,-0.000011,]
[1,4,]   81   8.36456e-006   -2.63293e-039   4.73432e-039   [-0.000002,-0.000011,]
[2,4,]   82   2.77697e-005   -1.951e-039   4.18774e-039   [0.000005,-0.000012,]
[3,4,]   83   7.87089e-005   -1.30627e-039   4.02875e-039   [0.000008,-0.000013,]
[4,4,]   84   0.00018763   -7.71304e-040   4.4134e-039   [0.000012,-0.000013,]
[5,4,]   85   0.000376867   -3.20073e-040   5.24563e-039   [0.000016,-0.000012,]
[6,4,]   86   0.000640399   3.5899e-041   6.01146e-039   [0.000019,-0.000011,]
[7,4,]   87   0.000929914   2.96184e-040   6.05453e-039   [0.000022,-0.000009,]
[8,4,]   88   0.00117181   4.62795e-040   5.1663e-039   [0.000024,-0.000006,]
[9,4,]   89   0.00130431   5.41257e-040   3.79837e-039   [0.000024,-0.000002,]
[10,4,]   90   0.00129886   5.3264e-040   2.6155e-039   [0.000023,0.000002,]
[11,4,]   91   0.00115974   4.41182e-040   1.96639e-039   [0.000020,0.000005,]
[12,4,]   92   0.000920108   2.74024e-040   1.8125e-039   [0.000018,0.000008,]
[13,4,]   93   0.000638174   2.76527e-041   1.97175e-039   [0.000015,0.000010,]
[14,4,]   94   0.000380718   -3.02537e-040   2.30678e-039   [0.000013,0.000011,]
[15,4,]   95   0.000192916   -7.22404e-040   2.75646e-039   [0.000011,0.000011,]
[16,4,]   96   8.2339e-005   -1.23297e-039   3.30212e-039   [0.000009,0.000011,]
[17,4,]   97   2.93895e-005   -1.86194e-039   3.93965e-039   [0.000008,0.000010,]
[18,4,]   98   8.78164e-006   -2.71827e-039   4.66836e-039   [0.000011,0.000010,]
[19,4,]   99   2.40249e-006   -4.69019e-039   5.48817e-039   [0.000015,0.000008,]
[0,5,]   100   4.76094e-006   -4.06536e-039   5.04638e-039   [0.000007,-0.000009,]
[1,5,]   101   1.77458e-005   -2.23219e-039   4.27887e-039   [-0.000002,-0.000008,]
[2,5,]   102   5.77373e-005   -1.56099e-039   3.73229e-039   [0.000005,-0.000009,]
[3,5,]   103   0.000159568   -9.19465e-040   3.5733e-039   [0.000008,-0.000009,]
[4,5,]   104   0.00036874   -3.82339e-040   3.95795e-039   [0.000012,-0.000010,]
[5,5,]   105   0.000712703   6.7928e-041   4.79018e-039   [0.000016,-0.000011,]
[6,5,]   106   0.00115679   4.16661e-040   5.55601e-039   [0.000020,-0.000011,]
[7,5,]   107   0.0015974   6.62567e-040   5.59908e-039   [0.000024,-0.000010,]
[8,5,]   108   0.00192182   8.1569e-040   4.71085e-039   [0.000027,-0.000007,]
[9,5,]   109   0.0020788   8.88638e-040   3.34292e-039   [0.000028,-0.000002,]
[10,5,]   110   0.00207181   8.78345e-040   2.16005e-039   [0.000027,0.000003,]
[11,5,]   111   0.00190715   7.97775e-040   1.51094e-039   [0.000024,0.000008,]
[12,5,]   112   0.00158851   6.48359e-040   1.35705e-039   [0.000020,0.000011,]
[13,5,]   113   0.00116151   4.25599e-040   1.5163e-039   [0.000016,0.000013,]
[14,5,]   114   0.000727007   1.1454e-040   1.85133e-039   [0.000013,0.000013,]
[15,5,]   115   0.000383407   -2.91395e-040   2.30101e-039   [0.000010,0.000013,]
[16,5,]   116   0.000168939   -7.93062e-040   2.84667e-039   [0.000008,0.000012,]
[17,5,]   117   6.18312e-005   -1.41504e-039   3.4842e-039   [0.000007,0.000011,]
[18,5,]   118   1.88391e-005   -2.25292e-039   4.21291e-039   [0.000010,0.000011,]
[19,5,]   119   5.18102e-006   -4.1135e-039   5.03272e-039   [0.000013,0.000009,]
[0,6,]   120   8.84653e-006   -3.60547e-039   4.679e-039   [0.000007,-0.000008,]
[1,6,]   121   3.26988e-005   -1.86258e-039   3.89992e-039   [-0.000002,-0.000007,]
[2,6,]   122   0.000104509   -1.17679e-039   3.31305e-039   [0.000004,-0.000007,]
[3,6,]   123   0.000280836   -5.41349e-040   3.04819e-039   [0.000007,-0.000008,]
[4,6,]   124   0.000624349   -2.11403e-041   3.22685e-039   [0.000011,-0.000009,]
[5,6,]   125   0.0011466   4.01164e-040   3.77426e-039   [0.000015,-0.000011,]
[6,6,]   126   0.00174347   7.10275e-040   4.29008e-039   [0.000020,-0.000012,]
[7,6,]   127   0.00222656   9.09498e-040   4.26318e-039   [0.000026,-0.000013,]
[8,6,]   128   0.00247038   1.00302e-039   3.53113e-039   [0.000031,-0.000010,]
[9,6,]   129   0.0025267   1.06467e-039   2.44564e-039   [0.000035,-0.000004,]
[10,6,]   130   0.00252144   1.07275e-039   1.52442e-039   [0.000034,0.000005,]
[11,6,]   131   0.00245498   9.87054e-040   1.03904e-039   [0.000029,0.000012,]
[12,6,]   132   0.00221891   8.95324e-040   9.59483e-040   [0.000022,0.000016,]
[13,6,]   133   0.00175279   7.15839e-040   1.14396e-039   [0.000017,0.000017,]
[14,6,]   134   0.00116776   4.35317e-040   1.48548e-039   [0.000012,0.000016,]
[15,6,]   135   0.000645556   4.6672e-041   1.93643e-039   [0.000009,0.000015,]
[16,6,]   136   0.000294511   -4.45552e-040   2.48229e-039   [0.000007,0.000014,]
[17,6,]   137   0.000110604   -1.0611e-039   3.11984e-039   [0.000006,0.000013,]
[18,6,]   138   3.43495e-005   -1.87863e-039   3.84855e-039   [0.000009,0.000012,]
[19,6,]   139   9.47237e-006   -3.6335e-039   4.66836e-039   [0.000012,0.000010,]
[0,7,]   140   1.41593e-005   -3.23623e-039   4.40154e-039   [0.000008,-0.000008,]
[1,7,]   141   5.19589e-005   -1.56345e-039   3.60644e-039   [-0.000001,-0.000008,]
[2,7,]   142   0.000163532   -8.5227e-040   2.96376e-039   [0.000004,-0.000008,]
[3,7,]   143   0.000427535   -2.25542e-040   2.55222e-039   [0.000006,-0.000009,]
[4,7,]   144   0.000912774   2.70224e-040   2.44554e-039   [0.000009,-0.000012,]
[5,7,]   145   0.00158263   6.52261e-040   2.59835e-039   [0.000013,-0.000014,]
[6,7,]   146   0.00221851   9.03939e-040   2.76785e-039   [0.000018,-0.000018,]
[7,7,]   147   0.00252901   1.00316e-039   2.64401e-039   [0.000026,-0.000020,]
[8,7,]   148   0.00243569   9.85414e-040   2.12832e-039   [0.000036,-0.000018,]
[9,7,]   149   0.00218898   7.99585e-040   1.43409e-039   [0.000046,-0.000008,]
[10,7,]   150   0.00218083   8.16219e-040   8.75343e-040   [0.000046,0.000009,]
[11,7,]   151   0.00241949   9.49803e-040   6.16786e-040   [0.000035,0.000021,]
[12,7,]   152   0.0025242   9.94147e-040   6.40216e-040   [0.000023,0.000023,]
[13,7,]   153   0.0022275   9.05403e-040   8.59631e-040   [0.000016,0.000022,]
[14,7,]   154   0.00160125   6.64259e-040   1.21014e-039   [0.000011,0.000020,]
[15,7,]   155   0.000931613   2.95757e-040   1.66286e-039   [0.000008,0.000018,]
[16,7,]   156   0.000439981   -1.8789e-040   2.20899e-039   [0.000006,0.000016,]
[17,7,]   157   0.000169265   -7.98251e-040   2.84657e-039   [0.000005,0.000014,]
[18,7,]   158   5.34698e-005   -1.59416e-039   3.57528e-039   [0.000007,0.000013,]
[19,7,]   159   1.47345e-005   -3.25849e-039   4.39509e-039   [0.000010,0.000011,]
[0,8,]   160   1.94676e-005   -2.98287e-039   4.21596e-039   [0.000008,-0.000010,]
[1,8,]   161   7.0732e-005   -1.37471e-039   3.40782e-039   [-0.000002,-0.000010,]
[2,8,]   162   0.00021991   -6.40289e-040   2.71974e-039   [0.000003,-0.000011,]
[3,8,]   163   0.000562327   -2.07873e-041   2.18891e-039   [0.000004,-0.000013,]
[4,8,]   164   0.00116042   4.56897e-040   1.85015e-039   [0.000006,-0.000016,]
[5,8,]   165   0.00190995   8.10728e-040   1.68202e-039   [0.000009,-0.000020,]
[6,8,]   166   0.00246037   9.9715e-040   1.56984e-039   [0.000013,-0.000025,]
[7,8,]   167   0.00242575   9.5728e-040   1.36715e-039   [0.000022,-0.000032,]
[8,8,]   168   0.00182022   4.24801e-040   1.02743e-039   [0.000040,-0.000038,]
[9,8,]   169   0.00120402   -5.60908e-040   6.51439e-040   [0.000070,-0.000016,]
[10,8,]   170   0.00118085   -8.36816e-040   3.87505e-040   [0.000070,0.000031,]
[11,8,]   171   0.00181565   4.19634e-040   3.13433e-040   [0.000039,0.000039,]
[12,8,]   172   0.00242977   9.79836e-040   4.20625e-040   [0.000020,0.000034,]
[13,8,]   173   0.00246623   9.97777e-040   6.68456e-040   [0.000012,0.000028,]
[14,8,]   174   0.00191987   8.11389e-040   1.02627e-039   [0.000008,0.000023,]
[15,8,]   175   0.00117041   4.5853e-040   1.48043e-039   [0.000005,0.000020,]
[16,8,]   176   0.000569049   -1.86714e-041   2.02678e-039   [0.000004,0.000017,]
[17,8,]   177   0.000223125   -6.25894e-040   2.66438e-039   [0.000003,0.000015,]
[18,8,]   178   7.13936e-005   -1.39981e-039   3.3931e-039   [0.000006,0.000013,]
[19,8,]   179   1.95761e-005   -3.00007e-039   4.21291e-039   [0.000008,0.000012,]
[0,9,]   180   2.30082e-005   -2.85779e-039   4.12294e-039   [0.000007,-0.000011,]
[1,9,]   181   8.2543e-005   -1.30007e-039   3.30743e-039   [-0.000003,-0.000012,]
[2,9,]   182   0.000254767   -5.46455e-040   2.59366e-039   [0.000001,-0.000013,]
[3,9,]   183   0.000643297   6.93239e-041   1.99532e-039   [0.000001,-0.000016,]
[4,9,]   184   0.00130185   5.42941e-040   1.52521e-039   [0.000002,-0.000019,]
[5,9,]   185   0.00207549   8.84116e-040   1.17546e-039   [0.000003,-0.000024,]
[6,9,]   186   0.00252499   1.07558e-039   9.03874e-040   [0.000005,-0.000031,]
[7,9,]   187   0.00218347   8.17943e-040   6.56571e-040   [0.000009,-0.000044,]
[8,9,]   188   0.00118222   -8.34908e-040   4.16435e-040   [0.000031,-0.000069,]
[9,9,]   189   0.00033016   -1.09883e-038   2.20536e-040   [0.000124,-0.000110,]
[10,9,]   190   0.000329661   -1.10019e-038   1.2344e-040   [0.000111,0.000124,]
[11,9,]   191   0.00120185   -5.62235e-040   1.5377e-040   [0.000017,0.000070,]
[12,9,]   192   0.00218506   7.98833e-040   3.08364e-040   [0.000009,0.000045,]
[13,9,]   193   0.00252215   1.06229e-039   5.72275e-040   [0.000005,0.000033,]
[14,9,]   194   0.00207504   8.85104e-040   9.34227e-040   [0.000003,0.000026,]
[15,9,]   195   0.00130188   5.38021e-040   1.3892e-039   [0.000002,0.000021,]
[16,9,]   196   0.000643515   6.19383e-041   1.93567e-039   [0.000001,0.000018,]
[17,9,]   197   0.00025494   -5.43894e-040   2.57329e-039   [0.000001,0.000016,]
[18,9,]   198   8.2111e-005   -1.2966e-039   3.30201e-039   [0.000004,0.000014,]
[19,9,]   199   2.22994e-005   -2.86982e-039   4.12182e-039   [0.000007,0.000012,]
[0,10,]   200   2.34211e-005   -2.86219e-039   4.12214e-039   [0.000006,-0.000012,]
[1,10,]   201   8.29573e-005   -1.32289e-039   3.30356e-039   [-0.000004,-0.000013,]
[2,10,]   202   0.000255894   -5.50503e-040   2.57913e-039   [-0.000001,-0.000015,]
[3,10,]   203   0.000645622   6.57058e-041   1.95275e-039   [-0.000001,-0.000017,]
[4,10,]   204   0.00130535   5.40285e-040   1.42811e-039   [-0.000002,-0.000020,]
[5,10,]   205   0.00207916   8.85428e-040   1.00295e-039   [-0.000003,-0.000025,]
[6,10,]   206   0.00252555   1.0609e-039   6.65166e-040   [-0.000005,-0.000032,]
[7,10,]   207   0.00218686   7.96204e-040   3.99336e-040   [-0.000008,-0.000044,]
[8,10,]   208   0.00120237   -5.64963e-040   2.00551e-040   [-0.000016,-0.000069,]
[9,10,]   209   0.000329561   -1.10062e-038   7.94326e-041   [-0.000110,-0.000124,]
[10,10,]   210   0.000329493   -1.1003e-038   5.16142e-041   [-0.000124,0.000111,]
[11,10,]   211   0.00118011   -8.3427e-040   1.25296e-040   [-0.000030,0.000070,]
[12,10,]   212   0.00217895   8.17807e-040   2.99573e-040   [-0.000009,0.000045,]
[13,10,]   213   0.00251855   1.07276e-039   5.70161e-040   [-0.000005,0.000033,]
[14,10,]   214   0.00206898   8.77216e-040   9.33831e-040   [-0.000003,0.000026,]
[15,10,]   215   0.00129702   5.31736e-040   1.38915e-039   [-0.000002,0.000021,]
[16,10,]   216   0.000640587   5.48018e-041   1.93567e-039   [-0.000001,0.000018,]
[17,10,]   217   0.000253564   -5.5153e-040   2.57329e-039   [-0.000001,0.000016,]
[18,10,]   218   8.15848e-005   -1.28543e-039   3.30201e-039   [0.000002,0.000014,]
[19,10,]   219   2.18482e-005   -2.87525e-039   4.12182e-039   [0.000006,0.000012,]
[0,11,]   220   2.05367e-005   -2.99289e-039   4.21298e-039   [0.000005,-0.000011,]
[1,11,]   221   7.19928e-005   -1.43204e-039   3.39345e-039   [-0.000006,-0.000013,]
[2,11,]   222   0.00022353   -6.3905e-040   2.66568e-039   [-0.000003,-0.000015,]
[3,11,]   223   0.000569932   -2.04959e-041   2.03057e-039   [-0.000004,-0.000017,]
[4,11,]   224   0.00117183   4.56813e-040   1.48891e-039   [-0.000005,-0.000020,]
[5,11,]   225   0.00192149   8.09709e-040   1.04022e-039   [-0.000008,-0.000023,]
[6,11,]   226   0.00246745   9.96209e-040   6.8179e-040   [-0.000012,-0.000028,]
[7,11,]   227   0.00243026   9.78635e-040   4.1018e-040   [-0.000020,-0.000034,]
[8,11,]   228   0.00181554   4.1973e-040   2.24295e-040   [-0.000039,-0.000039,]
[9,11,]   229   0.00118012   -8.34691e-040   1.26505e-040   [-0.000070,-0.000030,]
[10,11,]   230   0.00120179   -5.61413e-040   1.20298e-040   [-0.000070,0.000016,]
[11,11,]   231   0.00181537   4.20834e-040   2.07504e-040   [-0.000039,0.000039,]
[12,11,]   232   0.00241869   9.50905e-040   3.8792e-040   [-0.000021,0.000035,]
[13,11,]   233   0.00245361   9.87698e-040   6.60592e-040   [-0.000012,0.000028,]
[14,11,]   234   0.00190576   7.98087e-040   1.0248e-039   [-0.000008,0.000023,]
[15,11,]   235   0.00115885   4.41713e-040   1.48022e-039   [-0.000006,0.000020,]
[16,11,]   236   0.000562002   -3.7466e-041   2.02675e-039   [-0.000004,0.000017,]
[17,11,]   237   0.000219766   -6.4738e-040   2.66438e-039   [-0.000003,0.000015,]
[18,11,]   238   7.00993e-005   -1.36655e-039   3.3931e-039   [0.000001,0.000013,]
[19,11,]   239   1.84472e-005   -3.01668e-039   4.21291e-039   [0.000005,0.000013,]
[0,12,]   240   1.54693e-005   -3.24503e-039   4.3951e-039   [0.000004,-0.000011,]
[1,12,]   241   5.38666e-005   -1.6273e-039   3.57534e-039   [-0.000007,-0.000013,]
[2,12,]   242   0.00016937   -8.12373e-040   2.84679e-039   [-0.000005,-0.000014,]
[3,12,]   243   0.00044021   -1.90122e-040   2.2096e-039   [-0.000006,-0.000016,]
[4,12,]   244   0.000931983   2.94036e-040   1.6639e-039   [-0.000008,-0.000018,]
[5,12,]   245   0.00160167   6.63076e-040   1.20963e-039   [-0.000011,-0.000020,]
[6,12,]   246   0.00222775   9.04751e-040   8.46299e-040   [-0.000016,-0.000022,]
[7,12,]   247   0.00252408   9.94118e-040   5.73318e-040   [-0.000023,-0.000023,]
[8,12,]   248   0.00241875   9.50704e-040   3.90494e-040   [-0.000035,-0.000021,]
[9,12,]   249   0.00217895   8.1776e-040   2.98239e-040   [-0.000045,-0.000009,]
[10,12,]   250   0.00218502   7.98933e-040   2.97161e-040   [-0.000045,0.000008,]
[11,12,]   251   0.00242964   9.80116e-040   3.87576e-040   [-0.000034,0.000020,]
[12,12,]   252   0.00252389   9.94597e-040   5.69449e-040   [-0.000023,0.000023,]
[13,12,]   253   0.00221841   8.95878e-040   8.42615e-040   [-0.000016,0.000022,]
[14,12,]   254   0.00158802   6.48983e-040   1.20695e-039   [-0.000011,0.000020,]
[15,12,]   255   0.000919816   2.74832e-040   1.66239e-039   [-0.000008,0.000018,]
[16,12,]   256   0.000432455   -2.13516e-040   2.20893e-039   [-0.000006,0.000016,]
[17,12,]   257   0.000165574   -8.29471e-040   2.84656e-039   [-0.000005,0.000014,]
[18,12,]   258   5.2023e-005   -1.53949e-039   3.57528e-039   [-0.000000,0.000013,]
[19,12,]   259   1.34259e-005   -3.28674e-039   4.39509e-039   [0.000004,0.000012,]
[0,13,]   260   9.96618e-006   -3.61098e-039   4.66836e-039   [0.000003,-0.000010,]
[1,13,]   261   3.45991e-005   -1.91154e-039   3.84856e-039   [-0.000009,-0.000012,]
[2,13,]   262   0.00011062   -1.07455e-039   3.11986e-039   [-0.000006,-0.000013,]
[3,13,]   263   0.000294546   -4.46709e-040   2.48229e-039   [-0.000007,-0.000014,]
[4,13,]   264   0.000645615   4.5867e-041   1.93587e-039   [-0.000009,-0.000015,]
[5,13,]   265   0.00116781   4.34916e-040   1.48058e-039   [-0.000012,-0.000016,]
[6,13,]   266   0.00175272   7.15839e-040   1.11636e-039   [-0.000017,-0.000017,]
[7,13,]   267   0.00221846   8.95722e-040   8.43125e-040   [-0.000022,-0.000016,]
[8,13,]   268   0.00245363   9.87646e-040   6.60857e-040   [-0.000028,-0.000012,]
[9,13,]   269   0.00251855   1.07276e-039   5.6961e-040   [-0.000033,-0.000005,]
[10,13,]   270   0.00252213   1.06233e-039   5.69464e-040   [-0.000033,0.000005,]
[11,13,]   271   0.00246618   9.97876e-040   6.60462e-040   [-0.000028,0.000012,]
[12,13,]   272   0.0022274   9.05606e-040   8.42601e-040   [-0.000022,0.000016,]
[13,13,]   273   0.00175266   7.16169e-040   1.11586e-039   [-0.000017,0.000017,]
[14,13,]   274   0.00116139   4.26036e-040   1.48021e-039   [-0.000013,0.000016,]
[15,13,]   275   0.000638108   2.82013e-041   1.93566e-039   [-0.000010,0.000015,]
[16,13,]   276   0.000289239   -4.71883e-040   2.4822e-039   [-0.000008,0.000014,]
[17,13,]   277   0.000107871   -1.0966e-039   3.11983e-039   [-0.000006,0.000013,]
[18,13,]   278   3.32444e-005   -1.80346e-039   3.84855e-039   [-0.000001,0.000012,]
[19,13,]   279   8.41032e-006   -3.67267e-039   4.66836e-039   [0.000004,0.000012,]
[0,14,]   280   5.46668e-006   -4.08143e-039   5.03272e-039   [0.000002,-0.000009,]
[1,14,]   281   1.89804e-005   -2.2863e-039   4.21291e-039   [-0.000010,-0.000011,]
[2,14,]   282   6.18315e-005   -1.42817e-039   3.4842e-039   [-0.000007,-0.000011,]
[3,14,]   283   0.000168941   -7.93464e-040   2.84657e-039   [-0.000008,-0.000012,]
[4,14,]   284   0.000383409   -2.91623e-040   2.30004e-039   [-0.000010,-0.000013,]
[5,14,]   285   0.000726996   1.14574e-040   1.84461e-039   [-0.000013,-0.000013,]
[6,14,]   286   0.0011614   4.25933e-040   1.48027e-039   [-0.000016,-0.000013,]
[7,14,]   287   0.00158803   6.48934e-040   1.207e-039   [-0.000020,-0.000011,]
[8,14,]   288   0.00190576   7.98068e-040   1.02481e-039   [-0.000023,-0.000008,]
[9,14,]   289   0.00206898   8.77215e-040   9.33704e-040   [-0.000026,-0.000003,]
[10,14,]   290   0.00207504   8.85118e-040   9.33688e-040   [-0.000026,0.000003,]
[11,14,]   291   0.00191986   8.11431e-040   1.02477e-039   [-0.000023,0.000008,]
[12,14,]   292   0.00160123   6.64349e-040   1.20694e-039   [-0.000020,0.000011,]
[13,14,]   293   0.00116773   4.35471e-040   1.48021e-039   [-0.000016,0.000012,]
[14,14,]   294   0.000726986   1.14742e-040   1.84457e-039   [-0.000013,0.000013,]
[15,14,]   295   0.00038071   -3.02277e-040   2.30002e-039   [-0.000011,0.000013,]
[16,14,]   296   0.000166424   -8.14432e-040   2.84656e-039   [-0.000008,0.000012,]
[17,14,]   297   6.03729e-005   -1.44906e-039   3.48419e-039   [-0.000007,0.000011,]
[18,14,]   298   1.82153e-005   -2.15812e-039   4.21291e-039   [-0.000001,0.000011,]
[19,14,]   299   4.5216e-006   -4.16084e-039   5.03272e-039   [0.000005,0.000011,]
[0,15,]   300   2.54276e-006   -4.64881e-039   5.48817e-039   [0.000001,-0.000008,]
[1,15,]   301   8.85057e-006   -2.75277e-039   4.66836e-039   [-0.000011,-0.000010,]
[2,15,]   302   2.93888e-005   -1.87524e-039   3.93964e-039   [-0.000008,-0.000010,]
[3,15,]   303   8.23384e-005   -1.23304e-039   3.30201e-039   [-0.000009,-0.000011,]
[4,15,]   304   0.000192915   -7.22383e-040   2.75547e-039   [-0.000011,-0.000011,]
[5,15,]   305   0.00038071   -3.02306e-040   2.30003e-039   [-0.000013,-0.000011,]
[6,15,]   306   0.000638109   2.81761e-041   1.93567e-039   [-0.000015,-0.000010,]
[7,15,]   307   0.000919816   2.7482e-040   1.6624e-039   [-0.000018,-0.000008,]
[8,15,]   308   0.00115885   4.41708e-040   1.48022e-039   [-0.000020,-0.000006,]
[9,15,]   309   0.00129702   5.31736e-040   1.38913e-039   [-0.000021,-0.000002,]
[10,15,]   310   0.00130188   5.38026e-040   1.38912e-039   [-0.000021,0.000002,]
[11,15,]   311   0.00117041   4.58545e-040   1.48021e-039   [-0.000020,0.000005,]
[12,15,]   312   0.00093161   2.95789e-040   1.66239e-039   [-0.000018,0.000008,]
[13,15,]   313   0.000645553   4.67269e-041   1.93566e-039   [-0.000015,0.000009,]
[14,15,]   314   0.000383405   -2.91332e-040   2.30002e-039   [-0.000013,0.000010,]
[15,15,]   315   0.000192916   -7.22307e-040   2.75547e-039   [-0.000011,0.000011,]
[16,15,]   316   8.16255e-005   -1.24471e-039   3.30201e-039   [-0.000009,0.000010,]
[17,15,]   317   2.88379e-005   -1.88903e-039   3.93964e-039   [-0.000007,0.000010,]
[18,15,]   318   8.51818e-006   -2.60428e-039   4.66836e-039   [-0.000001,0.000010,]
[19,15,]   319   2.07871e-006   -4.74056e-039   5.48817e-039   [0.000005,0.000010,]
[0,16,]   320   9.9971e-007   -5.30291e-039   6.03471e-039   [0.000001,-0.000007,]
[1,16,]   321   3.49423e-006   -3.30704e-039   5.2149e-039   [-0.000012,-0.000009,]
[2,16,]   322   1.18184e-005   -2.4124e-039   4.48618e-039   [-0.000008,-0.000009,]
[3,16,]   323   3.38847e-005   -1.76297e-039   3.84855e-039   [-0.000009,-0.000009,]
[4,16,]   324   8.16249e-005   -1.24473e-039   3.30201e-039   [-0.000010,-0.000009,]
[5,16,]   325   0.000166424   -8.14425e-040   2.84656e-039   [-0.000012,-0.000008,]
[6,16,]   326   0.000289239   -4.71888e-040   2.4822e-039   [-0.000014,-0.000008,]
[7,16,]   327   0.000432455   -2.13518e-040   2.20893e-039   [-0.000016,-0.000006,]
[8,16,]   328   0.000562002   -3.7467e-041   2.02675e-039   [-0.000017,-0.000004,]
[9,16,]   329   0.000640587   5.48019e-041   1.93566e-039   [-0.000018,-0.000001,]
[10,16,]   330   0.000643515   6.19396e-041   1.93566e-039   [-0.000018,0.000001,]
[11,16,]   331   0.000569049   -1.86673e-041   2.02675e-039   [-0.000017,0.000004,]
[12,16,]   332   0.000439981   -1.87881e-040   2.20893e-039   [-0.000016,0.000006,]
[13,16,]   333   0.000294511   -4.45537e-040   2.4822e-039   [-0.000014,0.000007,]
[14,16,]   334   0.000168939   -7.93054e-040   2.84656e-039   [-0.000012,0.000008,]
[15,16,]   335   8.23395e-005   -1.23294e-039   3.30201e-039   [-0.000011,0.000009,]
[16,16,]   336   3.38852e-005   -1.76295e-039   3.84855e-039   [-0.000009,0.000009,]
[17,16,]   337   1.16902e-005   -2.41554e-039   4.48618e-039   [-0.000008,0.000009,]
[18,16,]   338   3.38503e-006   -3.13924e-039   5.2149e-039   [-0.000001,0.000009,]
[19,16,]   339   8.14036e-007   -5.40102e-039   6.03471e-039   [0.000006,0.000009,]
[0,17,]   340   3.30297e-007   -6.0768e-039   6.67234e-039   [0.000001,-0.000007,]
[1,17,]   341   1.16059e-006   -3.98433e-039   5.85253e-039   [-0.000013,-0.000008,]
[2,17,]   342   3.99361e-006   -3.07338e-039   5.12381e-039   [-0.000008,-0.000008,]
[3,17,]   343   1.169e-005   -2.41554e-039   4.48618e-039   [-0.000009,-0.000008,]
[4,17,]   344   2.88377e-005   -1.88904e-039   3.93964e-039   [-0.000010,-0.000007,]
[5,17,]   345   6.03729e-005   -1.44905e-039   3.48419e-039   [-0.000011,-0.000007,]
[6,17,]   346   0.000107871   -1.0966e-039   3.11983e-039   [-0.000013,-0.000006,]
[7,17,]   347   0.000165574   -8.29471e-040   2.84656e-039   [-0.000014,-0.000005,]
[8,17,]   348   0.000219766   -6.4738e-040   2.66438e-039   [-0.000015,-0.000003,]
[9,17,]   349   0.000253564   -5.5153e-040   2.57329e-039   [-0.000016,-0.000001,]
[10,17,]   350   0.00025494   -5.43894e-040   2.57329e-039   [-0.000016,0.000001,]
[11,17,]   351   0.000223125   -6.25894e-040   2.66438e-039   [-0.000015,0.000003,]
[12,17,]   352   0.000169265   -7.98249e-040   2.84656e-039   [-0.000014,0.000005,]
[13,17,]   353   0.000110604   -1.0611e-039   3.11983e-039   [-0.000013,0.000006,]
[14,17,]   354   6.18312e-005   -1.41505e-039   3.48419e-039   [-0.000011,0.000007,]
[15,17,]   355   2.93897e-005   -1.86192e-039   3.93964e-039   [-0.000010,0.000008,]
[16,17,]   356   1.18188e-005   -2.39868e-039   4.48618e-039   [-0.000009,0.000008,]
[17,17,]   357   3.99378e-006   -3.05924e-039   5.12381e-039   [-0.000008,0.000008,]
[18,17,]   358   1.13576e-006   -3.79378e-039   5.85253e-039   [-0.000001,0.000008,]
[19,17,]   359   2.69811e-007   -6.17001e-039   6.67234e-039   [0.000006,0.000009,]
[0,18,]   360   9.19624e-008   -6.93382e-039   7.40106e-039   [0.000000,0.000001,]
[1,18,]   361   3.24969e-007   -4.73862e-039   6.58125e-039   [-0.000013,-0.000000,]
[2,18,]   362   1.13571e-006   -3.80833e-039   5.85253e-039   [-0.000008,-0.000001,]
[3,18,]   363   3.38497e-006   -3.13924e-039   5.2149e-039   [-0.000009,-0.000001,]
[4,18,]   364   8.51812e-006   -2.60429e-039   4.66836e-039   [-0.000010,-0.000001,]
[5,18,]   365   1.82153e-005   -2.15811e-039   4.21291e-039   [-0.000011,-0.000001,]
[6,18,]   366   3.32444e-005   -1.80346e-039   3.84855e-039   [-0.000012,-0.000001,]
[7,18,]   367   5.2023e-005   -1.53949e-039   3.57528e-039   [-0.000013,-0.000000,]
[8,18,]   368   7.00993e-005   -1.36655e-039   3.3931e-039   [-0.000013,0.000001,]
[9,18,]   369   8.15848e-005   -1.28543e-039   3.30201e-039   [-0.000014,0.000002,]
[10,18,]   370   8.2111e-005   -1.2966e-039   3.30201e-039   [-0.000014,0.000004,]
[11,18,]   371   7.13936e-005   -1.39981e-039   3.3931e-039   [-0.000013,0.000006,]
[12,18,]   372   5.34698e-005   -1.59416e-039   3.57528e-039   [-0.000013,0.000007,]
[13,18,]   373   3.43495e-005   -1.87863e-039   3.84855e-039   [-0.000012,0.000009,]
[14,18,]   374   1.88391e-005   -2.25294e-039   4.21291e-039   [-0.000011,0.000010,]
[15,18,]   375   8.7817e-006   -2.71826e-039   4.66836e-039   [-0.000010,0.000011,]
[16,18,]   376   3.46584e-006   -3.27109e-039   5.2149e-039   [-0.000009,0.000012,]
[17,18,]   377   1.15079e-006   -3.94693e-039   5.85253e-039   [-0.000008,0.000013,]
[18,18,]   378   3.22132e-007   -4.69945e-039   6.58125e-039   [-0.000000,0.000013,]
[19,18,]   379   7.57737e-008   -7.189e-039   7.40106e-039   [0.000007,0.000014,]
[0,19,]   380   2.17443e-008   -9.49706e-039   8.22087e-039   [0.000000,0.000008,]
[1,19,]   381   7.64828e-008   -7.22834e-039   7.40106e-039   [-0.000014,0.000007,]
[2,19,]   382   2.698e-007   -6.18536e-039   6.67234e-039   [-0.000009,0.000006,]
[3,19,]   383   8.14023e-007   -5.40102e-039   6.03471e-039   [-0.000009,0.000006,]
[4,19,]   384   2.0787e-006   -4.74057e-039   5.48817e-039   [-0.000010,0.000005,]
[5,19,]   385   4.5216e-006   -4.16082e-039   5.03272e-039   [-0.000011,0.000005,]
[6,19,]   386   8.41032e-006   -3.67267e-039   4.66836e-039   [-0.000012,0.000004,]
[7,19,]   387   1.34259e-005   -3.28674e-039   4.39509e-039   [-0.000012,0.000004,]
[8,19,]   388   1.84472e-005   -3.01668e-039   4.21291e-039   [-0.000013,0.000005,]
[9,19,]   389   2.18482e-005   -2.87525e-039   4.12182e-039   [-0.000012,0.000006,]
[10,19,]   390   2.22994e-005   -2.86982e-039   4.12182e-039   [-0.000012,0.000007,]
[11,19,]   391   1.95761e-005   -3.00007e-039   4.21291e-039   [-0.000012,0.000008,]
[12,19,]   392   1.47345e-005   -3.25849e-039   4.39509e-039   [-0.000011,0.000010,]
[13,19,]   393   9.47237e-006   -3.6335e-039   4.66836e-039   [-0.000010,0.000012,]
[14,19,]   394   5.18102e-006   -4.11352e-039   5.03272e-039   [-0.000009,0.000013,]
[15,19,]   395   2.40251e-006   -4.69018e-039   5.48817e-039   [-0.000008,0.000015,]
[16,19,]   396   9.41722e-007   -5.35306e-039   6.03471e-039   [-0.000007,0.000016,]
[17,19,]   397   3.10255e-007   -6.13514e-039   6.67234e-039   [-0.000007,0.000017,]
[18,19,]   398   8.61506e-008   -6.9979e-039   7.40106e-039   [0.000001,0.000018,]
[19,19,]   399   2.0288e-008   -9.58782e-039   8.22087e-039   [0.000008,0.000020,]
