coordinates  index   rho      Q      V    velocities 
[0,0,]   0   5.68887e-008   -8.66381e-039   8.22087e-039   [0.000020,0.000006,]
[1,0,]   1   1.59483e-007   -6.80305e-039   7.40106e-039   [-0.000009,0.000006,]
[2,0,]   2   5.39993e-007   -5.6469e-039   6.67234e-039   [0.000004,0.000005,]
[3,0,]   3   1.62711e-006   -4.73985e-039   6.03471e-039   [0.000006,0.000005,]
[4,0,]   4   4.06944e-006   -4.14346e-039   5.48817e-039   [0.000008,0.000006,]
[5,0,]   5   8.54472e-006   -3.65094e-039   5.03272e-039   [0.000009,0.000006,]
[6,0,]   6   1.51195e-005   -3.26858e-039   4.66837e-039   [0.000010,0.000007,]
[7,0,]   7   2.26853e-005   -2.98923e-039   4.39514e-039   [0.000010,0.000008,]
[8,0,]   8   2.90555e-005   -2.81841e-039   4.21323e-039   [0.000011,0.000009,]
[9,0,]   9   3.19976e-005   -2.76461e-039   4.12367e-039   [0.000012,0.000010,]
[10,0,]   10   3.04989e-005   -2.82888e-039   4.13009e-039   [0.000013,0.000012,]
[11,0,]   11   2.52826e-005   -3.00688e-039   4.24177e-039   [0.000013,0.000013,]
[12,0,]   12   1.82629e-005   -3.29449e-039   4.47353e-039   [0.000013,0.000014,]
[13,0,]   13   1.14767e-005   -3.67837e-039   4.83436e-039   [0.000013,0.000015,]
[14,0,]   14   6.24797e-006   -4.14553e-039   5.30634e-039   [0.000012,0.000017,]
[15,0,]   15   2.92924e-006   -4.68601e-039   5.83942e-039   [0.000011,0.000018,]
[16,0,]   16   1.17477e-006   -5.28405e-039   6.38587e-039   [0.000011,0.000019,]
[17,0,]   17   3.97176e-007   -6.04095e-039   6.94576e-039   [0.000011,0.000020,]
[18,0,]   18   1.14777e-007   -7.27472e-039   7.56686e-039   [0.000021,0.000020,]
[19,0,]   19   3.81718e-008   -9.20953e-039   8.29917e-039   [0.000031,0.000020,]
[0,1,]   20   1.3602e-007   -7.24427e-039   7.40106e-039   [0.000020,-0.000025,]
[1,1,]   21   3.89e-007   -5.32651e-039   6.58125e-039   [-0.000007,-0.000024,]
[2,1,]   22   1.32805e-006   -4.25134e-039   5.85253e-039   [0.000005,-0.000024,]
[3,1,]   23   4.03687e-006   -3.40571e-039   5.2149e-039   [0.000008,-0.000023,]
[4,1,]   24   1.02238e-005   -2.8489e-039   4.66836e-039   [0.000010,-0.000022,]
[5,1,]   25   2.1836e-005   -2.38125e-039   4.21291e-039   [0.000011,-0.000020,]
[6,1,]   26   3.94672e-005   -2.01325e-039   3.84856e-039   [0.000012,-0.000019,]
[7,1,]   27   6.06977e-005   -1.73678e-039   3.5754e-039   [0.000013,-0.000017,]
[8,1,]   28   7.98626e-005   -1.55294e-039   3.39397e-039   [0.000013,-0.000015,]
[9,1,]   29   9.03625e-005   -1.46598e-039   3.30703e-039   [0.000014,-0.000013,]
[10,1,]   30   8.82825e-005   -1.47751e-039   3.3245e-039   [0.000014,-0.000011,]
[11,1,]   31   7.46559e-005   -1.58564e-039   3.47156e-039   [0.000014,-0.000010,]
[12,1,]   32   5.46443e-005   -1.79284e-039   3.78849e-039   [0.000013,-0.000009,]
[13,1,]   33   3.45452e-005   -2.09364e-039   4.29979e-039   [0.000012,-0.000008,]
[14,1,]   34   1.87919e-005   -2.48405e-039   4.95669e-039   [0.000012,-0.000007,]
[15,1,]   35   8.75563e-006   -2.96018e-039   5.62316e-039   [0.000011,-0.000007,]
[16,1,]   36   3.47656e-006   -3.50834e-039   6.16946e-039   [0.000010,-0.000006,]
[17,1,]   37   1.16101e-006   -4.22794e-039   6.59576e-039   [0.000010,-0.000006,]
[18,1,]   38   3.30972e-007   -5.42479e-039   7.03193e-039   [0.000021,-0.000007,]
[19,1,]   39   1.08009e-007   -7.47193e-039   7.61389e-039   [0.000030,-0.000007,]
[0,2,]   40   4.39584e-007   -5.78174e-039   6.67234e-039   [0.000018,-0.000016,]
[1,2,]   41   1.25106e-006   -3.98125e-039   5.85253e-039   [-0.000007,-0.000015,]
[2,2,]   42   4.18028e-006   -2.99286e-039   5.12381e-039   [0.000005,-0.000015,]
[3,2,]   43   1.24779e-005   -2.19672e-039   4.48618e-039   [0.000008,-0.000015,]
[4,2,]   44   3.11692e-005   -1.6679e-039   3.93964e-039   [0.000010,-0.000015,]
[5,2,]   45   6.58006e-005   -1.22713e-039   3.48419e-039   [0.000012,-0.000015,]
[6,2,]   46   0.000117704   -8.92833e-040   3.11986e-039   [0.000013,-0.000014,]
[7,2,]   47   0.000179521   -6.54444e-040   2.84681e-039   [0.000015,-0.000013,]
[8,2,]   48   0.000235099   -5.11929e-040   2.66623e-039   [0.000015,-0.000011,]
[9,2,]   49   0.000266267   -4.60422e-040   2.58392e-039   [0.000016,-0.000009,]
[10,2,]   50   0.000262086   -5.01164e-040   2.62089e-039   [0.000016,-0.000007,]
[11,2,]   51   0.000224696   -6.34128e-040   2.83047e-039   [0.000016,-0.000005,]
[12,2,]   52   0.000167666   -8.51063e-040   3.29791e-039   [0.000015,-0.000003,]
[13,2,]   53   0.000108394   -1.15493e-039   4.0751e-039   [0.000014,-0.000001,]
[14,2,]   54   6.03414e-005   -1.53978e-039   5.05878e-039   [0.000013,0.000001,]
[15,2,]   55   2.87296e-005   -2.00583e-039   5.96094e-039   [0.000012,0.000002,]
[16,2,]   56   1.16252e-005   -2.54072e-039   6.50698e-039   [0.000011,0.000004,]
[17,2,]   57   3.94542e-006   -3.24019e-039   6.69722e-039   [0.000011,0.000005,]
[18,2,]   58   1.13973e-006   -4.39212e-039   6.80661e-039   [0.000020,0.000005,]
[19,2,]   59   3.70504e-007   -6.36064e-039   7.1229e-039   [0.000029,0.000004,]
[0,3,]   60   1.24251e-006   -4.94386e-039   6.03471e-039   [0.000017,-0.000014,]
[1,3,]   61   3.50554e-006   -3.29068e-039   5.2149e-039   [-0.000007,-0.000013,]
[2,3,]   62   1.14076e-005   -2.38251e-039   4.48618e-039   [0.000005,-0.000013,]
[3,3,]   63   3.32263e-005   -1.62817e-039   3.84855e-039   [0.000008,-0.000013,]
[4,3,]   64   8.12834e-005   -1.10916e-039   3.30201e-039   [0.000010,-0.000014,]
[5,3,]   65   0.000168295   -6.66381e-040   2.84657e-039   [0.000012,-0.000013,]
[6,3,]   66   0.000295533   -3.24578e-040   2.48225e-039   [0.000014,-0.000013,]
[7,3,]   67   0.000443433   -7.97028e-041   2.20934e-039   [0.000016,-0.000012,]
[8,3,]   68   0.000574319   7.60787e-041   2.0298e-039   [0.000017,-0.000010,]
[9,3,]   69   0.000648913   1.42043e-040   1.95318e-039   [0.000018,-0.000008,]
[10,3,]   70   0.000644251   1.16916e-040   2.01413e-039   [0.000018,-0.000005,]
[11,3,]   71   0.000563527   1.38932e-041   2.30058e-039   [0.000018,-0.000003,]
[12,3,]   72   0.000432915   -1.75234e-040   2.95308e-039   [0.000017,-0.000000,]
[13,3,]   73   0.000289714   -4.40751e-040   4.05718e-039   [0.000016,0.000001,]
[14,3,]   74   0.000167063   -7.91546e-040   5.44261e-039   [0.000015,0.000003,]
[15,3,]   75   8.21727e-005   -1.2282e-039   6.63457e-039   [0.000014,0.000005,]
[16,3,]   76   3.41839e-005   -1.74504e-039   7.18028e-039   [0.000013,0.000006,]
[17,3,]   77   1.18682e-005   -2.43234e-039   7.08029e-039   [0.000012,0.000007,]
[18,3,]   78   3.49031e-006   -3.55265e-039   6.78791e-039   [0.000020,0.000007,]
[19,3,]   79   1.13042e-006   -5.44049e-039   6.77756e-039   [0.000028,0.000006,]
[0,4,]   80   2.96405e-006   -4.42119e-039   5.48817e-039   [0.000015,-0.000011,]
[1,4,]   81   8.34029e-006   -2.89916e-039   4.66836e-039   [-0.000007,-0.000010,]
[2,4,]   82   2.64946e-005   -2.05368e-039   3.93964e-039   [0.000005,-0.000010,]
[3,4,]   83   7.51496e-005   -1.33269e-039   3.30201e-039   [0.000007,-0.000011,]
[4,4,]   84   0.000179057   -8.19427e-040   2.75547e-039   [0.000010,-0.000011,]
[5,4,]   85   0.000360592   -3.69645e-040   2.30003e-039   [0.000012,-0.000011,]
[6,4,]   86   0.000614966   -2.01328e-041   1.93572e-039   [0.000015,-0.000011,]
[7,4,]   87   0.000897112   2.42388e-040   1.66292e-039   [0.000017,-0.000009,]
[8,4,]   88   0.00113546   4.05844e-040   1.48412e-039   [0.000020,-0.000007,]
[9,4,]   89   0.00127003   5.057e-040   1.41161e-039   [0.000021,-0.000004,]
[10,4,]   90   0.00127026   5.11573e-040   1.48988e-039   [0.000021,-0.000001,]
[11,4,]   91   0.00113719   4.09088e-040   1.83181e-039   [0.000020,0.000003,]
[12,4,]   92   0.00090694   2.55952e-040   2.6179e-039   [0.000019,0.000006,]
[13,4,]   93   0.000633522   2.0155e-041   3.95797e-039   [0.000017,0.000007,]
[14,4,]   94   0.000381165   -2.93158e-040   5.63342e-039   [0.000016,0.000008,]
[15,4,]   95   0.000194651   -7.03272e-040   7.03456e-039   [0.000015,0.000009,]
[16,4,]   96   8.35185e-005   -1.20409e-039   7.58003e-039   [0.000013,0.000009,]
[17,4,]   97   2.97211e-005   -1.88326e-039   7.27054e-039   [0.000012,0.000009,]
[18,4,]   98   8.9075e-006   -2.97362e-039   6.68815e-039   [0.000019,0.000009,]
[19,4,]   99   2.86849e-006   -4.77874e-039   6.44201e-039   [0.000026,0.000007,]
[0,5,]   100   6.16355e-006   -3.96961e-039   5.03272e-039   [0.000015,-0.000010,]
[1,5,]   101   1.74918e-005   -2.5199e-039   4.21291e-039   [-0.000006,-0.000008,]
[2,5,]   102   5.45634e-005   -1.70389e-039   3.48419e-039   [0.000004,-0.000008,]
[3,5,]   103   0.00015069   -1.00104e-039   2.84656e-039   [0.000007,-0.000009,]
[4,5,]   104   0.000347727   -4.90719e-040   2.30002e-039   [0.000010,-0.000009,]
[5,5,]   105   0.000673635   -4.75046e-041   1.84458e-039   [0.000012,-0.000009,]
[6,5,]   106   0.00109851   3.03062e-040   1.48027e-039   [0.000016,-0.000009,]
[7,5,]   107   0.00152607   5.50763e-040   1.20747e-039   [0.000019,-0.000008,]
[8,5,]   108   0.00184826   7.31472e-040   1.02867e-039   [0.000023,-0.000005,]
[9,5,]   109   0.00200581   8.01855e-040   9.56161e-040   [0.000025,-0.000000,]
[10,5,]   110   0.00201006   8.27279e-040   1.03443e-039   [0.000026,0.000005,]
[11,5,]   111   0.00186056   7.50164e-040   1.37636e-039   [0.000024,0.000010,]
[12,5,]   112   0.00156026   6.0141e-040   2.16245e-039   [0.000021,0.000014,]
[13,5,]   113   0.00115168   4.08402e-040   3.50252e-039   [0.000018,0.000015,]
[14,5,]   114   0.000728171   1.19243e-040   5.17797e-039   [0.000016,0.000015,]
[15,5,]   115   0.000387589   -2.6557e-040   6.57911e-039   [0.000015,0.000014,]
[16,5,]   116   0.000171822   -7.53658e-040   7.12458e-039   [0.000013,0.000013,]
[17,5,]   117   6.27344e-005   -1.42181e-039   6.81509e-039   [0.000012,0.000012,]
[18,5,]   118   1.9172e-005   -2.4725e-039   6.2327e-039   [0.000018,0.000011,]
[19,5,]   119   6.11988e-006   -4.19548e-039   5.98656e-039   [0.000024,0.000008,]
[0,6,]   120   1.12464e-005   -3.5675e-039   4.66836e-039   [0.000015,-0.000009,]
[1,6,]   121   3.24744e-005   -2.12436e-039   3.84855e-039   [-0.000005,-0.000007,]
[2,6,]   122   0.000100073   -1.3012e-039   3.11983e-039   [0.000004,-0.000008,]
[3,6,]   123   0.000269374   -5.98301e-040   2.4822e-039   [0.000006,-0.000008,]
[4,6,]   124   0.000599155   -9.74503e-041   1.93566e-039   [0.000009,-0.000009,]
[5,6,]   125   0.00110486   3.32837e-040   1.48022e-039   [0.000012,-0.000010,]
[6,6,]   126   0.00169013   6.43957e-040   1.1159e-039   [0.000016,-0.000010,]
[7,6,]   127   0.00217604   8.80665e-040   8.42995e-040   [0.000022,-0.000009,]
[8,6,]   128   0.00242708   9.88645e-040   6.63447e-040   [0.000027,-0.000005,]
[9,6,]   129   0.00247995   1.03759e-039   5.86826e-040   [0.000032,0.000003,]
[10,6,]   130   0.00246977   1.02983e-039   6.47785e-040   [0.000033,0.000011,]
[11,6,]   131   0.0024186   9.71563e-040   9.34229e-040   [0.000029,0.000018,]
[12,6,]   132   0.00220172   8.94099e-040   1.58673e-039   [0.000023,0.000022,]
[13,6,]   133   0.00174894   7.00356e-040   2.69083e-039   [0.000018,0.000022,]
[14,6,]   134   0.00117404   4.43883e-040   4.07626e-039   [0.000015,0.000021,]
[15,6,]   135   0.000653377   6.73029e-041   5.26822e-039   [0.000013,0.000019,]
[16,6,]   136   0.000299436   -4.10091e-040   5.81393e-039   [0.000011,0.000017,]
[17,6,]   137   0.00011212   -1.06859e-039   5.71394e-039   [0.000010,0.000014,]
[18,6,]   138   3.49181e-005   -2.07044e-039   5.42156e-039   [0.000015,0.000012,]
[19,6,]   139   1.10044e-005   -3.71869e-039   5.41121e-039   [0.000021,0.000009,]
[0,7,]   140   1.78474e-005   -3.24722e-039   4.39509e-039   [0.000015,-0.000009,]
[1,7,]   141   5.23937e-005   -1.78527e-039   3.57528e-039   [-0.000005,-0.000008,]
[2,7,]   142   0.000160005   -9.34283e-040   2.84656e-039   [0.000003,-0.000009,]
[3,7,]   143   0.000420346   -2.32412e-040   2.20893e-039   [0.000005,-0.000010,]
[4,7,]   144   0.000900111   2.61714e-040   1.66239e-039   [0.000008,-0.000012,]
[5,7,]   145   0.00156833   6.4811e-040   1.20694e-039   [0.000011,-0.000013,]
[6,7,]   146   0.00221617   9.44478e-040   8.42609e-040   [0.000016,-0.000015,]
[7,7,]   147   0.00254216   1.05401e-039   5.69562e-040   [0.000023,-0.000016,]
[8,7,]   148   0.00246449   1.07584e-039   3.88979e-040   [0.000034,-0.000013,]
[9,7,]   149   0.00220732   7.39062e-040   3.06665e-040   [0.000044,-0.000001,]
[10,7,]   150   0.00217066   7.92296e-040   3.43638e-040   [0.000044,0.000019,]
[11,7,]   151   0.00241428   9.53161e-040   5.53217e-040   [0.000035,0.000028,]
[12,7,]   152   0.00253178   1.00863e-039   1.02066e-039   [0.000024,0.000030,]
[13,7,]   153   0.00224295   9.273e-040   1.79785e-039   [0.000017,0.000028,]
[14,7,]   154   0.00161595   6.72784e-040   2.78153e-039   [0.000013,0.000025,]
[15,7,]   155   0.000942943   3.13291e-040   3.68369e-039   [0.000010,0.000022,]
[16,7,]   156   0.000446118   -1.63728e-040   4.22973e-039   [0.000008,0.000018,]
[17,7,]   157   0.000170945   -8.11222e-040   4.41997e-039   [0.000007,0.000016,]
[18,7,]   158   5.41185e-005   -1.76243e-039   4.52936e-039   [0.000013,0.000013,]
[19,7,]   159   1.67621e-005   -3.35277e-039   4.84565e-039   [0.000018,0.000010,]
[0,8,]   160   2.44627e-005   -3.03333e-039   4.21291e-039   [0.000015,-0.000010,]
[1,8,]   161   7.22158e-005   -1.57531e-039   3.3931e-039   [-0.000005,-0.000010,]
[2,8,]   162   0.000218717   -7.00456e-040   2.66438e-039   [0.000002,-0.000011,]
[3,8,]   163   0.000562934   1.41124e-042   2.02675e-039   [0.000004,-0.000013,]
[4,8,]   164   0.00116547   4.74956e-040   1.48021e-039   [0.000006,-0.000016,]
[5,8,]   165   0.00192596   8.48829e-040   1.02476e-039   [0.000008,-0.000019,]
[6,8,]   166   0.00248875   1.04855e-039   6.60415e-040   [0.000012,-0.000024,]
[7,8,]   167   0.00246061   1.00796e-039   3.87251e-040   [0.000022,-0.000030,]
[8,8,]   168   0.00186252   3.91175e-040   2.05825e-040   [0.000039,-0.000031,]
[9,8,]   169   0.00131093   -5.50134e-041   1.1888e-040   [0.000071,-0.000015,]
[10,8,]   170   0.00119021   -1.40807e-039   1.36345e-040   [0.000070,0.000031,]
[11,8,]   171   0.00183029   3.16075e-040   2.83405e-040   [0.000037,0.000044,]
[12,8,]   172   0.0024537   1.02266e-039   6.00336e-040   [0.000020,0.000039,]
[13,8,]   173   0.0024908   1.02815e-039   1.11164e-039   [0.000013,0.000032,]
[14,8,]   174   0.00193891   8.32596e-040   1.76854e-039   [0.000008,0.000027,]
[15,8,]   175   0.00118142   4.62536e-040   2.43501e-039   [0.000006,0.000023,]
[16,8,]   176   0.00057439   -3.31711e-042   2.98131e-039   [0.000005,0.000019,]
[17,8,]   177   0.000224083   -6.46311e-040   3.40761e-039   [0.000005,0.000016,]
[18,8,]   178   7.17813e-005   -1.54867e-039   3.84378e-039   [0.000010,0.000014,]
[19,8,]   179   2.17551e-005   -3.108e-039   4.42574e-039   [0.000016,0.000011,]
[0,9,]   180   2.90115e-005   -2.92605e-039   4.12182e-039   [0.000015,-0.000011,]
[1,9,]   181   8.48572e-005   -1.50424e-039   3.30201e-039   [-0.000006,-0.000012,]
[2,9,]   182   0.000255361   -6.04572e-040   2.57329e-039   [0.000000,-0.000014,]
[3,9,]   183   0.000648676   8.59343e-041   1.93566e-039   [0.000001,-0.000016,]
[4,9,]   184   0.00131663   5.73988e-040   1.38912e-039   [0.000002,-0.000019,]
[5,9,]   185   0.00209868   9.1761e-040   9.33673e-040   [0.000003,-0.000024,]
[6,9,]   186   0.00254145   1.06788e-039   5.69317e-040   [0.000005,-0.000031,]
[7,9,]   187   0.00218674   7.60207e-040   2.96086e-040   [0.000012,-0.000042,]
[8,9,]   188   0.00118384   -1.49146e-039   1.14183e-040   [0.000027,-0.000068,]
[9,9,]   189   0.000420853   -8.62513e-039   2.46185e-041   [0.000116,-0.000110,]
[10,9,]   190   0.000415253   -8.78783e-039   3.10434e-041   [0.000112,0.000121,]
[11,9,]   191   0.00127751   -1.88529e-040   1.42724e-040   [0.000021,0.000075,]
[12,9,]   192   0.00219337   6.94918e-040   3.74476e-040   [0.000009,0.000048,]
[13,9,]   193   0.00252979   1.05958e-039   7.35314e-040   [0.000004,0.000035,]
[14,9,]   194   0.00208367   8.82195e-040   1.20729e-039   [0.000003,0.000028,]
[15,9,]   195   0.00130866   5.47789e-040   1.74037e-039   [0.000002,0.000023,]
[16,9,]   196   0.000645979   7.04729e-041   2.28682e-039   [0.000002,0.000019,]
[17,9,]   197   0.00025438   -5.69223e-040   2.84671e-039   [0.000002,0.000016,]
[18,9,]   198   8.18851e-005   -1.43374e-039   3.46781e-039   [0.000008,0.000014,]
[19,9,]   199   2.42112e-005   -2.99684e-039   4.20012e-039   [0.000014,0.000012,]
[0,10,]   200   2.98764e-005   -2.91885e-039   4.12182e-039   [0.000014,-0.000011,]
[1,10,]   201   8.5621e-005   -1.53888e-039   3.30201e-039   [-0.000008,-0.000013,]
[2,10,]   202   0.000257055   -6.15619e-040   2.57329e-039   [-0.000002,-0.000015,]
[3,10,]   203   0.00065159   7.60398e-041   1.93566e-039   [-0.000001,-0.000017,]
[4,10,]   204   0.0013184   5.52329e-040   1.38912e-039   [-0.000002,-0.000020,]
[5,10,]   205   0.00209531   8.80727e-040   9.33673e-040   [-0.000003,-0.000025,]
[6,10,]   206   0.00253712   1.04962e-039   5.69314e-040   [-0.000004,-0.000032,]
[7,10,]   207   0.0021904   6.646e-040   2.96055e-040   [-0.000008,-0.000045,]
[8,10,]   208   0.00126744   -2.31756e-040   1.13954e-040   [-0.000020,-0.000071,]
[9,10,]   209   0.000402269   -9.12221e-039   2.33014e-041   [-0.000114,-0.000118,]
[10,10,]   210   0.000403753   -9.01184e-039   2.51422e-041   [-0.000119,0.000116,]
[11,10,]   211   0.00116145   -1.51341e-039   1.22131e-040   [-0.000027,0.000072,]
[12,10,]   212   0.00215552   7.45181e-040   3.18514e-040   [-0.000012,0.000046,]
[13,10,]   213   0.0025068   1.04767e-039   6.16873e-040   [-0.000005,0.000034,]
[14,10,]   214   0.00206896   8.88654e-040   1.01207e-039   [-0.000003,0.000027,]
[15,10,]   215   0.00129744   5.40779e-040   1.48976e-039   [-0.000002,0.000022,]
[16,10,]   216   0.000639072   5.35627e-041   2.03627e-039   [-0.000001,0.000018,]
[17,10,]   217   0.000251222   -5.83049e-040   2.65163e-039   [-0.000000,0.000016,]
[18,10,]   218   8.06333e-005   -1.42014e-039   3.34951e-039   [0.000006,0.000014,]
[19,10,]   219   2.32416e-005   -3.02275e-039   4.14425e-039   [0.000013,0.000013,]
[0,11,]   220   2.66974e-005   -3.01818e-039   4.21291e-039   [0.000012,-0.000011,]
[1,11,]   221   7.4562e-005   -1.66214e-039   3.3931e-039   [-0.000010,-0.000013,]
[2,11,]   222   0.000224682   -7.07038e-040   2.66438e-039   [-0.000004,-0.000015,]
[3,11,]   223   0.000574811   -1.22202e-041   2.02675e-039   [-0.000004,-0.000017,]
[4,11,]   224   0.0011811   4.52614e-040   1.48021e-039   [-0.000005,-0.000020,]
[5,11,]   225   0.00193619   8.19943e-040   1.02476e-039   [-0.000007,-0.000023,]
[6,11,]   226   0.00248287   1.01126e-039   6.60403e-040   [-0.000012,-0.000028,]
[7,11,]   227   0.00243814   1.00365e-039   3.87135e-040   [-0.000020,-0.000035,]
[8,11,]   228   0.00180545   2.82528e-040   2.04973e-040   [-0.000036,-0.000039,]
[9,11,]   229   0.0011555   -1.51308e-039   1.13981e-040   [-0.000071,-0.000027,]
[10,11,]   230   0.00126218   -1.95313e-040   1.14391e-040   [-0.000072,0.000021,]
[11,11,]   231   0.00180685   2.89939e-040   2.06798e-040   [-0.000039,0.000037,]
[12,11,]   232   0.00240692   9.4156e-040   3.92147e-040   [-0.000022,0.000035,]
[13,11,]   233   0.00244705   9.93693e-040   6.71015e-040   [-0.000012,0.000029,]
[14,11,]   234   0.00189971   7.96226e-040   1.04225e-039   [-0.000008,0.000024,]
[15,11,]   235   0.00115243   4.25719e-040   1.50267e-039   [-0.000006,0.000020,]
[16,11,]   236   0.000557509   -4.12195e-041   2.0492e-039   [-0.000004,0.000017,]
[17,11,]   237   0.000216243   -6.88714e-040   2.68186e-039   [-0.000003,0.000015,]
[18,11,]   238   6.86866e-005   -1.50607e-039   3.4037e-039   [0.000005,0.000013,]
[19,11,]   239   1.93353e-005   -3.1812e-039   4.21792e-039   [0.000013,0.000013,]
[0,12,]   240   2.05795e-005   -3.23252e-039   4.39509e-039   [0.000011,-0.000010,]
[1,12,]   241   5.5975e-005   -1.87527e-039   3.57528e-039   [-0.000012,-0.000012,]
[2,12,]   242   0.000170324   -8.78495e-040   2.84656e-039   [-0.000006,-0.000014,]
[3,12,]   243   0.000443783   -1.78637e-040   2.20893e-039   [-0.000006,-0.000016,]
[4,12,]   244   0.000938368   2.99319e-040   1.66239e-039   [-0.000008,-0.000018,]
[5,12,]   245   0.00161022   6.61953e-040   1.20694e-039   [-0.000011,-0.000020,]
[6,12,]   246   0.00223809   9.20628e-040   8.42583e-040   [-0.000015,-0.000022,]
[7,12,]   247   0.00252707   1.00457e-039   5.69313e-040   [-0.000023,-0.000023,]
[8,12,]   248   0.0024034   9.43468e-040   3.87136e-040   [-0.000034,-0.000022,]
[9,12,]   249   0.00214582   7.42229e-040   2.96063e-040   [-0.000045,-0.000012,]
[10,12,]   250   0.00217644   6.88241e-040   2.96134e-040   [-0.000045,0.000008,]
[11,12,]   251   0.00243457   1.01168e-039   3.87453e-040   [-0.000035,0.000020,]
[12,12,]   252   0.0025272   1.00624e-039   5.70184e-040   [-0.000023,0.000023,]
[13,12,]   253   0.00221872   9.13146e-040   8.44427e-040   [-0.000016,0.000022,]
[14,12,]   254   0.00158054   6.31831e-040   1.20998e-039   [-0.000011,0.000020,]
[15,12,]   255   0.000912316   2.60113e-040   1.66629e-039   [-0.000008,0.000018,]
[16,12,]   256   0.000427393   -2.21671e-040   2.21283e-039   [-0.000006,0.000016,]
[17,12,]   257   0.00016207   -8.77242e-040   2.8496e-039   [-0.000004,0.000014,]
[18,12,]   258   5.0608e-005   -1.69376e-039   3.57712e-039   [0.000005,0.000013,]
[19,12,]   259   1.3975e-005   -3.46578e-039   4.39596e-039   [0.000013,0.000013,]
[0,13,]   260   1.35754e-005   -3.56006e-039   4.66836e-039   [0.000010,-0.000009,]
[1,13,]   261   3.60359e-005   -2.18187e-039   3.84855e-039   [-0.000014,-0.000012,]
[2,13,]   262   0.000111187   -1.14232e-039   3.11983e-039   [-0.000007,-0.000013,]
[3,13,]   263   0.000296609   -4.30874e-040   2.4822e-039   [-0.000008,-0.000014,]
[4,13,]   264   0.000648624   4.97943e-041   1.93566e-039   [-0.000009,-0.000015,]
[5,13,]   265   0.00117067   4.3732e-040   1.48021e-039   [-0.000012,-0.000016,]
[6,13,]   266   0.0017533   7.07971e-040   1.11585e-039   [-0.000016,-0.000017,]
[7,13,]   267   0.00221801   9.14218e-040   8.42583e-040   [-0.000022,-0.000016,]
[8,13,]   268   0.00244396   9.96556e-040   6.60403e-040   [-0.000029,-0.000012,]
[9,13,]   269   0.00249894   1.051e-039   5.69315e-040   [-0.000033,-0.000005,]
[10,13,]   270   0.00251576   1.05605e-039   5.69325e-040   [-0.000032,0.000004,]
[11,13,]   271   0.00247571   1.02036e-039   6.60446e-040   [-0.000028,0.000012,]
[12,13,]   272   0.00223656   9.24671e-040   8.427e-040   [-0.000022,0.000015,]
[13,13,]   273   0.00175322   7.08953e-040   1.1161e-039   [-0.000017,0.000016,]
[14,13,]   274   0.00115701   4.19416e-040   1.48062e-039   [-0.000013,0.000016,]
[15,13,]   275   0.000632737   1.22817e-041   1.93619e-039   [-0.000010,0.000015,]
[16,13,]   276   0.000285539   -4.77141e-040   2.48273e-039   [-0.000007,0.000014,]
[17,13,]   277   0.000105264   -1.15148e-039   3.12024e-039   [-0.000006,0.000013,]
[18,13,]   278   3.21839e-005   -1.97688e-039   3.8488e-039   [0.000004,0.000012,]
[19,13,]   279   8.76744e-006   -3.85895e-039   4.66848e-039   [0.000014,0.000013,]
[0,14,]   280   7.60948e-006   -3.99448e-039   5.03272e-039   [0.000010,-0.000008,]
[1,14,]   281   1.97776e-005   -2.58292e-039   4.21291e-039   [-0.000015,-0.000011,]
[2,14,]   282   6.20206e-005   -1.49981e-039   3.48419e-039   [-0.000008,-0.000011,]
[3,14,]   283   0.000169685   -7.78375e-040   2.84656e-039   [-0.000008,-0.000012,]
[4,14,]   284   0.000383944   -2.87492e-040   2.30002e-039   [-0.000010,-0.000013,]
[5,14,]   285   0.000725792   1.11027e-040   1.84457e-039   [-0.000013,-0.000013,]
[6,14,]   286   0.00115693   4.19639e-040   1.48021e-039   [-0.000016,-0.000013,]
[7,14,]   287   0.00158006   6.3329e-040   1.20694e-039   [-0.000020,-0.000011,]
[8,14,]   288   0.00189788   7.98981e-040   1.02476e-039   [-0.000024,-0.000008,]
[9,14,]   289   0.00206417   8.91225e-040   9.33673e-040   [-0.000026,-0.000003,]
[10,14,]   290   0.00207507   8.82162e-040   9.33674e-040   [-0.000026,0.000003,]
[11,14,]   291   0.00192872   8.28764e-040   1.02477e-039   [-0.000023,0.000007,]
[12,14,]   292   0.00160845   6.677e-040   1.20695e-039   [-0.000020,0.000011,]
[13,14,]   293   0.00117044   4.39385e-040   1.48024e-039   [-0.000016,0.000012,]
[14,14,]   294   0.0007258   1.11245e-040   1.84462e-039   [-0.000013,0.000013,]
[15,14,]   295   0.000378266   -3.10941e-040   2.30008e-039   [-0.000011,0.000013,]
[16,14,]   296   0.000164479   -8.16212e-040   2.84662e-039   [-0.000008,0.000012,]
[17,14,]   297   5.88778e-005   -1.50667e-039   3.48424e-039   [-0.000006,0.000011,]
[18,14,]   298   1.75982e-005   -2.3523e-039   4.21294e-039   [0.000005,0.000011,]
[19,14,]   299   4.75698e-006   -4.34574e-039   5.03273e-039   [0.000015,0.000012,]
[0,15,]   300   3.60398e-006   -4.53152e-039   5.48817e-039   [0.000009,-0.000007,]
[1,15,]   301   9.20461e-006   -3.07952e-039   4.66836e-039   [-0.000017,-0.000010,]
[2,15,]   302   2.93587e-005   -1.95583e-039   3.93964e-039   [-0.000009,-0.000010,]
[3,15,]   303   8.23447e-005   -1.22263e-039   3.30201e-039   [-0.000009,-0.000011,]
[4,15,]   304   0.000192263   -7.25388e-040   2.75547e-039   [-0.000010,-0.000011,]
[5,15,]   305   0.000378255   -3.10572e-040   2.30002e-039   [-0.000013,-0.000011,]
[6,15,]   306   0.000632699   1.27285e-041   1.93566e-039   [-0.000015,-0.000010,]
[7,15,]   307   0.000912128   2.61438e-040   1.66239e-039   [-0.000018,-0.000008,]
[8,15,]   308   0.00115168   4.28267e-040   1.48021e-039   [-0.000020,-0.000006,]
[9,15,]   309   0.00129539   5.44221e-040   1.38912e-039   [-0.000021,-0.000002,]
[10,15,]   310   0.00130467   5.50446e-040   1.38912e-039   [-0.000021,0.000002,]
[11,15,]   311   0.00117586   4.61808e-040   1.48021e-039   [-0.000020,0.000005,]
[12,15,]   312   0.000937188   3.06838e-040   1.66239e-039   [-0.000018,0.000008,]
[13,15,]   313   0.000648547   5.3413e-041   1.93566e-039   [-0.000015,0.000009,]
[14,15,]   314   0.000384003   -2.86207e-040   2.30003e-039   [-0.000013,0.000010,]
[15,15,]   315   0.000192298   -7.24951e-040   2.75548e-039   [-0.000011,0.000010,]
[16,15,]   316   8.09021e-005   -1.23948e-039   3.30202e-039   [-0.000009,0.000010,]
[17,15,]   317   2.81651e-005   -1.94647e-039   3.93965e-039   [-0.000007,0.000010,]
[18,15,]   318   8.23403e-006   -2.81798e-039   4.66836e-039   [0.000005,0.000010,]
[19,15,]   319   2.21952e-006   -4.91614e-039   5.48817e-039   [0.000017,0.000011,]
[0,16,]   320   1.43704e-006   -5.14454e-039   6.03471e-039   [0.000009,-0.000006,]
[1,16,]   321   3.61901e-006   -3.64851e-039   5.2149e-039   [-0.000018,-0.000008,]
[2,16,]   322   1.17379e-005   -2.48782e-039   4.48618e-039   [-0.000009,-0.000009,]
[3,16,]   323   3.36943e-005   -1.74395e-039   3.84855e-039   [-0.000009,-0.000009,]
[4,16,]   324   8.08889e-005   -1.23975e-039   3.30201e-039   [-0.000010,-0.000009,]
[5,16,]   325   0.000164476   -8.15763e-040   2.84656e-039   [-0.000012,-0.000008,]
[6,16,]   326   0.000285529   -4.76785e-040   2.4822e-039   [-0.000014,-0.000007,]
[7,16,]   327   0.000427343   -2.2068e-040   2.20893e-039   [-0.000016,-0.000006,]
[8,16,]   328   0.000557296   -3.9073e-041   2.02675e-039   [-0.000017,-0.000004,]
[9,16,]   329   0.000638428   5.71112e-041   1.93566e-039   [-0.000018,-0.000001,]
[10,16,]   330   0.000644565   7.46201e-041   1.93566e-039   [-0.000018,0.000001,]
[11,16,]   331   0.000572068   -1.32151e-042   2.02675e-039   [-0.000017,0.000004,]
[12,16,]   332   0.000443194   -1.68578e-040   2.20893e-039   [-0.000016,0.000006,]
[13,16,]   333   0.000296605   -4.24903e-040   2.4822e-039   [-0.000014,0.000007,]
[14,16,]   334   0.00016974   -7.75177e-040   2.84656e-039   [-0.000012,0.000008,]
[15,16,]   335   8.23737e-005   -1.22059e-039   3.30201e-039   [-0.000011,0.000009,]
[16,16,]   336   3.37055e-005   -1.74222e-039   3.84855e-039   [-0.000009,0.000009,]
[17,16,]   337   1.1448e-005   -2.46195e-039   4.48618e-039   [-0.000007,0.000009,]
[18,16,]   338   3.27934e-006   -3.36193e-039   5.2149e-039   [0.000006,0.000009,]
[19,16,]   339   8.84772e-007   -5.55402e-039   6.03471e-039   [0.000018,0.000011,]
[0,17,]   340   4.75298e-007   -5.96381e-039   6.67234e-039   [0.000008,-0.000005,]
[1,17,]   341   1.18349e-006   -4.42304e-039   5.85253e-039   [-0.000020,-0.000007,]
[2,17,]   342   3.90174e-006   -3.22375e-039   5.12381e-039   [-0.000010,-0.000007,]
[3,17,]   343   1.14443e-005   -2.46363e-039   4.48618e-039   [-0.000009,-0.000007,]
[4,17,]   344   2.81607e-005   -1.94676e-039   3.93964e-039   [-0.000010,-0.000007,]
[5,17,]   345   5.88776e-005   -1.50627e-039   3.48419e-039   [-0.000011,-0.000006,]
[6,17,]   346   0.000105262   -1.15127e-039   3.11983e-039   [-0.000013,-0.000006,]
[7,17,]   347   0.000162061   -8.76594e-040   2.84656e-039   [-0.000014,-0.000004,]
[8,17,]   348   0.000216198   -6.87125e-040   2.66438e-039   [-0.000015,-0.000003,]
[9,17,]   349   0.000251072   -5.79917e-040   2.57329e-039   [-0.000016,-0.000001,]
[10,17,]   350   0.000254002   -5.64636e-040   2.57329e-039   [-0.000016,0.000002,]
[11,17,]   351   0.000223372   -6.4227e-040   2.66438e-039   [-0.000015,0.000004,]
[12,17,]   352   0.000169948   -8.11837e-040   2.84656e-039   [-0.000014,0.000005,]
[13,17,]   353   0.000111105   -1.07679e-039   3.11983e-039   [-0.000013,0.000007,]
[14,17,]   354   6.20014e-005   -1.43408e-039   3.48419e-039   [-0.000011,0.000008,]
[15,17,]   355   2.9352e-005   -1.8883e-039   3.93964e-039   [-0.000010,0.000009,]
[16,17,]   356   1.17354e-005   -2.41781e-039   4.48618e-039   [-0.000009,0.000009,]
[17,17,]   357   3.90094e-006   -3.15123e-039   5.12381e-039   [-0.000007,0.000009,]
[18,17,]   358   1.09708e-006   -4.08367e-039   5.85253e-039   [0.000007,0.000009,]
[19,17,]   359   2.97063e-007   -6.35746e-039   6.67234e-039   [0.000020,0.000011,]
[0,18,]   360   1.33047e-007   -7.0112e-039   7.40106e-039   [0.000008,0.000009,]
[1,18,]   361   3.28106e-007   -5.41344e-039   6.58125e-039   [-0.000021,0.000008,]
[2,18,]   362   1.09729e-006   -4.15891e-039   5.85253e-039   [-0.000010,0.000007,]
[3,18,]   363   3.27829e-006   -3.36365e-039   5.2149e-039   [-0.000009,0.000006,]
[4,18,]   364   8.23277e-006   -2.81832e-039   4.66836e-039   [-0.000010,0.000005,]
[5,18,]   365   1.75982e-005   -2.35194e-039   4.21291e-039   [-0.000011,0.000005,]
[6,18,]   366   3.21837e-005   -1.97678e-039   3.84855e-039   [-0.000012,0.000004,]
[7,18,]   367   5.06068e-005   -1.69338e-039   3.57528e-039   [-0.000013,0.000005,]
[8,18,]   368   6.86798e-005   -1.50501e-039   3.3931e-039   [-0.000013,0.000005,]
[9,18,]   369   8.06073e-005   -1.41767e-039   3.30201e-039   [-0.000014,0.000006,]
[10,18,]   370   8.18114e-005   -1.42914e-039   3.30201e-039   [-0.000014,0.000008,]
[11,18,]   371   7.16288e-005   -1.54208e-039   3.3931e-039   [-0.000013,0.000010,]
[12,18,]   372   5.38927e-005   -1.75536e-039   3.57528e-039   [-0.000012,0.000012,]
[13,18,]   373   3.46846e-005   -2.06417e-039   3.84855e-039   [-0.000012,0.000014,]
[14,18,]   374   1.90064e-005   -2.46557e-039   4.21291e-039   [-0.000011,0.000015,]
[15,18,]   375   8.82854e-006   -2.9605e-039   4.66836e-039   [-0.000010,0.000017,]
[16,18,]   376   3.46441e-006   -3.52687e-039   5.2149e-039   [-0.000008,0.000018,]
[17,18,]   377   1.13087e-006   -4.29863e-039   5.85253e-039   [-0.000007,0.000019,]
[18,18,]   378   3.12962e-007   -5.28652e-039   6.58125e-039   [0.000008,0.000020,]
[19,18,]   379   8.51817e-008   -7.64966e-039   7.40106e-039   [0.000022,0.000021,]
[0,19,]   380   3.70269e-008   -9.25209e-039   8.22087e-039   [0.000008,0.000022,]
[1,19,]   381   8.94573e-008   -7.76942e-039   7.40106e-039   [-0.000022,0.000021,]
[2,19,]   382   2.9715e-007   -6.43505e-039   6.67234e-039   [-0.000011,0.000020,]
[3,19,]   383   8.8449e-007   -5.55588e-039   6.03471e-039   [-0.000011,0.000018,]
[4,19,]   384   2.21917e-006   -4.9165e-039   5.48817e-039   [-0.000011,0.000017,]
[5,19,]   385   4.75698e-006   -4.34536e-039   5.03272e-039   [-0.000012,0.000015,]
[6,19,]   386   8.76742e-006   -3.85883e-039   4.66836e-039   [-0.000013,0.000014,]
[7,19,]   387   1.39749e-005   -3.4653e-039   4.39509e-039   [-0.000013,0.000013,]
[8,19,]   388   1.93342e-005   -3.17972e-039   4.21291e-039   [-0.000013,0.000013,]
[9,19,]   389   2.32362e-005   -3.01906e-039   4.12182e-039   [-0.000013,0.000013,]
[10,19,]   390   2.41937e-005   -2.98962e-039   4.12182e-039   [-0.000012,0.000014,]
[11,19,]   391   2.17158e-005   -3.09674e-039   4.21291e-039   [-0.000011,0.000015,]
[12,19,]   392   1.67014e-005   -3.3382e-039   4.39509e-039   [-0.000010,0.000018,]
[13,19,]   393   1.0941e-005   -3.70123e-039   4.66836e-039   [-0.000009,0.000020,]
[14,19,]   394   6.07551e-006   -4.17337e-039   5.03272e-039   [-0.000008,0.000022,]
[15,19,]   395   2.84814e-006   -4.7475e-039   5.48817e-039   [-0.000007,0.000024,]
[16,19,]   396   1.12419e-006   -5.39574e-039   6.03471e-039   [-0.000006,0.000026,]
[17,19,]   397   3.68238e-007   -6.24861e-039   6.67234e-039   [-0.000005,0.000028,]
[18,19,]   398   1.02114e-007   -7.33226e-039   7.40106e-039   [0.000009,0.000030,]
[19,19,]   399   2.82384e-008   -9.62986e-039   8.22087e-039   [0.000023,0.000031,]
