coordinates  index   rho      Q      V    velocities 
[0,0,]   0   4.43007e-007   -9.52993e-039   8.22087e-039   [0.000011,-0.000005,]
[1,0,]   1   1.90844e-006   -6.91507e-039   7.40106e-039   [0.000005,-0.000005,]
[2,0,]   2   6.85211e-006   -6.09046e-039   6.67234e-039   [0.000009,-0.000004,]
[3,0,]   3   2.07741e-005   -5.32575e-039   6.03471e-039   [0.000010,-0.000004,]
[4,0,]   4   5.31452e-005   -4.66035e-039   5.48817e-039   [0.000011,-0.000004,]
[5,0,]   5   0.000115096   -4.08488e-039   5.03272e-039   [0.000012,-0.000003,]
[6,0,]   6   0.000211659   -3.60512e-039   4.66836e-039   [0.000013,-0.000002,]
[7,0,]   7   0.000331658   -3.22684e-039   4.39509e-039   [0.000014,-0.000001,]
[8,0,]   8   0.000444041   -2.97158e-039   4.21291e-039   [0.000015,0.000001,]
[9,0,]   9   0.000510524   -2.84023e-039   4.12182e-039   [0.000016,0.000002,]
[10,0,]   10   0.000505388   -2.83598e-039   4.12182e-039   [0.000016,0.000004,]
[11,0,]   11   0.000430059   -2.97451e-039   4.21291e-039   [0.000015,0.000005,]
[12,0,]   12   0.000314505   -3.24393e-039   4.39509e-039   [0.000015,0.000007,]
[13,0,]   13   0.000197633   -3.62219e-039   4.66836e-039   [0.000014,0.000008,]
[14,0,]   14   0.000106331   -4.10609e-039   5.03272e-039   [0.000013,0.000009,]
[15,0,]   15   4.88114e-005   -4.68349e-039   5.48817e-039   [0.000012,0.000010,]
[16,0,]   16   1.9052e-005   -5.34758e-039   6.03471e-039   [0.000011,0.000010,]
[17,0,]   17   6.29905e-006   -6.10353e-039   6.67234e-039   [0.000010,0.000010,]
[18,0,]   18   1.76095e-006   -7.01794e-039   7.40106e-039   [0.000012,0.000011,]
[19,0,]   19   4.36361e-007   -9.54902e-039   8.22087e-039   [0.000014,0.000011,]
[0,1,]   20   1.76418e-006   -7.02689e-039   7.40106e-039   [0.000011,-0.000012,]
[1,1,]   21   7.54536e-006   -4.56634e-039   6.58125e-039   [0.000006,-0.000011,]
[2,1,]   22   2.67886e-005   -3.84797e-039   5.85253e-039   [0.000010,-0.000011,]
[3,1,]   23   8.02756e-005   -3.19497e-039   5.2149e-039   [0.000011,-0.000011,]
[4,1,]   24   0.000203021   -2.64748e-039   4.66836e-039   [0.000012,-0.000010,]
[5,1,]   25   0.000435038   -2.19229e-039   4.21291e-039   [0.000013,-0.000009,]
[6,1,]   26   0.000792997   -1.82799e-039   3.84855e-039   [0.000015,-0.000008,]
[7,1,]   27   0.00123526   -1.54993e-039   3.57528e-039   [0.000016,-0.000006,]
[8,1,]   28   0.00165056   -1.36961e-039   3.3931e-039   [0.000017,-0.000004,]
[9,1,]   29   0.00190331   -1.27456e-039   3.30201e-039   [0.000017,-0.000002,]
[10,1,]   30   0.00189977   -1.25942e-039   3.30201e-039   [0.000018,-0.000000,]
[11,1,]   31   0.00163741   -1.34379e-039   3.3931e-039   [0.000017,0.000001,]
[12,1,]   32   0.001217   -1.52222e-039   3.57528e-039   [0.000016,0.000003,]
[13,1,]   33   0.000778882   -1.78173e-039   3.84855e-039   [0.000015,0.000004,]
[14,1,]   34   0.000427045   -2.13356e-039   4.21291e-039   [0.000013,0.000005,]
[15,1,]   35   0.000199647   -2.57686e-039   4.66836e-039   [0.000012,0.000005,]
[16,1,]   36   7.92469e-005   -3.11298e-039   5.2149e-039   [0.000011,0.000006,]
[17,1,]   37   2.65963e-005   -3.75147e-039   5.85253e-039   [0.000010,0.000006,]
[18,1,]   38   7.53238e-006   -4.55762e-039   6.58125e-039   [0.000011,0.000006,]
[19,1,]   39   1.88178e-006   -6.92784e-039   7.40106e-039   [0.000013,0.000005,]
[0,2,]   40   6.29886e-006   -6.10654e-039   6.67234e-039   [0.000010,-0.000010,]
[1,2,]   41   2.65956e-005   -3.75433e-039   5.85253e-039   [0.000006,-0.000010,]
[2,2,]   42   9.2965e-005   -3.04404e-039   5.12381e-039   [0.000010,-0.000010,]
[3,2,]   43   0.000273784   -2.39945e-039   4.48618e-039   [0.000011,-0.000010,]
[4,2,]   44   0.0006795   -1.86126e-039   3.93964e-039   [0.000013,-0.000009,]
[5,2,]   45   0.00142768   -1.41657e-039   3.48419e-039   [0.000014,-0.000009,]
[6,2,]   46   0.00255249   -1.06372e-039   3.11983e-039   [0.000016,-0.000007,]
[7,2,]   47   0.00390765   -7.97318e-040   2.84656e-039   [0.000017,-0.000006,]
[8,2,]   48   0.00515226   -6.30002e-040   2.66438e-039   [0.000019,-0.000004,]
[9,2,]   49   0.0058997   -5.47361e-040   2.57329e-039   [0.000020,-0.000001,]
[10,2,]   50   0.00589305   -5.42333e-040   2.57329e-039   [0.000020,0.000001,]
[11,2,]   51   0.00512064   -6.36315e-040   2.66438e-039   [0.000019,0.000004,]
[12,2,]   52   0.00386068   -8.2197e-040   2.84656e-039   [0.000017,0.000006,]
[13,2,]   53   0.00251722   -1.08425e-039   3.11983e-039   [0.000016,0.000007,]
[14,2,]   54   0.0014088   -1.43583e-039   3.48419e-039   [0.000014,0.000008,]
[15,2,]   55   0.000672372   -1.87638e-039   3.93964e-039   [0.000013,0.000009,]
[16,2,]   56   0.000272146   -2.40818e-039   4.48618e-039   [0.000011,0.000010,]
[17,2,]   57   9.29675e-005   -3.04125e-039   5.12381e-039   [0.000010,0.000010,]
[18,2,]   58   2.6744e-005   -3.83967e-039   5.85253e-039   [0.000011,0.000010,]
[19,2,]   59   6.76043e-006   -6.1023e-039   6.67234e-039   [0.000013,0.000009,]
[0,3,]   60   1.90515e-005   -5.34752e-039   6.03471e-039   [0.000010,-0.000011,]
[1,3,]   61   7.92453e-005   -3.11293e-039   5.2149e-039   [0.000006,-0.000011,]
[2,3,]   62   0.00027214   -2.40814e-039   4.48618e-039   [0.000010,-0.000011,]
[3,3,]   63   0.000785209   -1.76995e-039   3.84855e-039   [0.000011,-0.000011,]
[4,3,]   64   0.00190429   -1.23823e-039   3.30201e-039   [0.000013,-0.000011,]
[5,3,]   65   0.00390138   -8.00208e-040   2.84656e-039   [0.000015,-0.000010,]
[6,3,]   66   0.00679591   -4.53601e-040   2.4822e-039   [0.000017,-0.000009,]
[7,3,]   67   0.0101531   -1.91717e-040   2.20893e-039   [0.000019,-0.000007,]
[8,3,]   68   0.0131281   -2.84886e-041   2.02675e-039   [0.000021,-0.000005,]
[9,3,]   69   0.0148727   5.23776e-041   1.93566e-039   [0.000023,-0.000002,]
[10,3,]   70   0.0148672   5.93434e-041   1.93566e-039   [0.000023,0.000002,]
[11,3,]   71   0.0130712   -3.24761e-041   2.02675e-039   [0.000021,0.000005,]
[12,3,]   72   0.0100579   -2.1427e-040   2.20893e-039   [0.000019,0.000007,]
[13,3,]   73   0.00672779   -4.6933e-040   2.4822e-039   [0.000017,0.000009,]
[14,3,]   74   0.00386865   -8.12838e-040   2.84656e-039   [0.000015,0.000010,]
[15,3,]   75   0.00189498   -1.24537e-039   3.30201e-039   [0.000013,0.000011,]
[16,3,]   76   0.000785229   -1.77e-039   3.84855e-039   [0.000011,0.000011,]
[17,3,]   77   0.000273792   -2.39675e-039   4.48618e-039   [0.000010,0.000011,]
[18,3,]   78   8.01471e-005   -3.18704e-039   5.2149e-039   [0.000011,0.000011,]
[19,3,]   79   2.05095e-005   -5.33585e-039   6.03471e-039   [0.000012,0.000010,]
[0,4,]   80   4.88102e-005   -4.68344e-039   5.48817e-039   [0.000010,-0.000012,]
[1,4,]   81   0.000199642   -2.57682e-039   4.66836e-039   [0.000005,-0.000012,]
[2,4,]   82   0.000672353   -1.87634e-039   3.93964e-039   [0.000009,-0.000013,]
[3,4,]   83   0.00189492   -1.24532e-039   3.30201e-039   [0.000011,-0.000013,]
[4,4,]   84   0.00446969   -7.21712e-040   2.75547e-039   [0.000013,-0.000013,]
[5,4,]   85   0.0088685   -2.93175e-040   2.30002e-039   [0.000016,-0.000013,]
[6,4,]   86   0.0149157   4.31865e-041   1.93566e-039   [0.000019,-0.000012,]
[7,4,]   87   0.0215178   2.96236e-040   1.66239e-039   [0.000022,-0.000010,]
[8,4,]   88   0.0270111   4.51523e-040   1.48021e-039   [0.000025,-0.000007,]
[9,4,]   89   0.0300849   5.28502e-040   1.38912e-039   [0.000027,-0.000003,]
[10,4,]   90   0.030099   5.37891e-040   1.38912e-039   [0.000027,0.000002,]
[11,4,]   91   0.0269439   4.49947e-040   1.48021e-039   [0.000025,0.000007,]
[12,4,]   92   0.0213716   2.75476e-040   1.66239e-039   [0.000022,0.000010,]
[13,4,]   93   0.0148206   3.21833e-041   1.93566e-039   [0.000019,0.000012,]
[14,4,]   94   0.00883385   -2.99521e-040   2.30002e-039   [0.000016,0.000013,]
[15,4,]   95   0.00446985   -7.21759e-040   2.75547e-039   [0.000013,0.000013,]
[16,4,]   96   0.00190435   -1.23828e-039   3.30201e-039   [0.000011,0.000013,]
[17,4,]   97   0.000679523   -1.85865e-039   3.93964e-039   [0.000009,0.000013,]
[18,4,]   98   0.00020271   -2.63993e-039   4.66836e-039   [0.000010,0.000012,]
[19,4,]   99   5.25046e-005   -4.66859e-039   5.48817e-039   [0.000011,0.000011,]
[0,5,]   100   0.000106328   -4.10595e-039   5.03272e-039   [0.000009,-0.000013,]
[1,5,]   101   0.000427032   -2.13344e-039   4.21291e-039   [0.000005,-0.000013,]
[2,5,]   102   0.00140875   -1.4357e-039   3.48419e-039   [0.000008,-0.000014,]
[3,5,]   103   0.0038685   -8.12687e-040   2.84656e-039   [0.000010,-0.000015,]
[4,5,]   104   0.00883344   -2.9936e-040   2.30002e-039   [0.000013,-0.000016,]
[5,5,]   105   0.0168396   1.15175e-040   1.84457e-039   [0.000016,-0.000016,]
[6,5,]   106   0.0270127   4.33514e-040   1.48021e-039   [0.000020,-0.000016,]
[7,5,]   107   0.0370162   6.67216e-040   1.20694e-039   [0.000025,-0.000014,]
[8,5,]   108   0.0443215   8.03931e-040   1.02476e-039   [0.000029,-0.000010,]
[9,5,]   109   0.047955   8.7143e-040   9.33673e-040   [0.000033,-0.000004,]
[10,5,]   110   0.048025   8.84226e-040   9.33673e-040   [0.000033,0.000003,]
[11,5,]   111   0.0442992   8.05325e-040   1.02476e-039   [0.000029,0.000009,]
[12,5,]   112   0.0368593   6.48238e-040   1.20694e-039   [0.000025,0.000014,]
[13,5,]   113   0.026934   4.27508e-040   1.48021e-039   [0.000020,0.000016,]
[14,5,]   114   0.0168406   1.14895e-040   1.84457e-039   [0.000016,0.000016,]
[15,5,]   115   0.00886889   -2.93318e-040   2.30002e-039   [0.000013,0.000016,]
[16,5,]   116   0.00390153   -8.00341e-040   2.84656e-039   [0.000010,0.000015,]
[17,5,]   117   0.00142774   -1.41414e-039   3.48419e-039   [0.000009,0.000014,]
[18,5,]   118   0.000434405   -2.18519e-039   4.21291e-039   [0.000009,0.000013,]
[19,5,]   119   0.00011379   -4.09128e-039   5.03272e-039   [0.000010,0.000012,]
[0,6,]   120   0.000197622   -3.62181e-039   4.66836e-039   [0.000008,-0.000014,]
[1,6,]   121   0.000778836   -1.78135e-039   3.84855e-039   [0.000004,-0.000015,]
[2,6,]   122   0.00251705   -1.08382e-039   3.11983e-039   [0.000007,-0.000016,]
[3,6,]   123   0.00672728   -4.68831e-040   2.4822e-039   [0.000009,-0.000017,]
[4,6,]   124   0.0148193   3.27616e-041   1.93566e-039   [0.000012,-0.000019,]
[5,6,]   125   0.0269312   4.2831e-040   1.48021e-039   [0.000016,-0.000020,]
[6,6,]   126   0.0405839   7.16305e-040   1.11585e-039   [0.000021,-0.000021,]
[7,6,]   127   0.0515202   9.07619e-040   8.42583e-040   [0.000027,-0.000020,]
[8,6,]   128   0.0569516   9.93418e-040   6.60403e-040   [0.000035,-0.000015,]
[9,6,]   129   0.0583502   1.03835e-039   5.69313e-040   [0.000042,-0.000007,]
[10,6,]   130   0.0585089   1.05532e-039   5.69313e-040   [0.000042,0.000005,]
[11,6,]   131   0.0570471   9.98618e-040   6.60403e-040   [0.000035,0.000015,]
[12,6,]   132   0.0514297   8.90582e-040   8.42583e-040   [0.000028,0.000019,]
[13,6,]   133   0.04059   7.15556e-040   1.11585e-039   [0.000021,0.000021,]
[14,6,]   134   0.0270151   4.33309e-040   1.48021e-039   [0.000016,0.000020,]
[15,6,]   135   0.0149168   4.30755e-041   1.93566e-039   [0.000012,0.000019,]
[16,6,]   136   0.00679636   -4.53734e-040   2.4822e-039   [0.000009,0.000017,]
[17,6,]   137   0.00255265   -1.06142e-039   3.11983e-039   [0.000007,0.000016,]
[18,6,]   138   0.000791918   -1.82127e-039   3.84855e-039   [0.000008,0.000015,]
[19,6,]   139   0.000209403   -3.60973e-039   4.66836e-039   [0.000009,0.000013,]
[0,7,]   140   0.000314458   -3.24095e-039   4.39509e-039   [0.000007,-0.000015,]
[1,7,]   141   0.0012168   -1.51915e-039   3.57528e-039   [0.000003,-0.000016,]
[2,7,]   142   0.00385995   -8.18569e-040   2.84656e-039   [0.000006,-0.000017,]
[3,7,]   143   0.0100557   -2.10455e-040   2.20893e-039   [0.000007,-0.000019,]
[4,7,]   144   0.0213659   2.79781e-040   1.66239e-039   [0.000010,-0.000022,]
[5,7,]   145   0.0368475   6.53267e-040   1.20694e-039   [0.000014,-0.000025,]
[6,7,]   146   0.0514077   8.95911e-040   8.42583e-040   [0.000019,-0.000028,]
[7,7,]   147   0.0584068   9.96866e-040   5.69313e-040   [0.000029,-0.000029,]
[8,7,]   148   0.056015   9.34314e-040   3.87133e-040   [0.000042,-0.000026,]
[9,7,]   149   0.0509044   8.84341e-040   2.96043e-040   [0.000057,-0.000013,]
[10,7,]   150   0.0511545   9.12718e-040   2.96043e-040   [0.000058,0.000009,]
[11,7,]   151   0.0562464   9.46442e-040   3.87133e-040   [0.000043,0.000025,]
[12,7,]   152   0.0584348   9.83396e-040   5.69313e-040   [0.000029,0.000029,]
[13,7,]   153   0.0515288   9.00197e-040   8.42583e-040   [0.000020,0.000027,]
[14,7,]   154   0.0370207   6.6156e-040   1.20694e-039   [0.000014,0.000024,]
[15,7,]   155   0.0215203   2.91512e-040   1.66239e-039   [0.000010,0.000022,]
[16,7,]   156   0.0101542   -1.95826e-040   2.20893e-039   [0.000007,0.000019,]
[17,7,]   157   0.00390805   -7.98606e-040   2.84656e-039   [0.000006,0.000017,]
[18,7,]   158   0.00123371   -1.54659e-039   3.57528e-039   [0.000006,0.000016,]
[19,7,]   159   0.000328331   -3.23259e-039   4.39509e-039   [0.000007,0.000014,]
[0,8,]   160   0.000429638   -2.97605e-039   4.21291e-039   [0.000005,-0.000015,]
[1,8,]   161   0.00163565   -1.34642e-039   3.3931e-039   [0.000001,-0.000017,]
[2,8,]   162   0.00511445   -6.39334e-040   2.66438e-039   [0.000004,-0.000019,]
[3,8,]   163   0.0130531   -3.59646e-041   2.02675e-039   [0.000005,-0.000021,]
[4,8,]   164   0.0269006   4.45815e-040   1.48021e-039   [0.000007,-0.000025,]
[5,8,]   165   0.0442146   8.00438e-040   1.02476e-039   [0.000009,-0.000029,]
[6,8,]   166   0.0569126   9.91604e-040   6.60403e-040   [0.000015,-0.000035,]
[7,8,]   167   0.0560937   9.44898e-040   3.87133e-040   [0.000025,-0.000043,]
[8,8,]   168   0.0418328   3.9656e-040   2.04953e-040   [0.000046,-0.000050,]
[9,8,]   169   0.0273521   -4.88044e-040   1.13863e-040   [0.000088,-0.000036,]
[10,8,]   170   0.0276237   -3.95131e-040   1.13863e-040   [0.000092,0.000022,]
[11,8,]   171   0.0420769   4.17235e-040   2.04953e-040   [0.000051,0.000046,]
[12,8,]   172   0.0561882   9.3597e-040   3.87133e-040   [0.000026,0.000042,]
[13,8,]   173   0.0570777   9.97973e-040   6.60403e-040   [0.000015,0.000035,]
[14,8,]   174   0.0444012   8.08232e-040   1.02476e-039   [0.000010,0.000029,]
[15,8,]   175   0.0270522   4.55255e-040   1.48021e-039   [0.000007,0.000024,]
[16,8,]   176   0.0131454   -2.52787e-041   2.02675e-039   [0.000005,0.000021,]
[17,8,]   177   0.00515823   -6.24941e-040   2.66438e-039   [0.000004,0.000019,]
[18,8,]   178   0.00165012   -1.36076e-039   3.3931e-039   [0.000004,0.000016,]
[19,8,]   179   0.000440151   -2.97148e-039   4.21291e-039   [0.000005,0.000015,]
[0,9,]   180   0.000504996   -2.8391e-039   4.12182e-039   [0.000004,-0.000015,]
[1,9,]   181   0.0018982   -1.26341e-039   3.30201e-039   [-0.000000,-0.000017,]
[2,9,]   182   0.00588759   -5.46901e-040   2.57329e-039   [0.000001,-0.000019,]
[3,9,]   183   0.0148514   5.40605e-041   1.93566e-039   [0.000002,-0.000022,]
[4,9,]   184   0.0300615   5.31614e-040   1.38912e-039   [0.000002,-0.000026,]
[5,9,]   185   0.0479525   8.76565e-040   9.33673e-040   [0.000003,-0.000032,]
[6,9,]   186   0.0583952   1.04342e-039   5.69313e-040   [0.000005,-0.000041,]
[7,9,]   187   0.0510444   8.98303e-040   2.96043e-040   [0.000009,-0.000056,]
[8,9,]   188   0.0275339   -4.1241e-040   1.13863e-040   [0.000022,-0.000088,]
[9,9,]   189   0.00614785   -1.36591e-038   2.27725e-041   [0.000144,-0.000150,]
[10,9,]   190   0.00622362   -1.34265e-038   2.27725e-041   [0.000155,0.000140,]
[11,9,]   191   0.0275815   -4.29513e-040   1.13863e-040   [0.000037,0.000086,]
[12,9,]   192   0.0510959   8.99425e-040   2.96043e-040   [0.000013,0.000055,]
[13,9,]   193   0.0584766   1.04761e-039   5.69313e-040   [0.000006,0.000040,]
[14,9,]   194   0.0480348   8.79755e-040   9.33673e-040   [0.000004,0.000032,]
[15,9,]   195   0.0301257   5.3524e-040   1.38912e-039   [0.000002,0.000026,]
[16,9,]   196   0.0148897   5.79863e-041   1.93566e-039   [0.000002,0.000022,]
[17,9,]   197   0.00590552   -5.40368e-040   2.57329e-039   [0.000001,0.000019,]
[18,9,]   198   0.00190253   -1.26411e-039   3.30201e-039   [0.000002,0.000017,]
[19,9,]   199   0.000506071   -2.83805e-039   4.12182e-039   [0.000004,0.000015,]
[0,10,]   200   0.000510908   -2.8372e-039   4.12182e-039   [0.000002,-0.000015,]
[1,10,]   201   0.00190495   -1.27035e-039   3.30201e-039   [-0.000002,-0.000017,]
[2,10,]   202   0.00590552   -5.42567e-040   2.57329e-039   [-0.000001,-0.000019,]
[3,10,]   203   0.0148897   5.79828e-041   1.93566e-039   [-0.000002,-0.000022,]
[4,10,]   204   0.0301257   5.3524e-040   1.38912e-039   [-0.000002,-0.000026,]
[5,10,]   205   0.0480348   8.79756e-040   9.33673e-040   [-0.000004,-0.000032,]
[6,10,]   206   0.0584766   1.04761e-039   5.69313e-040   [-0.000006,-0.000040,]
[7,10,]   207   0.0510959   8.99425e-040   2.96043e-040   [-0.000013,-0.000055,]
[8,10,]   208   0.0275815   -4.29513e-040   1.13863e-040   [-0.000037,-0.000086,]
[9,10,]   209   0.00622362   -1.34265e-038   2.27725e-041   [-0.000155,-0.000140,]
[10,10,]   210   0.00614785   -1.36591e-038   2.27725e-041   [-0.000144,0.000150,]
[11,10,]   211   0.0275339   -4.1241e-040   1.13863e-040   [-0.000022,0.000088,]
[12,10,]   212   0.0510444   8.98303e-040   2.96043e-040   [-0.000009,0.000056,]
[13,10,]   213   0.0583952   1.04342e-039   5.69313e-040   [-0.000005,0.000041,]
[14,10,]   214   0.0479525   8.76564e-040   9.33673e-040   [-0.000003,0.000032,]
[15,10,]   215   0.0300615   5.31614e-040   1.38912e-039   [-0.000002,0.000026,]
[16,10,]   216   0.0148515   5.40675e-041   1.93566e-039   [-0.000002,0.000022,]
[17,10,]   217   0.00588757   -5.44711e-040   2.57329e-039   [-0.000001,0.000019,]
[18,10,]   218   0.00189578   -1.25715e-039   3.30201e-039   [0.000000,0.000017,]
[19,10,]   219   0.000500191   -2.83994e-039   4.12182e-039   [0.000002,0.000015,]
[0,11,]   220   0.000444454   -2.96994e-039   4.21291e-039   [0.000001,-0.000015,]
[1,11,]   221   0.00165226   -1.36711e-039   3.3931e-039   [-0.000004,-0.000016,]
[2,11,]   222   0.00515822   -6.27191e-040   2.66438e-039   [-0.000004,-0.000019,]
[3,11,]   223   0.0131454   -2.5279e-041   2.02675e-039   [-0.000005,-0.000021,]
[4,11,]   224   0.0270522   4.55255e-040   1.48021e-039   [-0.000007,-0.000024,]
[5,11,]   225   0.0444012   8.08233e-040   1.02476e-039   [-0.000010,-0.000029,]
[6,11,]   226   0.0570777   9.97973e-040   6.60403e-040   [-0.000015,-0.000035,]
[7,11,]   227   0.0561882   9.3597e-040   3.87133e-040   [-0.000026,-0.000042,]
[8,11,]   228   0.0420769   4.17235e-040   2.04953e-040   [-0.000051,-0.000046,]
[9,11,]   229   0.0276237   -3.95131e-040   1.13863e-040   [-0.000092,-0.000022,]
[10,11,]   230   0.0273521   -4.88044e-040   1.13863e-040   [-0.000088,0.000036,]
[11,11,]   231   0.0418328   3.9656e-040   2.04953e-040   [-0.000046,0.000050,]
[12,11,]   232   0.0560937   9.44898e-040   3.87133e-040   [-0.000025,0.000043,]
[13,11,]   233   0.0569126   9.91604e-040   6.60403e-040   [-0.000015,0.000035,]
[14,11,]   234   0.0442146   8.00437e-040   1.02476e-039   [-0.000009,0.000029,]
[15,11,]   235   0.0269006   4.45815e-040   1.48021e-039   [-0.000007,0.000025,]
[16,11,]   236   0.0130531   -3.59541e-041   2.02675e-039   [-0.000005,0.000021,]
[17,11,]   237   0.00511443   -6.37113e-040   2.66438e-039   [-0.000004,0.000019,]
[18,11,]   238   0.00163351   -1.34004e-039   3.3931e-039   [-0.000001,0.000017,]
[19,11,]   239   0.000425417   -2.9776e-039   4.21291e-039   [0.000001,0.000015,]
[0,12,]   240   0.000331687   -3.22979e-039   4.39509e-039   [-0.000001,-0.000014,]
[1,12,]   241   0.00123538   -1.55316e-039   3.57528e-039   [-0.000006,-0.000016,]
[2,12,]   242   0.00390804   -8.00937e-040   2.84656e-039   [-0.000006,-0.000017,]
[3,12,]   243   0.0101542   -1.95823e-040   2.20893e-039   [-0.000007,-0.000019,]
[4,12,]   244   0.0215203   2.91512e-040   1.66239e-039   [-0.000010,-0.000022,]
[5,12,]   245   0.0370207   6.61561e-040   1.20694e-039   [-0.000014,-0.000024,]
[6,12,]   246   0.0515288   9.00197e-040   8.42583e-040   [-0.000020,-0.000027,]
[7,12,]   247   0.0584348   9.83396e-040   5.69313e-040   [-0.000029,-0.000029,]
[8,12,]   248   0.0562464   9.46442e-040   3.87133e-040   [-0.000043,-0.000025,]
[9,12,]   249   0.0511545   9.12718e-040   2.96043e-040   [-0.000058,-0.000009,]
[10,12,]   250   0.0509044   8.84341e-040   2.96043e-040   [-0.000057,0.000013,]
[11,12,]   251   0.056015   9.34314e-040   3.87133e-040   [-0.000042,0.000026,]
[12,12,]   252   0.0584068   9.96866e-040   5.69313e-040   [-0.000029,0.000029,]
[13,12,]   253   0.0514077   8.95911e-040   8.42583e-040   [-0.000019,0.000028,]
[14,12,]   254   0.0368475   6.53266e-040   1.20694e-039   [-0.000014,0.000025,]
[15,12,]   255   0.0213659   2.79781e-040   1.66239e-039   [-0.000010,0.000022,]
[16,12,]   256   0.0100557   -2.10441e-040   2.20893e-039   [-0.000007,0.000019,]
[17,12,]   257   0.00385993   -8.16284e-040   2.84656e-039   [-0.000006,0.000017,]
[18,12,]   258   0.00121514   -1.51253e-039   3.57528e-039   [-0.000003,0.000016,]
[19,12,]   259   0.000311202   -3.24382e-039   4.39509e-039   [-0.000000,0.000015,]
[0,13,]   260   0.000211669   -3.60528e-039   4.66836e-039   [-0.000002,-0.000013,]
[1,13,]   261   0.000793038   -1.82812e-039   3.84855e-039   [-0.000008,-0.000015,]
[2,13,]   262   0.00255264   -1.06385e-039   3.11983e-039   [-0.000007,-0.000016,]
[3,13,]   263   0.00679636   -4.53729e-040   2.4822e-039   [-0.000009,-0.000017,]
[4,13,]   264   0.0149168   4.30751e-041   1.93566e-039   [-0.000012,-0.000019,]
[5,13,]   265   0.0270151   4.33309e-040   1.48021e-039   [-0.000016,-0.000020,]
[6,13,]   266   0.04059   7.15556e-040   1.11585e-039   [-0.000021,-0.000021,]
[7,13,]   267   0.0514297   8.90582e-040   8.42583e-040   [-0.000028,-0.000019,]
[8,13,]   268   0.0570471   9.98618e-040   6.60403e-040   [-0.000035,-0.000015,]
[9,13,]   269   0.0585089   1.05532e-039   5.69313e-040   [-0.000042,-0.000005,]
[10,13,]   270   0.0583502   1.03835e-039   5.69313e-040   [-0.000042,0.000007,]
[11,13,]   271   0.0569516   9.93418e-040   6.60403e-040   [-0.000035,0.000015,]
[12,13,]   272   0.0515202   9.07619e-040   8.42583e-040   [-0.000027,0.000020,]
[13,13,]   273   0.0405839   7.16305e-040   1.11585e-039   [-0.000021,0.000021,]
[14,13,]   274   0.0269312   4.2831e-040   1.48021e-039   [-0.000016,0.000020,]
[15,13,]   275   0.0148193   3.2762e-041   1.93566e-039   [-0.000012,0.000019,]
[16,13,]   276   0.00672728   -4.68813e-040   2.4822e-039   [-0.000009,0.000017,]
[17,13,]   277   0.00251703   -1.08146e-039   3.11983e-039   [-0.000007,0.000016,]
[18,13,]   278   0.000777723   -1.77441e-039   3.84855e-039   [-0.000004,0.000015,]
[19,13,]   279   0.000195439   -3.62643e-039   4.66836e-039   [-0.000001,0.000014,]
[0,14,]   280   0.000115099   -4.08499e-039   5.03272e-039   [-0.000003,-0.000012,]
[1,14,]   281   0.00043505   -2.1924e-039   4.21291e-039   [-0.000009,-0.000013,]
[2,14,]   282   0.00142773   -1.41668e-039   3.48419e-039   [-0.000009,-0.000014,]
[3,14,]   283   0.00390152   -8.00334e-040   2.84656e-039   [-0.000010,-0.000015,]
[4,14,]   284   0.00886889   -2.93319e-040   2.30002e-039   [-0.000013,-0.000016,]
[5,14,]   285   0.0168406   1.14895e-040   1.84457e-039   [-0.000016,-0.000016,]
[6,14,]   286   0.026934   4.27508e-040   1.48021e-039   [-0.000020,-0.000016,]
[7,14,]   287   0.0368593   6.48237e-040   1.20694e-039   [-0.000025,-0.000014,]
[8,14,]   288   0.0442992   8.05324e-040   1.02476e-039   [-0.000029,-0.000009,]
[9,14,]   289   0.048025   8.84225e-040   9.33673e-040   [-0.000033,-0.000003,]
[10,14,]   290   0.047955   8.7143e-040   9.33673e-040   [-0.000033,0.000004,]
[11,14,]   291   0.0443215   8.03931e-040   1.02476e-039   [-0.000029,0.000010,]
[12,14,]   292   0.0370162   6.67216e-040   1.20694e-039   [-0.000025,0.000014,]
[13,14,]   293   0.0270127   4.33513e-040   1.48021e-039   [-0.000020,0.000016,]
[14,14,]   294   0.0168396   1.15174e-040   1.84457e-039   [-0.000016,0.000016,]
[15,14,]   295   0.00883344   -2.9936e-040   2.30002e-039   [-0.000013,0.000016,]
[16,14,]   296   0.0038685   -8.12668e-040   2.84656e-039   [-0.000010,0.000015,]
[17,14,]   297   0.00140874   -1.43324e-039   3.48419e-039   [-0.000008,0.000014,]
[18,14,]   298   0.000426389   -2.12613e-039   4.21291e-039   [-0.000005,0.000013,]
[19,14,]   299   0.000105071   -4.11258e-039   5.03272e-039   [-0.000002,0.000013,]
[0,15,]   300   5.31466e-005   -4.66039e-039   5.48817e-039   [-0.000004,-0.000011,]
[1,15,]   301   0.000203026   -2.64751e-039   4.66836e-039   [-0.000010,-0.000012,]
[2,15,]   302   0.000679518   -1.86129e-039   3.93964e-039   [-0.000009,-0.000013,]
[3,15,]   303   0.00190435   -1.23827e-039   3.30201e-039   [-0.000011,-0.000013,]
[4,15,]   304   0.00446985   -7.21759e-040   2.75547e-039   [-0.000013,-0.000013,]
[5,15,]   305   0.00883386   -2.9952e-040   2.30002e-039   [-0.000016,-0.000013,]
[6,15,]   306   0.0148206   3.21837e-041   1.93566e-039   [-0.000019,-0.000012,]
[7,15,]   307   0.0213716   2.75476e-040   1.66239e-039   [-0.000022,-0.000010,]
[8,15,]   308   0.0269439   4.49947e-040   1.48021e-039   [-0.000025,-0.000007,]
[9,15,]   309   0.030099   5.37892e-040   1.38912e-039   [-0.000027,-0.000002,]
[10,15,]   310   0.0300849   5.28502e-040   1.38912e-039   [-0.000027,0.000003,]
[11,15,]   311   0.0270111   4.51523e-040   1.48021e-039   [-0.000025,0.000007,]
[12,15,]   312   0.0215178   2.96236e-040   1.66239e-039   [-0.000022,0.000010,]
[13,15,]   313   0.0149157   4.31868e-041   1.93566e-039   [-0.000019,0.000012,]
[14,15,]   314   0.0088685   -2.93175e-040   2.30002e-039   [-0.000016,0.000013,]
[15,15,]   315   0.00446969   -7.21711e-040   2.75547e-039   [-0.000013,0.000013,]
[16,15,]   316   0.00189492   -1.2453e-039   3.30201e-039   [-0.000011,0.000013,]
[17,15,]   317   0.000672346   -1.87379e-039   3.93964e-039   [-0.000009,0.000013,]
[18,15,]   318   0.000199326   -2.56911e-039   4.66836e-039   [-0.000005,0.000012,]
[19,15,]   319   4.8195e-005   -4.69213e-039   5.48817e-039   [-0.000002,0.000012,]
[0,16,]   320   2.07746e-005   -5.32577e-039   6.03471e-039   [-0.000004,-0.000010,]
[1,16,]   321   8.02773e-005   -3.19498e-039   5.2149e-039   [-0.000011,-0.000011,]
[2,16,]   322   0.00027379   -2.39946e-039   4.48618e-039   [-0.000010,-0.000011,]
[3,16,]   323   0.000785229   -1.76996e-039   3.84855e-039   [-0.000011,-0.000011,]
[4,16,]   324   0.00189498   -1.24535e-039   3.30201e-039   [-0.000013,-0.000011,]
[5,16,]   325   0.00386866   -8.12818e-040   2.84656e-039   [-0.000015,-0.000010,]
[6,16,]   326   0.00672779   -4.69312e-040   2.4822e-039   [-0.000017,-0.000009,]
[7,16,]   327   0.0100579   -2.14256e-040   2.20893e-039   [-0.000019,-0.000007,]
[8,16,]   328   0.0130712   -3.24656e-041   2.02675e-039   [-0.000021,-0.000005,]
[9,16,]   329   0.0148673   5.93503e-041   1.93566e-039   [-0.000023,-0.000002,]
[10,16,]   330   0.0148727   5.23811e-041   1.93566e-039   [-0.000023,0.000002,]
[11,16,]   331   0.0131281   -2.84883e-041   2.02675e-039   [-0.000021,0.000005,]
[12,16,]   332   0.0101531   -1.91719e-040   2.20893e-039   [-0.000019,0.000007,]
[13,16,]   333   0.00679592   -4.53607e-040   2.4822e-039   [-0.000017,0.000009,]
[14,16,]   334   0.00390138   -8.00216e-040   2.84656e-039   [-0.000015,0.000010,]
[15,16,]   335   0.00190429   -1.23824e-039   3.30201e-039   [-0.000013,0.000011,]
[16,16,]   336   0.00078521   -1.76993e-039   3.84855e-039   [-0.000011,0.000011,]
[17,16,]   337   0.000272137   -2.40552e-039   4.48618e-039   [-0.000010,0.000011,]
[18,16,]   338   7.91147e-005   -3.10483e-039   5.2149e-039   [-0.000006,0.000011,]
[19,16,]   339   1.8797e-005   -5.35823e-039   6.03471e-039   [-0.000002,0.000011,]
[0,17,]   340   6.85215e-006   -6.08758e-039   6.67234e-039   [-0.000004,-0.000009,]
[1,17,]   341   2.67887e-005   -3.84523e-039   5.85253e-039   [-0.000011,-0.000010,]
[2,17,]   342   9.29656e-005   -3.04136e-039   5.12381e-039   [-0.000010,-0.000010,]
[3,17,]   343   0.000272142   -2.40554e-039   4.48618e-039   [-0.000011,-0.000010,]
[4,17,]   344   0.000672364   -1.87383e-039   3.93964e-039   [-0.000013,-0.000009,]
[5,17,]   345   0.00140879   -1.43337e-039   3.48419e-039   [-0.000014,-0.000008,]
[6,17,]   346   0.0025172   -1.08188e-039   3.11983e-039   [-0.000016,-0.000007,]
[7,17,]   347   0.00386066   -8.19685e-040   2.84656e-039   [-0.000017,-0.000006,]
[8,17,]   348   0.00512062   -6.34094e-040   2.66438e-039   [-0.000019,-0.000004,]
[9,17,]   349   0.00589304   -5.4014e-040   2.57329e-039   [-0.000020,-0.000001,]
[10,17,]   350   0.0058997   -5.4516e-040   2.57329e-039   [-0.000020,0.000001,]
[11,17,]   351   0.00515226   -6.27752e-040   2.66438e-039   [-0.000019,0.000004,]
[12,17,]   352   0.00390766   -7.94986e-040   2.84656e-039   [-0.000017,0.000006,]
[13,17,]   353   0.0025525   -1.06129e-039   3.11983e-039   [-0.000016,0.000007,]
[14,17,]   354   0.00142769   -1.41403e-039   3.48419e-039   [-0.000014,0.000009,]
[15,17,]   355   0.000679505   -1.85862e-039   3.93964e-039   [-0.000013,0.000009,]
[16,17,]   356   0.000273786   -2.39669e-039   4.48618e-039   [-0.000011,0.000010,]
[17,17,]   357   9.29646e-005   -3.03853e-039   5.12381e-039   [-0.000010,0.000010,]
[18,17,]   358   2.65504e-005   -3.74296e-039   5.85253e-039   [-0.000006,0.000010,]
[19,17,]   359   6.21039e-006   -6.11607e-039   6.67234e-039   [-0.000002,0.000010,]
[0,18,]   360   1.90491e-006   -6.906e-039   7.40106e-039   [-0.000005,-0.000005,]
[1,18,]   361   7.53217e-006   -4.55744e-039   6.58125e-039   [-0.000011,-0.000006,]
[2,18,]   362   2.65506e-005   -3.74587e-039   5.85253e-039   [-0.000010,-0.000006,]
[3,18,]   363   7.91162e-005   -3.10486e-039   5.2149e-039   [-0.000011,-0.000006,]
[4,18,]   364   0.000199331   -2.56915e-039   4.66836e-039   [-0.000012,-0.000005,]
[5,18,]   365   0.000426402   -2.12625e-039   4.21291e-039   [-0.000013,-0.000005,]
[6,18,]   366   0.000777769   -1.77479e-039   3.84855e-039   [-0.000015,-0.000004,]
[7,18,]   367   0.00121534   -1.5156e-039   3.57528e-039   [-0.000016,-0.000003,]
[8,18,]   368   0.00163527   -1.3374e-039   3.3931e-039   [-0.000017,-0.000001,]
[9,18,]   369   0.00189735   -1.25316e-039   3.30201e-039   [-0.000018,0.000000,]
[10,18,]   370   0.00190088   -1.26832e-039   3.30201e-039   [-0.000017,0.000002,]
[11,18,]   371   0.00164842   -1.36326e-039   3.3931e-039   [-0.000017,0.000004,]
[12,18,]   372   0.0012336   -1.54336e-039   3.57528e-039   [-0.000016,0.000006,]
[13,18,]   373   0.000791877   -1.82113e-039   3.84855e-039   [-0.000015,0.000008,]
[14,18,]   374   0.000434392   -2.18508e-039   4.21291e-039   [-0.000013,0.000009,]
[15,18,]   375   0.000202706   -2.63989e-039   4.66836e-039   [-0.000012,0.000010,]
[16,18,]   376   8.01456e-005   -3.18698e-039   5.2149e-039   [-0.000011,0.000011,]
[17,18,]   377   2.67432e-005   -3.83688e-039   5.85253e-039   [-0.000010,0.000011,]
[18,18,]   378   7.51899e-006   -4.54866e-039   6.58125e-039   [-0.000006,0.000011,]
[19,18,]   379   1.73507e-006   -7.03148e-039   7.40106e-039   [-0.000002,0.000012,]
[0,19,]   380   4.36078e-007   -9.54976e-039   8.22087e-039   [-0.000005,-0.000001,]
[1,19,]   381   1.73831e-006   -7.0405e-039   7.40106e-039   [-0.000012,-0.000002,]
[2,19,]   382   6.21046e-006   -6.11915e-039   6.67234e-039   [-0.000010,-0.000002,]
[3,19,]   383   1.87974e-005   -5.35826e-039   6.03471e-039   [-0.000011,-0.000002,]
[4,19,]   384   4.81962e-005   -4.69218e-039   5.48817e-039   [-0.000012,-0.000002,]
[5,19,]   385   0.000105075   -4.11271e-039   5.03272e-039   [-0.000013,-0.000002,]
[6,19,]   386   0.00019545   -3.62681e-039   4.66836e-039   [-0.000014,-0.000001,]
[7,19,]   387   0.000311248   -3.24678e-039   4.39509e-039   [-0.000015,-0.000000,]
[8,19,]   388   0.000425832   -2.97604e-039   4.21291e-039   [-0.000015,0.000001,]
[9,19,]   389   0.000500573   -2.83687e-039   4.12182e-039   [-0.000016,0.000002,]
[10,19,]   390   0.000505687   -2.84109e-039   4.12182e-039   [-0.000016,0.000004,]
[11,19,]   391   0.000439741   -2.97309e-039   4.21291e-039   [-0.000015,0.000005,]
[12,19,]   392   0.000328302   -3.22965e-039   4.39509e-039   [-0.000014,0.000007,]
[13,19,]   393   0.000209393   -3.60956e-039   4.66836e-039   [-0.000013,0.000009,]
[14,19,]   394   0.000113786   -4.09117e-039   5.03272e-039   [-0.000012,0.000010,]
[15,19,]   395   5.25033e-005   -4.66855e-039   5.48817e-039   [-0.000011,0.000011,]
[16,19,]   396   2.05091e-005   -5.33578e-039   6.03471e-039   [-0.000010,0.000012,]
[17,19,]   397   6.7602e-006   -6.09936e-039   6.67234e-039   [-0.000009,0.000013,]
[18,19,]   398   1.87823e-006   -6.91869e-039   7.40106e-039   [-0.000005,0.000013,]
[19,19,]   399   4.29515e-007   -9.56887e-039   8.22087e-039   [-0.000001,0.000014,]
