coordinates  index   rho      Q      V    velocities 
[0,0,]   0   2.11265e-006   -8.23937e-039   8.22087e-039   [0.000027,0.000012,]
[1,0,]   1   4.62588e-006   -7.04509e-039   7.40106e-039   [-0.000008,0.000012,]
[2,0,]   2   1.48626e-005   -5.92024e-039   6.67234e-039   [0.000004,0.000012,]
[3,0,]   3   4.49099e-005   -4.94462e-039   6.03471e-039   [0.000007,0.000013,]
[4,0,]   4   0.000112463   -4.34629e-039   5.48817e-039   [0.000009,0.000013,]
[5,0,]   5   0.000236567   -3.81371e-039   5.03272e-039   [0.000010,0.000014,]
[6,0,]   6   0.000417517   -3.4136e-039   4.66836e-039   [0.000011,0.000015,]
[7,0,]   7   0.00062422   -3.09481e-039   4.39509e-039   [0.000012,0.000016,]
[8,0,]   8   0.00079115   -2.93374e-039   4.21291e-039   [0.000014,0.000017,]
[9,0,]   9   0.000865373   -2.8863e-039   4.12182e-039   [0.000015,0.000019,]
[10,0,]   10   0.000828223   -2.89998e-039   4.12182e-039   [0.000016,0.000021,]
[11,0,]   11   0.000688706   -3.05381e-039   4.21291e-039   [0.000016,0.000022,]
[12,0,]   12   0.000499641   -3.32148e-039   4.39509e-039   [0.000016,0.000023,]
[13,0,]   13   0.00031834   -3.6379e-039   4.66836e-039   [0.000015,0.000025,]
[14,0,]   14   0.00017696   -4.0322e-039   5.03272e-039   [0.000015,0.000026,]
[15,0,]   15   8.5138e-005   -4.49171e-039   5.48817e-039   [0.000013,0.000026,]
[16,0,]   16   3.50083e-005   -5.03206e-039   6.03471e-039   [0.000013,0.000027,]
[17,0,]   17   1.20858e-005   -5.77677e-039   6.67234e-039   [0.000014,0.000027,]
[18,0,]   18   3.59757e-006   -7.12355e-039   7.40106e-039   [0.000026,0.000027,]
[19,0,]   19   1.36773e-006   -8.78575e-039   8.22087e-039   [0.000036,0.000027,]
[0,1,]   20   3.9543e-006   -7.28374e-039   7.40106e-039   [0.000027,-0.000027,]
[1,1,]   21   8.76357e-006   -5.96574e-039   6.58125e-039   [-0.000007,-0.000026,]
[2,1,]   22   2.86244e-005   -4.84412e-039   5.85253e-039   [0.000006,-0.000025,]
[3,1,]   23   8.81468e-005   -3.87844e-039   5.2149e-039   [0.000009,-0.000023,]
[4,1,]   24   0.000225634   -3.29156e-039   4.66836e-039   [0.000012,-0.000022,]
[5,1,]   25   0.000487311   -2.76041e-039   4.21291e-039   [0.000013,-0.000020,]
[6,1,]   26   0.000886792   -2.35418e-039   3.84855e-039   [0.000014,-0.000018,]
[7,1,]   27   0.00137194   -2.01547e-039   3.57528e-039   [0.000015,-0.000015,]
[8,1,]   28   0.00180241   -1.82163e-039   3.3931e-039   [0.000016,-0.000013,]
[9,1,]   29   0.00204013   -1.72587e-039   3.30201e-039   [0.000017,-0.000010,]
[10,1,]   30   0.00200824   -1.68451e-039   3.30201e-039   [0.000017,-0.000008,]
[11,1,]   31   0.00170206   -1.78292e-039   3.3931e-039   [0.000017,-0.000006,]
[12,1,]   32   0.0012436   -2.00591e-039   3.57528e-039   [0.000016,-0.000005,]
[13,1,]   33   0.000788439   -2.29312e-039   3.84855e-039   [0.000015,-0.000005,]
[14,1,]   34   0.000431794   -2.67448e-039   4.21291e-039   [0.000014,-0.000004,]
[15,1,]   35   0.00020338   -3.13168e-039   4.66836e-039   [0.000012,-0.000005,]
[16,1,]   36   8.16295e-005   -3.67631e-039   5.2149e-039   [0.000011,-0.000005,]
[17,1,]   37   2.74832e-005   -4.4301e-039   5.85253e-039   [0.000013,-0.000006,]
[18,1,]   38   7.98224e-006   -5.80148e-039   6.58125e-039   [0.000026,-0.000007,]
[19,1,]   39   3.0012e-006   -7.59315e-039   7.40106e-039   [0.000036,-0.000008,]
[0,2,]   40   1.21002e-005   -5.92366e-039   6.67234e-039   [0.000027,-0.000015,]
[1,2,]   41   2.75127e-005   -4.57462e-039   5.85253e-039   [-0.000006,-0.000014,]
[2,2,]   42   8.91631e-005   -3.50684e-039   5.12381e-039   [0.000007,-0.000013,]
[3,2,]   43   0.000270524   -2.594e-039   4.48618e-039   [0.000010,-0.000013,]
[4,2,]   44   0.000682062   -2.0545e-039   3.93964e-039   [0.000012,-0.000012,]
[5,2,]   45   0.00145184   -1.56992e-039   3.48419e-039   [0.000014,-0.000012,]
[6,2,]   46   0.0026065   -1.21668e-039   3.11983e-039   [0.000016,-0.000010,]
[7,2,]   47   0.0039906   -9.23411e-040   2.84656e-039   [0.000017,-0.000009,]
[8,2,]   48   0.00520631   -7.82783e-040   2.66438e-039   [0.000019,-0.000006,]
[9,2,]   49   0.00589168   -7.28802e-040   2.57329e-039   [0.000020,-0.000004,]
[10,2,]   50   0.00583979   -7.04538e-040   2.57329e-039   [0.000020,-0.000001,]
[11,2,]   51   0.00500609   -8.22979e-040   2.66438e-039   [0.000019,0.000002,]
[12,2,]   52   0.0037162   -1.04563e-039   2.84656e-039   [0.000018,0.000004,]
[13,2,]   53   0.00239897   -1.32575e-039   3.11983e-039   [0.000016,0.000005,]
[14,2,]   54   0.00133815   -1.68847e-039   3.48419e-039   [0.000014,0.000006,]
[15,2,]   55   0.000641104   -2.12246e-039   3.93964e-039   [0.000012,0.000007,]
[16,2,]   56   0.00026118   -2.64084e-039   4.48618e-039   [0.000011,0.000007,]
[17,2,]   57   8.90779e-005   -3.36506e-039   5.12381e-039   [0.000012,0.000007,]
[18,2,]   58   2.6163e-005   -4.67731e-039   5.85253e-039   [0.000024,0.000006,]
[19,2,]   59   9.77297e-006   -6.4164e-039   6.67234e-039   [0.000034,0.000004,]
[0,3,]   60   3.49732e-005   -5.03718e-039   6.03471e-039   [0.000027,-0.000013,]
[1,3,]   61   8.15552e-005   -3.68125e-039   5.2149e-039   [-0.000005,-0.000012,]
[2,3,]   62   0.000260908   -2.64836e-039   4.48618e-039   [0.000007,-0.000012,]
[3,3,]   63   0.000774671   -1.76082e-039   3.84855e-039   [0.000010,-0.000012,]
[4,3,]   64   0.00190831   -1.23588e-039   3.30201e-039   [0.000013,-0.000011,]
[5,3,]   65   0.0039649   -7.6374e-040   2.84656e-039   [0.000015,-0.000011,]
[6,3,]   66   0.00694538   -4.2526e-040   2.4822e-039   [0.000017,-0.000010,]
[7,3,]   67   0.0104027   -1.43388e-040   2.20893e-039   [0.000019,-0.000008,]
[8,3,]   68   0.0133378   -2.67953e-041   2.02675e-039   [0.000021,-0.000006,]
[9,3,]   69   0.0149948   3.37316e-041   1.93566e-039   [0.000023,-0.000003,]
[10,3,]   70   0.0149256   4.47626e-041   1.93566e-039   [0.000023,0.000000,]
[11,3,]   71   0.0129777   -5.66093e-041   2.02675e-039   [0.000022,0.000004,]
[12,3,]   72   0.00985812   -2.61215e-040   2.20893e-039   [0.000020,0.000007,]
[13,3,]   73   0.00655052   -5.11623e-040   2.4822e-039   [0.000017,0.000008,]
[14,3,]   74   0.00376548   -8.50585e-040   2.84656e-039   [0.000015,0.000009,]
[15,3,]   75   0.00185604   -1.25915e-039   3.30201e-039   [0.000013,0.000010,]
[16,3,]   76   0.000775261   -1.75701e-039   3.84855e-039   [0.000011,0.000010,]
[17,3,]   77   0.000270185   -2.46028e-039   4.48618e-039   [0.000012,0.000010,]
[18,3,]   78   8.082e-005   -3.71686e-039   5.2149e-039   [0.000023,0.000009,]
[19,3,]   79   2.99424e-005   -5.39295e-039   6.03471e-039   [0.000032,0.000007,]
[0,4,]   80   8.50951e-005   -4.49244e-039   5.48817e-039   [0.000026,-0.000013,]
[1,4,]   81   0.000203293   -3.1326e-039   4.66836e-039   [-0.000005,-0.000012,]
[2,4,]   82   0.000640737   -2.12596e-039   3.93964e-039   [0.000007,-0.000012,]
[3,4,]   83   0.00185559   -1.25775e-039   3.30201e-039   [0.000010,-0.000013,]
[4,4,]   84   0.00444427   -7.42994e-040   2.75547e-039   [0.000013,-0.000013,]
[5,4,]   85   0.00895341   -2.73318e-040   2.30002e-039   [0.000016,-0.000013,]
[6,4,]   86   0.0151653   4.67982e-041   1.93566e-039   [0.000018,-0.000012,]
[7,4,]   87   0.0220139   3.24558e-040   1.66239e-039   [0.000022,-0.000010,]
[8,4,]   88   0.0275106   4.24958e-040   1.48021e-039   [0.000025,-0.000007,]
[9,4,]   89   0.0305265   4.95797e-040   1.38912e-039   [0.000026,-0.000003,]
[10,4,]   90   0.0306232   5.62409e-040   1.38912e-039   [0.000027,0.000001,]
[11,4,]   91   0.0270679   4.05791e-040   1.48021e-039   [0.000026,0.000006,]
[12,4,]   92   0.0211952   2.09577e-040   1.66239e-039   [0.000022,0.000010,]
[13,4,]   93   0.0146155   -2.50152e-041   1.93566e-039   [0.000019,0.000012,]
[14,4,]   94   0.00872493   -3.39347e-040   2.30002e-039   [0.000016,0.000013,]
[15,4,]   95   0.00444726   -7.35286e-040   2.75547e-039   [0.000013,0.000013,]
[16,4,]   96   0.00191047   -1.22375e-039   3.30201e-039   [0.000011,0.000013,]
[17,4,]   97   0.000681377   -1.91861e-039   3.93964e-039   [0.000012,0.000012,]
[18,4,]   98   0.000207654   -3.12594e-039   4.66836e-039   [0.000022,0.000012,]
[19,4,]   99   7.6095e-005   -4.73643e-039   5.48817e-039   [0.000030,0.000009,]
[0,5,]   100   0.000176992   -4.02228e-039   5.03272e-039   [0.000026,-0.000015,]
[1,5,]   101   0.000431881   -2.66534e-039   4.21291e-039   [-0.000004,-0.000014,]
[2,5,]   102   0.00133813   -1.68178e-039   3.48419e-039   [0.000006,-0.000014,]
[3,5,]   103   0.00376651   -8.38063e-040   2.84656e-039   [0.000009,-0.000015,]
[4,5,]   104   0.0087223   -3.35721e-040   2.30002e-039   [0.000013,-0.000016,]
[5,5,]   105   0.0168862   1.16424e-040   1.84457e-039   [0.000016,-0.000016,]
[6,5,]   106   0.0273283   4.089e-040   1.48021e-039   [0.000019,-0.000016,]
[7,5,]   107   0.0378651   6.70569e-040   1.20694e-039   [0.000024,-0.000014,]
[8,5,]   108   0.0455083   7.94356e-040   1.02476e-039   [0.000028,-0.000011,]
[9,5,]   109   0.0490047   9.01237e-040   9.33673e-040   [0.000032,-0.000006,]
[10,5,]   110   0.0494809   9.49507e-040   9.33673e-040   [0.000033,-0.000000,]
[11,5,]   111   0.0452218   7.75943e-040   1.02476e-039   [0.000031,0.000008,]
[12,5,]   112   0.0371096   5.73e-040   1.20694e-039   [0.000026,0.000013,]
[13,5,]   113   0.0269435   3.77916e-040   1.48021e-039   [0.000020,0.000015,]
[14,5,]   114   0.016868   9.19903e-041   1.84457e-039   [0.000016,0.000016,]
[15,5,]   115   0.00894662   -2.83866e-040   2.30002e-039   [0.000013,0.000015,]
[16,5,]   116   0.00396451   -7.66112e-040   2.84656e-039   [0.000010,0.000015,]
[17,5,]   117   0.00144868   -1.45264e-039   3.48419e-039   [0.000011,0.000014,]
[18,5,]   118   0.000449626   -2.60865e-039   4.21291e-039   [0.000020,0.000013,]
[19,5,]   119   0.000162248   -4.16036e-039   5.03272e-039   [0.000028,0.000010,]
[0,6,]   120   0.000317881   -3.62974e-039   4.66836e-039   [0.000025,-0.000016,]
[1,6,]   121   0.000787333   -2.28694e-039   3.84855e-039   [-0.000005,-0.000015,]
[2,6,]   122   0.0023946   -1.32254e-039   3.11983e-039   [0.000005,-0.000016,]
[3,6,]   123   0.00653894   -5.01389e-040   2.4822e-039   [0.000008,-0.000017,]
[4,6,]   124   0.0145747   -2.36232e-041   1.93566e-039   [0.000012,-0.000019,]
[5,6,]   125   0.0268896   4.01387e-040   1.48021e-039   [0.000015,-0.000020,]
[6,6,]   126   0.0410032   6.57374e-040   1.11585e-039   [0.000020,-0.000021,]
[7,6,]   127   0.0528861   8.91537e-040   8.42583e-040   [0.000026,-0.000021,]
[8,6,]   128   0.0593998   1.21451e-039   6.60403e-040   [0.000033,-0.000019,]
[9,6,]   129   0.0587122   1.02915e-039   5.69313e-040   [0.000039,-0.000011,]
[10,6,]   130   0.0605894   1.4151e-039   5.69313e-040   [0.000042,-0.000001,]
[11,6,]   131   0.0595253   1.20416e-039   6.60403e-040   [0.000039,0.000011,]
[12,6,]   132   0.052939   8.97859e-040   8.42583e-040   [0.000030,0.000018,]
[13,6,]   133   0.0412115   6.51226e-040   1.11585e-039   [0.000021,0.000020,]
[14,6,]   134   0.027361   3.98743e-040   1.48021e-039   [0.000015,0.000020,]
[15,6,]   135   0.0151822   5.11167e-041   1.93566e-039   [0.000012,0.000018,]
[16,6,]   136   0.00695616   -4.14091e-040   2.4822e-039   [0.000009,0.000017,]
[17,6,]   137   0.00260433   -1.09294e-039   3.11983e-039   [0.000010,0.000016,]
[18,6,]   138   0.000822003   -2.19437e-039   3.84855e-039   [0.000018,0.000014,]
[19,6,]   139   0.000290491   -3.69976e-039   4.66836e-039   [0.000025,0.000011,]
[0,7,]   140   0.000497839   -3.30807e-039   4.39509e-039   [0.000023,-0.000016,]
[1,7,]   141   0.00123943   -1.99507e-039   3.57528e-039   [-0.000005,-0.000016,]
[2,7,]   142   0.00370129   -1.03773e-039   2.84656e-039   [0.000004,-0.000018,]
[3,7,]   143   0.00981388   -2.47519e-040   2.20893e-039   [0.000007,-0.000020,]
[4,7,]   144   0.0210637   2.15127e-040   1.66239e-039   [0.000010,-0.000022,]
[5,7,]   145   0.0368535   5.8789e-040   1.20694e-039   [0.000013,-0.000025,]
[6,7,]   146   0.0523944   8.84137e-040   8.42583e-040   [0.000018,-0.000029,]
[7,7,]   147   0.0602633   1.09725e-039   5.69313e-040   [0.000024,-0.000032,]
[8,7,]   148   0.0579775   1.49013e-039   3.87133e-040   [0.000039,-0.000035,]
[9,7,]   149   0.0471445   6.38833e-040   2.96043e-040   [0.000055,-0.000016,]
[10,7,]   150   0.047874   9.09882e-040   2.96043e-040   [0.000059,0.000000,]
[11,7,]   151   0.057069   1.23615e-039   3.87133e-040   [0.000049,0.000015,]
[12,7,]   152   0.0609451   1.12504e-039   5.69313e-040   [0.000033,0.000024,]
[13,7,]   153   0.0532334   8.76277e-040   8.42583e-040   [0.000021,0.000026,]
[14,7,]   154   0.0379243   6.33125e-040   1.20694e-039   [0.000014,0.000024,]
[15,7,]   155   0.0220317   2.98166e-040   1.66239e-039   [0.000010,0.000022,]
[16,7,]   156   0.0104161   -1.565e-040   2.20893e-039   [0.000008,0.000019,]
[17,7,]   157   0.00398577   -8.26395e-040   2.84656e-039   [0.000008,0.000017,]
[18,7,]   158   0.00127513   -1.87487e-039   3.57528e-039   [0.000016,0.000015,]
[19,7,]   159   0.000438725   -3.3545e-039   4.39509e-039   [0.000022,0.000013,]
[0,8,]   160   0.000683759   -3.06558e-039   4.21291e-039   [0.000022,-0.000016,]
[1,8,]   161   0.00169082   -1.79569e-039   3.3931e-039   [-0.000006,-0.000017,]
[2,8,]   162   0.00496899   -8.39903e-040   2.66438e-039   [0.000002,-0.000019,]
[3,8,]   163   0.0128691   -7.15411e-041   2.02675e-039   [0.000004,-0.000021,]
[4,8,]   164   0.026783   3.78958e-040   1.48021e-039   [0.000006,-0.000025,]
[5,8,]   165   0.044685   7.36909e-040   1.02476e-039   [0.000008,-0.000030,]
[6,8,]   166   0.0587992   1.13882e-039   6.60403e-040   [0.000011,-0.000038,]
[7,8,]   167   0.05672   1.17108e-039   3.87133e-040   [0.000016,-0.000047,]
[8,8,]   168   0.0392127   7.85444e-040   2.04953e-040   [0.000045,-0.000058,]
[9,8,]   169   0.0207054   -1.68587e-039   1.13863e-040   [0.000086,-0.000028,]
[10,8,]   170   0.0197178   -2.56985e-039   1.13863e-040   [0.000085,0.000032,]
[11,8,]   171   0.0390196   7.12262e-040   2.04953e-040   [0.000059,0.000045,]
[12,8,]   172   0.0586993   1.5022e-039   3.87133e-040   [0.000036,0.000038,]
[13,8,]   173   0.0600995   1.21021e-039   6.60403e-040   [0.000020,0.000033,]
[14,8,]   174   0.0458817   7.87381e-040   1.02476e-039   [0.000011,0.000028,]
[15,8,]   175   0.0277072   4.31812e-040   1.48021e-039   [0.000007,0.000024,]
[16,8,]   176   0.0134299   -8.97712e-042   2.02675e-039   [0.000005,0.000021,]
[17,8,]   177   0.00522417   -6.62178e-040   2.66438e-039   [0.000006,0.000019,]
[18,8,]   178   0.00168555   -1.65757e-039   3.3931e-039   [0.000013,0.000016,]
[19,8,]   179   0.000561619   -3.1394e-039   4.21291e-039   [0.000020,0.000014,]
[0,9,]   180   0.000824715   -2.91673e-039   4.12182e-039   [0.000021,-0.000016,]
[1,9,]   181   0.0020008   -1.70071e-039   3.30201e-039   [-0.000008,-0.000017,]
[2,9,]   182   0.00581626   -7.22784e-040   2.57329e-039   [-0.000001,-0.000020,]
[3,9,]   183   0.0148564   2.36825e-041   1.93566e-039   [0.000001,-0.000022,]
[4,9,]   184   0.0304486   5.26144e-040   1.38912e-039   [0.000002,-0.000027,]
[5,9,]   185   0.049248   8.99986e-040   9.33673e-040   [0.000000,-0.000033,]
[6,9,]   186   0.0606405   1.35976e-039   5.69313e-040   [-0.000000,-0.000042,]
[7,9,]   187   0.0488193   9.85915e-040   2.96043e-040   [0.000000,-0.000058,]
[8,9,]   188   0.020669   -2.08653e-039   1.13863e-040   [0.000031,-0.000083,]
[9,9,]   189   0.00357002   -1.73467e-038   2.27725e-041   [0.000159,-0.000142,]
[10,9,]   190   0.00366909   -1.6437e-038   2.27725e-041   [0.000146,0.000156,]
[11,9,]   191   0.0211683   -1.67112e-039   1.13863e-040   [0.000028,0.000085,]
[12,9,]   192   0.0483706   7.27454e-040   2.96043e-040   [0.000016,0.000054,]
[13,9,]   193   0.0599258   1.12278e-039   5.69313e-040   [0.000011,0.000039,]
[14,9,]   194   0.0496489   9.54245e-040   9.33673e-040   [0.000006,0.000031,]
[15,9,]   195   0.030809   5.33954e-040   1.38912e-039   [0.000003,0.000026,]
[16,9,]   196   0.0151113   7.35055e-041   1.93566e-039   [0.000002,0.000022,]
[17,9,]   197   0.00591041   -5.96693e-040   2.57329e-039   [0.000003,0.000019,]
[18,9,]   198   0.00190838   -1.54968e-039   3.30201e-039   [0.000011,0.000017,]
[19,9,]   199   0.000613766   -3.07205e-039   4.12182e-039   [0.000018,0.000015,]
[0,10,]   200   0.000869575   -2.86502e-039   4.12182e-039   [0.000019,-0.000015,]
[1,10,]   201   0.00205055   -1.70257e-039   3.30201e-039   [-0.000010,-0.000017,]
[2,10,]   202   0.00592597   -7.02135e-040   2.57329e-039   [-0.000004,-0.000019,]
[3,10,]   203   0.0150976   6.50683e-041   1.93566e-039   [-0.000003,-0.000022,]
[4,10,]   204   0.0307929   5.32842e-040   1.38912e-039   [-0.000003,-0.000026,]
[5,10,]   205   0.0496476   9.55367e-040   9.33673e-040   [-0.000006,-0.000031,]
[6,10,]   206   0.0599256   1.12283e-039   5.69313e-040   [-0.000011,-0.000039,]
[7,10,]   207   0.0483709   7.27501e-040   2.96043e-040   [-0.000016,-0.000054,]
[8,10,]   208   0.0211683   -1.67115e-039   1.13863e-040   [-0.000028,-0.000085,]
[9,10,]   209   0.00366908   -1.6437e-038   2.27725e-041   [-0.000146,-0.000156,]
[10,10,]   210   0.00357002   -1.73467e-038   2.27725e-041   [-0.000159,0.000142,]
[11,10,]   211   0.020669   -2.08651e-039   1.13863e-040   [-0.000031,0.000083,]
[12,10,]   212   0.048819   9.85863e-040   2.96043e-040   [-0.000000,0.000058,]
[13,10,]   213   0.0606407   1.35969e-039   5.69313e-040   [0.000000,0.000042,]
[14,10,]   214   0.0492499   8.98921e-040   9.33673e-040   [-0.000001,0.000033,]
[15,10,]   215   0.0304648   5.27354e-040   1.38912e-039   [-0.000002,0.000027,]
[16,10,]   216   0.0148692   3.29705e-041   1.93566e-039   [-0.000001,0.000022,]
[17,10,]   217   0.00579747   -6.19449e-040   2.57329e-039   [0.000000,0.000020,]
[18,10,]   218   0.00185954   -1.5503e-039   3.30201e-039   [0.000009,0.000017,]
[19,10,]   219   0.000577719   -3.14095e-039   4.12182e-039   [0.000017,0.000016,]
[0,11,]   220   0.000795135   -2.92444e-039   4.21291e-039   [0.000017,-0.000014,]
[1,11,]   221   0.00181171   -1.81175e-039   3.3931e-039   [-0.000013,-0.000016,]
[2,11,]   222   0.00523551   -7.7116e-040   2.66438e-039   [-0.000006,-0.000019,]
[3,11,]   223   0.0134175   -1.67304e-041   2.02675e-039   [-0.000006,-0.000021,]
[4,11,]   224   0.027693   4.30744e-040   1.48021e-039   [-0.000007,-0.000024,]
[5,11,]   225   0.045881   7.88527e-040   1.02476e-039   [-0.000011,-0.000028,]
[6,11,]   226   0.0600994   1.21024e-039   6.60403e-040   [-0.000020,-0.000033,]
[7,11,]   227   0.0586996   1.50224e-039   3.87133e-040   [-0.000036,-0.000038,]
[8,11,]   228   0.0390195   7.12253e-040   2.04953e-040   [-0.000059,-0.000045,]
[9,11,]   229   0.0197178   -2.56982e-039   1.13863e-040   [-0.000085,-0.000032,]
[10,11,]   230   0.0207054   -1.68584e-039   1.13863e-040   [-0.000086,0.000028,]
[11,11,]   231   0.0392127   7.8548e-040   2.04953e-040   [-0.000045,0.000058,]
[12,11,]   232   0.0567198   1.17106e-039   3.87133e-040   [-0.000016,0.000047,]
[13,11,]   233   0.0587995   1.13875e-039   6.60403e-040   [-0.000011,0.000038,]
[14,11,]   234   0.0446873   7.3593e-040   1.02476e-039   [-0.000008,0.000030,]
[15,11,]   235   0.0267975   3.8036e-040   1.48021e-039   [-0.000006,0.000025,]
[16,11,]   236   0.0128795   -6.12935e-041   2.02675e-039   [-0.000004,0.000021,]
[17,11,]   237   0.00494926   -7.37269e-040   2.66438e-039   [-0.000002,0.000019,]
[18,11,]   238   0.00156663   -1.64927e-039   3.3931e-039   [0.000008,0.000017,]
[19,11,]   239   0.000472366   -3.33252e-039   4.21291e-039   [0.000017,0.000017,]
[0,12,]   240   0.000624583   -3.10933e-039   4.39509e-039   [0.000016,-0.000012,]
[1,12,]   241   0.00137294   -2.03013e-039   3.57528e-039   [-0.000015,-0.000015,]
[2,12,]   242   0.00399308   -9.39975e-040   2.84656e-039   [-0.000009,-0.000017,]
[3,12,]   243   0.0104063   -1.63742e-040   2.20893e-039   [-0.000008,-0.000019,]
[4,12,]   244   0.0220205   2.97065e-040   1.66239e-039   [-0.000010,-0.000022,]
[5,12,]   245   0.0379239   6.3424e-040   1.20694e-039   [-0.000014,-0.000024,]
[6,12,]   246   0.0532331   8.76241e-040   8.42583e-040   [-0.000021,-0.000026,]
[7,12,]   247   0.0609452   1.12504e-039   5.69313e-040   [-0.000033,-0.000024,]
[8,12,]   248   0.0570687   1.23609e-039   3.87133e-040   [-0.000049,-0.000015,]
[9,12,]   249   0.0478737   9.09834e-040   2.96043e-040   [-0.000059,-0.000000,]
[10,12,]   250   0.0471442   6.38787e-040   2.96043e-040   [-0.000055,0.000016,]
[11,12,]   251   0.0579772   1.4901e-039   3.87133e-040   [-0.000039,0.000035,]
[12,12,]   252   0.0602628   1.09718e-039   5.69313e-040   [-0.000024,0.000032,]
[13,12,]   253   0.0523946   8.84013e-040   8.42583e-040   [-0.000018,0.000029,]
[14,12,]   254   0.0368556   5.86948e-040   1.20694e-039   [-0.000013,0.000025,]
[15,12,]   255   0.0210751   2.16656e-040   1.66239e-039   [-0.000010,0.000022,]
[16,12,]   256   0.00982114   -2.36323e-040   2.20893e-039   [-0.000007,0.000020,]
[17,12,]   257   0.0036835   -9.34474e-040   2.84656e-039   [-0.000004,0.000018,]
[18,12,]   258   0.00114313   -1.85547e-039   3.57528e-039   [0.000007,0.000016,]
[19,12,]   259   0.000337637   -3.64113e-039   4.39509e-039   [0.000018,0.000017,]
[0,13,]   260   0.000417802   -3.41067e-039   4.66836e-039   [0.000015,-0.000011,]
[1,13,]   261   0.000887447   -2.35124e-039   3.84855e-039   [-0.000018,-0.000014,]
[2,13,]   262   0.00260851   -1.2119e-039   3.11983e-039   [-0.000010,-0.000016,]
[3,13,]   263   0.00694959   -4.21005e-040   2.4822e-039   [-0.000010,-0.000017,]
[4,13,]   264   0.0151747   4.98923e-041   1.93566e-039   [-0.000012,-0.000018,]
[5,13,]   265   0.0273611   3.99779e-040   1.48021e-039   [-0.000015,-0.000020,]
[6,13,]   266   0.0412117   6.51107e-040   1.11585e-039   [-0.000021,-0.000020,]
[7,13,]   267   0.0529395   8.97791e-040   8.42583e-040   [-0.000030,-0.000018,]
[8,13,]   268   0.0595256   1.20406e-039   6.60403e-040   [-0.000039,-0.000011,]
[9,13,]   269   0.0605896   1.41504e-039   5.69313e-040   [-0.000042,0.000001,]
[10,13,]   270   0.0587123   1.02911e-039   5.69313e-040   [-0.000039,0.000011,]
[11,13,]   271   0.0593999   1.2145e-039   6.60403e-040   [-0.000033,0.000019,]
[12,13,]   272   0.0528861   8.91503e-040   8.42583e-040   [-0.000026,0.000021,]
[13,13,]   273   0.0410036   6.57286e-040   1.11585e-039   [-0.000020,0.000021,]
[14,13,]   274   0.0268914   4.00565e-040   1.48021e-039   [-0.000015,0.000020,]
[15,13,]   275   0.0145827   -2.18795e-041   1.93566e-039   [-0.000012,0.000019,]
[16,13,]   276   0.00654339   -4.89178e-040   2.4822e-039   [-0.000009,0.000017,]
[17,13,]   277   0.00238109   -1.21727e-039   3.11983e-039   [-0.000006,0.000016,]
[18,13,]   278   0.000722076   -2.15609e-039   3.84855e-039   [0.000007,0.000015,]
[19,13,]   279   0.00021115   -4.04351e-039   4.66836e-039   [0.000020,0.000016,]
[0,14,]   280   0.000236446   -3.82057e-039   5.03272e-039   [0.000014,-0.000010,]
[1,14,]   281   0.000487033   -2.76821e-039   4.21291e-039   [-0.000020,-0.000013,]
[2,14,]   282   0.00145085   -1.5778e-039   3.48419e-039   [-0.000012,-0.000014,]
[3,14,]   283   0.003961   -7.7335e-040   2.84656e-039   [-0.000011,-0.000015,]
[4,14,]   284   0.00894274   -2.85811e-040   2.30002e-039   [-0.000013,-0.000016,]
[5,14,]   285   0.0168692   9.23293e-041   1.84457e-039   [-0.000016,-0.000016,]
[6,14,]   286   0.0269452   3.77047e-040   1.48021e-039   [-0.000020,-0.000015,]
[7,14,]   287   0.0371119   5.72116e-040   1.20694e-039   [-0.000026,-0.000013,]
[8,14,]   288   0.045224   7.74942e-040   1.02476e-039   [-0.000031,-0.000008,]
[9,14,]   289   0.0494828   9.48443e-040   9.33673e-040   [-0.000033,0.000000,]
[10,14,]   290   0.049006   9.00112e-040   9.33673e-040   [-0.000032,0.000006,]
[11,14,]   291   0.045509   7.93218e-040   1.02476e-039   [-0.000028,0.000011,]
[12,14,]   292   0.0378653   6.69387e-040   1.20694e-039   [-0.000024,0.000014,]
[13,14,]   293   0.0273286   4.0765e-040   1.48021e-039   [-0.000019,0.000016,]
[14,14,]   294   0.0168874   1.14494e-040   1.84457e-039   [-0.000016,0.000016,]
[15,14,]   295   0.00872703   -3.34994e-040   2.30002e-039   [-0.000013,0.000016,]
[16,14,]   296   0.00376884   -8.26131e-040   2.84656e-039   [-0.000010,0.000015,]
[17,14,]   297   0.00132954   -1.57454e-039   3.48419e-039   [-0.000007,0.000014,]
[18,14,]   298   0.000393644   -2.54571e-039   4.21291e-039   [0.000007,0.000014,]
[19,14,]   299   0.00011511   -4.52355e-039   5.03272e-039   [0.000021,0.000015,]
[0,15,]   300   0.000112557   -4.34008e-039   5.48817e-039   [0.000013,-0.000009,]
[1,15,]   301   0.00022582   -3.28493e-039   4.66836e-039   [-0.000022,-0.000012,]
[2,15,]   302   0.000682641   -2.04633e-039   3.93964e-039   [-0.000012,-0.000012,]
[3,15,]   303   0.00190968   -1.22793e-039   3.30201e-039   [-0.000011,-0.000013,]
[4,15,]   304   0.00444743   -7.34579e-040   2.75547e-039   [-0.000013,-0.000013,]
[5,15,]   305   0.00872969   -3.36369e-040   2.30002e-039   [-0.000016,-0.000013,]
[6,15,]   306   0.0146234   -2.33337e-041   1.93566e-039   [-0.000019,-0.000012,]
[7,15,]   307   0.0212068   2.11157e-040   1.66239e-039   [-0.000022,-0.000010,]
[8,15,]   308   0.0270825   4.07166e-040   1.48021e-039   [-0.000026,-0.000006,]
[9,15,]   309   0.0306395   5.63611e-040   1.38912e-039   [-0.000027,-0.000001,]
[10,15,]   310   0.0305425   4.96914e-040   1.38912e-039   [-0.000026,0.000003,]
[11,15,]   311   0.0275248   4.26033e-040   1.48021e-039   [-0.000025,0.000007,]
[12,15,]   312   0.022025   3.25592e-040   1.66239e-039   [-0.000022,0.000010,]
[13,15,]   313   0.015173   4.78053e-041   1.93566e-039   [-0.000018,0.000012,]
[14,15,]   314   0.00895856   -2.729e-040   2.30002e-039   [-0.000016,0.000013,]
[15,15,]   315   0.00444894   -7.39752e-040   2.75547e-039   [-0.000013,0.000013,]
[16,15,]   316   0.00185762   -1.24259e-039   3.30201e-039   [-0.000010,0.000013,]
[17,15,]   317   0.00063653   -2.01219e-039   3.93964e-039   [-0.000007,0.000012,]
[18,15,]   318   0.000184244   -3.02035e-039   4.66836e-039   [0.000008,0.000012,]
[19,15,]   319   5.42796e-005   -5.07474e-039   5.48817e-039   [0.000023,0.000014,]
[0,16,]   320   4.49368e-005   -4.93027e-039   6.03471e-039   [0.000013,-0.000007,]
[1,16,]   321   8.81952e-005   -3.86483e-039   5.2149e-039   [-0.000023,-0.000010,]
[2,16,]   322   0.000270666   -2.58027e-039   4.48618e-039   [-0.000013,-0.000010,]
[3,16,]   323   0.000774952   -1.74864e-039   3.84855e-039   [-0.000012,-0.000010,]
[4,16,]   324   0.00185618   -1.24669e-039   3.30201e-039   [-0.000013,-0.000010,]
[5,16,]   325   0.00376783   -8.36412e-040   2.84656e-039   [-0.000015,-0.000010,]
[6,16,]   326   0.00655494   -4.99482e-040   2.4822e-039   [-0.000017,-0.000009,]
[7,16,]   327   0.00986547   -2.49974e-040   2.20893e-039   [-0.000020,-0.000007,]
[8,16,]   328   0.0129882   -4.63868e-041   2.02675e-039   [-0.000022,-0.000004,]
[9,16,]   329   0.0149385   5.40559e-041   1.93566e-039   [-0.000023,-0.000001,]
[10,16,]   330   0.0150083   4.21784e-041   1.93566e-039   [-0.000023,0.000002,]
[11,16,]   331   0.0133502   -1.90419e-041   2.02675e-039   [-0.000021,0.000005,]
[12,16,]   332   0.0104125   -1.36217e-040   2.20893e-039   [-0.000019,0.000008,]
[13,16,]   333   0.00695205   -4.18564e-040   2.4822e-039   [-0.000017,0.000009,]
[14,16,]   334   0.00396898   -7.57995e-040   2.84656e-039   [-0.000015,0.000010,]
[15,16,]   335   0.00191119   -1.22755e-039   3.30201e-039   [-0.000013,0.000011,]
[16,16,]   336   0.000775851   -1.74032e-039   3.84855e-039   [-0.000010,0.000011,]
[17,16,]   337   0.000259176   -2.52552e-039   4.48618e-039   [-0.000008,0.000011,]
[18,16,]   338   7.35125e-005   -3.57371e-039   5.2149e-039   [0.000009,0.000011,]
[19,16,]   339   2.19191e-005   -5.69178e-039   6.03471e-039   [0.000025,0.000013,]
[0,17,]   340   1.47417e-005   -5.79041e-039   6.67234e-039   [0.000012,-0.000005,]
[1,17,]   341   2.83948e-005   -4.7158e-039   5.85253e-039   [-0.000025,-0.000007,]
[2,17,]   342   8.84732e-005   -3.38275e-039   5.12381e-039   [-0.000013,-0.000007,]
[3,17,]   343   0.00025895   -2.52983e-039   4.48618e-039   [-0.000012,-0.000008,]
[4,17,]   344   0.00063624   -2.01153e-039   3.93964e-039   [-0.000012,-0.000007,]
[5,17,]   345   0.00132957   -1.57901e-039   3.48419e-039   [-0.000014,-0.000007,]
[6,17,]   346   0.00238543   -1.22055e-039   3.11983e-039   [-0.000016,-0.000006,]
[7,17,]   347   0.00369837   -9.4229e-040   2.84656e-039   [-0.000018,-0.000004,]
[8,17,]   348   0.00498621   -7.20301e-040   2.66438e-039   [-0.000019,-0.000002,]
[9,17,]   349   0.00582094   -6.01134e-040   2.57329e-039   [-0.000020,0.000000,]
[10,17,]   350   0.00587624   -6.23265e-040   2.57329e-039   [-0.000020,0.000003,]
[11,17,]   351   0.00519505   -6.73759e-040   2.66438e-039   [-0.000019,0.000006,]
[12,17,]   352   0.00398328   -8.0989e-040   2.84656e-039   [-0.000017,0.000008,]
[13,17,]   353   0.00260236   -1.09793e-039   3.11983e-039   [-0.000016,0.000010,]
[14,17,]   354   0.00144988   -1.44625e-039   3.48419e-039   [-0.000014,0.000011,]
[15,17,]   355   0.00068155   -1.92251e-039   3.93964e-039   [-0.000012,0.000012,]
[16,17,]   356   0.000270343   -2.4442e-039   4.48618e-039   [-0.000010,0.000012,]
[17,17,]   357   8.83494e-005   -3.24563e-039   5.12381e-039   [-0.000007,0.000012,]
[18,17,]   358   2.46157e-005   -4.33558e-039   5.85253e-039   [0.000010,0.000013,]
[19,17,]   359   7.44798e-006   -6.50331e-039   6.67234e-039   [0.000027,0.000015,]
[0,18,]   360   4.11995e-006   -6.96887e-039   7.40106e-039   [0.000012,0.000012,]
[1,18,]   361   7.81185e-006   -5.8816e-039   6.58125e-039   [-0.000026,0.000011,]
[2,18,]   362   2.46464e-005   -4.47986e-039   5.85253e-039   [-0.000014,0.000010,]
[3,18,]   363   7.34379e-005   -3.58058e-039   5.2149e-039   [-0.000012,0.000009,]
[4,18,]   364   0.00018413   -3.02253e-039   4.66836e-039   [-0.000012,0.000008,]
[5,18,]   365   0.000393565   -2.5527e-039   4.21291e-039   [-0.000014,0.000007,]
[6,18,]   366   0.000723077   -2.16245e-039   3.84855e-039   [-0.000015,0.000007,]
[7,18,]   367   0.00114694   -1.86644e-039   3.57528e-039   [-0.000016,0.000007,]
[8,18,]   368   0.00157692   -1.63687e-039   3.3931e-039   [-0.000017,0.000008,]
[9,18,]   369   0.00186637   -1.53418e-039   3.30201e-039   [-0.000017,0.000009,]
[10,18,]   370   0.0018987   -1.57259e-039   3.30201e-039   [-0.000017,0.000011,]
[11,18,]   371   0.00167691   -1.66725e-039   3.3931e-039   [-0.000016,0.000013,]
[12,18,]   372   0.00127419   -1.86037e-039   3.57528e-039   [-0.000015,0.000016,]
[13,18,]   373   0.000821407   -2.19749e-039   3.84855e-039   [-0.000014,0.000018,]
[14,18,]   374   0.000449946   -2.60236e-039   4.21291e-039   [-0.000013,0.000020,]
[15,18,]   375   0.000207715   -3.12816e-039   4.66836e-039   [-0.000012,0.000022,]
[16,18,]   376   8.08668e-005   -3.6998e-039   5.2149e-039   [-0.000010,0.000023,]
[17,18,]   377   2.59429e-005   -4.55203e-039   5.85253e-039   [-0.000007,0.000024,]
[18,18,]   378   7.11498e-006   -5.71725e-039   6.58125e-039   [0.000011,0.000026,]
[19,18,]   379   2.18592e-006   -7.92944e-039   7.40106e-039   [0.000029,0.000027,]
[0,19,]   380   1.28409e-006   -9.03366e-039   8.22087e-039   [0.000012,0.000029,]
[1,19,]   381   2.4031e-006   -8.08315e-039   7.40106e-039   [-0.000027,0.000029,]
[2,19,]   382   7.45949e-006   -6.64995e-039   6.67234e-039   [-0.000015,0.000027,]
[3,19,]   383   2.18991e-005   -5.69942e-039   6.03471e-039   [-0.000014,0.000025,]
[4,19,]   384   5.42494e-005   -5.07762e-039   5.48817e-039   [-0.000014,0.000023,]
[5,19,]   385   0.000115091   -4.53158e-039   5.03272e-039   [-0.000015,0.000021,]
[6,19,]   386   0.000211448   -4.05256e-039   4.66836e-039   [-0.000016,0.000020,]
[7,19,]   387   0.000338825   -3.656e-039   4.39509e-039   [-0.000017,0.000018,]
[8,19,]   388   0.000475689   -3.32299e-039   4.21291e-039   [-0.000017,0.000018,]
[9,19,]   389   0.000580087   -3.12523e-039   4.12182e-039   [-0.000017,0.000018,]
[10,19,]   390   0.000610809   -3.09169e-039   4.12182e-039   [-0.000016,0.000018,]
[11,19,]   391   0.000558829   -3.14769e-039   4.21291e-039   [-0.000014,0.000020,]
[12,19,]   392   0.000438462   -3.34047e-039   4.39509e-039   [-0.000013,0.000022,]
[13,19,]   393   0.000290298   -3.70277e-039   4.66836e-039   [-0.000011,0.000025,]
[14,19,]   394   0.000162352   -4.15533e-039   5.03272e-039   [-0.000010,0.000028,]
[15,19,]   395   7.61186e-005   -4.738e-039   5.48817e-039   [-0.000009,0.000030,]
[16,19,]   396   2.99587e-005   -5.376e-039   6.03471e-039   [-0.000007,0.000032,]
[17,19,]   397   9.68971e-006   -6.29028e-039   6.67234e-039   [-0.000005,0.000034,]
[18,19,]   398   2.67245e-006   -7.52784e-039   7.40106e-039   [0.000012,0.000036,]
[19,19,]   399   8.30818e-007   -9.63218e-039   8.22087e-039   [0.000029,0.000037,]
