coordinates  index   rho      Q      V    velocities 
[0,0,]   0   1.08392e-006   -8.8803e-039   8.22087e-039   [0.000022,0.000006,]
[1,0,]   1   3.1994e-006   -7.08617e-039   7.40106e-039   [-0.000005,0.000006,]
[2,0,]   2   1.09466e-005   -6.04344e-039   6.67234e-039   [0.000006,0.000007,]
[3,0,]   3   3.31345e-005   -5.16103e-039   6.03471e-039   [0.000008,0.000007,]
[4,0,]   4   8.3371e-005   -4.54005e-039   5.48817e-039   [0.000009,0.000007,]
[5,0,]   5   0.000176524   -3.99349e-039   5.03272e-039   [0.000010,0.000008,]
[6,0,]   6   0.000315017   -3.55775e-039   4.66836e-039   [0.000012,0.000009,]
[7,0,]   7   0.000476706   -3.21078e-039   4.39509e-039   [0.000013,0.000010,]
[8,0,]   8   0.000612454   -3.01332e-039   4.21291e-039   [0.000014,0.000012,]
[9,0,]   9   0.000677915   -2.92646e-039   4.12182e-039   [0.000015,0.000013,]
[10,0,]   10   0.0006527   -2.92524e-039   4.12182e-039   [0.000016,0.000015,]
[11,0,]   11   0.000543096   -3.07912e-039   4.21291e-039   [0.000016,0.000016,]
[12,0,]   12   0.000391842   -3.35819e-039   4.39509e-039   [0.000016,0.000018,]
[13,0,]   13   0.000246689   -3.70659e-039   4.66836e-039   [0.000015,0.000019,]
[14,0,]   14   0.000134722   -4.14959e-039   5.03272e-039   [0.000014,0.000020,]
[15,0,]   15   6.34336e-005   -4.67182e-039   5.48817e-039   [0.000013,0.000021,]
[16,0,]   16   2.55451e-005   -5.26699e-039   6.03471e-039   [0.000012,0.000021,]
[17,0,]   17   8.6744e-006   -6.02413e-039   6.67234e-039   [0.000012,0.000021,]
[18,0,]   18   2.51472e-006   -7.27785e-039   7.40106e-039   [0.000022,0.000022,]
[19,0,]   19   8.4023e-007   -9.20737e-039   8.22087e-039   [0.000031,0.000022,]
[0,1,]   20   2.63064e-006   -7.39949e-039   7.40106e-039   [0.000022,-0.000023,]
[1,1,]   21   7.9512e-006   -5.47237e-039   6.58125e-039   [-0.000004,-0.000022,]
[2,1,]   22   2.74731e-005   -4.48383e-039   5.85253e-039   [0.000008,-0.000021,]
[3,1,]   23   8.4007e-005   -3.65167e-039   5.2149e-039   [0.000010,-0.000020,]
[4,1,]   24   0.000214114   -3.07867e-039   4.66836e-039   [0.000012,-0.000018,]
[5,1,]   25   0.000460945   -2.57485e-039   4.21291e-039   [0.000013,-0.000017,]
[6,1,]   26   0.000839713   -2.17483e-039   3.84855e-039   [0.000014,-0.000015,]
[7,1,]   27   0.00130235   -1.849e-039   3.57528e-039   [0.000015,-0.000013,]
[8,1,]   28   0.00172014   -1.65571e-039   3.3931e-039   [0.000016,-0.000010,]
[9,1,]   29   0.00195971   -1.54998e-039   3.30201e-039   [0.000017,-0.000008,]
[10,1,]   30   0.00193978   -1.50166e-039   3.30201e-039   [0.000017,-0.000006,]
[11,1,]   31   0.00165277   -1.58912e-039   3.3931e-039   [0.000017,-0.000004,]
[12,1,]   32   0.00121297   -1.79328e-039   3.57528e-039   [0.000016,-0.000003,]
[13,1,]   33   0.000770811   -2.06395e-039   3.84855e-039   [0.000015,-0.000002,]
[14,1,]   34   0.000421839   -2.43319e-039   4.21291e-039   [0.000013,-0.000002,]
[15,1,]   35   0.000197894   -2.88994e-039   4.66836e-039   [0.000012,-0.000002,]
[16,1,]   36   7.90831e-005   -3.42999e-039   5.2149e-039   [0.000011,-0.000003,]
[17,1,]   37   2.65798e-005   -4.14173e-039   5.85253e-039   [0.000011,-0.000003,]
[18,1,]   38   7.61382e-006   -5.34699e-039   6.58125e-039   [0.000021,-0.000004,]
[19,1,]   39   2.49563e-006   -7.3763e-039   7.40106e-039   [0.000030,-0.000005,]
[0,2,]   40   8.67394e-006   -6.09752e-039   6.67234e-039   [0.000021,-0.000013,]
[1,2,]   41   2.65759e-005   -4.21268e-039   5.85253e-039   [-0.000003,-0.000012,]
[2,2,]   42   9.06778e-005   -3.27573e-039   5.12381e-039   [0.000008,-0.000011,]
[3,2,]   43   0.000272753   -2.48366e-039   4.48618e-039   [0.000010,-0.000011,]
[4,2,]   44   0.000683573   -1.94752e-039   3.93964e-039   [0.000012,-0.000011,]
[5,2,]   45   0.00144696   -1.48378e-039   3.48419e-039   [0.000014,-0.000010,]
[6,2,]   46   0.00259386   -1.1284e-039   3.11983e-039   [0.000016,-0.000009,]
[7,2,]   47   0.00396881   -8.4537e-040   2.84656e-039   [0.000017,-0.000007,]
[8,2,]   48   0.00519036   -6.997e-040   2.66438e-039   [0.000019,-0.000005,]
[9,2,]   49   0.00589235   -6.37433e-040   2.57329e-039   [0.000020,-0.000002,]
[10,2,]   50   0.00585788   -6.17516e-040   2.57329e-039   [0.000020,0.000000,]
[11,2,]   51   0.00504472   -7.28227e-040   2.66438e-039   [0.000019,0.000003,]
[12,2,]   52   0.00376146   -9.45084e-040   2.84656e-039   [0.000018,0.000005,]
[13,2,]   53   0.00243733   -1.2144e-039   3.11983e-039   [0.000016,0.000007,]
[14,2,]   54   0.00136195   -1.571e-039   3.48419e-039   [0.000014,0.000008,]
[15,2,]   55   0.000652006   -2.00758e-039   3.93964e-039   [0.000012,0.000008,]
[16,2,]   56   0.000265415   -2.52392e-039   4.48618e-039   [0.000011,0.000008,]
[17,2,]   57   9.06912e-005   -3.20695e-039   5.12381e-039   [0.000011,0.000008,]
[18,2,]   58   2.63517e-005   -4.3612e-039   5.85253e-039   [0.000020,0.000008,]
[19,2,]   59   8.6161e-006   -6.30257e-039   6.67234e-039   [0.000029,0.000006,]
[0,3,]   60   2.55357e-005   -5.2681e-039   6.03471e-039   [0.000021,-0.000012,]
[1,3,]   61   7.90559e-005   -3.43095e-039   5.2149e-039   [-0.000003,-0.000011,]
[2,3,]   62   0.000265318   -2.52534e-039   4.48618e-039   [0.000008,-0.000011,]
[3,3,]   63   0.000781089   -1.751e-039   3.84855e-039   [0.000011,-0.000011,]
[4,3,]   64   0.00191287   -1.22558e-039   3.30201e-039   [0.000013,-0.000011,]
[5,3,]   65   0.0039511   -7.71857e-040   2.84656e-039   [0.000015,-0.000011,]
[6,3,]   66   0.00690897   -4.26868e-040   2.4822e-039   [0.000017,-0.000009,]
[7,3,]   67   0.0103342   -1.50141e-040   2.20893e-039   [0.000019,-0.000008,]
[8,3,]   68   0.0132712   -1.46542e-041   2.02675e-039   [0.000021,-0.000005,]
[9,3,]   69   0.0149362   4.11681e-041   1.93566e-039   [0.000023,-0.000002,]
[10,3,]   70   0.0148985   6.53992e-041   1.93566e-039   [0.000023,0.000001,]
[11,3,]   71   0.013009   -3.50691e-041   2.02675e-039   [0.000022,0.000004,]
[12,3,]   72   0.00991939   -2.4233e-040   2.20893e-039   [0.000020,0.000007,]
[13,3,]   73   0.00660984   -4.93672e-040   2.4822e-039   [0.000017,0.000009,]
[14,3,]   74   0.00380375   -8.31385e-040   2.84656e-039   [0.000015,0.000010,]
[15,3,]   75   0.00187252   -1.24923e-039   3.30201e-039   [0.000013,0.000010,]
[16,3,]   76   0.000781341   -1.75029e-039   3.84855e-039   [0.000011,0.000011,]
[17,3,]   77   0.000272773   -2.41789e-039   4.48618e-039   [0.000011,0.000010,]
[18,3,]   78   8.07055e-005   -3.53279e-039   5.2149e-039   [0.000019,0.000010,]
[19,3,]   79   2.6318e-005   -5.38983e-039   6.03471e-039   [0.000027,0.000008,]
[0,4,]   80   6.34211e-005   -4.67229e-039   5.48817e-039   [0.000021,-0.000013,]
[1,4,]   81   0.000197859   -2.89039e-039   4.66836e-039   [-0.000002,-0.000012,]
[2,4,]   82   0.000651872   -2.00844e-039   3.93964e-039   [0.000008,-0.000012,]
[3,4,]   83   0.00187223   -1.24907e-039   3.30201e-039   [0.000010,-0.000013,]
[4,4,]   84   0.0044591   -7.31146e-040   2.75547e-039   [0.000013,-0.000013,]
[5,4,]   85   0.00892729   -2.83681e-040   2.30002e-039   [0.000016,-0.000013,]
[6,4,]   86   0.0150919   5.13032e-041   1.93566e-039   [0.000018,-0.000012,]
[7,4,]   87   0.0218477   3.25951e-040   1.66239e-039   [0.000022,-0.000010,]
[8,4,]   88   0.0272794   4.44157e-040   1.48021e-039   [0.000025,-0.000007,]
[9,4,]   89   0.0302789   5.05157e-040   1.38912e-039   [0.000027,-0.000003,]
[10,4,]   90   0.0303187   5.40649e-040   1.38912e-039   [0.000027,0.000002,]
[11,4,]   91   0.0269623   4.31407e-040   1.48021e-039   [0.000025,0.000006,]
[12,4,]   92   0.0212139   2.36625e-040   1.66239e-039   [0.000022,0.000010,]
[13,4,]   93   0.0146747   3.43912e-043   1.93566e-039   [0.000019,0.000012,]
[14,4,]   94   0.00876488   -3.21814e-040   2.30002e-039   [0.000016,0.000013,]
[15,4,]   95   0.0044603   -7.28558e-040   2.75547e-039   [0.000013,0.000013,]
[16,4,]   96   0.00191367   -1.22234e-039   3.30201e-039   [0.000011,0.000013,]
[17,4,]   97   0.000683646   -1.88216e-039   3.93964e-039   [0.000010,0.000012,]
[18,4,]   98   0.000206061   -2.96116e-039   4.66836e-039   [0.000018,0.000012,]
[19,4,]   99   6.68519e-005   -4.73515e-039   5.48817e-039   [0.000025,0.000010,]
[0,5,]   100   0.000134728   -4.14609e-039   5.03272e-039   [0.000020,-0.000014,]
[1,5,]   101   0.000421853   -2.42974e-039   4.21291e-039   [-0.000002,-0.000013,]
[2,5,]   102   0.00136193   -1.56773e-039   3.48419e-039   [0.000008,-0.000014,]
[3,5,]   103   0.00380387   -8.26648e-040   2.84656e-039   [0.000010,-0.000015,]
[4,5,]   104   0.00876376   -3.198e-040   2.30002e-039   [0.000013,-0.000016,]
[5,5,]   105   0.0168598   1.13836e-040   1.84457e-039   [0.000016,-0.000016,]
[6,5,]   106   0.0272084   4.28856e-040   1.48021e-039   [0.000020,-0.000016,]
[7,5,]   107   0.0375099   6.87219e-040   1.20694e-039   [0.000024,-0.000014,]
[8,5,]   108   0.0447834   7.82717e-040   1.02476e-039   [0.000029,-0.000010,]
[9,5,]   109   0.0484576   8.70663e-040   9.33673e-040   [0.000032,-0.000005,]
[10,5,]   110   0.0487517   9.0131e-040   9.33673e-040   [0.000033,0.000002,]
[11,5,]   111   0.0446784   7.89709e-040   1.02476e-039   [0.000030,0.000009,]
[12,5,]   112   0.0368699   6.09792e-040   1.20694e-039   [0.000025,0.000013,]
[13,5,]   113   0.026889   4.04632e-040   1.48021e-039   [0.000020,0.000015,]
[14,5,]   114   0.0168534   1.03893e-040   1.84457e-039   [0.000016,0.000016,]
[15,5,]   115   0.00892544   -2.87588e-040   2.30002e-039   [0.000013,0.000016,]
[16,5,]   116   0.00395115   -7.73929e-040   2.84656e-039   [0.000010,0.000015,]
[17,5,]   117   0.00144651   -1.42602e-039   3.48419e-039   [0.000010,0.000014,]
[18,5,]   118   0.000444236   -2.46493e-039   4.21291e-039   [0.000016,0.000013,]
[19,5,]   119   0.000142857   -4.15935e-039   5.03272e-039   [0.000023,0.000011,]
[0,6,]   120   0.000246546   -3.70236e-039   4.66836e-039   [0.000019,-0.000015,]
[1,6,]   121   0.000770315   -2.06055e-039   3.84855e-039   [-0.000002,-0.000015,]
[2,6,]   122   0.00243542   -1.21109e-039   3.11983e-039   [0.000007,-0.000016,]
[3,6,]   123   0.00660424   -4.88345e-040   2.4822e-039   [0.000009,-0.000017,]
[4,6,]   124   0.0146573   3.0002e-042   1.93566e-039   [0.000012,-0.000019,]
[5,6,]   125   0.0268667   4.1742e-040   1.48021e-039   [0.000015,-0.000020,]
[6,6,]   126   0.0407394   6.88341e-040   1.11585e-039   [0.000020,-0.000021,]
[7,6,]   127   0.0522182   9.2098e-040   8.42583e-040   [0.000027,-0.000020,]
[8,6,]   128   0.0577804   1.00547e-039   6.60403e-040   [0.000034,-0.000017,]
[9,6,]   129   0.0589014   1.08753e-039   5.69313e-040   [0.000040,-0.000010,]
[10,6,]   130   0.0600057   1.25586e-039   5.69313e-040   [0.000043,0.000001,]
[11,6,]   131   0.0581425   1.02683e-039   6.60403e-040   [0.000037,0.000013,]
[12,6,]   132   0.0519278   8.53768e-040   8.42583e-040   [0.000028,0.000019,]
[13,6,]   133   0.040832   6.85719e-040   1.11585e-039   [0.000021,0.000020,]
[14,6,]   134   0.0272244   4.26971e-040   1.48021e-039   [0.000016,0.000020,]
[15,6,]   135   0.0151008   5.46503e-041   1.93566e-039   [0.000012,0.000019,]
[16,6,]   136   0.00691389   -4.22789e-040   2.4822e-039   [0.000009,0.000017,]
[17,6,]   137   0.00259448   -1.06842e-039   3.11983e-039   [0.000008,0.000016,]
[18,6,]   138   0.00081107   -2.06364e-039   3.84855e-039   [0.000015,0.000014,]
[19,6,]   139   0.000257334   -3.68787e-039   4.66836e-039   [0.000020,0.000012,]
[0,7,]   140   0.000391168   -3.34573e-039   4.39509e-039   [0.000018,-0.000016,]
[1,7,]   141   0.00121083   -1.78286e-039   3.57528e-039   [-0.000003,-0.000016,]
[2,7,]   142   0.00375359   -9.34846e-040   2.84656e-039   [0.000005,-0.000018,]
[3,7,]   143   0.00989526   -2.29933e-040   2.20893e-039   [0.000007,-0.000020,]
[4,7,]   144   0.0211464   2.46596e-040   1.66239e-039   [0.000010,-0.000022,]
[5,7,]   145   0.0367414   6.28216e-040   1.20694e-039   [0.000013,-0.000025,]
[6,7,]   146   0.0516307   8.57138e-040   8.42583e-040   [0.000018,-0.000028,]
[7,7,]   147   0.0593806   1.03484e-039   5.69313e-040   [0.000027,-0.000031,]
[8,7,]   148   0.0571566   1.17836e-039   3.87133e-040   [0.000039,-0.000031,]
[9,7,]   149   0.0493171   8.92181e-040   2.96043e-040   [0.000054,-0.000018,]
[10,7,]   150   0.0505437   1.04081e-039   2.96043e-040   [0.000059,-0.000001,]
[11,7,]   151   0.0574729   1.11909e-039   3.87133e-040   [0.000047,0.000019,]
[12,7,]   152   0.059741   1.01913e-039   5.69313e-040   [0.000031,0.000027,]
[13,7,]   153   0.0523137   8.86874e-040   8.42583e-040   [0.000020,0.000027,]
[14,7,]   154   0.0375103   6.5671e-040   1.20694e-039   [0.000014,0.000024,]
[15,7,]   155   0.0218502   3.05014e-040   1.66239e-039   [0.000010,0.000022,]
[16,7,]   156   0.0103387   -1.65458e-040   2.20893e-039   [0.000008,0.000019,]
[17,7,]   157   0.00396875   -8.04908e-040   2.84656e-039   [0.000007,0.000017,]
[18,7,]   158   0.00125964   -1.75468e-039   3.57528e-039   [0.000012,0.000015,]
[19,7,]   159   0.000392214   -3.32643e-039   4.39509e-039   [0.000018,0.000013,]
[0,8,]   160   0.000540328   -3.08737e-039   4.21291e-039   [0.000016,-0.000016,]
[1,8,]   161   0.00164456   -1.60009e-039   3.3931e-039   [-0.000004,-0.000017,]
[2,8,]   162   0.00501661   -7.41958e-040   2.66438e-039   [0.000003,-0.000019,]
[3,8,]   163   0.0129268   -4.93812e-041   2.02675e-039   [0.000004,-0.000021,]
[4,8,]   164   0.0267566   4.11262e-040   1.48021e-039   [0.000006,-0.000025,]
[5,8,]   165   0.0442853   7.68662e-040   1.02476e-039   [0.000009,-0.000029,]
[6,8,]   166   0.0574968   9.78958e-040   6.60403e-040   [0.000013,-0.000036,]
[7,8,]   167   0.0569298   1.06091e-039   3.87133e-040   [0.000020,-0.000046,]
[8,8,]   168   0.0416207   9.87459e-040   2.04953e-040   [0.000042,-0.000059,]
[9,8,]   169   0.0222749   -1.62478e-039   1.13863e-040   [0.000082,-0.000031,]
[10,8,]   170   0.0237685   -7.03485e-040   1.13863e-040   [0.000091,0.000029,]
[11,8,]   171   0.041869   9.72504e-040   2.04953e-040   [0.000060,0.000042,]
[12,8,]   172   0.0578567   1.18711e-039   3.87133e-040   [0.000032,0.000039,]
[13,8,]   173   0.058317   1.00873e-039   6.60403e-040   [0.000017,0.000034,]
[14,8,]   174   0.0450828   7.87647e-040   1.02476e-039   [0.000010,0.000028,]
[15,8,]   175   0.0274384   4.55389e-040   1.48021e-039   [0.000007,0.000024,]
[16,8,]   176   0.013342   -2.10141e-042   2.02675e-039   [0.000005,0.000021,]
[17,8,]   177   0.00521185   -6.36834e-040   2.66438e-039   [0.000005,0.000019,]
[18,8,]   178   0.00167174   -1.54101e-039   3.3931e-039   [0.000010,0.000016,]
[19,8,]   179   0.000508081   -3.08762e-039   4.21291e-039   [0.000016,0.000014,]
[0,9,]   180   0.000650405   -2.9399e-039   4.12182e-039   [0.000015,-0.000015,]
[1,9,]   181   0.00193368   -1.51618e-039   3.30201e-039   [-0.000006,-0.000017,]
[2,9,]   182   0.00583791   -6.34107e-040   2.57329e-039   [0.000000,-0.000019,]
[3,9,]   183   0.0148415   4.72575e-041   1.93566e-039   [0.000001,-0.000022,]
[4,9,]   184   0.0301793   5.16734e-040   1.38912e-039   [0.000002,-0.000026,]
[5,9,]   185   0.0484974   8.64948e-040   9.33673e-040   [0.000002,-0.000032,]
[6,9,]   186   0.0597396   1.1924e-039   5.69313e-040   [0.000002,-0.000041,]
[7,9,]   187   0.0508272   1.02426e-039   2.96043e-040   [0.000000,-0.000058,]
[8,9,]   188   0.0243732   -5.03649e-040   1.13863e-040   [0.000027,-0.000089,]
[9,9,]   189   0.00318809   -2.06518e-038   2.27725e-041   [0.000157,-0.000142,]
[10,9,]   190   0.0031097   -2.13954e-038   2.27725e-041   [0.000147,0.000152,]
[11,9,]   191   0.0229325   -1.43449e-039   1.13863e-040   [0.000030,0.000081,]
[12,9,]   192   0.0505472   1.01607e-039   2.96043e-040   [0.000019,0.000054,]
[13,9,]   193   0.0597624   1.14909e-039   5.69313e-040   [0.000010,0.000040,]
[14,9,]   194   0.0488845   9.05777e-040   9.33673e-040   [0.000005,0.000032,]
[15,9,]   195   0.0304748   5.33274e-040   1.38912e-039   [0.000003,0.000026,]
[16,9,]   196   0.0150191   6.8598e-041   1.93566e-039   [0.000002,0.000022,]
[17,9,]   197   0.0059155   -5.64854e-040   2.57329e-039   [0.000002,0.000019,]
[18,9,]   198   0.00190492   -1.42628e-039   3.30201e-039   [0.000008,0.000017,]
[19,9,]   199   0.000562614   -2.98325e-039   4.12182e-039   [0.000014,0.000015,]
[0,10,]   200   0.000680324   -2.91128e-039   4.12182e-039   [0.000013,-0.000015,]
[1,10,]   201   0.00196741   -1.5316e-039   3.30201e-039   [-0.000008,-0.000017,]
[2,10,]   202   0.00591901   -6.16136e-040   2.57329e-039   [-0.000002,-0.000019,]
[3,10,]   203   0.0150151   6.63781e-041   1.93566e-039   [-0.000002,-0.000022,]
[4,10,]   204   0.0304708   5.33062e-040   1.38912e-039   [-0.000003,-0.000026,]
[5,10,]   205   0.0488843   9.06078e-040   9.33673e-040   [-0.000005,-0.000032,]
[6,10,]   206   0.0597624   1.14909e-039   5.69313e-040   [-0.000010,-0.000040,]
[7,10,]   207   0.0505472   1.01608e-039   2.96043e-040   [-0.000019,-0.000054,]
[8,10,]   208   0.0229325   -1.43449e-039   1.13863e-040   [-0.000030,-0.000081,]
[9,10,]   209   0.0031097   -2.13954e-038   2.27725e-041   [-0.000147,-0.000152,]
[10,10,]   210   0.00318809   -2.06518e-038   2.27725e-041   [-0.000157,0.000142,]
[11,10,]   211   0.0243732   -5.03646e-040   1.13863e-040   [-0.000027,0.000089,]
[12,10,]   212   0.0508271   1.02426e-039   2.96043e-040   [-0.000000,0.000058,]
[13,10,]   213   0.0597396   1.19239e-039   5.69313e-040   [-0.000002,0.000041,]
[14,10,]   214   0.0484976   8.64657e-040   9.33673e-040   [-0.000002,0.000032,]
[15,10,]   215   0.0301833   5.16966e-040   1.38912e-039   [-0.000002,0.000026,]
[16,10,]   216   0.0148454   4.981e-041   1.93566e-039   [-0.000001,0.000022,]
[17,10,]   217   0.00583328   -5.83668e-040   2.57329e-039   [-0.000001,0.000019,]
[18,10,]   218   0.00187158   -1.41068e-039   3.30201e-039   [0.000006,0.000017,]
[19,10,]   219   0.000535948   -3.01598e-039   4.12182e-039   [0.000012,0.000016,]
[0,11,]   220   0.000614873   -3.00572e-039   4.21291e-039   [0.000012,-0.000014,]
[1,11,]   221   0.00172725   -1.64693e-039   3.3931e-039   [-0.000010,-0.000016,]
[2,11,]   222   0.0052141   -6.89765e-040   2.66438e-039   [-0.000005,-0.000019,]
[3,11,]   223   0.0133384   -4.04309e-042   2.02675e-039   [-0.000005,-0.000021,]
[4,11,]   224   0.0274349   4.55182e-040   1.48021e-039   [-0.000007,-0.000024,]
[5,11,]   225   0.0450828   7.87952e-040   1.02476e-039   [-0.000010,-0.000028,]
[6,11,]   226   0.058317   1.00873e-039   6.60403e-040   [-0.000017,-0.000034,]
[7,11,]   227   0.0578567   1.18712e-039   3.87133e-040   [-0.000032,-0.000039,]
[8,11,]   228   0.041869   9.72504e-040   2.04953e-040   [-0.000060,-0.000042,]
[9,11,]   229   0.0237685   -7.03481e-040   1.13863e-040   [-0.000091,-0.000029,]
[10,11,]   230   0.0222749   -1.62478e-039   1.13863e-040   [-0.000082,0.000031,]
[11,11,]   231   0.0416207   9.87463e-040   2.04953e-040   [-0.000042,0.000059,]
[12,11,]   232   0.0569298   1.0609e-039   3.87133e-040   [-0.000020,0.000046,]
[13,11,]   233   0.0574968   9.78945e-040   6.60403e-040   [-0.000013,0.000036,]
[14,11,]   234   0.0442856   7.68386e-040   1.02476e-039   [-0.000009,0.000029,]
[15,11,]   235   0.0267603   4.11528e-040   1.48021e-039   [-0.000006,0.000025,]
[16,11,]   236   0.01293   -4.64526e-041   2.02675e-039   [-0.000005,0.000021,]
[17,11,]   237   0.00501145   -6.91538e-040   2.66438e-039   [-0.000003,0.000019,]
[18,11,]   238   0.00158992   -1.4939e-039   3.3931e-039   [0.000005,0.000017,]
[19,11,]   239   0.000441752   -3.1826e-039   4.21291e-039   [0.000012,0.000016,]
[0,12,]   240   0.000476821   -3.2234e-039   4.39509e-039   [0.000010,-0.000013,]
[1,12,]   241   0.00130278   -1.86211e-039   3.57528e-039   [-0.000013,-0.000015,]
[2,12,]   242   0.00396995   -8.60139e-040   2.84656e-039   [-0.000007,-0.000017,]
[3,12,]   243   0.0103359   -1.6718e-040   2.20893e-039   [-0.000008,-0.000019,]
[4,12,]   244   0.0218474   3.04797e-040   1.66239e-039   [-0.000010,-0.000022,]
[5,12,]   245   0.0375103   6.57009e-040   1.20694e-039   [-0.000014,-0.000024,]
[6,12,]   246   0.0523137   8.86866e-040   8.42583e-040   [-0.000020,-0.000027,]
[7,12,]   247   0.059741   1.01913e-039   5.69313e-040   [-0.000031,-0.000027,]
[8,12,]   248   0.0574729   1.11908e-039   3.87133e-040   [-0.000047,-0.000019,]
[9,12,]   249   0.0505437   1.04081e-039   2.96043e-040   [-0.000059,0.000001,]
[10,12,]   250   0.0493171   8.92176e-040   2.96043e-040   [-0.000054,0.000018,]
[11,12,]   251   0.0571566   1.17836e-039   3.87133e-040   [-0.000039,0.000031,]
[12,12,]   252   0.0593806   1.03483e-039   5.69313e-040   [-0.000027,0.000031,]
[13,12,]   253   0.0516307   8.57117e-040   8.42583e-040   [-0.000018,0.000028,]
[14,12,]   254   0.0367417   6.27951e-040   1.20694e-039   [-0.000013,0.000025,]
[15,12,]   255   0.0211493   2.46891e-040   1.66239e-039   [-0.000010,0.000022,]
[16,12,]   256   0.00989763   -2.26616e-040   2.20893e-039   [-0.000007,0.000020,]
[17,12,]   257   0.00374876   -8.83724e-040   2.84656e-039   [-0.000005,0.000018,]
[18,12,]   258   0.00116848   -1.67578e-039   3.57528e-039   [0.000004,0.000016,]
[19,12,]   259   0.000316217   -3.47369e-039   4.39509e-039   [0.000012,0.000016,]
[0,13,]   260   0.000315129   -3.55651e-039   4.66836e-039   [0.000009,-0.000012,]
[1,13,]   261   0.000840044   -2.17347e-039   3.84855e-039   [-0.000015,-0.000014,]
[2,13,]   262   0.00259499   -1.12637e-039   3.11983e-039   [-0.000009,-0.000016,]
[3,13,]   263   0.006912   -4.2435e-040   2.4822e-039   [-0.000010,-0.000017,]
[4,13,]   264   0.0150989   5.44021e-041   1.93566e-039   [-0.000012,-0.000019,]
[5,13,]   265   0.0272245   4.27252e-040   1.48021e-039   [-0.000016,-0.000020,]
[6,13,]   266   0.040832   6.85694e-040   1.11585e-039   [-0.000021,-0.000020,]
[7,13,]   267   0.0519278   8.53754e-040   8.42583e-040   [-0.000028,-0.000019,]
[8,13,]   268   0.0581426   1.02682e-039   6.60403e-040   [-0.000037,-0.000013,]
[9,13,]   269   0.0600057   1.25585e-039   5.69313e-040   [-0.000043,-0.000001,]
[10,13,]   270   0.0589014   1.08753e-039   5.69313e-040   [-0.000040,0.000010,]
[11,13,]   271   0.0577804   1.00547e-039   6.60403e-040   [-0.000034,0.000017,]
[12,13,]   272   0.0522181   9.20979e-040   8.42583e-040   [-0.000027,0.000020,]
[13,13,]   273   0.0407394   6.88328e-040   1.11585e-039   [-0.000020,0.000021,]
[14,13,]   274   0.026867   4.1718e-040   1.48021e-039   [-0.000015,0.000020,]
[15,13,]   275   0.0146593   3.33928e-042   1.93566e-039   [-0.000012,0.000019,]
[16,13,]   276   0.00660577   -4.84635e-040   2.4822e-039   [-0.000009,0.000017,]
[17,13,]   277   0.00243166   -1.15867e-039   3.11983e-039   [-0.000007,0.000016,]
[18,13,]   278   0.000741689   -1.95248e-039   3.84855e-039   [0.000003,0.000015,]
[19,13,]   279   0.000196668   -3.87253e-039   4.66836e-039   [0.000013,0.000016,]
[0,14,]   280   0.000176499   -3.99622e-039   5.03272e-039   [0.000008,-0.000010,]
[1,14,]   281   0.000460871   -2.57797e-039   4.21291e-039   [-0.000017,-0.000013,]
[2,14,]   282   0.00144669   -1.48702e-039   3.48419e-039   [-0.000010,-0.000014,]
[3,14,]   283   0.0039501   -7.75555e-040   2.84656e-039   [-0.000011,-0.000015,]
[4,14,]   284   0.00892439   -2.88065e-040   2.30002e-039   [-0.000013,-0.000016,]
[5,14,]   285   0.0168536   1.03955e-040   1.84457e-039   [-0.000016,-0.000016,]
[6,14,]   286   0.0268893   4.04377e-040   1.48021e-039   [-0.000020,-0.000015,]
[7,14,]   287   0.0368702   6.09534e-040   1.20694e-039   [-0.000025,-0.000013,]
[8,14,]   288   0.0446787   7.89431e-040   1.02476e-039   [-0.000030,-0.000009,]
[9,14,]   289   0.048752   9.01019e-040   9.33673e-040   [-0.000033,-0.000002,]
[10,14,]   290   0.0484578   8.70362e-040   9.33673e-040   [-0.000032,0.000005,]
[11,14,]   291   0.0447834   7.82413e-040   1.02476e-039   [-0.000029,0.000010,]
[12,14,]   292   0.0375099   6.86911e-040   1.20694e-039   [-0.000024,0.000014,]
[13,14,]   293   0.0272084   4.28536e-040   1.48021e-039   [-0.000020,0.000016,]
[14,14,]   294   0.01686   1.13301e-040   1.84457e-039   [-0.000016,0.000016,]
[15,14,]   295   0.00876495   -3.19737e-040   2.30002e-039   [-0.000013,0.000016,]
[16,14,]   296   0.00380472   -8.22896e-040   2.84656e-039   [-0.000010,0.000015,]
[17,14,]   297   0.00135951   -1.51391e-039   3.48419e-039   [-0.000008,0.000014,]
[18,14,]   298   0.000405169   -2.32101e-039   4.21291e-039   [0.000003,0.000013,]
[19,14,]   299   0.000105986   -4.36334e-039   5.03272e-039   [0.000014,0.000015,]
[0,15,]   300   8.33941e-005   -4.53842e-039   5.48817e-039   [0.000007,-0.000009,]
[1,15,]   301   0.000214173   -3.07685e-039   4.66836e-039   [-0.000018,-0.000012,]
[2,15,]   302   0.000683774   -1.94529e-039   3.93964e-039   [-0.000011,-0.000012,]
[3,15,]   303   0.00191341   -1.22323e-039   3.30201e-039   [-0.000011,-0.000013,]
[4,15,]   304   0.00446034   -7.28443e-040   2.75547e-039   [-0.000013,-0.000013,]
[5,15,]   305   0.0087661   -3.21159e-040   2.30002e-039   [-0.000016,-0.000013,]
[6,15,]   306   0.0146767   6.66442e-043   1.93566e-039   [-0.000019,-0.000012,]
[7,15,]   307   0.0212168   2.36926e-040   1.66239e-039   [-0.000022,-0.000010,]
[8,15,]   308   0.026966   4.3167e-040   1.48021e-039   [-0.000025,-0.000006,]
[9,15,]   309   0.0303228   5.4088e-040   1.38912e-039   [-0.000027,-0.000002,]
[10,15,]   310   0.0302829   5.05369e-040   1.38912e-039   [-0.000027,0.000003,]
[11,15,]   311   0.0272829   4.44366e-040   1.48021e-039   [-0.000025,0.000007,]
[12,15,]   312   0.0218505   3.26159e-040   1.66239e-039   [-0.000022,0.000010,]
[13,15,]   313   0.0150939   5.15109e-041   1.93566e-039   [-0.000018,0.000012,]
[14,15,]   314   0.00892854   -2.83665e-040   2.30002e-039   [-0.000016,0.000013,]
[15,15,]   315   0.00446029   -7.30498e-040   2.75547e-039   [-0.000013,0.000013,]
[16,15,]   316   0.00187289   -1.24445e-039   3.30201e-039   [-0.000011,0.000013,]
[17,15,]   317   0.00065067   -1.95208e-039   3.93964e-039   [-0.000009,0.000012,]
[18,15,]   318   0.000189587   -2.78009e-039   4.66836e-039   [0.000004,0.000012,]
[19,15,]   319   4.92344e-005   -4.93572e-039   5.48817e-039   [0.000016,0.000014,]
[0,16,]   320   3.31444e-005   -5.15633e-039   6.03471e-039   [0.000007,-0.000008,]
[1,16,]   321   8.40316e-005   -3.64724e-039   5.2149e-039   [-0.000020,-0.000010,]
[2,16,]   322   0.000272834   -2.47925e-039   4.48618e-039   [-0.000011,-0.000011,]
[3,16,]   323   0.000781296   -1.74693e-039   3.84855e-039   [-0.000011,-0.000011,]
[4,16,]   324   0.00187269   -1.24517e-039   3.30201e-039   [-0.000013,-0.000011,]
[5,16,]   325   0.00380462   -8.27045e-040   2.84656e-039   [-0.000015,-0.000010,]
[6,16,]   326   0.00661136   -4.8998e-040   2.4822e-039   [-0.000017,-0.000009,]
[7,16,]   327   0.00992177   -2.39008e-040   2.20893e-039   [-0.000020,-0.000007,]
[8,16,]   328   0.0130123   -3.21439e-041   2.02675e-039   [-0.000022,-0.000005,]
[9,16,]   329   0.0149024   6.79528e-041   1.93566e-039   [-0.000023,-0.000001,]
[10,16,]   330   0.0149401   4.33895e-041   1.93566e-039   [-0.000023,0.000002,]
[11,16,]   331   0.0132748   -1.27128e-041   2.02675e-039   [-0.000021,0.000005,]
[12,16,]   332   0.010337   -1.48428e-040   2.20893e-039   [-0.000019,0.000008,]
[13,16,]   333   0.00691087   -4.25348e-040   2.4822e-039   [-0.000017,0.000009,]
[14,16,]   334   0.00395223   -7.70684e-040   2.84656e-039   [-0.000015,0.000010,]
[15,16,]   335   0.00191367   -1.22389e-039   3.30201e-039   [-0.000013,0.000011,]
[16,16,]   336   0.000781481   -1.74522e-039   3.84855e-039   [-0.000011,0.000011,]
[17,16,]   337   0.000264829   -2.46609e-039   4.48618e-039   [-0.000009,0.000011,]
[18,16,]   338   7.55857e-005   -3.31879e-039   5.2149e-039   [0.000004,0.000011,]
[19,16,]   339   1.95871e-005   -5.57425e-039   6.03471e-039   [0.000017,0.000012,]
[0,17,]   340   1.09211e-005   -5.97906e-039   6.67234e-039   [0.000007,-0.000007,]
[1,17,]   341   2.74125e-005   -4.4211e-039   5.85253e-039   [-0.000021,-0.000009,]
[2,17,]   342   9.04852e-005   -3.21519e-039   5.12381e-039   [-0.000011,-0.000009,]
[3,17,]   343   0.000264777   -2.46696e-039   4.48618e-039   [-0.000011,-0.000009,]
[4,17,]   344   0.000650634   -1.95182e-039   3.93964e-039   [-0.000012,-0.000009,]
[5,17,]   345   0.00135953   -1.5166e-039   3.48419e-039   [-0.000014,-0.000008,]
[6,17,]   346   0.00243356   -1.162e-039   3.11983e-039   [-0.000016,-0.000007,]
[7,17,]   347   0.00375663   -8.93949e-040   2.84656e-039   [-0.000018,-0.000005,]
[8,17,]   348   0.00503953   -6.77778e-040   2.66438e-039   [-0.000019,-0.000003,]
[9,17,]   349   0.00585323   -5.67032e-040   2.57329e-039   [-0.000020,-0.000001,]
[10,17,]   350   0.00588886   -5.86113e-040   2.57329e-039   [-0.000020,0.000002,]
[11,17,]   351   0.00518813   -6.46754e-040   2.66438e-039   [-0.000019,0.000005,]
[12,17,]   352   0.00396761   -7.90143e-040   2.84656e-039   [-0.000017,0.000007,]
[13,17,]   353   0.00259335   -1.07049e-039   3.11983e-039   [-0.000016,0.000008,]
[14,17,]   354   0.00144681   -1.42324e-039   3.48419e-039   [-0.000014,0.000010,]
[15,17,]   355   0.000683636   -1.88358e-039   3.93964e-039   [-0.000012,0.000010,]
[16,17,]   356   0.000272816   -2.41283e-039   4.48618e-039   [-0.000011,0.000011,]
[17,17,]   357   9.04794e-005   -3.14716e-039   5.12381e-039   [-0.000009,0.000011,]
[18,17,]   358   2.53501e-005   -4.02953e-039   5.85253e-039   [0.000005,0.000011,]
[19,17,]   359   6.58069e-006   -6.37024e-039   6.67234e-039   [0.000018,0.000013,]
[0,18,]   360   3.041e-006   -6.97996e-039   7.40106e-039   [0.000006,0.000007,]
[1,18,]   361   7.56916e-006   -5.35909e-039   6.58125e-039   [-0.000022,0.000006,]
[2,18,]   362   2.53502e-005   -4.10047e-039   5.85253e-039   [-0.000012,0.000005,]
[3,18,]   363   7.55685e-005   -3.3201e-039   5.2149e-039   [-0.000011,0.000004,]
[4,18,]   364   0.000189571   -2.78028e-039   4.66836e-039   [-0.000012,0.000004,]
[5,18,]   365   0.000405158   -2.32389e-039   4.21291e-039   [-0.000013,0.000003,]
[6,18,]   366   0.000742166   -1.95591e-039   3.84855e-039   [-0.000015,0.000003,]
[7,18,]   367   0.00117054   -1.68616e-039   3.57528e-039   [-0.000016,0.000004,]
[8,18,]   368   0.0015978   -1.48297e-039   3.3931e-039   [-0.000017,0.000005,]
[9,18,]   369   0.00187741   -1.39622e-039   3.30201e-039   [-0.000017,0.000006,]
[10,18,]   370   0.00189746   -1.44451e-039   3.30201e-039   [-0.000017,0.000008,]
[11,18,]   371   0.00166487   -1.54969e-039   3.3931e-039   [-0.000016,0.000010,]
[12,18,]   372   0.00125922   -1.74163e-039   3.57528e-039   [-0.000015,0.000013,]
[13,18,]   373   0.000810752   -2.06501e-039   3.84855e-039   [-0.000014,0.000015,]
[14,18,]   374   0.000444318   -2.46226e-039   4.21291e-039   [-0.000013,0.000016,]
[15,18,]   375   0.000206063   -2.96215e-039   4.66836e-039   [-0.000012,0.000018,]
[16,18,]   376   8.07193e-005   -3.52743e-039   5.2149e-039   [-0.000010,0.000019,]
[17,18,]   377   2.62888e-005   -4.29891e-039   5.85253e-039   [-0.000009,0.000020,]
[18,18,]   378   7.2475e-006   -5.23369e-039   6.58125e-039   [0.000006,0.000021,]
[19,18,]   379   1.88945e-006   -7.66694e-039   7.40106e-039   [0.000020,0.000023,]
[0,19,]   380   8.11544e-007   -9.2973e-039   8.22087e-039   [0.000006,0.000021,]
[1,19,]   381   1.97681e-006   -7.78637e-039   7.40106e-039   [-0.000023,0.000020,]
[2,19,]   382   6.58156e-006   -6.44376e-039   6.67234e-039   [-0.000013,0.000018,]
[3,19,]   383   1.95832e-005   -5.57581e-039   6.03471e-039   [-0.000013,0.000017,]
[4,19,]   384   4.92307e-005   -4.93601e-039   5.48817e-039   [-0.000014,0.000016,]
[5,19,]   385   0.000105982   -4.36626e-039   5.03272e-039   [-0.000015,0.000014,]
[6,19,]   386   0.000196781   -3.87686e-039   4.66836e-039   [-0.000016,0.000013,]
[7,19,]   387   0.000316749   -3.4863e-039   4.39509e-039   [-0.000016,0.000012,]
[8,19,]   388   0.000443947   -3.17532e-039   4.21291e-039   [-0.000016,0.000012,]
[9,19,]   389   0.000537744   -3.00229e-039   4.12182e-039   [-0.000016,0.000012,]
[10,19,]   390   0.000560624   -2.99748e-039   4.12182e-039   [-0.000015,0.000014,]
[11,19,]   391   0.000506108   -3.09445e-039   4.21291e-039   [-0.000014,0.000016,]
[12,19,]   392   0.000392108   -3.31421e-039   4.39509e-039   [-0.000013,0.000018,]
[13,19,]   393   0.000257244   -3.68898e-039   4.66836e-039   [-0.000012,0.000020,]
[14,19,]   394   0.000142879   -4.15716e-039   5.03272e-039   [-0.000011,0.000023,]
[15,19,]   395   6.68528e-005   -4.73586e-039   5.48817e-039   [-0.000010,0.000025,]
[16,19,]   396   2.63222e-005   -5.38433e-039   6.03471e-039   [-0.000008,0.000027,]
[17,19,]   397   8.59467e-006   -6.23876e-039   6.67234e-039   [-0.000007,0.000029,]
[18,19,]   398   2.37205e-006   -7.27244e-039   7.40106e-039   [0.000007,0.000030,]
[19,19,]   399   6.28669e-007   -9.64788e-039   8.22087e-039   [0.000021,0.000032,]
