coordinates  index   rho      Q      V    velocities 
[0,0,]   0   1.30084e-006   -8.71925e-039   8.22087e-039   [0.000023,0.000008,]
[1,0,]   1   3.53168e-006   -7.09541e-039   7.40106e-039   [-0.000006,0.000008,]
[2,0,]   2   1.19093e-005   -6.01764e-039   6.67234e-039   [0.000006,0.000008,]
[3,0,]   3   3.60434e-005   -5.10971e-039   6.03471e-039   [0.000008,0.000008,]
[4,0,]   4   9.05312e-005   -4.49615e-039   5.48817e-039   [0.000009,0.000009,]
[5,0,]   5   0.000191229   -3.95422e-039   5.03272e-039   [0.000010,0.000010,]
[6,0,]   6   0.000340043   -3.5281e-039   4.66836e-039   [0.000011,0.000011,]
[7,0,]   7   0.000512549   -3.18865e-039   4.39509e-039   [0.000013,0.000012,]
[8,0,]   8   0.000655528   -3.00179e-039   4.21291e-039   [0.000014,0.000013,]
[9,0,]   9   0.000722689   -2.92559e-039   4.12182e-039   [0.000015,0.000015,]
[10,0,]   10   0.000694243   -2.92778e-039   4.12182e-039   [0.000016,0.000016,]
[11,0,]   11   0.000577188   -3.0831e-039   4.21291e-039   [0.000016,0.000018,]
[12,0,]   12   0.000416813   -3.36081e-039   4.39509e-039   [0.000016,0.000019,]
[13,0,]   13   0.000263203   -3.7012e-039   4.66836e-039   [0.000015,0.000021,]
[14,0,]   14   0.000144441   -4.13188e-039   5.03272e-039   [0.000014,0.000021,]
[15,0,]   15   6.84274e-005   -4.63821e-039   5.48817e-039   [0.000013,0.000022,]
[16,0,]   16   2.77272e-005   -5.21817e-039   6.03471e-039   [0.000012,0.000023,]
[17,0,]   17   9.46149e-006   -5.97275e-039   6.67234e-039   [0.000013,0.000023,]
[18,0,]   18   2.76266e-006   -7.26134e-039   7.40106e-039   [0.000024,0.000023,]
[19,0,]   19   9.60472e-007   -9.10712e-039   8.22087e-039   [0.000033,0.000023,]
[0,1,]   20   2.92474e-006   -7.39744e-039   7.40106e-039   [0.000023,-0.000024,]
[1,1,]   21   8.11648e-006   -5.63035e-039   6.58125e-039   [-0.000005,-0.000023,]
[2,1,]   22   2.77104e-005   -4.59133e-039   5.85253e-039   [0.000008,-0.000022,]
[3,1,]   23   8.49628e-005   -3.72208e-039   5.2149e-039   [0.000010,-0.000021,]
[4,1,]   24   0.000216811   -3.14551e-039   4.66836e-039   [0.000012,-0.000019,]
[5,1,]   25   0.000467142   -2.63395e-039   4.21291e-039   [0.000013,-0.000018,]
[6,1,]   26   0.000850804   -2.23093e-039   3.84855e-039   [0.000014,-0.000016,]
[7,1,]   27   0.00131867   -1.90022e-039   3.57528e-039   [0.000015,-0.000013,]
[8,1,]   28   0.00173897   -1.70606e-039   3.3931e-039   [0.000016,-0.000011,]
[9,1,]   29   0.00197745   -1.60208e-039   3.30201e-039   [0.000017,-0.000009,]
[10,1,]   30   0.00195442   -1.55371e-039   3.30201e-039   [0.000017,-0.000006,]
[11,1,]   31   0.00166256   -1.64429e-039   3.3931e-039   [0.000017,-0.000005,]
[12,1,]   32   0.0012183   -1.85424e-039   3.57528e-039   [0.000016,-0.000004,]
[13,1,]   33   0.000773517   -2.12981e-039   3.84855e-039   [0.000015,-0.000003,]
[14,1,]   34   0.00042331   -2.50333e-039   4.21291e-039   [0.000013,-0.000003,]
[15,1,]   35   0.000198761   -2.96192e-039   4.66836e-039   [0.000012,-0.000003,]
[16,1,]   36   7.95183e-005   -3.50377e-039   5.2149e-039   [0.000011,-0.000004,]
[17,1,]   37   2.67313e-005   -4.22897e-039   5.85253e-039   [0.000012,-0.000004,]
[18,1,]   38   7.68012e-006   -5.48967e-039   6.58125e-039   [0.000023,-0.000005,]
[19,1,]   39   2.62198e-006   -7.4538e-039   7.40106e-039   [0.000032,-0.000006,]
[0,2,]   40   9.46269e-006   -6.06456e-039   6.67234e-039   [0.000023,-0.000013,]
[1,2,]   41   2.67316e-005   -4.31823e-039   5.85253e-039   [-0.000004,-0.000012,]
[2,2,]   42   9.02226e-005   -3.33424e-039   5.12381e-039   [0.000008,-0.000012,]
[3,2,]   43   0.000272211   -2.5096e-039   4.48618e-039   [0.000010,-0.000012,]
[4,2,]   44   0.000683326   -1.97339e-039   3.93964e-039   [0.000012,-0.000011,]
[5,2,]   45   0.0014485   -1.50482e-039   3.48419e-039   [0.000014,-0.000010,]
[6,2,]   46   0.00259776   -1.1497e-039   3.11983e-039   [0.000016,-0.000009,]
[7,2,]   47   0.00397532   -8.63766e-040   2.84656e-039   [0.000017,-0.000008,]
[8,2,]   48   0.00519473   -7.19561e-040   2.66438e-039   [0.000019,-0.000005,]
[9,2,]   49   0.0058911   -6.60014e-040   2.57329e-039   [0.000020,-0.000003,]
[10,2,]   50   0.00585182   -6.38712e-040   2.57329e-039   [0.000020,-0.000000,]
[11,2,]   51   0.00503313   -7.5136e-040   2.66438e-039   [0.000019,0.000002,]
[12,2,]   52   0.00374757   -9.71097e-040   2.84656e-039   [0.000018,0.000005,]
[13,2,]   53   0.00242569   -1.2431e-039   3.11983e-039   [0.000016,0.000006,]
[14,2,]   54   0.0013548   -1.60131e-039   3.48419e-039   [0.000014,0.000007,]
[15,2,]   55   0.000648749   -2.03725e-039   3.93964e-039   [0.000012,0.000008,]
[16,2,]   56   0.000264191   -2.55314e-039   4.48618e-039   [0.000011,0.000008,]
[17,2,]   57   9.02235e-005   -3.24753e-039   5.12381e-039   [0.000011,0.000008,]
[18,2,]   58   2.6277e-005   -4.45251e-039   5.85253e-039   [0.000022,0.000008,]
[19,2,]   59   8.93418e-006   -6.33829e-039   6.67234e-039   [0.000031,0.000006,]
[0,3,]   60   2.77133e-005   -5.22006e-039   6.03471e-039   [0.000023,-0.000013,]
[1,3,]   61   7.94811e-005   -3.50548e-039   5.2149e-039   [-0.000004,-0.000011,]
[2,3,]   62   0.000264057   -2.55565e-039   4.48618e-039   [0.000008,-0.000011,]
[3,3,]   63   0.000779659   -1.751e-039   3.84855e-039   [0.000010,-0.000011,]
[4,3,]   64   0.0019124   -1.22658e-039   3.30201e-039   [0.000013,-0.000011,]
[5,3,]   65   0.0039561   -7.68755e-040   2.84656e-039   [0.000015,-0.000011,]
[6,3,]   66   0.0069215   -4.25026e-040   2.4822e-039   [0.000017,-0.000010,]
[7,3,]   67   0.0103565   -1.46542e-040   2.20893e-039   [0.000019,-0.000008,]
[8,3,]   68   0.0132918   -1.50356e-041   2.02675e-039   [0.000021,-0.000005,]
[9,3,]   69   0.0149508   3.90061e-041   1.93566e-039   [0.000023,-0.000002,]
[10,3,]   70   0.0149052   6.20114e-041   1.93566e-039   [0.000023,0.000001,]
[11,3,]   71   0.0130011   -3.80481e-041   2.02675e-039   [0.000022,0.000004,]
[12,3,]   72   0.00990213   -2.46269e-040   2.20893e-039   [0.000020,0.000007,]
[13,3,]   73   0.00659322   -4.97896e-040   2.4822e-039   [0.000017,0.000009,]
[14,3,]   74   0.00379338   -8.356e-040   2.84656e-039   [0.000015,0.000010,]
[15,3,]   75   0.0018683   -1.25077e-039   3.30201e-039   [0.000013,0.000010,]
[16,3,]   76   0.000779991   -1.74971e-039   3.84855e-039   [0.000011,0.000010,]
[17,3,]   77   0.000272183   -2.42698e-039   4.48618e-039   [0.000011,0.000010,]
[18,3,]   78   8.07283e-005   -3.58734e-039   5.2149e-039   [0.000020,0.000010,]
[19,3,]   79   2.73243e-005   -5.39457e-039   6.03471e-039   [0.000029,0.000008,]
[0,4,]   80   6.84099e-005   -4.63881e-039   5.48817e-039   [0.000022,-0.000013,]
[1,4,]   81   0.000198715   -2.96252e-039   4.66836e-039   [-0.000003,-0.000012,]
[2,4,]   82   0.000648572   -2.03859e-039   3.93964e-039   [0.000008,-0.000012,]
[3,4,]   83   0.00186797   -1.25043e-039   3.30201e-039   [0.000010,-0.000013,]
[4,4,]   84   0.00445582   -7.3388e-040   2.75547e-039   [0.000013,-0.000013,]
[5,4,]   85   0.00893522   -2.81393e-040   2.30002e-039   [0.000016,-0.000013,]
[6,4,]   86   0.0151149   5.10065e-041   1.93566e-039   [0.000018,-0.000012,]
[7,4,]   87   0.0218968   3.2797e-040   1.66239e-039   [0.000022,-0.000010,]
[8,4,]   88   0.0273338   4.39251e-040   1.48021e-039   [0.000025,-0.000007,]
[9,4,]   89   0.0303393   5.0271e-040   1.38912e-039   [0.000027,-0.000003,]
[10,4,]   90   0.0303855   5.42977e-040   1.38912e-039   [0.000027,0.000002,]
[11,4,]   91   0.0269811   4.24592e-040   1.48021e-039   [0.000025,0.000006,]
[12,4,]   92   0.0212035   2.29983e-040   1.66239e-039   [0.000022,0.000010,]
[13,4,]   93   0.0146572   -5.76761e-042   1.93566e-039   [0.000019,0.000012,]
[14,4,]   94   0.0087541   -3.26304e-040   2.30002e-039   [0.000016,0.000013,]
[15,4,]   95   0.00445737   -7.30187e-040   2.75547e-039   [0.000013,0.000013,]
[16,4,]   96   0.0019135   -1.22159e-039   3.30201e-039   [0.000011,0.000013,]
[17,4,]   97   0.000683299   -1.89083e-039   3.93964e-039   [0.000011,0.000012,]
[18,4,]   98   0.000206467   -3.0112e-039   4.66836e-039   [0.000019,0.000012,]
[19,4,]   99   6.93897e-005   -4.7406e-039   5.48817e-039   [0.000027,0.000009,]
[0,5,]   100   0.000144454   -4.12702e-039   5.03272e-039   [0.000021,-0.000014,]
[1,5,]   101   0.000423342   -2.49866e-039   4.21291e-039   [-0.000003,-0.000013,]
[2,5,]   102   0.0013548   -1.59713e-039   3.48419e-039   [0.000007,-0.000014,]
[3,5,]   103   0.0037937   -8.29154e-040   2.84656e-039   [0.000010,-0.000015,]
[4,5,]   104   0.00875275   -3.23899e-040   2.30002e-039   [0.000013,-0.000016,]
[5,5,]   105   0.0168665   1.14496e-040   1.84457e-039   [0.000016,-0.000016,]
[6,5,]   106   0.02724   4.25168e-040   1.48021e-039   [0.000020,-0.000016,]
[7,5,]   107   0.0376022   6.85655e-040   1.20694e-039   [0.000024,-0.000014,]
[8,5,]   108   0.044932   7.79299e-040   1.02476e-039   [0.000029,-0.000010,]
[9,5,]   109   0.0486044   8.79797e-040   9.33673e-040   [0.000032,-0.000005,]
[10,5,]   110   0.0489396   9.08988e-040   9.33673e-040   [0.000033,0.000001,]
[11,5,]   111   0.0447997   7.84043e-040   1.02476e-039   [0.000030,0.000009,]
[12,5,]   112   0.0369158   6.01533e-040   1.20694e-039   [0.000025,0.000013,]
[13,5,]   113   0.026898   3.99464e-040   1.48021e-039   [0.000020,0.000015,]
[14,5,]   114   0.016857   1.01188e-040   1.84457e-039   [0.000016,0.000016,]
[15,5,]   115   0.00893222   -2.86755e-040   2.30002e-039   [0.000013,0.000016,]
[16,5,]   116   0.00395605   -7.711e-040   2.84656e-039   [0.000010,0.000015,]
[17,5,]   117   0.00144759   -1.43239e-039   3.48419e-039   [0.000010,0.000014,]
[18,5,]   118   0.000445621   -2.50878e-039   4.21291e-039   [0.000017,0.000013,]
[19,5,]   119   0.000148121   -4.16483e-039   5.03272e-039   [0.000024,0.000011,]
[0,6,]   120   0.000263004   -3.69596e-039   4.66836e-039   [0.000021,-0.000015,]
[1,6,]   121   0.000772886   -2.12573e-039   3.84855e-039   [-0.000003,-0.000015,]
[2,6,]   122   0.00242324   -1.23956e-039   3.11983e-039   [0.000006,-0.000016,]
[3,6,]   123   0.00658619   -4.91397e-040   2.4822e-039   [0.000009,-0.000017,]
[4,6,]   124   0.0146345   -3.36163e-042   1.93566e-039   [0.000012,-0.000019,]
[5,6,]   125   0.0268697   4.153e-040   1.48021e-039   [0.000015,-0.000020,]
[6,6,]   126   0.0407874   6.78946e-040   1.11585e-039   [0.000020,-0.000021,]
[7,6,]   127   0.0523841   9.15808e-040   8.42583e-040   [0.000027,-0.000021,]
[8,6,]   128   0.0581371   1.04179e-039   6.60403e-040   [0.000034,-0.000018,]
[9,6,]   129   0.0589043   1.08189e-039   5.69313e-040   [0.000040,-0.000010,]
[10,6,]   130   0.0602743   1.31584e-039   5.69313e-040   [0.000043,0.000001,]
[11,6,]   131   0.0584827   1.0609e-039   6.60403e-040   [0.000038,0.000012,]
[12,6,]   132   0.0521321   8.54803e-040   8.42583e-040   [0.000029,0.000018,]
[13,6,]   133   0.040907   6.75673e-040   1.11585e-039   [0.000021,0.000020,]
[14,6,]   134   0.0272597   4.21858e-040   1.48021e-039   [0.000016,0.000020,]
[15,6,]   135   0.0151257   5.49693e-041   1.93566e-039   [0.000012,0.000019,]
[16,6,]   136   0.00692781   -4.19354e-040   2.4822e-039   [0.000009,0.000017,]
[17,6,]   137   0.00259804   -1.07411e-039   3.11983e-039   [0.000009,0.000016,]
[18,6,]   138   0.000813896   -2.10302e-039   3.84855e-039   [0.000016,0.000014,]
[19,6,]   139   0.000266248   -3.69596e-039   4.66836e-039   [0.000022,0.000012,]
[0,7,]   140   0.00041591   -3.34765e-039   4.39509e-039   [0.000019,-0.000016,]
[1,7,]   141   0.00121567   -1.84345e-039   3.57528e-039   [-0.000003,-0.000016,]
[2,7,]   142   0.00373795   -9.61057e-040   2.84656e-039   [0.000005,-0.000018,]
[3,7,]   143   0.00987288   -2.33366e-040   2.20893e-039   [0.000007,-0.000020,]
[4,7,]   144   0.0211204   2.39121e-040   1.66239e-039   [0.000010,-0.000022,]
[5,7,]   145   0.0367577   6.20419e-040   1.20694e-039   [0.000013,-0.000025,]
[6,7,]   146   0.0517695   8.54869e-040   8.42583e-040   [0.000018,-0.000028,]
[7,7,]   147   0.059621   1.04596e-039   5.69313e-040   [0.000026,-0.000031,]
[8,7,]   148   0.0574857   1.27179e-039   3.87133e-040   [0.000039,-0.000033,]
[9,7,]   149   0.0487084   8.30705e-040   2.96043e-040   [0.000054,-0.000017,]
[10,7,]   150   0.0498849   1.01037e-039   2.96043e-040   [0.000059,-0.000001,]
[11,7,]   151   0.0575052   1.15808e-039   3.87133e-040   [0.000048,0.000018,]
[12,7,]   152   0.0600743   1.04109e-039   5.69313e-040   [0.000032,0.000026,]
[13,7,]   153   0.0525297   8.83031e-040   8.42583e-040   [0.000021,0.000026,]
[14,7,]   154   0.0376101   6.5197e-040   1.20694e-039   [0.000014,0.000024,]
[15,7,]   155   0.0219011   3.05097e-040   1.66239e-039   [0.000010,0.000022,]
[16,7,]   156   0.0103627   -1.62013e-040   2.20893e-039   [0.000008,0.000019,]
[17,7,]   157   0.00397454   -8.09914e-040   2.84656e-039   [0.000007,0.000017,]
[18,7,]   158   0.00126361   -1.79029e-039   3.57528e-039   [0.000013,0.000015,]
[19,7,]   159   0.000404568   -3.33851e-039   4.39509e-039   [0.000019,0.000013,]
[0,8,]   160   0.000573885   -3.09248e-039   4.21291e-039   [0.000018,-0.000016,]
[1,8,]   161   0.00165346   -1.65602e-039   3.3931e-039   [-0.000005,-0.000017,]
[2,8,]   162   0.00500225   -7.66308e-040   2.66438e-039   [0.000003,-0.000019,]
[3,8,]   163   0.0129108   -5.29511e-041   2.02675e-039   [0.000004,-0.000021,]
[4,8,]   164   0.0267526   4.0249e-040   1.48021e-039   [0.000006,-0.000025,]
[5,8,]   165   0.0443636   7.59242e-040   1.02476e-039   [0.000009,-0.000030,]
[6,8,]   166   0.0577888   1.0069e-039   6.60403e-040   [0.000012,-0.000037,]
[7,8,]   167   0.0569714   1.09075e-039   3.87133e-040   [0.000019,-0.000046,]
[8,8,]   168   0.0412494   1.02724e-039   2.04953e-040   [0.000043,-0.000059,]
[9,8,]   169   0.0215939   -1.79797e-039   1.13863e-040   [0.000082,-0.000028,]
[10,8,]   170   0.0226246   -1.17006e-039   1.13863e-040   [0.000090,0.000032,]
[11,8,]   171   0.0413833   9.97106e-040   2.04953e-040   [0.000061,0.000043,]
[12,8,]   172   0.0582138   1.28258e-039   3.87133e-040   [0.000033,0.000039,]
[13,8,]   173   0.0587229   1.04254e-039   6.60403e-040   [0.000018,0.000033,]
[14,8,]   174   0.0452536   7.81529e-040   1.02476e-039   [0.000010,0.000028,]
[15,8,]   175   0.0275049   4.50157e-040   1.48021e-039   [0.000007,0.000024,]
[16,8,]   176   0.0133691   -1.10585e-042   2.02675e-039   [0.000005,0.000021,]
[17,8,]   177   0.00521652   -6.42424e-040   2.66438e-039   [0.000005,0.000019,]
[18,8,]   178   0.00167516   -1.57442e-039   3.3931e-039   [0.000011,0.000016,]
[19,8,]   179   0.000522071   -3.10562e-039   4.21291e-039   [0.000017,0.000014,]
[0,9,]   180   0.000691609   -2.94356e-039   4.12182e-039   [0.000016,-0.000015,]
[1,9,]   181   0.00194787   -1.56903e-039   3.30201e-039   [-0.000006,-0.000017,]
[2,9,]   182   0.00583063   -6.56087e-040   2.57329e-039   [-0.000000,-0.000019,]
[3,9,]   183   0.0148444   4.29826e-041   1.93566e-039   [0.000001,-0.000022,]
[4,9,]   184   0.0302349   5.16296e-040   1.38912e-039   [0.000002,-0.000026,]
[5,9,]   185   0.0486769   8.67653e-040   9.33673e-040   [0.000002,-0.000032,]
[6,9,]   186   0.0600609   1.2483e-039   5.69313e-040   [0.000001,-0.000042,]
[7,9,]   187   0.0503673   1.02212e-039   2.96043e-040   [-0.000001,-0.000058,]
[8,9,]   188   0.0233538   -8.82927e-040   1.13863e-040   [0.000030,-0.000088,]
[9,9,]   189   0.00323392   -1.99455e-038   2.27725e-041   [0.000160,-0.000140,]
[10,9,]   190   0.00322241   -2.00074e-038   2.27725e-041   [0.000145,0.000156,]
[11,9,]   191   0.0221981   -1.66316e-039   1.13863e-040   [0.000027,0.000082,]
[12,9,]   192   0.049972   9.49117e-040   2.96043e-040   [0.000018,0.000054,]
[13,9,]   193   0.0598897   1.15676e-039   5.69313e-040   [0.000010,0.000039,]
[14,9,]   194   0.0490932   9.19756e-040   9.33673e-040   [0.000005,0.000032,]
[15,9,]   195   0.0305582   5.33168e-040   1.38912e-039   [0.000003,0.000026,]
[16,9,]   196   0.0150432   6.97215e-041   1.93566e-039   [0.000002,0.000022,]
[17,9,]   197   0.00591461   -5.72381e-040   2.57329e-039   [0.000002,0.000019,]
[18,9,]   198   0.00190537   -1.46031e-039   3.30201e-039   [0.000009,0.000017,]
[19,9,]   199   0.000575646   -3.01011e-039   4.12182e-039   [0.000015,0.000015,]
[0,10,]   200   0.000725546   -2.90854e-039   4.12182e-039   [0.000015,-0.000015,]
[1,10,]   201   0.00198597   -1.58209e-039   3.30201e-039   [-0.000009,-0.000017,]
[2,10,]   202   0.00592025   -6.36868e-040   2.57329e-039   [-0.000003,-0.000019,]
[3,10,]   203   0.0150372   6.63086e-041   1.93566e-039   [-0.000002,-0.000022,]
[4,10,]   204   0.030552   5.32811e-040   1.38912e-039   [-0.000003,-0.000026,]
[5,10,]   205   0.0490929   9.20214e-040   9.33673e-040   [-0.000005,-0.000032,]
[6,10,]   206   0.0598897   1.15677e-039   5.69313e-040   [-0.000010,-0.000039,]
[7,10,]   207   0.0499721   9.49128e-040   2.96043e-040   [-0.000018,-0.000054,]
[8,10,]   208   0.0221981   -1.66317e-039   1.13863e-040   [-0.000027,-0.000082,]
[9,10,]   209   0.00322241   -2.00074e-038   2.27725e-041   [-0.000145,-0.000156,]
[10,10,]   210   0.00323392   -1.99455e-038   2.27725e-041   [-0.000160,0.000140,]
[11,10,]   211   0.0233538   -8.82921e-040   1.13863e-040   [-0.000030,0.000088,]
[12,10,]   212   0.0503672   1.02211e-039   2.96043e-040   [0.000001,0.000058,]
[13,10,]   213   0.060061   1.24828e-039   5.69313e-040   [-0.000001,0.000042,]
[14,10,]   214   0.0486774   8.6721e-040   9.33673e-040   [-0.000002,0.000032,]
[15,10,]   215   0.0302412   5.16686e-040   1.38912e-039   [-0.000002,0.000026,]
[16,10,]   216   0.0148501   4.68481e-041   1.93566e-039   [-0.000001,0.000022,]
[17,10,]   217   0.00582343   -5.92734e-040   2.57329e-039   [-0.000000,0.000019,]
[18,10,]   218   0.00186778   -1.44739e-039   3.30201e-039   [0.000007,0.000017,]
[19,10,]   219   0.000546186   -3.05177e-039   4.12182e-039   [0.000014,0.000016,]
[0,11,]   220   0.000658346   -2.9936e-039   4.21291e-039   [0.000013,-0.000014,]
[1,11,]   221   0.00174674   -1.69684e-039   3.3931e-039   [-0.000011,-0.000016,]
[2,11,]   222   0.00522032   -7.0902e-040   2.66438e-039   [-0.000005,-0.000019,]
[3,11,]   223   0.0133637   -4.14453e-042   2.02675e-039   [-0.000005,-0.000021,]
[4,11,]   224   0.0274994   4.49811e-040   1.48021e-039   [-0.000007,-0.000024,]
[5,11,]   225   0.0452534   7.81996e-040   1.02476e-039   [-0.000010,-0.000028,]
[6,11,]   226   0.0587229   1.04255e-039   6.60403e-040   [-0.000018,-0.000033,]
[7,11,]   227   0.0582139   1.2826e-039   3.87133e-040   [-0.000033,-0.000039,]
[8,11,]   228   0.0413833   9.97105e-040   2.04953e-040   [-0.000061,-0.000043,]
[9,11,]   229   0.0226246   -1.17005e-039   1.13863e-040   [-0.000090,-0.000032,]
[10,11,]   230   0.0215939   -1.79796e-039   1.13863e-040   [-0.000082,0.000028,]
[11,11,]   231   0.0412494   1.02724e-039   2.04953e-040   [-0.000043,0.000059,]
[12,11,]   232   0.0569713   1.09074e-039   3.87133e-040   [-0.000019,0.000046,]
[13,11,]   233   0.0577889   1.00687e-039   6.60403e-040   [-0.000012,0.000037,]
[14,11,]   234   0.0443642   7.58826e-040   1.02476e-039   [-0.000009,0.000030,]
[15,11,]   235   0.0267582   4.02938e-040   1.48021e-039   [-0.000006,0.000025,]
[16,11,]   236   0.0129156   -4.85724e-041   2.02675e-039   [-0.000005,0.000021,]
[17,11,]   237   0.00499438   -7.03097e-040   2.66438e-039   [-0.000003,0.000019,]
[18,11,]   238   0.00158302   -1.53437e-039   3.3931e-039   [0.000005,0.000017,]
[19,11,]   239   0.000448901   -3.22551e-039   4.21291e-039   [0.000014,0.000016,]
[0,12,]   240   0.000512703   -3.20216e-039   4.39509e-039   [0.000012,-0.000013,]
[1,12,]   241   0.00131921   -1.91411e-039   3.57528e-039   [-0.000013,-0.000015,]
[2,12,]   242   0.00397674   -8.794e-040   2.84656e-039   [-0.000007,-0.000017,]
[3,12,]   243   0.0103585   -1.64762e-040   2.20893e-039   [-0.000008,-0.000019,]
[4,12,]   244   0.0218967   3.04735e-040   1.66239e-039   [-0.000010,-0.000022,]
[5,12,]   245   0.03761   6.52428e-040   1.20694e-039   [-0.000014,-0.000024,]
[6,12,]   246   0.0525296   8.83018e-040   8.42583e-040   [-0.000021,-0.000026,]
[7,12,]   247   0.0600743   1.04109e-039   5.69313e-040   [-0.000032,-0.000026,]
[8,12,]   248   0.0575051   1.15806e-039   3.87133e-040   [-0.000048,-0.000018,]
[9,12,]   249   0.0498848   1.01036e-039   2.96043e-040   [-0.000059,0.000001,]
[10,12,]   250   0.0487083   8.30694e-040   2.96043e-040   [-0.000054,0.000017,]
[11,12,]   251   0.0574857   1.27178e-039   3.87133e-040   [-0.000039,0.000033,]
[12,12,]   252   0.0596209   1.04594e-039   5.69313e-040   [-0.000026,0.000031,]
[13,12,]   253   0.0517695   8.54831e-040   8.42583e-040   [-0.000018,0.000028,]
[14,12,]   254   0.0367583   6.20019e-040   1.20694e-039   [-0.000013,0.000025,]
[15,12,]   255   0.0211249   2.39616e-040   1.66239e-039   [-0.000010,0.000022,]
[16,12,]   256   0.00987634   -2.2846e-040   2.20893e-039   [-0.000007,0.000020,]
[17,12,]   257   0.00373068   -8.97099e-040   2.84656e-039   [-0.000005,0.000018,]
[18,12,]   258   0.00116106   -1.72211e-039   3.57528e-039   [0.000005,0.000016,]
[19,12,]   259   0.000320999   -3.52192e-039   4.39509e-039   [0.000014,0.000016,]
[0,13,]   260   0.000340191   -3.52642e-039   4.66836e-039   [0.000011,-0.000011,]
[1,13,]   261   0.000851212   -2.22916e-039   3.84855e-039   [-0.000016,-0.000014,]
[2,13,]   262   0.00259912   -1.14701e-039   3.11983e-039   [-0.000009,-0.000016,]
[3,13,]   263   0.00692498   -4.21898e-040   2.4822e-039   [-0.000010,-0.000017,]
[4,13,]   264   0.0151228   5.45589e-041   1.93566e-039   [-0.000012,-0.000019,]
[5,13,]   265   0.0272598   4.22285e-040   1.48021e-039   [-0.000016,-0.000020,]
[6,13,]   266   0.040907   6.75631e-040   1.11585e-039   [-0.000021,-0.000020,]
[7,13,]   267   0.0521322   8.5478e-040   8.42583e-040   [-0.000029,-0.000018,]
[8,13,]   268   0.0584828   1.06087e-039   6.60403e-040   [-0.000038,-0.000012,]
[9,13,]   269   0.0602744   1.31582e-039   5.69313e-040   [-0.000043,-0.000001,]
[10,13,]   270   0.0589043   1.08188e-039   5.69313e-040   [-0.000040,0.000010,]
[11,13,]   271   0.0581371   1.04179e-039   6.60403e-040   [-0.000034,0.000018,]
[12,13,]   272   0.0523841   9.15804e-040   8.42583e-040   [-0.000027,0.000021,]
[13,13,]   273   0.0407874   6.78922e-040   1.11585e-039   [-0.000020,0.000021,]
[14,13,]   274   0.0268702   4.14941e-040   1.48021e-039   [-0.000015,0.000020,]
[15,13,]   275   0.0146377   -2.79314e-042   1.93566e-039   [-0.000012,0.000019,]
[16,13,]   276   0.0065884   -4.8595e-040   2.4822e-039   [-0.000009,0.000017,]
[17,13,]   277   0.00241762   -1.17408e-039   3.11983e-039   [-0.000007,0.000016,]
[18,13,]   278   0.000735944   -2.00501e-039   3.84855e-039   [0.000004,0.000015,]
[19,13,]   279   0.000199844   -3.92262e-039   4.66836e-039   [0.000015,0.000016,]
[0,14,]   280   0.000191186   -3.95789e-039   5.03272e-039   [0.000010,-0.000010,]
[1,14,]   281   0.000467022   -2.63815e-039   4.21291e-039   [-0.000018,-0.000013,]
[2,14,]   282   0.00144807   -1.50913e-039   3.48419e-039   [-0.000010,-0.000014,]
[3,14,]   283   0.0039545   -7.73763e-040   2.84656e-039   [-0.000011,-0.000015,]
[4,14,]   284   0.00893062   -2.875e-040   2.30002e-039   [-0.000013,-0.000016,]
[5,14,]   285   0.0168573   1.01294e-040   1.84457e-039   [-0.000016,-0.000016,]
[6,14,]   286   0.0268985   3.99083e-040   1.48021e-039   [-0.000020,-0.000015,]
[7,14,]   287   0.0369165   6.01147e-040   1.20694e-039   [-0.000025,-0.000013,]
[8,14,]   288   0.0448003   7.83622e-040   1.02476e-039   [-0.000030,-0.000009,]
[9,14,]   289   0.0489401   9.08545e-040   9.33673e-040   [-0.000033,-0.000001,]
[10,14,]   290   0.0486047   8.79337e-040   9.33673e-040   [-0.000032,0.000005,]
[11,14,]   291   0.0449321   7.78835e-040   1.02476e-039   [-0.000029,0.000010,]
[12,14,]   292   0.0376022   6.85182e-040   1.20694e-039   [-0.000024,0.000014,]
[13,14,]   293   0.02724   4.24672e-040   1.48021e-039   [-0.000020,0.000016,]
[14,14,]   294   0.0168668   1.13685e-040   1.84457e-039   [-0.000016,0.000016,]
[15,14,]   295   0.0087546   -3.23751e-040   2.30002e-039   [-0.000013,0.000016,]
[16,14,]   296   0.00379491   -8.237e-040   2.84656e-039   [-0.000010,0.000015,]
[17,14,]   297   0.00135119   -1.53002e-039   3.48419e-039   [-0.000008,0.000014,]
[18,14,]   298   0.000401776   -2.37931e-039   4.21291e-039   [0.000004,0.000013,]
[19,14,]   299   0.000108005   -4.41167e-039   5.03272e-039   [0.000016,0.000015,]
[0,15,]   300   9.0566e-005   -4.49365e-039   5.48817e-039   [0.000009,-0.000009,]
[1,15,]   301   0.000216894   -3.14277e-039   4.66836e-039   [-0.000019,-0.000012,]
[2,15,]   302   0.000683602   -1.97002e-039   3.93964e-039   [-0.000011,-0.000012,]
[3,15,]   303   0.00191311   -1.22311e-039   3.30201e-039   [-0.000011,-0.000013,]
[4,15,]   304   0.00445743   -7.29982e-040   2.75547e-039   [-0.000013,-0.000013,]
[5,15,]   305   0.00875599   -3.25246e-040   2.30002e-039   [-0.000016,-0.000013,]
[6,15,]   306   0.0146603   -5.22496e-042   1.93566e-039   [-0.000019,-0.000012,]
[7,15,]   307   0.021208   2.30491e-040   1.66239e-039   [-0.000022,-0.000010,]
[8,15,]   308   0.0269868   4.25034e-040   1.48021e-039   [-0.000025,-0.000006,]
[9,15,]   309   0.0303918   5.43365e-040   1.38912e-039   [-0.000027,-0.000002,]
[10,15,]   310   0.0303455   5.03067e-040   1.38912e-039   [-0.000027,0.000003,]
[11,15,]   311   0.0273393   4.396e-040   1.48021e-039   [-0.000025,0.000007,]
[12,15,]   312   0.0219012   3.28315e-040   1.66239e-039   [-0.000022,0.000010,]
[13,15,]   313   0.0151179   5.1347e-041   1.93566e-039   [-0.000018,0.000012,]
[14,15,]   314   0.00893718   -2.81331e-040   2.30002e-039   [-0.000016,0.000013,]
[15,15,]   315   0.00445766   -7.32803e-040   2.75547e-039   [-0.000013,0.000013,]
[16,15,]   316   0.00186893   -1.24366e-039   3.30201e-039   [-0.000011,0.000013,]
[17,15,]   317   0.000646791   -1.96808e-039   3.93964e-039   [-0.000008,0.000012,]
[18,15,]   318   0.000188007   -2.84315e-039   4.66836e-039   [0.000005,0.000012,]
[19,15,]   319   5.03777e-005   -4.97954e-039   5.48817e-039   [0.000018,0.000014,]
[0,16,]   320   3.60574e-005   -5.10294e-039   6.03471e-039   [0.000008,-0.000008,]
[1,16,]   321   8.49946e-005   -3.71569e-039   5.2149e-039   [-0.000021,-0.000010,]
[2,16,]   322   0.000272313   -2.5032e-039   4.48618e-039   [-0.000012,-0.000010,]
[3,16,]   323   0.000779908   -1.74516e-039   3.84855e-039   [-0.000011,-0.000011,]
[4,16,]   324   0.00186851   -1.24492e-039   3.30201e-039   [-0.000013,-0.000011,]
[5,16,]   325   0.00379461   -8.29241e-040   2.84656e-039   [-0.000015,-0.000010,]
[6,16,]   326   0.00659542   -4.92476e-040   2.4822e-039   [-0.000017,-0.000009,]
[7,16,]   327   0.00990561   -2.41352e-040   2.20893e-039   [-0.000020,-0.000007,]
[8,16,]   328   0.0130059   -3.36756e-041   2.02675e-039   [-0.000022,-0.000004,]
[9,16,]   329   0.0149109   6.58786e-041   1.93566e-039   [-0.000023,-0.000001,]
[10,16,]   330   0.0149567   4.24218e-041   1.93566e-039   [-0.000023,0.000002,]
[11,16,]   331   0.0132971   -1.1997e-041   2.02675e-039   [-0.000021,0.000005,]
[12,16,]   332   0.0103607   -1.43811e-040   2.20893e-039   [-0.000019,0.000008,]
[13,16,]   333   0.00692435   -4.22551e-040   2.4822e-039   [-0.000017,0.000009,]
[14,16,]   334   0.00395782   -7.66763e-040   2.84656e-039   [-0.000015,0.000010,]
[15,16,]   335   0.00191361   -1.22373e-039   3.30201e-039   [-0.000013,0.000011,]
[16,16,]   336   0.000780228   -1.74229e-039   3.84855e-039   [-0.000011,0.000011,]
[17,16,]   337   0.000263331   -2.48098e-039   4.48618e-039   [-0.000009,0.000011,]
[18,16,]   338   7.49796e-005   -3.3854e-039   5.2149e-039   [0.000006,0.000011,]
[19,16,]   339   2.01305e-005   -5.61212e-039   6.03471e-039   [0.000020,0.000013,]
[0,17,]   340   1.18681e-005   -5.93707e-039   6.67234e-039   [0.000008,-0.000006,]
[1,17,]   341   2.76185e-005   -4.51247e-039   5.85253e-039   [-0.000022,-0.000008,]
[2,17,]   342   8.99345e-005   -3.25815e-039   5.12381e-039   [-0.000012,-0.000008,]
[3,17,]   343   0.000263244   -2.48247e-039   4.48618e-039   [-0.000011,-0.000009,]
[4,17,]   344   0.000646706   -1.96773e-039   3.93964e-039   [-0.000012,-0.000008,]
[5,17,]   345   0.0013512   -1.53331e-039   3.48419e-039   [-0.000014,-0.000008,]
[6,17,]   346   0.00242006   -1.17765e-039   3.11983e-039   [-0.000016,-0.000007,]
[7,17,]   347   0.00374029   -9.07116e-040   2.84656e-039   [-0.000018,-0.000005,]
[8,17,]   348   0.00502522   -6.88112e-040   2.66438e-039   [-0.000019,-0.000003,]
[9,17,]   349   0.0058446   -5.75307e-040   2.57329e-039   [-0.000020,-0.000000,]
[10,17,]   350   0.00588551   -5.95476e-040   2.57329e-039   [-0.000020,0.000002,]
[11,17,]   351   0.00519096   -6.52942e-040   2.66438e-039   [-0.000019,0.000005,]
[12,17,]   352   0.00397312   -7.9429e-040   2.84656e-039   [-0.000017,0.000007,]
[13,17,]   353   0.00259668   -1.07688e-039   3.11983e-039   [-0.000016,0.000009,]
[14,17,]   354   0.00144808   -1.42874e-039   3.48419e-039   [-0.000014,0.000010,]
[15,17,]   355   0.000683319   -1.89283e-039   3.93964e-039   [-0.000012,0.000011,]
[16,17,]   356   0.000272252   -2.41964e-039   4.48618e-039   [-0.000010,0.000011,]
[17,17,]   357   8.99121e-005   -3.17285e-039   5.12381e-039   [-0.000008,0.000011,]
[18,17,]   358   2.51332e-005   -4.11122e-039   5.85253e-039   [0.000006,0.000012,]
[19,17,]   359   6.78608e-006   -6.41346e-039   6.67234e-039   [0.000021,0.000013,]
[0,18,]   360   3.30694e-006   -6.98713e-039   7.40106e-039   [0.000008,0.000009,]
[1,18,]   361   7.61186e-006   -5.51361e-039   6.58125e-039   [-0.000023,0.000007,]
[2,18,]   362   2.51375e-005   -4.2004e-039   5.85253e-039   [-0.000012,0.000006,]
[3,18,]   363   7.49512e-005   -3.38766e-039   5.2149e-039   [-0.000011,0.000006,]
[4,18,]   364   0.000187973   -2.8436e-039   4.66836e-039   [-0.000012,0.000005,]
[5,18,]   365   0.000401749   -2.3831e-039   4.21291e-039   [-0.000013,0.000004,]
[6,18,]   366   0.000736543   -2.00912e-039   3.84855e-039   [-0.000015,0.000004,]
[7,18,]   367   0.00116356   -1.73287e-039   3.57528e-039   [-0.000016,0.000005,]
[8,18,]   368   0.00159166   -1.52273e-039   3.3931e-039   [-0.000017,0.000005,]
[9,18,]   369   0.00187399   -1.43214e-039   3.30201e-039   [-0.000017,0.000007,]
[10,18,]   370   0.0018972   -1.48009e-039   3.30201e-039   [-0.000017,0.000009,]
[11,18,]   371   0.00166772   -1.58353e-039   3.3931e-039   [-0.000016,0.000011,]
[12,18,]   372   0.00126308   -1.77648e-039   3.57528e-039   [-0.000015,0.000013,]
[13,18,]   373   0.000813508   -2.10483e-039   3.84855e-039   [-0.000014,0.000016,]
[14,18,]   374   0.000445752   -2.50525e-039   4.21291e-039   [-0.000013,0.000017,]
[15,18,]   375   0.000206479   -3.01254e-039   4.66836e-039   [-0.000012,0.000019,]
[16,18,]   376   8.07501e-005   -3.57956e-039   5.2149e-039   [-0.000010,0.000020,]
[17,18,]   377   2.61841e-005   -4.3745e-039   5.85253e-039   [-0.000008,0.000022,]
[18,18,]   378   7.20218e-006   -5.37292e-039   6.58125e-039   [0.000007,0.000023,]
[19,18,]   379   1.9598e-006   -7.75571e-039   7.40106e-039   [0.000023,0.000024,]
[0,19,]   380   9.2041e-007   -9.23283e-039   8.22087e-039   [0.000008,0.000023,]
[1,19,]   381   2.07506e-006   -7.88855e-039   7.40106e-039   [-0.000024,0.000023,]
[2,19,]   382   6.78841e-006   -6.50534e-039   6.67234e-039   [-0.000014,0.000021,]
[3,19,]   383   2.01236e-005   -5.61474e-039   6.03471e-039   [-0.000013,0.000020,]
[4,19,]   384   5.03693e-005   -4.98017e-039   5.48817e-039   [-0.000014,0.000018,]
[5,19,]   385   0.000107997   -4.41567e-039   5.03272e-039   [-0.000015,0.000016,]
[6,19,]   386   0.000199993   -3.92806e-039   4.66836e-039   [-0.000016,0.000015,]
[7,19,]   387   0.000321677   -3.53546e-039   4.39509e-039   [-0.000016,0.000014,]
[8,19,]   388   0.000451404   -3.21744e-039   4.21291e-039   [-0.000017,0.000014,]
[9,19,]   389   0.000548167   -3.03703e-039   4.12182e-039   [-0.000016,0.000014,]
[10,19,]   390   0.000573386   -3.02597e-039   4.12182e-039   [-0.000015,0.000015,]
[11,19,]   391   0.000519864   -3.11294e-039   4.21291e-039   [-0.000014,0.000017,]
[12,19,]   392   0.000404434   -3.32546e-039   4.39509e-039   [-0.000013,0.000019,]
[13,19,]   393   0.000266135   -3.6975e-039   4.66836e-039   [-0.000012,0.000022,]
[14,19,]   394   0.000148159   -4.16196e-039   5.03272e-039   [-0.000011,0.000024,]
[15,19,]   395   6.93943e-005   -4.74156e-039   5.48817e-039   [-0.000010,0.000027,]
[16,19,]   396   2.73313e-005   -5.38667e-039   6.03471e-039   [-0.000008,0.000029,]
[17,19,]   397   8.90155e-006   -6.2588e-039   6.67234e-039   [-0.000006,0.000031,]
[18,19,]   398   2.45506e-006   -7.34955e-039   7.40106e-039   [0.000009,0.000032,]
[19,19,]   399   6.79108e-007   -9.65189e-039   8.22087e-039   [0.000024,0.000033,]
