coordinates  index   rho      Q      V    velocities 
[0,0,]   0   4.6358e-006   -7.30823e-039   8.22087e-039   [0.000034,0.000019,]
[1,0,]   1   7.44196e-006   -6.7057e-039   7.40106e-039   [-0.000008,0.000019,]
[2,0,]   2   2.13498e-005   -5.67912e-039   6.67234e-039   [0.000001,0.000019,]
[3,0,]   3   6.37846e-005   -4.60728e-039   6.03471e-039   [0.000005,0.000019,]
[4,0,]   4   0.000159487   -4.01587e-039   5.48817e-039   [0.000008,0.000020,]
[5,0,]   5   0.000335003   -3.48502e-039   5.03272e-039   [0.000009,0.000020,]
[6,0,]   6   0.000586658   -3.12455e-039   4.66836e-039   [0.000011,0.000021,]
[7,0,]   7   0.000870054   -2.83636e-039   4.39509e-039   [0.000012,0.000023,]
[8,0,]   8   0.00109407   -2.71482e-039   4.21291e-039   [0.000014,0.000024,]
[9,0,]   9   0.0011899   -2.70075e-039   4.12182e-039   [0.000015,0.000025,]
[10,0,]   10   0.00113768   -2.74093e-039   4.12182e-039   [0.000016,0.000027,]
[11,0,]   11   0.00095023   -2.87647e-039   4.21291e-039   [0.000017,0.000029,]
[12,0,]   12   0.000697374   -3.10163e-039   4.39509e-039   [0.000016,0.000030,]
[13,0,]   13   0.000450926   -3.37206e-039   4.66836e-039   [0.000015,0.000031,]
[14,0,]   14   0.000255272   -3.70602e-039   5.03272e-039   [0.000014,0.000032,]
[15,0,]   15   0.000125353   -4.08775e-039   5.48817e-039   [0.000013,0.000033,]
[16,0,]   16   5.2451e-005   -4.5754e-039   6.03471e-039   [0.000013,0.000033,]
[17,0,]   17   1.83871e-005   -5.30072e-039   6.67234e-039   [0.000016,0.000034,]
[18,0,]   18   5.65989e-006   -6.65684e-039   7.40106e-039   [0.000029,0.000034,]
[19,0,]   19   2.40431e-006   -8.10017e-039   8.22087e-039   [0.000040,0.000034,]
[0,1,]   20   6.74301e-006   -6.81013e-039   7.40106e-039   [0.000034,-0.000029,]
[1,1,]   21   1.0759e-005   -6.17112e-039   6.58125e-039   [-0.000007,-0.000028,]
[2,1,]   22   3.13648e-005   -5.12511e-039   5.85253e-039   [0.000003,-0.000027,]
[3,1,]   23   9.59903e-005   -4.02866e-039   5.2149e-039   [0.000007,-0.000026,]
[4,1,]   24   0.000246774   -3.41866e-039   4.66836e-039   [0.000011,-0.000024,]
[5,1,]   25   0.000535558   -2.85374e-039   4.21291e-039   [0.000012,-0.000022,]
[6,1,]   26   0.000972713   -2.45385e-039   3.84855e-039   [0.000014,-0.000019,]
[7,1,]   27   0.00150015   -2.11232e-039   3.57528e-039   [0.000015,-0.000017,]
[8,1,]   28   0.00196043   -1.93469e-039   3.3931e-039   [0.000017,-0.000014,]
[9,1,]   29   0.00220733   -1.84807e-039   3.30201e-039   [0.000017,-0.000011,]
[10,1,]   30   0.00215911   -1.84228e-039   3.30201e-039   [0.000017,-0.000009,]
[11,1,]   31   0.00182245   -1.94575e-039   3.3931e-039   [0.000017,-0.000007,]
[12,1,]   32   0.00133091   -2.17e-039   3.57528e-039   [0.000017,-0.000006,]
[13,1,]   33   0.000845   -2.46053e-039   3.84855e-039   [0.000015,-0.000005,]
[14,1,]   34   0.000464745   -2.83948e-039   4.21291e-039   [0.000014,-0.000005,]
[15,1,]   35   0.00022057   -3.27303e-039   4.66836e-039   [0.000012,-0.000005,]
[16,1,]   36   8.90822e-005   -3.81455e-039   5.2149e-039   [0.000012,-0.000006,]
[17,1,]   37   3.01866e-005   -4.58944e-039   5.85253e-039   [0.000015,-0.000007,]
[18,1,]   38   9.01643e-006   -6.02282e-039   6.58125e-039   [0.000029,-0.000007,]
[19,1,]   39   3.8417e-006   -7.55498e-039   7.40106e-039   [0.000040,-0.000008,]
[0,2,]   40   1.84958e-005   -5.55318e-039   6.67234e-039   [0.000034,-0.000017,]
[1,2,]   41   3.03774e-005   -4.83932e-039   5.85253e-039   [-0.000007,-0.000016,]
[2,2,]   42   8.84748e-005   -3.82335e-039   5.12381e-039   [0.000004,-0.000016,]
[3,2,]   43   0.000267668   -2.77913e-039   4.48618e-039   [0.000008,-0.000015,]
[4,2,]   44   0.000679451   -2.22221e-039   3.93964e-039   [0.000012,-0.000015,]
[5,2,]   45   0.00145832   -1.69687e-039   3.48419e-039   [0.000014,-0.000014,]
[6,2,]   46   0.00262113   -1.35133e-039   3.11983e-039   [0.000016,-0.000013,]
[7,2,]   47   0.0040157   -1.0527e-039   2.84656e-039   [0.000017,-0.000011,]
[8,2,]   48   0.00523461   -9.22759e-040   2.66438e-039   [0.000019,-0.000008,]
[9,2,]   49   0.00591613   -8.68631e-040   2.57329e-039   [0.000020,-0.000006,]
[10,2,]   50   0.00585038   -8.34753e-040   2.57329e-039   [0.000020,-0.000003,]
[11,2,]   51   0.00498379   -9.74936e-040   2.66438e-039   [0.000020,-0.000000,]
[12,2,]   52   0.00368808   -1.18326e-039   2.84656e-039   [0.000018,0.000002,]
[13,2,]   53   0.00237357   -1.47347e-039   3.11983e-039   [0.000016,0.000003,]
[14,2,]   54   0.00132227   -1.84102e-039   3.48419e-039   [0.000014,0.000004,]
[15,2,]   55   0.000633931   -2.27202e-039   3.93964e-039   [0.000012,0.000004,]
[16,2,]   56   0.000258045   -2.80443e-039   4.48618e-039   [0.000012,0.000004,]
[17,2,]   57   8.79664e-005   -3.5713e-039   5.12381e-039   [0.000014,0.000004,]
[18,2,]   58   2.64256e-005   -4.96336e-039   5.85253e-039   [0.000028,0.000003,]
[19,2,]   59   1.12007e-005   -6.47025e-039   6.67234e-039   [0.000039,0.000001,]
[0,3,]   60   5.23275e-005   -4.59009e-039   6.03471e-039   [0.000033,-0.000014,]
[1,3,]   61   8.89111e-005   -3.82933e-039   5.2149e-039   [-0.000006,-0.000013,]
[2,3,]   62   0.000257405   -2.82986e-039   4.48618e-039   [0.000004,-0.000013,]
[3,3,]   63   0.000762955   -1.81475e-039   3.84855e-039   [0.000008,-0.000013,]
[4,3,]   64   0.00189205   -1.2756e-039   3.30201e-039   [0.000012,-0.000012,]
[5,3,]   65   0.00396434   -7.64719e-040   2.84656e-039   [0.000015,-0.000012,]
[6,3,]   66   0.00695168   -4.50233e-040   2.4822e-039   [0.000017,-0.000011,]
[7,3,]   67   0.0104302   -1.70286e-040   2.20893e-039   [0.000019,-0.000009,]
[8,3,]   68   0.0134045   -8.5609e-041   2.02675e-039   [0.000022,-0.000006,]
[9,3,]   69   0.0150776   1.50331e-041   1.93566e-039   [0.000023,-0.000004,]
[10,3,]   70   0.0149899   9.18333e-042   1.93566e-039   [0.000023,-0.000001,]
[11,3,]   71   0.0129397   -1.32794e-040   2.02675e-039   [0.000022,0.000003,]
[12,3,]   72   0.0097801   -3.26544e-040   2.20893e-039   [0.000020,0.000006,]
[13,3,]   73   0.00647651   -5.57019e-040   2.4822e-039   [0.000017,0.000007,]
[14,3,]   74   0.00371669   -8.9024e-040   2.84656e-039   [0.000015,0.000008,]
[15,3,]   75   0.00183234   -1.28951e-039   3.30201e-039   [0.000012,0.000008,]
[16,3,]   76   0.000764   -1.80272e-039   3.84855e-039   [0.000011,0.000008,]
[17,3,]   77   0.000265862   -2.54675e-039   4.48618e-039   [0.000014,0.000008,]
[18,3,]   78   8.12521e-005   -3.87874e-039   5.2149e-039   [0.000027,0.000007,]
[19,3,]   79   3.40656e-005   -5.34525e-039   6.03471e-039   [0.000036,0.000005,]
[0,4,]   80   0.000125165   -4.08745e-039   5.48817e-039   [0.000033,-0.000013,]
[1,4,]   81   0.000220333   -3.2734e-039   4.66836e-039   [-0.000005,-0.000012,]
[2,4,]   82   0.000632864   -2.28364e-039   3.93964e-039   [0.000004,-0.000012,]
[3,4,]   83   0.00183157   -1.28435e-039   3.30201e-039   [0.000008,-0.000013,]
[4,4,]   84   0.00441302   -7.64008e-040   2.75547e-039   [0.000013,-0.000013,]
[5,4,]   85   0.00896395   -2.62278e-040   2.30002e-039   [0.000015,-0.000012,]
[6,4,]   86   0.0152199   2.49743e-041   1.93566e-039   [0.000018,-0.000011,]
[7,4,]   87   0.0221528   2.62239e-040   1.66239e-039   [0.000022,-0.000010,]
[8,4,]   88   0.0280446   4.50654e-040   1.48021e-039   [0.000025,-0.000007,]
[9,4,]   89   0.0308826   4.64888e-040   1.38912e-039   [0.000026,-0.000004,]
[10,4,]   90   0.0311583   6.27179e-040   1.38912e-039   [0.000027,0.000000,]
[11,4,]   91   0.0274107   4.0714e-040   1.48021e-039   [0.000026,0.000006,]
[12,4,]   92   0.0212895   1.74983e-040   1.66239e-039   [0.000023,0.000010,]
[13,4,]   93   0.014562   -7.37504e-041   1.93566e-039   [0.000019,0.000012,]
[14,4,]   94   0.00866851   -3.70065e-040   2.30002e-039   [0.000015,0.000013,]
[15,4,]   95   0.00442007   -7.47581e-040   2.75547e-039   [0.000013,0.000013,]
[16,4,]   96   0.00189668   -1.24239e-039   3.30201e-039   [0.000011,0.000013,]
[17,4,]   97   0.000675528   -1.978e-039   3.93964e-039   [0.000013,0.000012,]
[18,4,]   98   0.000210299   -3.25171e-039   4.66836e-039   [0.000025,0.000011,]
[19,4,]   99   8.69343e-005   -4.66855e-039   5.48817e-039   [0.000034,0.000009,]
[0,5,]   100   0.000255248   -3.68357e-039   5.03272e-039   [0.000032,-0.000014,]
[1,5,]   101   0.00046489   -2.81885e-039   4.21291e-039   [-0.000005,-0.000014,]
[2,5,]   102   0.00132168   -1.83141e-039   3.48419e-039   [0.000004,-0.000014,]
[3,5,]   103   0.00371905   -8.62867e-040   2.84656e-039   [0.000008,-0.000015,]
[4,5,]   104   0.00866103   -3.60709e-040   2.30002e-039   [0.000012,-0.000015,]
[5,5,]   105   0.0169048   9.69993e-041   1.84457e-039   [0.000016,-0.000016,]
[6,5,]   106   0.0275819   3.73707e-040   1.48021e-039   [0.000019,-0.000015,]
[7,5,]   107   0.0384142   6.09813e-040   1.20694e-039   [0.000023,-0.000014,]
[8,5,]   108   0.0471523   9.70859e-040   1.02476e-039   [0.000028,-0.000013,]
[9,5,]   109   0.0496307   8.72831e-040   9.33673e-040   [0.000031,-0.000006,]
[10,5,]   110   0.0502664   1.05955e-039   9.33673e-040   [0.000033,-0.000002,]
[11,5,]   111   0.0462355   8.45475e-040   1.02476e-039   [0.000032,0.000006,]
[12,5,]   112   0.0377622   5.37036e-040   1.20694e-039   [0.000026,0.000012,]
[13,5,]   113   0.0271127   2.94148e-040   1.48021e-039   [0.000020,0.000015,]
[14,5,]   114   0.0168852   5.08991e-041   1.84457e-039   [0.000016,0.000016,]
[15,5,]   115   0.00895214   -2.84416e-040   2.30002e-039   [0.000012,0.000015,]
[16,5,]   116   0.00396311   -7.63155e-040   2.84656e-039   [0.000011,0.000015,]
[17,5,]   117   0.00144618   -1.4901e-039   3.48419e-039   [0.000012,0.000014,]
[18,5,]   118   0.000458119   -2.71107e-039   4.21291e-039   [0.000023,0.000013,]
[19,5,]   119   0.000185813   -4.08822e-039   5.03272e-039   [0.000031,0.000010,]
[0,6,]   120   0.000449366   -3.35987e-039   4.66836e-039   [0.000031,-0.000015,]
[1,6,]   121   0.000842615   -2.4501e-039   3.84855e-039   [-0.000005,-0.000015,]
[2,6,]   122   0.00236448   -1.47372e-039   3.11983e-039   [0.000003,-0.000016,]
[3,6,]   123   0.00645464   -5.38594e-040   2.4822e-039   [0.000007,-0.000017,]
[4,6,]   124   0.0144782   -7.04992e-041   1.93566e-039   [0.000012,-0.000019,]
[5,6,]   125   0.0269571   3.17894e-040   1.48021e-039   [0.000015,-0.000020,]
[6,6,]   126   0.0419272   7.00496e-040   1.11585e-039   [0.000019,-0.000022,]
[7,6,]   127   0.0539808   8.80758e-040   8.42583e-040   [0.000023,-0.000022,]
[8,6,]   128   0.0614066   1.54442e-039   6.60403e-040   [0.000033,-0.000023,]
[9,6,]   129   0.0586502   1.04147e-039   5.69313e-040   [0.000039,-0.000011,]
[10,6,]   130   0.0593246   1.24216e-039   5.69313e-040   [0.000041,-0.000001,]
[11,6,]   131   0.0606262   1.41024e-039   6.60403e-040   [0.000040,0.000008,]
[12,6,]   132   0.0550416   1.12577e-039   8.42583e-040   [0.000032,0.000016,]
[13,6,]   133   0.0423377   6.93932e-040   1.11585e-039   [0.000022,0.000019,]
[14,6,]   134   0.0276585   3.42336e-040   1.48021e-039   [0.000015,0.000020,]
[15,6,]   135   0.0152503   1.98993e-041   1.93566e-039   [0.000011,0.000018,]
[16,6,]   136   0.00697037   -4.27781e-040   2.4822e-039   [0.000009,0.000017,]
[17,6,]   137   0.00260616   -1.1312e-039   3.11983e-039   [0.000011,0.000016,]
[18,6,]   138   0.000838687   -2.29235e-039   3.84855e-039   [0.000021,0.000014,]
[19,6,]   139   0.000331839   -3.64318e-039   4.66836e-039   [0.000029,0.000011,]
[0,7,]   140   0.000692762   -3.09198e-039   4.39509e-039   [0.000030,-0.000016,]
[1,7,]   141   0.00132335   -2.16133e-039   3.57528e-039   [-0.000006,-0.000016,]
[2,7,]   142   0.00366277   -1.18163e-039   2.84656e-039   [0.000002,-0.000018,]
[3,7,]   143   0.00970557   -3.12953e-040   2.20893e-039   [0.000006,-0.000020,]
[4,7,]   144   0.0210541   1.68575e-040   1.66239e-039   [0.000010,-0.000022,]
[5,7,]   145   0.0372832   5.21273e-040   1.20694e-039   [0.000012,-0.000025,]
[6,7,]   146   0.0542627   1.08038e-039   8.42583e-040   [0.000016,-0.000031,]
[7,7,]   147   0.0611398   1.27021e-039   5.69313e-040   [0.000021,-0.000034,]
[8,7,]   148   0.0560985   1.41953e-039   3.87133e-040   [0.000039,-0.000035,]
[9,7,]   149   0.0454715   5.75501e-040   2.96043e-040   [0.000057,-0.000019,]
[10,7,]   150   0.0449838   6.53634e-040   2.96043e-040   [0.000057,0.000008,]
[11,7,]   151   0.0551338   1.28532e-039   3.87133e-040   [0.000049,0.000016,]
[12,7,]   152   0.0619292   1.3259e-039   5.69313e-040   [0.000036,0.000021,]
[13,7,]   153   0.0547911   9.24691e-040   8.42583e-040   [0.000023,0.000023,]
[14,7,]   154   0.0386947   5.91183e-040   1.20694e-039   [0.000014,0.000023,]
[15,7,]   155   0.0222464   2.42621e-040   1.66239e-039   [0.000010,0.000022,]
[16,7,]   156   0.0104674   -1.69244e-040   2.20893e-039   [0.000008,0.000019,]
[17,7,]   157   0.00399249   -8.63349e-040   2.84656e-039   [0.000009,0.000017,]
[18,7,]   158   0.00129932   -1.96793e-039   3.57528e-039   [0.000019,0.000015,]
[19,7,]   159   0.00049853   -3.31948e-039   4.39509e-039   [0.000026,0.000013,]
[0,8,]   160   0.000941905   -2.88755e-039   4.21291e-039   [0.000029,-0.000016,]
[1,8,]   161   0.00180832   -1.95607e-039   3.3931e-039   [-0.000007,-0.000017,]
[2,8,]   162   0.00493912   -9.89881e-040   2.66438e-039   [-0.000000,-0.000019,]
[3,8,]   163   0.0128044   -1.4768e-040   2.02675e-039   [0.000003,-0.000022,]
[4,8,]   164   0.0270482   3.68777e-040   1.48021e-039   [0.000006,-0.000026,]
[5,8,]   165   0.0456393   7.81314e-040   1.02476e-039   [0.000006,-0.000031,]
[6,8,]   166   0.0602348   1.35762e-039   6.60403e-040   [0.000009,-0.000039,]
[7,8,]   167   0.0554455   1.30006e-039   3.87133e-040   [0.000016,-0.000048,]
[8,8,]   168   0.0338603   -4.92377e-040   2.04953e-040   [0.000044,-0.000049,]
[9,8,]   169   0.0200881   -9.79823e-040   1.13863e-040   [0.000093,-0.000032,]
[10,8,]   170   0.0179693   -2.63521e-039   1.13863e-040   [0.000087,0.000027,]
[11,8,]   171   0.0333444   -6.39582e-040   2.04953e-040   [0.000049,0.000045,]
[12,8,]   172   0.0565841   1.40495e-039   3.87133e-040   [0.000036,0.000039,]
[13,8,]   173   0.0622558   1.5461e-039   6.60403e-040   [0.000023,0.000032,]
[14,8,]   174   0.0476332   9.52692e-040   1.02476e-039   [0.000013,0.000027,]
[15,8,]   175   0.0282806   4.41917e-040   1.48021e-039   [0.000007,0.000024,]
[16,8,]   176   0.0135145   -6.13949e-041   2.02675e-039   [0.000005,0.000021,]
[17,8,]   177   0.00522368   -7.16985e-040   2.66438e-039   [0.000007,0.000019,]
[18,8,]   178   0.00170834   -1.77196e-039   3.3931e-039   [0.000016,0.000016,]
[19,8,]   179   0.000633037   -3.14774e-039   4.21291e-039   [0.000024,0.000014,]
[0,9,]   180   0.00113293   -2.7527e-039   4.12182e-039   [0.000027,-0.000016,]
[1,9,]   181   0.00215091   -1.8559e-039   3.30201e-039   [-0.000009,-0.000017,]
[2,9,]   182   0.00582341   -8.54777e-040   2.57329e-039   [-0.000003,-0.000020,]
[3,9,]   183   0.0149098   -1.78248e-041   1.93566e-039   [-0.000001,-0.000023,]
[4,9,]   184   0.030985   5.7653e-040   1.38912e-039   [0.000001,-0.000027,]
[5,9,]   185   0.0502693   1.02271e-039   9.33673e-040   [-0.000001,-0.000033,]
[6,9,]   186   0.0600622   1.27043e-039   5.69313e-040   [-0.000001,-0.000041,]
[7,9,]   187   0.0462323   7.63888e-040   2.96043e-040   [0.000006,-0.000056,]
[8,9,]   188   0.0187248   -2.35864e-039   1.13863e-040   [0.000027,-0.000084,]
[9,9,]   189   0.00340835   -1.67624e-038   2.27725e-041   [0.000148,-0.000146,]
[10,9,]   190   0.00332256   -1.72673e-038   2.27725e-041   [0.000149,0.000144,]
[11,9,]   191   0.0203985   -9.21492e-040   1.13863e-040   [0.000034,0.000090,]
[12,9,]   192   0.0465572   6.43026e-040   2.96043e-040   [0.000018,0.000056,]
[13,9,]   193   0.0598499   1.08933e-039   5.69313e-040   [0.000011,0.000039,]
[14,9,]   194   0.0504213   9.30229e-040   9.33673e-040   [0.000006,0.000031,]
[15,9,]   195   0.0312735   5.19941e-040   1.38912e-039   [0.000004,0.000026,]
[16,9,]   196   0.0152331   7.64275e-041   1.93566e-039   [0.000003,0.000022,]
[17,9,]   197   0.00590133   -6.49053e-040   2.57329e-039   [0.000004,0.000020,]
[18,9,]   198   0.00192248   -1.67525e-039   3.30201e-039   [0.000014,0.000017,]
[19,9,]   199   0.000686282   -3.12944e-039   4.12182e-039   [0.000023,0.000016,]
[0,10,]   200   0.00119666   -2.6767e-039   4.12182e-039   [0.000025,-0.000015,]
[1,10,]   201   0.00222017   -1.82251e-039   3.30201e-039   [-0.000011,-0.000017,]
[2,10,]   202   0.00595516   -8.3827e-040   2.57329e-039   [-0.000006,-0.000020,]
[3,10,]   203   0.0151992   5.20374e-041   1.93566e-039   [-0.000004,-0.000022,]
[4,10,]   204   0.0312226   5.15389e-040   1.38912e-039   [-0.000004,-0.000026,]
[5,10,]   205   0.050414   9.33401e-040   9.33673e-040   [-0.000006,-0.000031,]
[6,10,]   206   0.0598488   1.08955e-039   5.69313e-040   [-0.000011,-0.000039,]
[7,10,]   207   0.0465586   6.43286e-040   2.96043e-040   [-0.000018,-0.000056,]
[8,10,]   208   0.0203984   -9.21664e-040   1.13863e-040   [-0.000034,-0.000090,]
[9,10,]   209   0.00332255   -1.72673e-038   2.27725e-041   [-0.000149,-0.000144,]
[10,10,]   210   0.00340832   -1.67625e-038   2.27725e-041   [-0.000148,0.000146,]
[11,10,]   211   0.0187247   -2.35855e-039   1.13863e-040   [-0.000027,0.000084,]
[12,10,]   212   0.0462307   7.6358e-040   2.96043e-040   [-0.000006,0.000056,]
[13,10,]   213   0.0600637   1.2701e-039   5.69313e-040   [0.000001,0.000041,]
[14,10,]   214   0.0502789   1.01977e-039   9.33673e-040   [0.000001,0.000033,]
[15,10,]   215   0.0310361   5.81354e-040   1.38912e-039   [-0.000001,0.000027,]
[16,10,]   216   0.01494   8.11288e-042   1.93566e-039   [-0.000000,0.000023,]
[17,10,]   217   0.00576167   -6.6995e-040   2.57329e-039   [0.000002,0.000020,]
[18,10,]   218   0.00185497   -1.72388e-039   3.30201e-039   [0.000013,0.000017,]
[19,10,]   219   0.000642132   -3.25204e-039   4.12182e-039   [0.000022,0.000017,]
[0,11,]   220   0.00110036   -2.70399e-039   4.21291e-039   [0.000024,-0.000013,]
[1,11,]   221   0.00197166   -1.9247e-039   3.3931e-039   [-0.000014,-0.000016,]
[2,11,]   222   0.00526526   -9.12833e-040   2.66438e-039   [-0.000008,-0.000019,]
[3,11,]   223   0.0134827   -8.45148e-041   2.02675e-039   [-0.000006,-0.000021,]
[4,11,]   224   0.0282356   4.37748e-040   1.48021e-039   [-0.000007,-0.000024,]
[5,11,]   225   0.0476281   9.55916e-040   1.02476e-039   [-0.000013,-0.000027,]
[6,11,]   226   0.0622549   1.54627e-039   6.60403e-040   [-0.000023,-0.000032,]
[7,11,]   227   0.0565855   1.40519e-039   3.87133e-040   [-0.000036,-0.000039,]
[8,11,]   228   0.0333441   -6.39661e-040   2.04953e-040   [-0.000049,-0.000045,]
[9,11,]   229   0.0179692   -2.63505e-039   1.13863e-040   [-0.000087,-0.000027,]
[10,11,]   230   0.0200881   -9.79664e-040   1.13863e-040   [-0.000093,0.000032,]
[11,11,]   231   0.0338603   -4.92171e-040   2.04953e-040   [-0.000044,0.000049,]
[12,11,]   232   0.0554443   1.29991e-039   3.87133e-040   [-0.000016,0.000048,]
[13,11,]   233   0.0602372   1.35735e-039   6.60403e-040   [-0.000009,0.000039,]
[14,11,]   234   0.0456503   7.78775e-040   1.02476e-039   [-0.000006,0.000031,]
[15,11,]   235   0.0270934   3.74367e-040   1.48021e-039   [-0.000006,0.000026,]
[16,11,]   236   0.0128271   -1.19976e-040   2.02675e-039   [-0.000004,0.000022,]
[17,11,]   237   0.00487695   -8.07753e-040   2.66438e-039   [-0.000001,0.000019,]
[18,11,]   238   0.00154839   -1.84252e-039   3.3931e-039   [0.000012,0.000017,]
[19,11,]   239   0.00052339   -3.46333e-039   4.21291e-039   [0.000023,0.000018,]
[0,12,]   240   0.000871358   -2.84832e-039   4.39509e-039   [0.000023,-0.000012,]
[1,12,]   241   0.00150256   -2.12414e-039   3.57528e-039   [-0.000017,-0.000015,]
[2,12,]   242   0.00402113   -1.0669e-039   2.84656e-039   [-0.000011,-0.000017,]
[3,12,]   243   0.010442   -1.91493e-040   2.20893e-039   [-0.000009,-0.000019,]
[4,12,]   244   0.0222113   2.38226e-040   1.66239e-039   [-0.000010,-0.000022,]
[5,12,]   245   0.0386914   5.94277e-040   1.20694e-039   [-0.000014,-0.000023,]
[6,12,]   246   0.0547898   9.24567e-040   8.42583e-040   [-0.000023,-0.000023,]
[7,12,]   247   0.0619296   1.32585e-039   5.69313e-040   [-0.000036,-0.000021,]
[8,12,]   248   0.0551323   1.28498e-039   3.87133e-040   [-0.000049,-0.000016,]
[9,12,]   249   0.0449823   6.53362e-040   2.96043e-040   [-0.000057,-0.000008,]
[10,12,]   250   0.0454698   5.75234e-040   2.96043e-040   [-0.000057,0.000019,]
[11,12,]   251   0.0560967   1.41937e-039   3.87133e-040   [-0.000039,0.000035,]
[12,12,]   252   0.0611373   1.26984e-039   5.69313e-040   [-0.000021,0.000034,]
[13,12,]   253   0.0542641   1.07987e-039   8.42583e-040   [-0.000016,0.000031,]
[14,12,]   254   0.0372927   5.18823e-040   1.20694e-039   [-0.000012,0.000025,]
[15,12,]   255   0.021089   1.74602e-040   1.66239e-039   [-0.000010,0.000022,]
[16,12,]   256   0.00971952   -2.83807e-040   2.20893e-039   [-0.000007,0.000020,]
[17,12,]   257   0.00360846   -1.0003e-039   2.84656e-039   [-0.000003,0.000018,]
[18,12,]   258   0.0011219   -2.07611e-039   3.57528e-039   [0.000011,0.000016,]
[19,12,]   259   0.000375689   -3.77222e-039   4.39509e-039   [0.000024,0.000018,]
[0,13,]   260   0.000587369   -3.11914e-039   4.66836e-039   [0.000021,-0.000011,]
[1,13,]   261   0.00097388   -2.44897e-039   3.84855e-039   [-0.000019,-0.000014,]
[2,13,]   262   0.00262375   -1.3434e-039   3.11983e-039   [-0.000013,-0.000016,]
[3,13,]   263   0.00695357   -4.49481e-040   2.4822e-039   [-0.000011,-0.000017,]
[4,13,]   264   0.0152274   1.52689e-041   1.93566e-039   [-0.000011,-0.000018,]
[5,13,]   265   0.0276584   3.45229e-040   1.48021e-039   [-0.000015,-0.000020,]
[6,13,]   266   0.0423394   6.93573e-040   1.11585e-039   [-0.000022,-0.000019,]
[7,13,]   267   0.0550452   1.12556e-039   8.42583e-040   [-0.000032,-0.000016,]
[8,13,]   268   0.0606283   1.40982e-039   6.60403e-040   [-0.000040,-0.000008,]
[9,13,]   269   0.0593261   1.24186e-039   5.69313e-040   [-0.000041,0.000001,]
[10,13,]   270   0.0586512   1.04124e-039   5.69313e-040   [-0.000039,0.000011,]
[11,13,]   271   0.0614071   1.54429e-039   6.60403e-040   [-0.000033,0.000023,]
[12,13,]   272   0.0539807   8.80503e-040   8.42583e-040   [-0.000023,0.000022,]
[13,13,]   273   0.0419297   7.00122e-040   1.11585e-039   [-0.000019,0.000022,]
[14,13,]   274   0.0269654   3.15863e-040   1.48021e-039   [-0.000015,0.000020,]
[15,13,]   275   0.0145025   -6.36965e-041   1.93566e-039   [-0.000012,0.000019,]
[16,13,]   276   0.00646206   -5.07653e-040   2.4822e-039   [-0.000008,0.000017,]
[17,13,]   277   0.0023241   -1.29081e-039   3.11983e-039   [-0.000004,0.000016,]
[18,13,]   278   0.000705923   -2.39791e-039   3.84855e-039   [0.000011,0.000015,]
[19,13,]   279   0.000237254   -4.16215e-039   4.66836e-039   [0.000026,0.000017,]
[0,14,]   280   0.000334653   -3.49856e-039   5.03272e-039   [0.000020,-0.000009,]
[1,14,]   281   0.000534912   -2.86889e-039   4.21291e-039   [-0.000022,-0.000013,]
[2,14,]   282   0.00145593   -1.71218e-039   3.48419e-039   [-0.000014,-0.000014,]
[3,14,]   283   0.00395456   -7.85574e-040   2.84656e-039   [-0.000012,-0.000015,]
[4,14,]   284   0.00894112   -2.90571e-040   2.30002e-039   [-0.000012,-0.000015,]
[5,14,]   285   0.0168897   5.22768e-041   1.84457e-039   [-0.000016,-0.000016,]
[6,14,]   286   0.0271204   2.92056e-040   1.48021e-039   [-0.000020,-0.000015,]
[7,14,]   287   0.0377732   5.34885e-040   1.20694e-039   [-0.000026,-0.000012,]
[8,14,]   288   0.0462463   8.42804e-040   1.02476e-039   [-0.000032,-0.000006,]
[9,14,]   289   0.050276   1.05662e-039   9.33673e-040   [-0.000033,0.000002,]
[10,14,]   290   0.0496378   8.69647e-040   9.33673e-040   [-0.000031,0.000006,]
[11,14,]   291   0.047157   9.67653e-040   1.02476e-039   [-0.000028,0.000013,]
[12,14,]   292   0.0384166   6.06339e-040   1.20694e-039   [-0.000023,0.000014,]
[13,14,]   293   0.0275849   3.70058e-040   1.48021e-039   [-0.000019,0.000015,]
[14,14,]   294   0.0169107   9.18413e-041   1.84457e-039   [-0.000016,0.000016,]
[15,14,]   295   0.00867557   -3.56716e-040   2.30002e-039   [-0.000013,0.000015,]
[16,14,]   296   0.00372233   -8.33756e-040   2.84656e-039   [-0.000009,0.000015,]
[17,14,]   297   0.00129632   -1.64785e-039   3.48419e-039   [-0.000005,0.000014,]
[18,14,]   298   0.000384479   -2.80681e-039   4.21291e-039   [0.000012,0.000014,]
[19,14,]   299   0.000131178   -4.61567e-039   5.03272e-039   [0.000028,0.000016,]
[0,15,]   300   0.000159848   -3.99729e-039   5.48817e-039   [0.000020,-0.000008,]
[1,15,]   301   0.000247314   -3.39922e-039   4.66836e-039   [-0.000024,-0.000011,]
[2,15,]   302   0.000680904   -2.19845e-039   3.93964e-039   [-0.000015,-0.000012,]
[3,15,]   303   0.0018951   -1.25463e-039   3.30201e-039   [-0.000012,-0.000013,]
[4,15,]   304   0.00442045   -7.44529e-040   2.75547e-039   [-0.000013,-0.000013,]
[5,15,]   305   0.00868246   -3.59619e-040   2.30002e-039   [-0.000015,-0.000013,]
[6,15,]   306   0.014586   -6.70828e-041   1.93566e-039   [-0.000019,-0.000012,]
[7,15,]   307   0.0213254   1.81274e-040   1.66239e-039   [-0.000023,-0.000010,]
[8,15,]   308   0.0274563   4.12574e-040   1.48021e-039   [-0.000026,-0.000006,]
[9,15,]   309   0.0312096   6.31969e-040   1.38912e-039   [-0.000027,-0.000000,]
[10,15,]   310   0.0309331   4.69479e-040   1.38912e-039   [-0.000026,0.000004,]
[11,15,]   311   0.0280891   4.54827e-040   1.48021e-039   [-0.000025,0.000007,]
[12,15,]   312   0.0221874   2.66279e-040   1.66239e-039   [-0.000022,0.000010,]
[13,15,]   313   0.0152444   2.88369e-041   1.93566e-039   [-0.000018,0.000011,]
[14,15,]   314   0.00898064   -2.59667e-040   2.30002e-039   [-0.000015,0.000012,]
[15,15,]   315   0.00442709   -7.5172e-040   2.75547e-039   [-0.000013,0.000013,]
[16,15,]   316   0.00183558   -1.24581e-039   3.30201e-039   [-0.000010,0.000012,]
[17,15,]   317   0.000620502   -2.0858e-039   3.93964e-039   [-0.000005,0.000012,]
[18,15,]   318   0.000180165   -3.28731e-039   4.66836e-039   [0.000013,0.000012,]
[19,15,]   319   6.27774e-005   -5.12938e-039   5.48817e-039   [0.000030,0.000014,]
[0,16,]   320   6.38056e-005   -4.57386e-039   6.03471e-039   [0.000019,-0.000006,]
[1,16,]   321   9.59928e-005   -3.99732e-039   5.2149e-039   [-0.000026,-0.000008,]
[2,16,]   322   0.000267636   -2.74724e-039   4.48618e-039   [-0.000015,-0.000009,]
[3,16,]   323   0.000762493   -1.78774e-039   3.84855e-039   [-0.000013,-0.000009,]
[4,16,]   324   0.00183065   -1.26068e-039   3.30201e-039   [-0.000012,-0.000009,]
[5,16,]   325   0.00371974   -8.54728e-040   2.84656e-039   [-0.000015,-0.000009,]
[6,16,]   326   0.00648376   -5.26268e-040   2.4822e-039   [-0.000017,-0.000008,]
[7,16,]   327   0.00979445   -2.97165e-040   2.20893e-039   [-0.000020,-0.000007,]
[8,16,]   328   0.0129625   -1.05227e-040   2.02675e-039   [-0.000022,-0.000004,]
[9,16,]   329   0.0150205   3.51622e-041   1.93566e-039   [-0.000023,-0.000000,]
[10,16,]   330   0.0151113   3.94515e-041   1.93566e-039   [-0.000023,0.000003,]
[11,16,]   331   0.013436   -6.25045e-041   2.02675e-039   [-0.000022,0.000005,]
[12,16,]   332   0.0104554   -1.48403e-040   2.20893e-039   [-0.000019,0.000008,]
[13,16,]   333   0.00696919   -4.29319e-040   2.4822e-039   [-0.000017,0.000010,]
[14,16,]   334   0.00397542   -7.45715e-040   2.84656e-039   [-0.000015,0.000011,]
[15,16,]   335   0.00189985   -1.24722e-039   3.30201e-039   [-0.000013,0.000011,]
[16,16,]   336   0.0007652   -1.75993e-039   3.84855e-039   [-0.000010,0.000011,]
[17,16,]   337   0.000252216   -2.60967e-039   4.48618e-039   [-0.000005,0.000011,]
[18,16,]   338   7.18786e-005   -3.86046e-039   5.2149e-039   [0.000014,0.000012,]
[19,16,]   339   2.56405e-005   -5.72538e-039   6.03471e-039   [0.000032,0.000014,]
[0,17,]   340   2.08491e-005   -5.45478e-039   6.67234e-039   [0.000019,-0.000002,]
[1,17,]   341   3.06161e-005   -4.90212e-039   5.85253e-039   [-0.000027,-0.000004,]
[2,17,]   342   8.64287e-005   -3.60516e-039   5.12381e-039   [-0.000016,-0.000005,]
[3,17,]   343   0.000251618   -2.62344e-039   4.48618e-039   [-0.000013,-0.000005,]
[4,17,]   344   0.000619622   -2.08409e-039   3.93964e-039   [-0.000012,-0.000005,]
[5,17,]   345   0.00129683   -1.65092e-039   3.48419e-039   [-0.000014,-0.000005,]
[6,17,]   346   0.00233299   -1.2906e-039   3.11983e-039   [-0.000016,-0.000004,]
[7,17,]   347   0.00363354   -1.00158e-039   2.84656e-039   [-0.000018,-0.000003,]
[8,17,]   348   0.00492112   -7.92846e-040   2.66438e-039   [-0.000020,-0.000001,]
[9,17,]   349   0.00578851   -6.49774e-040   2.57329e-039   [-0.000020,0.000002,]
[10,17,]   350   0.00586272   -6.79238e-040   2.57329e-039   [-0.000020,0.000004,]
[11,17,]   351   0.0051933   -7.2689e-040   2.66438e-039   [-0.000019,0.000007,]
[12,17,]   352   0.00398708   -8.49466e-040   2.84656e-039   [-0.000017,0.000009,]
[13,17,]   353   0.00260382   -1.14e-039   3.11983e-039   [-0.000016,0.000011,]
[14,17,]   354   0.00144947   -1.47822e-039   3.48419e-039   [-0.000014,0.000012,]
[15,17,]   355   0.000676315   -1.9851e-039   3.93964e-039   [-0.000012,0.000013,]
[16,17,]   356   0.000266108   -2.50669e-039   4.48618e-039   [-0.000009,0.000014,]
[17,17,]   357   8.58422e-005   -3.37101e-039   5.12381e-039   [-0.000005,0.000014,]
[18,17,]   358   2.40809e-005   -4.66299e-039   5.85253e-039   [0.000015,0.000015,]
[19,17,]   359   8.79223e-006   -6.54389e-039   6.67234e-039   [0.000034,0.000017,]
[0,18,]   360   5.89782e-006   -6.80238e-039   7.40106e-039   [0.000019,0.000017,]
[1,18,]   361   8.50457e-006   -6.27645e-039   6.58125e-039   [-0.000028,0.000016,]
[2,18,]   362   2.42332e-005   -4.91344e-039   5.85253e-039   [-0.000016,0.000015,]
[3,18,]   363   7.16649e-005   -3.88514e-039   5.2149e-039   [-0.000013,0.000014,]
[4,18,]   364   0.000179778   -3.2984e-039   4.66836e-039   [-0.000012,0.000013,]
[5,18,]   365   0.000384309   -2.82188e-039   4.21291e-039   [-0.000014,0.000012,]
[6,18,]   366   0.00070782   -2.40966e-039   3.84855e-039   [-0.000015,0.000011,]
[7,18,]   367   0.00112817   -2.08577e-039   3.57528e-039   [-0.000017,0.000011,]
[8,18,]   368   0.00156031   -1.83337e-039   3.3931e-039   [-0.000017,0.000012,]
[9,18,]   369   0.00186204   -1.71009e-039   3.30201e-039   [-0.000017,0.000013,]
[10,18,]   370   0.00191138   -1.70032e-039   3.30201e-039   [-0.000017,0.000014,]
[11,18,]   371   0.00169865   -1.78163e-039   3.3931e-039   [-0.000017,0.000016,]
[12,18,]   372   0.00129724   -1.95641e-039   3.57528e-039   [-0.000015,0.000019,]
[13,18,]   373   0.000837757   -2.29823e-039   3.84855e-039   [-0.000014,0.000021,]
[14,18,]   374   0.000458967   -2.69937e-039   4.21291e-039   [-0.000013,0.000023,]
[15,18,]   375   0.000210544   -3.25394e-039   4.66836e-039   [-0.000011,0.000025,]
[16,18,]   376   8.13124e-005   -3.83672e-039   5.2149e-039   [-0.000009,0.000027,]
[17,18,]   377   2.57666e-005   -4.7529e-039   5.85253e-039   [-0.000004,0.000028,]
[18,18,]   378   7.1261e-006   -6.1265e-039   6.58125e-039   [0.000016,0.000029,]
[19,18,]   379   2.65659e-006   -8.00363e-039   7.40106e-039   [0.000035,0.000030,]
[0,19,]   380   2.18683e-006   -8.59741e-039   8.22087e-039   [0.000019,0.000035,]
[1,19,]   381   3.16626e-006   -8.14753e-039   7.40106e-039   [-0.000029,0.000035,]
[2,19,]   382   8.85169e-006   -6.79618e-039   6.67234e-039   [-0.000018,0.000034,]
[3,19,]   383   2.55757e-005   -5.75214e-039   6.03471e-039   [-0.000015,0.000032,]
[4,19,]   384   6.26724e-005   -5.14304e-039   5.48817e-039   [-0.000014,0.000030,]
[5,19,]   385   0.000131194   -4.63412e-039   5.03272e-039   [-0.000016,0.000028,]
[6,19,]   386   0.000238074   -4.17819e-039   4.66836e-039   [-0.000017,0.000026,]
[7,19,]   387   0.000378169   -3.78623e-039   4.39509e-039   [-0.000018,0.000024,]
[8,19,]   388   0.000527975   -3.45617e-039   4.21291e-039   [-0.000018,0.000023,]
[9,19,]   389   0.000644805   -3.24161e-039   4.12182e-039   [-0.000017,0.000023,]
[10,19,]   390   0.000682347   -3.15191e-039   4.12182e-039   [-0.000016,0.000023,]
[11,19,]   391   0.000629416   -3.15794e-039   4.21291e-039   [-0.000015,0.000024,]
[12,19,]   392   0.000497804   -3.30784e-039   4.39509e-039   [-0.000013,0.000026,]
[13,19,]   393   0.00033146   -3.65014e-039   4.66836e-039   [-0.000011,0.000029,]
[14,19,]   394   0.00018612   -4.07917e-039   5.03272e-039   [-0.000010,0.000031,]
[15,19,]   395   8.70336e-005   -4.66988e-039   5.48817e-039   [-0.000009,0.000034,]
[16,19,]   396   3.40881e-005   -5.30442e-039   6.03471e-039   [-0.000006,0.000036,]
[17,19,]   397   1.09238e-005   -6.26126e-039   6.67234e-039   [-0.000002,0.000039,]
[18,19,]   398   3.04201e-006   -7.6785e-039   7.40106e-039   [0.000017,0.000040,]
[19,19,]   399   1.13394e-006   -9.46875e-039   8.22087e-039   [0.000035,0.000040,]
