coordinates  index   rho      Q      V    velocities 
[0,0,]   0   3.58079e-006   -7.63307e-039   8.22087e-039   [0.000032,0.000017,]
[1,0,]   1   6.32572e-006   -6.853e-039   7.40106e-039   [-0.000009,0.000017,]
[2,0,]   2   1.89304e-005   -5.76895e-039   6.67234e-039   [0.000002,0.000017,]
[3,0,]   3   5.68634e-005   -4.72544e-039   6.03471e-039   [0.000005,0.000017,]
[4,0,]   4   0.000142213   -4.13441e-039   5.48817e-039   [0.000008,0.000018,]
[5,0,]   5   0.000298671   -3.60534e-039   5.03272e-039   [0.000009,0.000018,]
[6,0,]   6   0.000524128   -3.23244e-039   4.66836e-039   [0.000011,0.000019,]
[7,0,]   7   0.000778958   -2.93516e-039   4.39509e-039   [0.000012,0.000020,]
[8,0,]   8   0.000981327   -2.79974e-039   4.21291e-039   [0.000014,0.000022,]
[9,0,]   9   0.00106836   -2.77826e-039   4.12182e-039   [0.000015,0.000023,]
[10,0,]   10   0.00102122   -2.80879e-039   4.12182e-039   [0.000016,0.000025,]
[11,0,]   11   0.000851458   -2.95161e-039   4.21291e-039   [0.000017,0.000026,]
[12,0,]   12   0.000622297   -3.19481e-039   4.39509e-039   [0.000016,0.000028,]
[13,0,]   13   0.000400478   -3.48143e-039   4.66836e-039   [0.000015,0.000029,]
[14,0,]   14   0.000225467   -3.83456e-039   5.03272e-039   [0.000015,0.000030,]
[15,0,]   15   0.000110056   -4.24083e-039   5.48817e-039   [0.000013,0.000031,]
[16,0,]   16   4.58272e-005   -4.74342e-039   6.03471e-039   [0.000013,0.000031,]
[17,0,]   17   1.59905e-005   -5.47505e-039   6.67234e-039   [0.000015,0.000032,]
[18,0,]   18   4.86594e-006   -6.83808e-039   7.40106e-039   [0.000029,0.000032,]
[19,0,]   19   2.00019e-006   -8.34607e-039   8.22087e-039   [0.000039,0.000032,]
[0,1,]   20   5.62943e-006   -7.0001e-039   7.40106e-039   [0.000032,-0.000028,]
[1,1,]   21   9.9382e-006   -6.15406e-039   6.58125e-039   [-0.000008,-0.000028,]
[2,1,]   22   3.025e-005   -5.05284e-039   5.85253e-039   [0.000004,-0.000027,]
[3,1,]   23   9.29752e-005   -3.99389e-039   5.2149e-039   [0.000008,-0.000025,]
[4,1,]   24   0.000238725   -3.39257e-039   4.66836e-039   [0.000011,-0.000023,]
[5,1,]   25   0.000517176   -2.83966e-039   4.21291e-039   [0.000013,-0.000021,]
[6,1,]   26   0.000939987   -2.43631e-039   3.84855e-039   [0.000014,-0.000019,]
[7,1,]   27   0.00145119   -2.095e-039   3.57528e-039   [0.000015,-0.000016,]
[8,1,]   28   0.00189958   -1.90866e-039   3.3931e-039   [0.000017,-0.000014,]
[9,1,]   29   0.00214157   -1.82155e-039   3.30201e-039   [0.000017,-0.000011,]
[10,1,]   30   0.0020989   -1.80082e-039   3.30201e-039   [0.000017,-0.000009,]
[11,1,]   31   0.0017736   -1.90356e-039   3.3931e-039   [0.000017,-0.000007,]
[12,1,]   32   0.00129462   -2.13132e-039   3.57528e-039   [0.000016,-0.000006,]
[13,1,]   33   0.000821059   -2.42407e-039   3.84855e-039   [0.000015,-0.000005,]
[14,1,]   34   0.000450735   -2.80603e-039   4.21291e-039   [0.000014,-0.000005,]
[15,1,]   35   0.000213319   -3.24996e-039   4.66836e-039   [0.000012,-0.000006,]
[16,1,]   36   8.59677e-005   -3.79334e-039   5.2149e-039   [0.000012,-0.000006,]
[17,1,]   37   2.9053e-005   -4.56467e-039   5.85253e-039   [0.000014,-0.000007,]
[18,1,]   38   8.58593e-006   -5.99325e-039   6.58125e-039   [0.000028,-0.000008,]
[19,1,]   39   3.5248e-006   -7.60659e-039   7.40106e-039   [0.000039,-0.000008,]
[0,2,]   40   1.60514e-005   -5.69091e-039   6.67234e-039   [0.000032,-0.000017,]
[1,2,]   41   2.91679e-005   -4.77828e-039   5.85253e-039   [-0.000007,-0.000016,]
[2,2,]   42   8.84978e-005   -3.71642e-039   5.12381e-039   [0.000005,-0.000015,]
[3,2,]   43   0.000268545   -2.712e-039   4.48618e-039   [0.000009,-0.000015,]
[4,2,]   44   0.00068025   -2.16257e-039   3.93964e-039   [0.000012,-0.000014,]
[5,2,]   45   0.00145574   -1.65314e-039   3.48419e-039   [0.000014,-0.000013,]
[6,2,]   46   0.00261578   -1.30425e-039   3.11983e-039   [0.000016,-0.000012,]
[7,2,]   47   0.00400692   -1.00542e-039   2.84656e-039   [0.000017,-0.000010,]
[8,2,]   48   0.00522268   -8.71488e-040   2.66438e-039   [0.000019,-0.000008,]
[9,2,]   49   0.00590367   -8.18741e-040   2.57329e-039   [0.000020,-0.000005,]
[10,2,]   50   0.00584064   -7.89708e-040   2.57329e-039   [0.000020,-0.000002,]
[11,2,]   51   0.00498666   -9.19962e-040   2.66438e-039   [0.000020,0.000000,]
[12,2,]   52   0.00369336   -1.1358e-039   2.84656e-039   [0.000018,0.000002,]
[13,2,]   53   0.00237882   -1.42401e-039   3.11983e-039   [0.000016,0.000004,]
[14,2,]   54   0.00132549   -1.79081e-039   3.48419e-039   [0.000014,0.000005,]
[15,2,]   55   0.000635315   -2.2226e-039   3.93964e-039   [0.000012,0.000005,]
[16,2,]   56   0.000258717   -2.74914e-039   4.48618e-039   [0.000011,0.000005,]
[17,2,]   57   8.81811e-005   -3.50318e-039   5.12381e-039   [0.000014,0.000005,]
[18,2,]   58   2.62599e-005   -4.88244e-039   5.85253e-039   [0.000027,0.000004,]
[19,2,]   59   1.07135e-005   -6.46421e-039   6.67234e-039   [0.000037,0.000002,]
[0,3,]   60   4.57434e-005   -4.75426e-039   6.03471e-039   [0.000031,-0.000014,]
[1,3,]   61   8.58339e-005   -3.80417e-039   5.2149e-039   [-0.000006,-0.000013,]
[2,3,]   62   0.000258219   -2.76702e-039   4.48618e-039   [0.000005,-0.000012,]
[3,3,]   63   0.000767251   -1.79143e-039   3.84855e-039   [0.000009,-0.000012,]
[4,3,]   64   0.00189878   -1.25889e-039   3.30201e-039   [0.000013,-0.000012,]
[5,3,]   65   0.00396682   -7.63165e-040   2.84656e-039   [0.000015,-0.000011,]
[6,3,]   66   0.00695451   -4.37477e-040   2.4822e-039   [0.000017,-0.000010,]
[7,3,]   67   0.0104286   -1.54957e-040   2.20893e-039   [0.000019,-0.000009,]
[8,3,]   68   0.0133798   -6.20629e-041   2.02675e-039   [0.000022,-0.000006,]
[9,3,]   69   0.01505   2.53077e-041   1.93566e-039   [0.000023,-0.000003,]
[10,3,]   70   0.0149619   1.91995e-041   1.93566e-039   [0.000023,-0.000000,]
[11,3,]   71   0.0129498   -1.01548e-040   2.02675e-039   [0.000022,0.000003,]
[12,3,]   72   0.00980709   -2.96499e-040   2.20893e-039   [0.000020,0.000006,]
[13,3,]   73   0.00650237   -5.36498e-040   2.4822e-039   [0.000017,0.000008,]
[14,3,]   74   0.0037334   -8.74615e-040   2.84656e-039   [0.000015,0.000009,]
[15,3,]   75   0.00184064   -1.27712e-039   3.30201e-039   [0.000012,0.000009,]
[16,3,]   76   0.000768155   -1.7828e-039   3.84855e-039   [0.000011,0.000009,]
[17,3,]   77   0.000267398   -2.51372e-039   4.48618e-039   [0.000013,0.000009,]
[18,3,]   78   8.10557e-005   -3.83213e-039   5.2149e-039   [0.000026,0.000008,]
[19,3,]   79   3.27252e-005   -5.36679e-039   6.03471e-039   [0.000035,0.000006,]
[0,4,]   80   0.00010994   -4.24103e-039   5.48817e-039   [0.000031,-0.000013,]
[1,4,]   81   0.000213148   -3.25071e-039   4.66836e-039   [-0.000006,-0.000012,]
[2,4,]   82   0.000634547   -2.23073e-039   3.93964e-039   [0.000005,-0.000012,]
[3,4,]   83   0.00184001   -1.27345e-039   3.30201e-039   [0.000009,-0.000013,]
[4,4,]   84   0.00442542   -7.56334e-040   2.75547e-039   [0.000013,-0.000013,]
[5,4,]   85   0.00896485   -2.63655e-040   2.30002e-039   [0.000015,-0.000012,]
[6,4,]   86   0.0152039   3.42292e-041   1.93566e-039   [0.000018,-0.000011,]
[7,4,]   87   0.0221146   2.93643e-040   1.66239e-039   [0.000022,-0.000010,]
[8,4,]   88   0.0278202   4.29183e-040   1.48021e-039   [0.000025,-0.000007,]
[9,4,]   89   0.0307581   4.78571e-040   1.38912e-039   [0.000026,-0.000004,]
[10,4,]   90   0.0309729   6.0484e-040   1.38912e-039   [0.000027,0.000001,]
[11,4,]   91   0.0272635   3.99111e-040   1.48021e-039   [0.000026,0.000006,]
[12,4,]   92   0.0212361   1.8472e-040   1.66239e-039   [0.000023,0.000010,]
[13,4,]   93   0.0145761   -5.48406e-041   1.93566e-039   [0.000019,0.000012,]
[14,4,]   94   0.00868895   -3.5775e-040   2.30002e-039   [0.000015,0.000013,]
[15,4,]   95   0.00443091   -7.42772e-040   2.75547e-039   [0.000013,0.000013,]
[16,4,]   96   0.00190253   -1.23403e-039   3.30201e-039   [0.000011,0.000013,]
[17,4,]   97   0.000677798   -1.95664e-039   3.93964e-039   [0.000013,0.000012,]
[18,4,]   98   0.000209308   -3.21879e-039   4.66836e-039   [0.000024,0.000011,]
[19,4,]   99   8.338e-005   -4.69904e-039   5.48817e-039   [0.000033,0.000009,]
[0,5,]   100   0.000225488   -3.81669e-039   5.03272e-039   [0.000030,-0.000015,]
[1,5,]   101   0.000450874   -2.78974e-039   4.21291e-039   [-0.000005,-0.000014,]
[2,5,]   102   0.00132518   -1.78189e-039   3.48419e-039   [0.000005,-0.000014,]
[3,5,]   103   0.00373535   -8.52799e-040   2.84656e-039   [0.000009,-0.000015,]
[4,5,]   104   0.00868349   -3.51277e-040   2.30002e-039   [0.000013,-0.000016,]
[5,5,]   105   0.0169029   1.09974e-040   1.84457e-039   [0.000016,-0.000016,]
[6,5,]   106   0.0274692   3.83497e-040   1.48021e-039   [0.000019,-0.000015,]
[7,5,]   107   0.0382072   6.33502e-040   1.20694e-039   [0.000024,-0.000014,]
[8,5,]   108   0.0465205   8.88623e-040   1.02476e-039   [0.000028,-0.000012,]
[9,5,]   109   0.0494195   8.91451e-040   9.33673e-040   [0.000031,-0.000006,]
[10,5,]   110   0.0500459   1.02395e-039   9.33673e-040   [0.000033,-0.000001,]
[11,5,]   111   0.0458626   8.06101e-040   1.02476e-039   [0.000031,0.000006,]
[12,5,]   112   0.0374867   5.41252e-040   1.20694e-039   [0.000026,0.000012,]
[13,5,]   113   0.0270381   3.29642e-040   1.48021e-039   [0.000020,0.000015,]
[14,5,]   114   0.0168801   7.0953e-041   1.84457e-039   [0.000016,0.000016,]
[15,5,]   115   0.008954   -2.81765e-040   2.30002e-039   [0.000012,0.000015,]
[16,5,]   116   0.00396591   -7.63637e-040   2.84656e-039   [0.000011,0.000015,]
[17,5,]   117   0.00144751   -1.47785e-039   3.48419e-039   [0.000012,0.000014,]
[18,5,]   118   0.000454991   -2.68633e-039   4.21291e-039   [0.000022,0.000013,]
[19,5,]   119   0.000177981   -4.12112e-039   5.03272e-039   [0.000030,0.000010,]
[0,6,]   120   0.000399415   -3.47027e-039   4.66836e-039   [0.000029,-0.000016,]
[1,6,]   121   0.000819182   -2.41509e-039   3.84855e-039   [-0.000005,-0.000015,]
[2,6,]   122   0.0023715   -1.42289e-039   3.11983e-039   [0.000004,-0.000016,]
[3,6,]   123   0.00648441   -5.2102e-040   2.4822e-039   [0.000008,-0.000017,]
[4,6,]   124   0.0145086   -5.30933e-041   1.93566e-039   [0.000012,-0.000019,]
[5,6,]   125   0.0269272   3.56215e-040   1.48021e-039   [0.000015,-0.000020,]
[6,6,]   126   0.0415173   6.68981e-040   1.11585e-039   [0.000020,-0.000022,]
[7,6,]   127   0.0535668   8.70724e-040   8.42583e-040   [0.000024,-0.000022,]
[8,6,]   128   0.0608994   1.45817e-039   6.60403e-040   [0.000033,-0.000022,]
[9,6,]   129   0.0585525   1.00096e-039   5.69313e-040   [0.000039,-0.000011,]
[10,6,]   130   0.0599547   1.33954e-039   5.69313e-040   [0.000041,-0.000001,]
[11,6,]   131   0.0604658   1.37014e-039   6.60403e-040   [0.000040,0.000009,]
[12,6,]   132   0.0542781   1.03297e-039   8.42583e-040   [0.000031,0.000017,]
[13,6,]   133   0.041853   6.60791e-040   1.11585e-039   [0.000022,0.000020,]
[14,6,]   134   0.0275264   3.60141e-040   1.48021e-039   [0.000015,0.000020,]
[15,6,]   135   0.0152292   3.42475e-041   1.93566e-039   [0.000011,0.000018,]
[16,6,]   136   0.00697076   -4.18752e-040   2.4822e-039   [0.000009,0.000017,]
[17,6,]   137   0.00260672   -1.11783e-039   3.11983e-039   [0.000011,0.000016,]
[18,6,]   138   0.000832628   -2.26773e-039   3.84855e-039   [0.000020,0.000014,]
[19,6,]   139   0.000317986   -3.67083e-039   4.66836e-039   [0.000028,0.000011,]
[0,7,]   140   0.000618841   -3.18351e-039   4.39509e-039   [0.000028,-0.000016,]
[1,7,]   141   0.00128831   -2.12174e-039   3.57528e-039   [-0.000006,-0.000016,]
[2,7,]   142   0.00367171   -1.13201e-039   2.84656e-039   [0.000002,-0.000018,]
[3,7,]   143   0.00974366   -2.82528e-040   2.20893e-039   [0.000006,-0.000020,]
[4,7,]   144   0.0210388   1.83588e-040   1.66239e-039   [0.000010,-0.000022,]
[5,7,]   145   0.0370882   5.39305e-040   1.20694e-039   [0.000013,-0.000025,]
[6,7,]   146   0.0535558   9.97634e-040   8.42583e-040   [0.000017,-0.000030,]
[7,7,]   147   0.0608906   1.20169e-039   5.69313e-040   [0.000022,-0.000034,]
[8,7,]   148   0.0571446   1.52102e-039   3.87133e-040   [0.000039,-0.000036,]
[9,7,]   149   0.0459174   5.43038e-040   2.96043e-040   [0.000056,-0.000017,]
[10,7,]   150   0.0458412   7.56434e-040   2.96043e-040   [0.000057,0.000005,]
[11,7,]   151   0.0558871   1.28184e-039   3.87133e-040   [0.000049,0.000015,]
[12,7,]   152   0.0616953   1.25429e-039   5.69313e-040   [0.000035,0.000022,]
[13,7,]   153   0.0542201   8.93709e-040   8.42583e-040   [0.000022,0.000024,]
[14,7,]   154   0.038394   6.04505e-040   1.20694e-039   [0.000014,0.000024,]
[15,7,]   155   0.022173   2.69116e-040   1.66239e-039   [0.000010,0.000022,]
[16,7,]   156   0.0104559   -1.60316e-040   2.20893e-039   [0.000008,0.000019,]
[17,7,]   157   0.00399197   -8.49285e-040   2.84656e-039   [0.000009,0.000017,]
[18,7,]   158   0.00129048   -1.94468e-039   3.57528e-039   [0.000018,0.000015,]
[19,7,]   159   0.000478308   -3.34021e-039   4.39509e-039   [0.000025,0.000013,]
[0,8,]   160   0.000844335   -2.9638e-039   4.21291e-039   [0.000026,-0.000016,]
[1,8,]   161   0.00176035   -1.91537e-039   3.3931e-039   [-0.000007,-0.000017,]
[2,8,]   162   0.00494426   -9.36283e-040   2.66438e-039   [0.000000,-0.000019,]
[3,8,]   163   0.0128235   -1.15851e-040   2.02675e-039   [0.000003,-0.000022,]
[4,8,]   164   0.0269235   3.65439e-040   1.48021e-039   [0.000006,-0.000025,]
[5,8,]   165   0.0452631   7.48519e-040   1.02476e-039   [0.000007,-0.000030,]
[6,8,]   166   0.0599069   1.30774e-039   6.60403e-040   [0.000010,-0.000039,]
[7,8,]   167   0.0559525   1.26294e-039   3.87133e-040   [0.000015,-0.000048,]
[8,8,]   168   0.0356476   -3.02829e-041   2.04953e-040   [0.000045,-0.000052,]
[9,8,]   169   0.0204312   -1.08668e-039   1.13863e-040   [0.000092,-0.000031,]
[10,8,]   170   0.0180483   -3.04132e-039   1.13863e-040   [0.000084,0.000027,]
[11,8,]   171   0.0351868   -1.57113e-040   2.04953e-040   [0.000052,0.000046,]
[12,8,]   172   0.0577275   1.51837e-039   3.87133e-040   [0.000037,0.000038,]
[13,8,]   173   0.0617048   1.45587e-039   6.60403e-040   [0.000022,0.000032,]
[14,8,]   174   0.0469591   8.72713e-040   1.02476e-039   [0.000012,0.000028,]
[15,8,]   175   0.0280409   4.26209e-040   1.48021e-039   [0.000007,0.000024,]
[16,8,]   176   0.0134847   -3.98709e-041   2.02675e-039   [0.000005,0.000021,]
[17,8,]   177   0.00522525   -6.95136e-040   2.66438e-039   [0.000006,0.000019,]
[18,8,]   178   0.00169997   -1.73684e-039   3.3931e-039   [0.000015,0.000016,]
[19,8,]   179   0.00060865   -3.15065e-039   4.21291e-039   [0.000023,0.000014,]
[0,9,]   180   0.00101685   -2.82297e-039   4.12182e-039   [0.000025,-0.000016,]
[1,9,]   181   0.0020909   -1.81578e-039   3.30201e-039   [-0.000009,-0.000017,]
[2,9,]   182   0.00581497   -8.08638e-040   2.57329e-039   [-0.000002,-0.000020,]
[3,9,]   183   0.0148848   -5.35668e-042   1.93566e-039   [-0.000000,-0.000023,]
[4,9,]   184   0.0307903   5.5722e-040   1.38912e-039   [0.000001,-0.000027,]
[5,9,]   185   0.0499473   9.79034e-040   9.33673e-040   [-0.000001,-0.000033,]
[6,9,]   186   0.0604569   1.33603e-039   5.69313e-040   [-0.000001,-0.000041,]
[7,9,]   187   0.0470466   8.62021e-040   2.96043e-040   [0.000004,-0.000057,]
[8,9,]   188   0.018942   -2.62077e-039   1.13863e-040   [0.000028,-0.000082,]
[9,9,]   189   0.00357195   -1.6431e-038   2.27725e-041   [0.000150,-0.000147,]
[10,9,]   190   0.00356313   -1.62836e-038   2.27725e-041   [0.000149,0.000148,]
[11,9,]   191   0.0207764   -1.06982e-039   1.13863e-040   [0.000033,0.000089,]
[12,9,]   192   0.047055   6.14285e-040   2.96043e-040   [0.000017,0.000055,]
[13,9,]   193   0.0598047   1.07265e-039   5.69313e-040   [0.000011,0.000039,]
[14,9,]   194   0.0501828   9.51307e-040   9.33673e-040   [0.000006,0.000031,]
[15,9,]   195   0.0311147   5.28423e-040   1.38912e-039   [0.000004,0.000026,]
[16,9,]   196   0.0151927   7.80854e-041   1.93566e-039   [0.000003,0.000022,]
[17,9,]   197   0.00590435   -6.3014e-040   2.57329e-039   [0.000004,0.000020,]
[18,9,]   198   0.00191626   -1.63825e-039   3.30201e-039   [0.000013,0.000017,]
[19,9,]   199   0.000661045   -3.1176e-039   4.12182e-039   [0.000022,0.000016,]
[0,10,]   200   0.00107425   -2.75446e-039   4.12182e-039   [0.000023,-0.000015,]
[1,10,]   201   0.0021537   -1.79632e-039   3.30201e-039   [-0.000011,-0.000017,]
[2,10,]   202   0.00594153   -7.89674e-040   2.57329e-039   [-0.000005,-0.000020,]
[3,10,]   203   0.0151665   6.02134e-041   1.93566e-039   [-0.000003,-0.000022,]
[4,10,]   204   0.0310785   5.25433e-040   1.38912e-039   [-0.000004,-0.000026,]
[5,10,]   205   0.0501784   9.53655e-040   9.33673e-040   [-0.000006,-0.000031,]
[6,10,]   206   0.0598041   1.07279e-039   5.69313e-040   [-0.000011,-0.000039,]
[7,10,]   207   0.0470559   6.14441e-040   2.96043e-040   [-0.000017,-0.000055,]
[8,10,]   208   0.0207763   -1.06992e-039   1.13863e-040   [-0.000033,-0.000089,]
[9,10,]   209   0.00356312   -1.62836e-038   2.27725e-041   [-0.000149,-0.000148,]
[10,10,]   210   0.00357193   -1.6431e-038   2.27725e-041   [-0.000150,0.000147,]
[11,10,]   211   0.0189419   -2.62071e-039   1.13863e-040   [-0.000028,0.000082,]
[12,10,]   212   0.0470456   8.6184e-040   2.96043e-040   [-0.000004,0.000057,]
[13,10,]   213   0.0604577   1.33582e-039   5.69313e-040   [0.000001,0.000041,]
[14,10,]   214   0.0499532   9.76843e-040   9.33673e-040   [0.000001,0.000033,]
[15,10,]   215   0.0308266   5.60417e-040   1.38912e-039   [-0.000001,0.000027,]
[16,10,]   216   0.0149088   1.38649e-041   1.93566e-039   [-0.000001,0.000023,]
[17,10,]   217   0.00577176   -6.52623e-040   2.57329e-039   [0.000001,0.000020,]
[18,10,]   218   0.00185491   -1.66709e-039   3.30201e-039   [0.000012,0.000017,]
[19,10,]   219   0.000619154   -3.22151e-039   4.12182e-039   [0.000021,0.000017,]
[0,11,]   220   0.0009868   -2.78946e-039   4.21291e-039   [0.000022,-0.000013,]
[1,11,]   221   0.00191026   -1.8986e-039   3.3931e-039   [-0.000014,-0.000016,]
[2,11,]   222   0.00525356   -8.60174e-040   2.66438e-039   [-0.000008,-0.000019,]
[3,11,]   223   0.0134603   -5.66731e-041   2.02675e-039   [-0.000006,-0.000021,]
[4,11,]   224   0.0280089   4.23414e-040   1.48021e-039   [-0.000007,-0.000024,]
[5,11,]   225   0.0469562   8.75103e-040   1.02476e-039   [-0.000012,-0.000028,]
[6,11,]   226   0.0617043   1.45598e-039   6.60403e-040   [-0.000022,-0.000032,]
[7,11,]   227   0.0577283   1.51851e-039   3.87133e-040   [-0.000037,-0.000038,]
[8,11,]   228   0.0351866   -1.57155e-040   2.04953e-040   [-0.000052,-0.000046,]
[9,11,]   229   0.0180483   -3.04122e-039   1.13863e-040   [-0.000084,-0.000027,]
[10,11,]   230   0.0204312   -1.08659e-039   1.13863e-040   [-0.000092,0.000031,]
[11,11,]   231   0.0356476   -3.01586e-041   2.04953e-040   [-0.000045,0.000052,]
[12,11,]   232   0.0559517   1.26285e-039   3.87133e-040   [-0.000015,0.000048,]
[13,11,]   233   0.0599082   1.30755e-039   6.60403e-040   [-0.000010,0.000039,]
[14,11,]   234   0.0452699   7.4658e-040   1.02476e-039   [-0.000007,0.000030,]
[15,11,]   235   0.0269558   3.69157e-040   1.48021e-039   [-0.000006,0.000025,]
[16,11,]   236   0.012842   -9.51133e-041   2.02675e-039   [-0.000004,0.000022,]
[17,11,]   237   0.00490022   -7.8211e-040   2.66438e-039   [-0.000001,0.000019,]
[18,11,]   238   0.001553   -1.77924e-039   3.3931e-039   [0.000010,0.000017,]
[19,11,]   239   0.00050492   -3.42738e-039   4.21291e-039   [0.000021,0.000017,]
[0,12,]   240   0.000779839   -2.94847e-039   4.39509e-039   [0.000020,-0.000012,]
[1,12,]   241   0.00145303   -2.10829e-039   3.57528e-039   [-0.000016,-0.000015,]
[2,12,]   242   0.00401118   -1.02093e-039   2.84656e-039   [-0.000010,-0.000017,]
[3,12,]   243   0.0104365   -1.7634e-040   2.20893e-039   [-0.000009,-0.000019,]
[4,12,]   244   0.0221479   2.66208e-040   1.66239e-039   [-0.000010,-0.000022,]
[5,12,]   245   0.0383922   6.06812e-040   1.20694e-039   [-0.000014,-0.000024,]
[6,12,]   246   0.0542193   8.93623e-040   8.42583e-040   [-0.000022,-0.000024,]
[7,12,]   247   0.0616954   1.25426e-039   5.69313e-040   [-0.000035,-0.000022,]
[8,12,]   248   0.0558861   1.28164e-039   3.87133e-040   [-0.000049,-0.000015,]
[9,12,]   249   0.0458403   7.56271e-040   2.96043e-040   [-0.000057,-0.000005,]
[10,12,]   250   0.0459164   5.4288e-040   2.96043e-040   [-0.000056,0.000017,]
[11,12,]   251   0.0571435   1.52093e-039   3.87133e-040   [-0.000039,0.000036,]
[12,12,]   252   0.060889   1.20147e-039   5.69313e-040   [-0.000022,0.000034,]
[13,12,]   253   0.0535565   9.97298e-040   8.42583e-040   [-0.000017,0.000030,]
[14,12,]   254   0.0370942   5.37436e-040   1.20694e-039   [-0.000013,0.000025,]
[15,12,]   255   0.0210639   1.87609e-040   1.66239e-039   [-0.000010,0.000022,]
[16,12,]   256   0.0097557   -2.60441e-040   2.20893e-039   [-0.000007,0.000020,]
[17,12,]   257   0.00363287   -9.77952e-040   2.84656e-039   [-0.000003,0.000018,]
[18,12,]   258   0.00112755   -2.00553e-039   3.57528e-039   [0.000010,0.000016,]
[19,12,]   259   0.000361755   -3.74033e-039   4.39509e-039   [0.000022,0.000018,]
[0,13,]   260   0.000524663   -3.22795e-039   4.66836e-039   [0.000019,-0.000011,]
[1,13,]   261   0.000940977   -2.43206e-039   3.84855e-039   [-0.000019,-0.000014,]
[2,13,]   262   0.00261834   -1.29708e-039   3.11983e-039   [-0.000012,-0.000016,]
[3,13,]   263   0.00695789   -4.34306e-040   2.4822e-039   [-0.000010,-0.000017,]
[4,13,]   264   0.0152127   3.1121e-041   1.93566e-039   [-0.000011,-0.000018,]
[5,13,]   265   0.0275265   3.62288e-040   1.48021e-039   [-0.000015,-0.000020,]
[6,13,]   266   0.0418539   6.60526e-040   1.11585e-039   [-0.000022,-0.000020,]
[7,13,]   267   0.0542802   1.03282e-039   8.42583e-040   [-0.000031,-0.000017,]
[8,13,]   268   0.060467   1.36987e-039   6.60403e-040   [-0.000040,-0.000009,]
[9,13,]   269   0.0599556   1.33934e-039   5.69313e-040   [-0.000041,0.000001,]
[10,13,]   270   0.0585531   1.00082e-039   5.69313e-040   [-0.000039,0.000011,]
[11,13,]   271   0.0608997   1.4581e-039   6.60403e-040   [-0.000033,0.000022,]
[12,13,]   272   0.0535666   8.70579e-040   8.42583e-040   [-0.000024,0.000022,]
[13,13,]   273   0.0415188   6.68734e-040   1.11585e-039   [-0.000020,0.000022,]
[14,13,]   274   0.0269324   3.54634e-040   1.48021e-039   [-0.000015,0.000020,]
[15,13,]   275   0.0145261   -4.85419e-041   1.93566e-039   [-0.000012,0.000019,]
[16,13,]   276   0.00649124   -4.97369e-040   2.4822e-039   [-0.000008,0.000017,]
[17,13,]   277   0.00234244   -1.26685e-039   3.11983e-039   [-0.000005,0.000016,]
[18,13,]   278   0.000710133   -2.32278e-039   3.84855e-039   [0.000010,0.000015,]
[19,13,]   279   0.000227697   -4.13707e-039   4.66836e-039   [0.000024,0.000017,]
[0,14,]   280   0.00029841   -3.61657e-039   5.03272e-039   [0.000018,-0.000009,]
[1,14,]   281   0.000516664   -2.85231e-039   4.21291e-039   [-0.000021,-0.000013,]
[2,14,]   282   0.00145387   -1.66587e-039   3.48419e-039   [-0.000013,-0.000014,]
[3,14,]   283   0.00395925   -7.79794e-040   2.84656e-039   [-0.000011,-0.000015,]
[4,14,]   284   0.00894588   -2.86148e-040   2.30002e-039   [-0.000012,-0.000015,]
[5,14,]   285   0.0168831   7.18634e-041   1.84457e-039   [-0.000016,-0.000016,]
[6,14,]   286   0.027043   3.27995e-040   1.48021e-039   [-0.000020,-0.000015,]
[7,14,]   287   0.0374937   5.39567e-040   1.20694e-039   [-0.000026,-0.000012,]
[8,14,]   288   0.0458694   8.04084e-040   1.02476e-039   [-0.000031,-0.000006,]
[9,14,]   289   0.0500518   1.02177e-039   9.33673e-040   [-0.000033,0.000001,]
[10,14,]   290   0.0494238   8.89095e-040   9.33673e-040   [-0.000031,0.000006,]
[11,14,]   291   0.0465233   8.86249e-040   1.02476e-039   [-0.000028,0.000012,]
[12,14,]   292   0.0382085   6.30965e-040   1.20694e-039   [-0.000024,0.000014,]
[13,14,]   293   0.0274708   3.80819e-040   1.48021e-039   [-0.000019,0.000015,]
[14,14,]   294   0.0169065   1.06079e-040   1.84457e-039   [-0.000016,0.000016,]
[15,14,]   295   0.00869394   -3.48821e-040   2.30002e-039   [-0.000013,0.000016,]
[16,14,]   296   0.00373864   -8.30268e-040   2.84656e-039   [-0.000009,0.000015,]
[17,14,]   297   0.00130685   -1.62436e-039   3.48419e-039   [-0.000006,0.000014,]
[18,14,]   298   0.000386791   -2.7266e-039   4.21291e-039   [0.000011,0.000014,]
[19,14,]   299   0.000125338   -4.60084e-039   5.03272e-039   [0.000026,0.000016,]
[0,15,]   300   0.000142452   -4.12098e-039   5.48817e-039   [0.000018,-0.000008,]
[1,15,]   301   0.000239117   -3.37843e-039   4.66836e-039   [-0.000023,-0.000011,]
[2,15,]   302   0.000681362   -2.14521e-039   3.93964e-039   [-0.000014,-0.000012,]
[3,15,]   303   0.00190121   -1.24305e-039   3.30201e-039   [-0.000012,-0.000013,]
[4,15,]   304   0.00443124   -7.40782e-040   2.75547e-039   [-0.000013,-0.000013,]
[5,15,]   305   0.00869915   -3.50541e-040   2.30002e-039   [-0.000015,-0.000013,]
[6,15,]   306   0.0145934   -5.04026e-041   1.93566e-039   [-0.000019,-0.000012,]
[7,15,]   307   0.0212618   1.88905e-040   1.66239e-039   [-0.000023,-0.000010,]
[8,15,]   308   0.0272961   4.02737e-040   1.48021e-039   [-0.000026,-0.000006,]
[9,15,]   309   0.0310094   6.08011e-040   1.38912e-039   [-0.000027,-0.000001,]
[10,15,]   310   0.030794   4.81584e-040   1.38912e-039   [-0.000026,0.000003,]
[11,15,]   311   0.0278519   4.31986e-040   1.48021e-039   [-0.000025,0.000007,]
[12,15,]   312   0.0221394   2.96331e-040   1.66239e-039   [-0.000022,0.000010,]
[13,15,]   313   0.0152213   3.68174e-041   1.93566e-039   [-0.000018,0.000011,]
[14,15,]   314   0.00897662   -2.62097e-040   2.30002e-039   [-0.000015,0.000012,]
[15,15,]   315   0.0044356   -7.48036e-040   2.75547e-039   [-0.000013,0.000013,]
[16,15,]   316   0.00184342   -1.24404e-039   3.30201e-039   [-0.000010,0.000013,]
[17,15,]   317   0.000625608   -2.06179e-039   3.93964e-039   [-0.000006,0.000012,]
[18,15,]   318   0.000181154   -3.20705e-039   4.66836e-039   [0.000011,0.000012,]
[19,15,]   319   5.97263e-005   -5.12774e-039   5.48817e-039   [0.000028,0.000014,]
[0,16,]   320   5.6896e-005   -4.69921e-039   6.03471e-039   [0.000017,-0.000006,]
[1,16,]   321   9.30119e-005   -3.96915e-039   5.2149e-039   [-0.000025,-0.000009,]
[2,16,]   322   0.000268627   -2.68687e-039   4.48618e-039   [-0.000015,-0.000009,]
[3,16,]   323   0.00076721   -1.76983e-039   3.84855e-039   [-0.000012,-0.000010,]
[4,16,]   324   0.00183993   -1.25437e-039   3.30201e-039   [-0.000012,-0.000010,]
[5,16,]   325   0.0037366   -8.47359e-040   2.84656e-039   [-0.000015,-0.000009,]
[6,16,]   326   0.00650911   -5.12989e-040   2.4822e-039   [-0.000017,-0.000008,]
[7,16,]   327   0.0098194   -2.74267e-040   2.20893e-039   [-0.000020,-0.000007,]
[8,16,]   328   0.0129685   -8.08936e-041   2.02675e-039   [-0.000022,-0.000004,]
[9,16,]   329   0.0149861   3.84421e-041   1.93566e-039   [-0.000023,-0.000000,]
[10,16,]   330   0.0150761   4.32029e-041   1.93566e-039   [-0.000023,0.000003,]
[11,16,]   331   0.013404   -4.52669e-041   2.02675e-039   [-0.000022,0.000005,]
[12,16,]   332   0.0104479   -1.3916e-040   2.20893e-039   [-0.000019,0.000008,]
[13,16,]   333   0.00696779   -4.2247e-040   2.4822e-039   [-0.000017,0.000009,]
[14,16,]   334   0.00397512   -7.49745e-040   2.84656e-039   [-0.000015,0.000011,]
[15,16,]   335   0.00190463   -1.23903e-039   3.30201e-039   [-0.000013,0.000011,]
[16,16,]   336   0.000769187   -1.7502e-039   3.84855e-039   [-0.000010,0.000011,]
[17,16,]   337   0.000254491   -2.58084e-039   4.48618e-039   [-0.000006,0.000011,]
[18,16,]   338   7.22815e-005   -3.77363e-039   5.2149e-039   [0.000012,0.000012,]
[19,16,]   339   2.43241e-005   -5.72979e-039   6.03471e-039   [0.000030,0.000014,]
[0,17,]   340   1.86071e-005   -5.57692e-039   6.67234e-039   [0.000017,-0.000003,]
[1,17,]   341   2.97286e-005   -4.86202e-039   5.85253e-039   [-0.000027,-0.000005,]
[2,17,]   342   8.70226e-005   -3.53059e-039   5.12381e-039   [-0.000015,-0.000006,]
[3,17,]   343   0.000254035   -2.59071e-039   4.48618e-039   [-0.000012,-0.000006,]
[4,17,]   344   0.000624962   -2.06053e-039   3.93964e-039   [-0.000012,-0.000006,]
[5,17,]   345   0.00130714   -1.6285e-039   3.48419e-039   [-0.000014,-0.000006,]
[6,17,]   346   0.00234964   -1.26803e-039   3.11983e-039   [-0.000016,-0.000005,]
[7,17,]   347   0.00365439   -9.81512e-040   2.84656e-039   [-0.000018,-0.000004,]
[8,17,]   348   0.00494227   -7.65778e-040   2.66438e-039   [-0.000020,-0.000001,]
[9,17,]   349   0.00579732   -6.33586e-040   2.57329e-039   [-0.000020,0.000001,]
[10,17,]   350   0.00586679   -6.59051e-040   2.57329e-039   [-0.000020,0.000004,]
[11,17,]   351   0.00519457   -7.06408e-040   2.66438e-039   [-0.000019,0.000006,]
[12,17,]   352   0.0039877   -8.33965e-040   2.84656e-039   [-0.000017,0.000009,]
[13,17,]   353   0.00260431   -1.12557e-039   3.11983e-039   [-0.000016,0.000011,]
[14,17,]   354   0.00144997   -1.46786e-039   3.48419e-039   [-0.000014,0.000012,]
[15,17,]   355   0.000678317   -1.9628e-039   3.93964e-039   [-0.000012,0.000013,]
[16,17,]   356   0.000267638   -2.48296e-039   4.48618e-039   [-0.000010,0.000013,]
[17,17,]   357   8.6642e-005   -3.32948e-039   5.12381e-039   [-0.000006,0.000014,]
[18,17,]   358   2.42031e-005   -4.56548e-039   5.85253e-039   [0.000014,0.000014,]
[19,17,]   359   8.31996e-006   -6.54697e-039   6.67234e-039   [0.000032,0.000016,]
[0,18,]   360   5.2357e-006   -6.87705e-039   7.40106e-039   [0.000017,0.000016,]
[1,18,]   361   8.21587e-006   -6.17947e-039   6.58125e-039   [-0.000028,0.000015,]
[2,18,]   362   2.43012e-005   -4.77912e-039   5.85253e-039   [-0.000016,0.000014,]
[3,18,]   363   7.21239e-005   -3.79062e-039   5.2149e-039   [-0.000013,0.000013,]
[4,18,]   364   0.00018088   -3.21408e-039   4.66836e-039   [-0.000012,0.000011,]
[5,18,]   365   0.00038665   -2.7386e-039   4.21291e-039   [-0.000014,0.000011,]
[6,18,]   366   0.000711702   -2.3325e-039   3.84855e-039   [-0.000015,0.000010,]
[7,18,]   367   0.00113298   -2.01571e-039   3.57528e-039   [-0.000016,0.000010,]
[8,18,]   368   0.00156452   -1.76829e-039   3.3931e-039   [-0.000017,0.000010,]
[9,18,]   369   0.00186196   -1.65208e-039   3.30201e-039   [-0.000017,0.000012,]
[10,18,]   370   0.00190549   -1.66296e-039   3.30201e-039   [-0.000017,0.000013,]
[11,18,]   371   0.00169049   -1.74664e-039   3.3931e-039   [-0.000017,0.000015,]
[12,18,]   372   0.00128883   -1.93164e-039   3.57528e-039   [-0.000015,0.000018,]
[13,18,]   373   0.000831793   -2.27262e-039   3.84855e-039   [-0.000014,0.000020,]
[14,18,]   374   0.000455629   -2.67646e-039   4.21291e-039   [-0.000013,0.000022,]
[15,18,]   375   0.000209475   -3.22136e-039   4.66836e-039   [-0.000011,0.000024,]
[16,18,]   376   8.11204e-005   -3.79973e-039   5.2149e-039   [-0.000009,0.000026,]
[17,18,]   377   2.57869e-005   -4.69996e-039   5.85253e-039   [-0.000005,0.000027,]
[18,18,]   378   7.09722e-006   -6.01788e-039   6.58125e-039   [0.000015,0.000028,]
[19,18,]   379   2.48872e-006   -8.0085e-039   7.40106e-039   [0.000033,0.000029,]
[0,19,]   380   1.8379e-006   -8.75851e-039   8.22087e-039   [0.000017,0.000033,]
[1,19,]   381   2.88005e-006   -8.16139e-039   7.40106e-039   [-0.000029,0.000033,]
[2,19,]   382   8.357e-006   -6.76238e-039   6.67234e-039   [-0.000017,0.000032,]
[3,19,]   383   2.42779e-005   -5.7483e-039   6.03471e-039   [-0.000014,0.000030,]
[4,19,]   384   5.96519e-005   -5.13662e-039   5.48817e-039   [-0.000014,0.000028,]
[5,19,]   385   0.000125329   -4.61542e-039   5.03272e-039   [-0.000016,0.000026,]
[6,19,]   386   0.000228296   -4.15083e-039   4.66836e-039   [-0.000017,0.000024,]
[7,19,]   387   0.000363742   -3.75489e-039   4.39509e-039   [-0.000018,0.000022,]
[8,19,]   388   0.00050911   -3.41847e-039   4.21291e-039   [-0.000018,0.000021,]
[9,19,]   389   0.000621766   -3.20843e-039   4.12182e-039   [-0.000017,0.000021,]
[10,19,]   390   0.000657401   -3.1397e-039   4.12182e-039   [-0.000016,0.000021,]
[11,19,]   391   0.000605284   -3.16006e-039   4.21291e-039   [-0.000015,0.000023,]
[12,19,]   392   0.000477775   -3.3273e-039   4.39509e-039   [-0.000013,0.000025,]
[13,19,]   393   0.000317675   -3.67618e-039   4.66836e-039   [-0.000011,0.000028,]
[14,19,]   394   0.000178206   -4.1134e-039   5.03272e-039   [-0.000010,0.000030,]
[15,19,]   395   8.34465e-005   -4.70072e-039   5.48817e-039   [-0.000009,0.000033,]
[16,19,]   396   3.27493e-005   -5.33514e-039   6.03471e-039   [-0.000007,0.000035,]
[17,19,]   397   1.05212e-005   -6.28236e-039   6.67234e-039   [-0.000003,0.000037,]
[18,19,]   398   2.91569e-006   -7.65207e-039   7.40106e-039   [0.000016,0.000039,]
[19,19,]   399   1.02629e-006   -9.5435e-039   8.22087e-039   [0.000033,0.000039,]
