coordinates  index   rho      Q      V    velocities 
[0,0,]   0   5.60726e-007   -9.38042e-039   8.22087e-039   [0.000015,-0.000001,]
[1,0,]   1   2.22707e-006   -6.96037e-039   7.40106e-039   [0.000000,-0.000000,]
[2,0,]   2   7.92314e-006   -6.08864e-039   6.67234e-039   [0.000008,-0.000000,]
[3,0,]   3   2.4e-005   -5.29436e-039   6.03471e-039   [0.000009,0.000000,]
[4,0,]   4   6.10161e-005   -4.64144e-039   5.48817e-039   [0.000010,0.000001,]
[5,0,]   5   0.00013098   -4.0747e-039   5.03272e-039   [0.000011,0.000001,]
[6,0,]   6   0.000238079   -3.60633e-039   4.66836e-039   [0.000012,0.000002,]
[7,0,]   7   0.000367883   -3.23507e-039   4.39509e-039   [0.000013,0.000003,]
[8,0,]   8   0.00048432   -2.99677e-039   4.21291e-039   [0.000014,0.000005,]
[9,0,]   9   0.000548049   -2.87587e-039   4.12182e-039   [0.000015,0.000006,]
[10,0,]   10   0.000535624   -2.86844e-039   4.12182e-039   [0.000016,0.000008,]
[11,0,]   11   0.000450388   -3.012e-039   4.21291e-039   [0.000016,0.000009,]
[12,0,]   12   0.000326266   -3.28746e-039   4.39509e-039   [0.000015,0.000011,]
[13,0,]   13   0.000204185   -3.65931e-039   4.66836e-039   [0.000014,0.000012,]
[14,0,]   14   0.00010991   -4.13641e-039   5.03272e-039   [0.000014,0.000013,]
[15,0,]   15   5.06812e-005   -4.7038e-039   5.48817e-039   [0.000012,0.000014,]
[16,0,]   16   1.99313e-005   -5.35119e-039   6.03471e-039   [0.000011,0.000014,]
[17,0,]   17   6.63765e-006   -6.10965e-039   6.67234e-039   [0.000011,0.000015,]
[18,0,]   18   1.87446e-006   -7.15599e-039   7.40106e-039   [0.000016,0.000015,]
[19,0,]   19   5.17866e-007   -9.4823e-039   8.22087e-039   [0.000022,0.000015,]
[0,1,]   20   1.89498e-006   -7.20133e-039   7.40106e-039   [0.000015,-0.000017,]
[1,1,]   21   7.60194e-006   -4.81517e-039   6.58125e-039   [0.000002,-0.000016,]
[2,1,]   22   2.69362e-005   -4.0438e-039   5.85253e-039   [0.000009,-0.000015,]
[3,1,]   23   8.12733e-005   -3.34335e-039   5.2149e-039   [0.000011,-0.000014,]
[4,1,]   24   0.00020613   -2.78572e-039   4.66836e-039   [0.000012,-0.000013,]
[5,1,]   25   0.000442387   -2.31422e-039   4.21291e-039   [0.000013,-0.000012,]
[6,1,]   26   0.000806277   -1.93531e-039   3.84855e-039   [0.000014,-0.000011,]
[7,1,]   27   0.0012538   -1.63828e-039   3.57528e-039   [0.000016,-0.000009,]
[8,1,]   28   0.00166773   -1.45268e-039   3.3931e-039   [0.000017,-0.000007,]
[9,1,]   29   0.00191468   -1.35018e-039   3.30201e-039   [0.000017,-0.000005,]
[10,1,]   30   0.00190579   -1.31683e-039   3.30201e-039   [0.000017,-0.000002,]
[11,1,]   31   0.0016355   -1.39794e-039   3.3931e-039   [0.000017,-0.000001,]
[12,1,]   32   0.00120955   -1.58182e-039   3.57528e-039   [0.000016,0.000001,]
[13,1,]   33   0.000772089   -1.83891e-039   3.84855e-039   [0.000015,0.000002,]
[14,1,]   34   0.000423001   -2.19209e-039   4.21291e-039   [0.000013,0.000002,]
[15,1,]   35   0.000197964   -2.63709e-039   4.66836e-039   [0.000012,0.000002,]
[16,1,]   36   7.87772e-005   -3.17113e-039   5.2149e-039   [0.000011,0.000002,]
[17,1,]   37   2.64725e-005   -3.82759e-039   5.85253e-039   [0.000010,0.000002,]
[18,1,]   38   7.5244e-006   -4.7701e-039   6.58125e-039   [0.000015,0.000002,]
[19,1,]   39   2.06595e-006   -7.03458e-039   7.40106e-039   [0.000021,0.000001,]
[0,2,]   40   6.63685e-006   -6.12779e-039   6.67234e-039   [0.000015,-0.000011,]
[1,2,]   41   2.64692e-005   -3.8448e-039   5.85253e-039   [0.000002,-0.000010,]
[2,2,]   42   9.23788e-005   -3.09627e-039   5.12381e-039   [0.000009,-0.000010,]
[3,2,]   43   0.000273989   -2.41433e-039   4.48618e-039   [0.000011,-0.000010,]
[4,2,]   44   0.000682362   -1.87576e-039   3.93964e-039   [0.000013,-0.000010,]
[5,2,]   45   0.00143715   -1.42614e-039   3.48419e-039   [0.000014,-0.000009,]
[6,2,]   46   0.00257166   -1.07183e-039   3.11983e-039   [0.000016,-0.000008,]
[7,2,]   47   0.00393471   -8.0011e-040   2.84656e-039   [0.000017,-0.000006,]
[8,2,]   48   0.00516922   -6.43469e-040   2.66438e-039   [0.000019,-0.000004,]
[9,2,]   49   0.00589886   -5.68779e-040   2.57329e-039   [0.000020,-0.000002,]
[10,2,]   50   0.00588255   -5.57181e-040   2.57329e-039   [0.000020,0.000001,]
[11,2,]   51   0.00509384   -6.58344e-040   2.66438e-039   [0.000019,0.000004,]
[12,2,]   52   0.00382383   -8.57111e-040   2.84656e-039   [0.000017,0.000006,]
[13,2,]   53   0.00248826   -1.11966e-039   3.11983e-039   [0.000016,0.000007,]
[14,2,]   54   0.00139235   -1.47182e-039   3.48419e-039   [0.000014,0.000008,]
[15,2,]   55   0.000665487   -1.91067e-039   3.93964e-039   [0.000013,0.000009,]
[16,2,]   56   0.000270088   -2.43548e-039   4.48618e-039   [0.000011,0.000009,]
[17,2,]   57   9.23899e-005   -3.07954e-039   5.12381e-039   [0.000010,0.000009,]
[18,2,]   58   2.6671e-005   -4.00071e-039   5.85253e-039   [0.000015,0.000009,]
[19,2,]   59   7.37258e-006   -6.15605e-039   6.67234e-039   [0.000020,0.000008,]
[0,3,]   60   1.99297e-005   -5.35108e-039   6.03471e-039   [0.000014,-0.000011,]
[1,3,]   61   7.87718e-005   -3.17103e-039   5.2149e-039   [0.000002,-0.000011,]
[2,3,]   62   0.000270068   -2.4354e-039   4.48618e-039   [0.000009,-0.000011,]
[3,3,]   63   0.000784518   -1.76276e-039   3.84855e-039   [0.000011,-0.000011,]
[4,3,]   64   0.00190937   -1.23152e-039   3.30201e-039   [0.000013,-0.000011,]
[5,3,]   65   0.00392256   -7.89241e-040   2.84656e-039   [0.000015,-0.000010,]
[6,3,]   66   0.00684244   -4.41897e-040   2.4822e-039   [0.000017,-0.000009,]
[7,3,]   67   0.010224   -1.74261e-040   2.20893e-039   [0.000019,-0.000008,]
[8,3,]   68   0.0131789   -2.30082e-041   2.02675e-039   [0.000021,-0.000005,]
[9,3,]   69   0.0148892   4.86129e-041   1.93566e-039   [0.000023,-0.000002,]
[10,3,]   70   0.0148747   6.46005e-041   1.93566e-039   [0.000023,0.000001,]
[11,3,]   71   0.0130431   -3.28165e-041   2.02675e-039   [0.000021,0.000005,]
[12,3,]   72   0.00999993   -2.26545e-040   2.20893e-039   [0.000020,0.000007,]
[13,3,]   73   0.00668185   -4.78624e-040   2.4822e-039   [0.000017,0.000009,]
[14,3,]   74   0.00384498   -8.19386e-040   2.84656e-039   [0.000015,0.000010,]
[15,3,]   75   0.00188748   -1.24728e-039   3.30201e-039   [0.000013,0.000011,]
[16,3,]   76   0.00078458   -1.76287e-039   3.84855e-039   [0.000011,0.000011,]
[17,3,]   77   0.000274021   -2.39816e-039   4.48618e-039   [0.000010,0.000011,]
[18,3,]   78   8.0503e-005   -3.30195e-039   5.2149e-039   [0.000014,0.000011,]
[19,3,]   79   2.24038e-005   -5.35248e-039   6.03471e-039   [0.000018,0.000009,]
[0,4,]   80   5.06777e-005   -4.70378e-039   5.48817e-039   [0.000014,-0.000012,]
[1,4,]   81   0.000197951   -2.63709e-039   4.66836e-039   [0.000002,-0.000012,]
[2,4,]   82   0.000665441   -1.91069e-039   3.93964e-039   [0.000009,-0.000013,]
[3,4,]   83   0.00188733   -1.24724e-039   3.30201e-039   [0.000011,-0.000013,]
[4,4,]   84   0.00446757   -7.23656e-040   2.75547e-039   [0.000013,-0.000013,]
[5,4,]   85   0.00889149   -2.89996e-040   2.30002e-039   [0.000016,-0.000013,]
[6,4,]   86   0.014984   4.80253e-041   1.93566e-039   [0.000019,-0.000012,]
[7,4,]   87   0.0216374   3.09382e-040   1.66239e-039   [0.000022,-0.000010,]
[8,4,]   88   0.0270927   4.51995e-040   1.48021e-039   [0.000024,-0.000007,]
[9,4,]   89   0.0301186   5.19534e-040   1.38912e-039   [0.000027,-0.000003,]
[10,4,]   90   0.030148   5.40761e-040   1.38912e-039   [0.000027,0.000002,]
[11,4,]   91   0.0269312   4.47295e-040   1.48021e-039   [0.000025,0.000006,]
[12,4,]   92   0.0212938   2.60915e-040   1.66239e-039   [0.000022,0.000010,]
[13,4,]   93   0.0147599   2.1797e-041   1.93566e-039   [0.000019,0.000012,]
[14,4,]   94   0.00880857   -3.06179e-040   2.30002e-039   [0.000016,0.000013,]
[15,4,]   95   0.00446799   -7.23447e-040   2.75547e-039   [0.000013,0.000013,]
[16,4,]   96   0.00190954   -1.23139e-039   3.30201e-039   [0.000011,0.000013,]
[17,4,]   97   0.000682444   -1.85998e-039   3.93964e-039   [0.000010,0.000013,]
[18,4,]   98   0.00020426   -2.74587e-039   4.66836e-039   [0.000013,0.000012,]
[19,4,]   99   5.71513e-005   -4.68953e-039   5.48817e-039   [0.000017,0.000010,]
[0,5,]   100   0.000109905   -4.1358e-039   5.03272e-039   [0.000013,-0.000014,]
[1,5,]   101   0.00042298   -2.19146e-039   4.21291e-039   [0.000002,-0.000013,]
[2,5,]   102   0.00139227   -1.47114e-039   3.48419e-039   [0.000008,-0.000014,]
[3,5,]   103   0.00384472   -8.18566e-040   2.84656e-039   [0.000010,-0.000015,]
[4,5,]   104   0.00880778   -3.05557e-040   2.30002e-039   [0.000013,-0.000016,]
[5,5,]   105   0.0168427   1.14152e-040   1.84457e-039   [0.000016,-0.000016,]
[6,5,]   106   0.0270811   4.34459e-040   1.48021e-039   [0.000020,-0.000016,]
[7,5,]   107   0.0371749   6.78502e-040   1.20694e-039   [0.000024,-0.000014,]
[8,5,]   108   0.0444208   8.00439e-040   1.02476e-039   [0.000029,-0.000010,]
[9,5,]   109   0.0480332   8.61417e-040   9.33673e-040   [0.000033,-0.000004,]
[10,5,]   110   0.0481924   8.89737e-040   9.33673e-040   [0.000033,0.000003,]
[11,5,]   111   0.0443694   8.04187e-040   1.02476e-039   [0.000029,0.000009,]
[12,5,]   112   0.0368106   6.34699e-040   1.20694e-039   [0.000025,0.000013,]
[13,5,]   113   0.0268982   4.20352e-040   1.48021e-039   [0.000020,0.000015,]
[14,5,]   114   0.0168435   1.12428e-040   1.84457e-039   [0.000016,0.000016,]
[15,5,]   115   0.00889199   -2.90659e-040   2.30002e-039   [0.000013,0.000016,]
[16,5,]   116   0.0039228   -7.89858e-040   2.84656e-039   [0.000010,0.000015,]
[17,5,]   117   0.00143727   -1.41169e-039   3.48419e-039   [0.000009,0.000014,]
[18,5,]   118   0.000438547   -2.2767e-039   4.21291e-039   [0.000012,0.000013,]
[19,5,]   119   0.000123103   -4.11316e-039   5.03272e-039   [0.000015,0.000011,]
[0,6,]   120   0.000204151   -3.65801e-039   4.66836e-039   [0.000012,-0.000014,]
[1,6,]   121   0.000771946   -1.83767e-039   3.84855e-039   [0.000002,-0.000015,]
[2,6,]   122   0.00248773   -1.11823e-039   3.11983e-039   [0.000007,-0.000016,]
[3,6,]   123   0.00668022   -4.76861e-040   2.4822e-039   [0.000009,-0.000017,]
[4,6,]   124   0.0147555   2.35749e-041   1.93566e-039   [0.000012,-0.000019,]
[5,6,]   125   0.0268904   4.23773e-040   1.48021e-039   [0.000015,-0.000020,]
[6,6,]   126   0.0406195   7.12287e-040   1.11585e-039   [0.000020,-0.000021,]
[7,6,]   127   0.0517003   9.18405e-040   8.42583e-040   [0.000027,-0.000020,]
[8,6,]   128   0.0570441   9.80881e-040   6.60403e-040   [0.000034,-0.000016,]
[9,6,]   129   0.0585114   1.04758e-039   5.69313e-040   [0.000041,-0.000008,]
[10,6,]   130   0.0588903   1.08318e-039   5.69313e-040   [0.000042,0.000004,]
[11,6,]   131   0.0572707   9.93373e-040   6.60403e-040   [0.000036,0.000014,]
[12,6,]   132   0.0514933   8.77329e-040   8.42583e-040   [0.000028,0.000019,]
[13,6,]   133   0.0406419   7.10739e-040   1.11585e-039   [0.000021,0.000020,]
[14,6,]   134   0.0270872   4.34344e-040   1.48021e-039   [0.000016,0.000020,]
[15,6,]   135   0.0149871   4.86459e-041   1.93566e-039   [0.000012,0.000019,]
[16,6,]   136   0.00684378   -4.41509e-040   2.4822e-039   [0.000009,0.000017,]
[17,6,]   137   0.00257213   -1.0573e-039   3.11983e-039   [0.000008,0.000016,]
[18,6,]   138   0.000799696   -1.89878e-039   3.84855e-039   [0.000010,0.000014,]
[19,6,]   139   0.000224516   -3.63441e-039   4.66836e-039   [0.000013,0.000012,]
[0,7,]   140   0.000326102   -3.28037e-039   4.39509e-039   [0.000011,-0.000015,]
[1,7,]   141   0.00120888   -1.57509e-039   3.57528e-039   [0.000001,-0.000016,]
[2,7,]   142   0.00382132   -8.49776e-040   2.84656e-039   [0.000006,-0.000017,]
[3,7,]   143   0.00999216   -2.18349e-040   2.20893e-039   [0.000007,-0.000019,]
[4,7,]   144   0.0212734   2.69675e-040   1.66239e-039   [0.000010,-0.000022,]
[5,7,]   145   0.036769   6.4584e-040   1.20694e-039   [0.000013,-0.000025,]
[6,7,]   146   0.0514059   8.85855e-040   8.42583e-040   [0.000019,-0.000028,]
[7,7,]   147   0.0586148   1.00883e-039   5.69313e-040   [0.000028,-0.000030,]
[8,7,]   148   0.0561423   9.52435e-040   3.87133e-040   [0.000041,-0.000027,]
[9,7,]   149   0.0507923   9.376e-040   2.96043e-040   [0.000056,-0.000017,]
[10,7,]   150   0.0514817   1.00396e-039   2.96043e-040   [0.000059,0.000005,]
[11,7,]   151   0.056677   9.79642e-040   3.87133e-040   [0.000045,0.000023,]
[12,7,]   152   0.0587071   9.81167e-040   5.69313e-040   [0.000030,0.000028,]
[13,7,]   153   0.0517148   8.98535e-040   8.42583e-040   [0.000020,0.000027,]
[14,7,]   154   0.0371769   6.63931e-040   1.20694e-039   [0.000014,0.000024,]
[15,7,]   155   0.02164   2.98068e-040   1.66239e-039   [0.000010,0.000022,]
[16,7,]   156   0.0102257   -1.83944e-040   2.20893e-039   [0.000008,0.000019,]
[17,7,]   157   0.00393538   -7.94976e-040   2.84656e-039   [0.000006,0.000017,]
[18,7,]   158   0.00124406   -1.61077e-039   3.57528e-039   [0.000009,0.000016,]
[19,7,]   159   0.000347909   -3.26128e-039   4.39509e-039   [0.000011,0.000013,]
[0,8,]   160   0.000449286   -3.01576e-039   4.21291e-039   [0.000009,-0.000015,]
[1,8,]   161   0.00163126   -1.40416e-039   3.3931e-039   [-0.000001,-0.000017,]
[2,8,]   162   0.00507898   -6.65652e-040   2.66438e-039   [0.000004,-0.000019,]
[3,8,]   163   0.0129996   -4.12207e-041   2.02675e-039   [0.000005,-0.000021,]
[4,8,]   164   0.0268259   4.36977e-040   1.48021e-039   [0.000006,-0.000025,]
[5,8,]   165   0.0441651   7.93039e-040   1.02476e-039   [0.000009,-0.000029,]
[6,8,]   166   0.0569338   9.72619e-040   6.60403e-040   [0.000014,-0.000035,]
[7,8,]   167   0.0563373   9.68454e-040   3.87133e-040   [0.000024,-0.000044,]
[8,8,]   168   0.0418143   5.428e-040   2.04953e-040   [0.000043,-0.000053,]
[9,8,]   169   0.0259648   -6.81783e-040   1.13863e-040   [0.000085,-0.000041,]
[10,8,]   170   0.0269446   -2.11065e-040   1.13863e-040   [0.000094,0.000016,]
[11,8,]   171   0.042256   5.72151e-040   2.04953e-040   [0.000054,0.000043,]
[12,8,]   172   0.0565649   9.57099e-040   3.87133e-040   [0.000028,0.000041,]
[13,8,]   173   0.0573369   9.88452e-040   6.60403e-040   [0.000016,0.000034,]
[14,8,]   174   0.0445983   8.08406e-040   1.02476e-039   [0.000010,0.000029,]
[15,8,]   175   0.0271854   4.59969e-040   1.48021e-039   [0.000007,0.000024,]
[16,8,]   176   0.0132184   -1.5949e-041   2.02675e-039   [0.000005,0.000021,]
[17,8,]   177   0.00518278   -6.24146e-040   2.66438e-039   [0.000004,0.000019,]
[18,8,]   178   0.00165885   -1.41297e-039   3.3931e-039   [0.000007,0.000016,]
[19,8,]   179   0.000459864   -3.00511e-039   4.21291e-039   [0.000009,0.000014,]
[0,9,]   180   0.000534613   -2.87614e-039   4.12182e-039   [0.000008,-0.000015,]
[1,9,]   181   0.00190224   -1.3257e-039   3.30201e-039   [-0.000002,-0.000017,]
[2,9,]   182   0.0058704   -5.67402e-040   2.57329e-039   [0.000001,-0.000019,]
[3,9,]   183   0.0148399   5.2977e-041   1.93566e-039   [0.000002,-0.000022,]
[4,9,]   184   0.0300654   5.26885e-040   1.38912e-039   [0.000002,-0.000026,]
[5,9,]   185   0.0480346   8.72619e-040   9.33673e-040   [0.000003,-0.000032,]
[6,9,]   186   0.0586472   1.05223e-039   5.69313e-040   [0.000004,-0.000041,]
[7,9,]   187   0.0513298   9.60759e-040   2.96043e-040   [0.000006,-0.000057,]
[8,9,]   188   0.0270019   -1.94059e-040   1.13863e-040   [0.000017,-0.000091,]
[9,9,]   189   0.00469744   -1.68008e-038   2.27725e-041   [0.000140,-0.000154,]
[10,9,]   190   0.00471609   -1.6839e-038   2.27725e-041   [0.000157,0.000138,]
[11,9,]   191   0.0265463   -5.08324e-040   1.13863e-040   [0.000042,0.000084,]
[12,9,]   192   0.0514072   9.96032e-040   2.96043e-040   [0.000016,0.000055,]
[13,9,]   193   0.0588558   1.06767e-039   5.69313e-040   [0.000008,0.000040,]
[14,9,]   194   0.0482318   8.80496e-040   9.33673e-040   [0.000004,0.000032,]
[15,9,]   195   0.0302187   5.35698e-040   1.38912e-039   [0.000003,0.000026,]
[16,9,]   196   0.014931   6.23209e-041   1.93566e-039   [0.000002,0.000022,]
[17,9,]   197   0.00591278   -5.44485e-040   2.57329e-039   [0.000002,0.000019,]
[18,9,]   198   0.00190424   -1.30635e-039   3.30201e-039   [0.000005,0.000017,]
[19,9,]   199   0.000520602   -2.87721e-039   4.12182e-039   [0.000008,0.000015,]
[0,10,]   200   0.000549033   -2.86851e-039   4.12182e-039   [0.000006,-0.000015,]
[1,10,]   201   0.00191867   -1.34013e-039   3.30201e-039   [-0.000005,-0.000017,]
[2,10,]   202   0.00591296   -5.57294e-040   2.57329e-039   [-0.000002,-0.000019,]
[3,10,]   203   0.0149307   6.21746e-041   1.93566e-039   [-0.000002,-0.000022,]
[4,10,]   204   0.0302185   5.35688e-040   1.38912e-039   [-0.000003,-0.000026,]
[5,10,]   205   0.0482318   8.80518e-040   9.33673e-040   [-0.000004,-0.000032,]
[6,10,]   206   0.0588558   1.06767e-039   5.69313e-040   [-0.000008,-0.000040,]
[7,10,]   207   0.0514072   9.96032e-040   2.96043e-040   [-0.000016,-0.000055,]
[8,10,]   208   0.0265463   -5.08324e-040   1.13863e-040   [-0.000042,-0.000084,]
[9,10,]   209   0.00471609   -1.6839e-038   2.27725e-041   [-0.000157,-0.000138,]
[10,10,]   210   0.00469744   -1.68008e-038   2.27725e-041   [-0.000140,0.000154,]
[11,10,]   211   0.0270019   -1.94059e-040   1.13863e-040   [-0.000017,0.000091,]
[12,10,]   212   0.0513298   9.60759e-040   2.96043e-040   [-0.000006,0.000057,]
[13,10,]   213   0.0586472   1.05223e-039   5.69313e-040   [-0.000004,0.000041,]
[14,10,]   214   0.0480346   8.72598e-040   9.33673e-040   [-0.000003,0.000032,]
[15,10,]   215   0.0300657   5.26896e-040   1.38912e-039   [-0.000002,0.000026,]
[16,10,]   216   0.0148402   5.31699e-041   1.93566e-039   [-0.000002,0.000022,]
[17,10,]   217   0.00587006   -5.54717e-040   2.57329e-039   [-0.000001,0.000019,]
[18,10,]   218   0.00188787   -1.29178e-039   3.30201e-039   [0.000003,0.000017,]
[19,10,]   219   0.000506627   -2.88497e-039   4.12182e-039   [0.000006,0.000015,]
[0,11,]   220   0.00048537   -2.99269e-039   4.21291e-039   [0.000005,-0.000014,]
[1,11,]   221   0.00167166   -1.44717e-039   3.3931e-039   [-0.000007,-0.000016,]
[2,11,]   222   0.00518282   -6.37308e-040   2.66438e-039   [-0.000004,-0.000019,]
[3,11,]   223   0.0132182   -1.60536e-041   2.02675e-039   [-0.000005,-0.000021,]
[4,11,]   224   0.0271852   4.59958e-040   1.48021e-039   [-0.000007,-0.000024,]
[5,11,]   225   0.0445983   8.08427e-040   1.02476e-039   [-0.000010,-0.000029,]
[6,11,]   226   0.0573369   9.88452e-040   6.60403e-040   [-0.000016,-0.000034,]
[7,11,]   227   0.0565649   9.57099e-040   3.87133e-040   [-0.000028,-0.000041,]
[8,11,]   228   0.042256   5.72151e-040   2.04953e-040   [-0.000054,-0.000043,]
[9,11,]   229   0.0269446   -2.11065e-040   1.13863e-040   [-0.000094,-0.000016,]
[10,11,]   230   0.0259648   -6.81783e-040   1.13863e-040   [-0.000085,0.000041,]
[11,11,]   231   0.0418143   5.42801e-040   2.04953e-040   [-0.000043,0.000053,]
[12,11,]   232   0.0563373   9.68454e-040   3.87133e-040   [-0.000024,0.000044,]
[13,11,]   233   0.0569338   9.72618e-040   6.60403e-040   [-0.000014,0.000035,]
[14,11,]   234   0.0441651   7.93019e-040   1.02476e-039   [-0.000009,0.000029,]
[15,11,]   235   0.0268261   4.3699e-040   1.48021e-039   [-0.000006,0.000025,]
[16,11,]   236   0.0129998   -4.09774e-041   2.02675e-039   [-0.000005,0.000021,]
[17,11,]   237   0.00507855   -6.52861e-040   2.66438e-039   [-0.000004,0.000019,]
[18,11,]   238   0.00161859   -1.36958e-039   3.3931e-039   [0.000001,0.000017,]
[19,11,]   239   0.000424908   -3.02881e-039   4.21291e-039   [0.000005,0.000015,]
[0,12,]   240   0.000367936   -3.24205e-039   4.39509e-039   [0.000003,-0.000013,]
[1,12,]   241   0.00125401   -1.64589e-039   3.57528e-039   [-0.000009,-0.000016,]
[2,12,]   242   0.00393534   -8.08672e-040   2.84656e-039   [-0.000006,-0.000017,]
[3,12,]   243   0.0102255   -1.84012e-040   2.20893e-039   [-0.000008,-0.000019,]
[4,12,]   244   0.0216398   2.98057e-040   1.66239e-039   [-0.000010,-0.000022,]
[5,12,]   245   0.0371769   6.63952e-040   1.20694e-039   [-0.000014,-0.000024,]
[6,12,]   246   0.0517148   8.98535e-040   8.42583e-040   [-0.000020,-0.000027,]
[7,12,]   247   0.0587071   9.81167e-040   5.69313e-040   [-0.000030,-0.000028,]
[8,12,]   248   0.056677   9.79642e-040   3.87133e-040   [-0.000045,-0.000023,]
[9,12,]   249   0.0514817   1.00396e-039   2.96043e-040   [-0.000059,-0.000005,]
[10,12,]   250   0.0507923   9.376e-040   2.96043e-040   [-0.000056,0.000017,]
[11,12,]   251   0.0561423   9.52435e-040   3.87133e-040   [-0.000041,0.000027,]
[12,12,]   252   0.0586148   1.00883e-039   5.69313e-040   [-0.000028,0.000030,]
[13,12,]   253   0.0514059   8.85855e-040   8.42583e-040   [-0.000019,0.000028,]
[14,12,]   254   0.036769   6.45821e-040   1.20694e-039   [-0.000013,0.000025,]
[15,12,]   255   0.0212736   2.69689e-040   1.66239e-039   [-0.000010,0.000022,]
[16,12,]   256   0.00999235   -2.18055e-040   2.20893e-039   [-0.000007,0.000019,]
[17,12,]   257   0.00382089   -8.3669e-040   2.84656e-039   [-0.000006,0.000017,]
[18,12,]   258   0.00119906   -1.53936e-039   3.57528e-039   [-0.000001,0.000016,]
[19,12,]   259   0.000307416   -3.30129e-039   4.39509e-039   [0.000004,0.000015,]
[0,13,]   260   0.000238109   -3.60633e-039   4.66836e-039   [0.000002,-0.000012,]
[1,13,]   261   0.00080639   -1.93523e-039   3.84855e-039   [-0.000011,-0.000014,]
[2,13,]   262   0.00257206   -1.07163e-039   3.11983e-039   [-0.000008,-0.000016,]
[3,13,]   263   0.00684364   -4.41547e-040   2.4822e-039   [-0.000009,-0.000017,]
[4,13,]   264   0.014987   4.86328e-041   1.93566e-039   [-0.000012,-0.000019,]
[5,13,]   265   0.0270872   4.34364e-040   1.48021e-039   [-0.000016,-0.000020,]
[6,13,]   266   0.0406419   7.10738e-040   1.11585e-039   [-0.000021,-0.000020,]
[7,13,]   267   0.0514933   8.77329e-040   8.42583e-040   [-0.000028,-0.000019,]
[8,13,]   268   0.0572707   9.93373e-040   6.60403e-040   [-0.000036,-0.000014,]
[9,13,]   269   0.0588903   1.08318e-039   5.69313e-040   [-0.000042,-0.000004,]
[10,13,]   270   0.0585114   1.04758e-039   5.69313e-040   [-0.000041,0.000008,]
[11,13,]   271   0.0570441   9.80881e-040   6.60403e-040   [-0.000034,0.000016,]
[12,13,]   272   0.0517003   9.18405e-040   8.42583e-040   [-0.000027,0.000020,]
[13,13,]   273   0.0406195   7.12287e-040   1.11585e-039   [-0.000020,0.000021,]
[14,13,]   274   0.0268904   4.23755e-040   1.48021e-039   [-0.000015,0.000020,]
[15,13,]   275   0.0147556   2.35911e-041   1.93566e-039   [-0.000012,0.000019,]
[16,13,]   276   0.00668035   -4.76517e-040   2.4822e-039   [-0.000009,0.000017,]
[17,13,]   277   0.00248738   -1.10473e-039   3.11983e-039   [-0.000007,0.000016,]
[18,13,]   278   0.000765334   -1.80044e-039   3.84855e-039   [-0.000001,0.000015,]
[19,13,]   279   0.000191677   -3.68945e-039   4.66836e-039   [0.000004,0.000015,]
[0,14,]   280   0.000130985   -4.0752e-039   5.03272e-039   [0.000001,-0.000011,]
[1,14,]   281   0.000442401   -2.31477e-039   4.21291e-039   [-0.000012,-0.000013,]
[2,14,]   282   0.00143721   -1.42672e-039   3.48419e-039   [-0.000009,-0.000014,]
[3,14,]   283   0.00392272   -7.89888e-040   2.84656e-039   [-0.000010,-0.000015,]
[4,14,]   284   0.00889191   -2.90691e-040   2.30002e-039   [-0.000013,-0.000016,]
[5,14,]   285   0.0168435   1.1243e-040   1.84457e-039   [-0.000016,-0.000016,]
[6,14,]   286   0.0268982   4.20333e-040   1.48021e-039   [-0.000020,-0.000015,]
[7,14,]   287   0.0368106   6.3468e-040   1.20694e-039   [-0.000025,-0.000013,]
[8,14,]   288   0.0443694   8.04167e-040   1.02476e-039   [-0.000029,-0.000009,]
[9,14,]   289   0.0481924   8.89716e-040   9.33673e-040   [-0.000033,-0.000003,]
[10,14,]   290   0.0480332   8.61396e-040   9.33673e-040   [-0.000033,0.000004,]
[11,14,]   291   0.0444208   8.00418e-040   1.02476e-039   [-0.000029,0.000010,]
[12,14,]   292   0.0371749   6.78481e-040   1.20694e-039   [-0.000024,0.000014,]
[13,14,]   293   0.0270811   4.34438e-040   1.48021e-039   [-0.000020,0.000016,]
[14,14,]   294   0.0168427   1.14113e-040   1.84457e-039   [-0.000016,0.000016,]
[15,14,]   295   0.00880786   -3.0556e-040   2.30002e-039   [-0.000013,0.000016,]
[16,14,]   296   0.0038448   -8.182e-040   2.84656e-039   [-0.000010,0.000015,]
[17,14,]   297   0.00139203   -1.45717e-039   3.48419e-039   [-0.000008,0.000014,]
[18,14,]   298   0.000419152   -2.15251e-039   4.21291e-039   [-0.000002,0.000013,]
[19,14,]   299   0.000102734   -4.17923e-039   5.03272e-039   [0.000004,0.000014,]
[0,15,]   300   6.10203e-005   -4.64138e-039   5.48817e-039   [0.000001,-0.000010,]
[1,15,]   301   0.000206143   -2.78561e-039   4.66836e-039   [-0.000013,-0.000012,]
[2,15,]   302   0.000682412   -1.87562e-039   3.93964e-039   [-0.000010,-0.000013,]
[3,15,]   303   0.00190952   -1.23137e-039   3.30201e-039   [-0.000011,-0.000013,]
[4,15,]   304   0.00446799   -7.23443e-040   2.75547e-039   [-0.000013,-0.000013,]
[5,15,]   305   0.00880865   -3.06142e-040   2.30002e-039   [-0.000016,-0.000013,]
[6,15,]   306   0.01476   2.18123e-041   1.93566e-039   [-0.000019,-0.000012,]
[7,15,]   307   0.021294   2.60929e-040   1.66239e-039   [-0.000022,-0.000010,]
[8,15,]   308   0.0269314   4.47308e-040   1.48021e-039   [-0.000025,-0.000006,]
[9,15,]   309   0.0301483   5.40772e-040   1.38912e-039   [-0.000027,-0.000002,]
[10,15,]   310   0.0301189   5.19545e-040   1.38912e-039   [-0.000027,0.000003,]
[11,15,]   311   0.027093   4.52005e-040   1.48021e-039   [-0.000024,0.000007,]
[12,15,]   312   0.0216375   3.09393e-040   1.66239e-039   [-0.000022,0.000010,]
[13,15,]   313   0.0149841   4.80371e-041   1.93566e-039   [-0.000019,0.000012,]
[14,15,]   314   0.00889157   -2.9e-040   2.30002e-039   [-0.000016,0.000013,]
[15,15,]   315   0.00446765   -7.23623e-040   2.75547e-039   [-0.000013,0.000013,]
[16,15,]   316   0.00188739   -1.24681e-039   3.30201e-039   [-0.000011,0.000013,]
[17,15,]   317   0.000665323   -1.89621e-039   3.93964e-039   [-0.000009,0.000013,]
[18,15,]   318   0.000196067   -2.59628e-039   4.66836e-039   [-0.000002,0.000012,]
[19,15,]   319   4.71626e-005   -4.7595e-039   5.48817e-039   [0.000005,0.000013,]
[0,16,]   320   2.40016e-005   -5.29394e-039   6.03471e-039   [0.000000,-0.000009,]
[1,16,]   321   8.12787e-005   -3.34295e-039   5.2149e-039   [-0.000014,-0.000011,]
[2,16,]   322   0.000274008   -2.41394e-039   4.48618e-039   [-0.000010,-0.000011,]
[3,16,]   323   0.000784578   -1.7624e-039   3.84855e-039   [-0.000011,-0.000011,]
[4,16,]   324   0.0018875   -1.24688e-039   3.30201e-039   [-0.000013,-0.000011,]
[5,16,]   325   0.00384505   -8.1898e-040   2.84656e-039   [-0.000015,-0.000010,]
[6,16,]   326   0.00668198   -4.78281e-040   2.4822e-039   [-0.000017,-0.000009,]
[7,16,]   327   0.0100001   -2.2625e-040   2.20893e-039   [-0.000020,-0.000007,]
[8,16,]   328   0.0130434   -3.25734e-041   2.02675e-039   [-0.000021,-0.000005,]
[9,16,]   329   0.014875   6.47935e-041   1.93566e-039   [-0.000023,-0.000001,]
[10,16,]   330   0.0148894   4.87592e-041   1.93566e-039   [-0.000023,0.000002,]
[11,16,]   331   0.0131792   -2.29038e-041   2.02675e-039   [-0.000021,0.000005,]
[12,16,]   332   0.0102242   -1.74193e-040   2.20893e-039   [-0.000019,0.000008,]
[13,16,]   333   0.00684258   -4.4186e-040   2.4822e-039   [-0.000017,0.000009,]
[14,16,]   334   0.00392264   -7.89246e-040   2.84656e-039   [-0.000015,0.000010,]
[15,16,]   335   0.00190942   -1.23151e-039   3.30201e-039   [-0.000013,0.000011,]
[16,16,]   336   0.00078455   -1.76233e-039   3.84855e-039   [-0.000011,0.000011,]
[17,16,]   337   0.000270019   -2.4205e-039   4.48618e-039   [-0.000009,0.000011,]
[18,16,]   338   7.79879e-005   -3.12845e-039   5.2149e-039   [-0.000002,0.000011,]
[19,16,]   339   1.84705e-005   -5.41863e-039   6.03471e-039   [0.000005,0.000011,]
[0,17,]   340   7.92158e-006   -6.07219e-039   6.67234e-039   [-0.000000,-0.000008,]
[1,17,]   341   2.69314e-005   -4.02805e-039   5.85253e-039   [-0.000015,-0.000009,]
[2,17,]   342   9.23633e-005   -3.08095e-039   5.12381e-039   [-0.000010,-0.000010,]
[3,17,]   343   0.000270027   -2.42051e-039   4.48618e-039   [-0.000011,-0.000009,]
[4,17,]   344   0.000665357   -1.89622e-039   3.93964e-039   [-0.000013,-0.000009,]
[5,17,]   345   0.00139212   -1.45782e-039   3.48419e-039   [-0.000014,-0.000008,]
[6,17,]   346   0.00248791   -1.10616e-039   3.11983e-039   [-0.000016,-0.000007,]
[7,17,]   347   0.0038234   -8.44025e-040   2.84656e-039   [-0.000017,-0.000006,]
[8,17,]   348   0.00509341   -6.45547e-040   2.66438e-039   [-0.000019,-0.000004,]
[9,17,]   349   0.00588221   -5.44481e-040   2.57329e-039   [-0.000020,-0.000001,]
[10,17,]   350   0.00589867   -5.5596e-040   2.57329e-039   [-0.000020,0.000002,]
[11,17,]   351   0.00516917   -6.30305e-040   2.66438e-039   [-0.000019,0.000004,]
[12,17,]   352   0.00393475   -7.86412e-040   2.84656e-039   [-0.000017,0.000006,]
[13,17,]   353   0.00257173   -1.05749e-039   3.11983e-039   [-0.000016,0.000008,]
[14,17,]   354   0.00143722   -1.41114e-039   3.48419e-039   [-0.000014,0.000009,]
[15,17,]   355   0.000682407   -1.86008e-039   3.93964e-039   [-0.000013,0.000009,]
[16,17,]   356   0.000274013   -2.39761e-039   4.48618e-039   [-0.000011,0.000010,]
[17,17,]   357   9.23659e-005   -3.06415e-039   5.12381e-039   [-0.000010,0.000010,]
[18,17,]   358   2.61968e-005   -3.78319e-039   5.85253e-039   [-0.000002,0.000010,]
[19,17,]   359   6.12806e-006   -6.18797e-039   6.67234e-039   [0.000006,0.000011,]
[0,18,]   360   2.20197e-006   -6.91444e-039   7.40106e-039   [-0.000000,-0.000000,]
[1,18,]   361   7.52064e-006   -4.76882e-039   6.58125e-039   [-0.000016,-0.000001,]
[2,18,]   362   2.61958e-005   -3.80051e-039   5.85253e-039   [-0.000010,-0.000002,]
[3,18,]   363   7.79898e-005   -3.12848e-039   5.2149e-039   [-0.000011,-0.000002,]
[4,18,]   364   0.000196076   -2.59631e-039   4.66836e-039   [-0.000012,-0.000002,]
[5,18,]   365   0.000419173   -2.1531e-039   4.21291e-039   [-0.000013,-0.000002,]
[6,18,]   366   0.000765477   -1.80168e-039   3.84855e-039   [-0.000015,-0.000001,]
[7,18,]   367   0.00119973   -1.54608e-039   3.57528e-039   [-0.000016,-0.000001,]
[8,18,]   368   0.00162279   -1.36334e-039   3.3931e-039   [-0.000017,0.000001,]
[9,18,]   369   0.00189137   -1.28292e-039   3.30201e-039   [-0.000017,0.000003,]
[10,18,]   370   0.00190027   -1.31637e-039   3.30201e-039   [-0.000017,0.000005,]
[11,18,]   371   0.00165496   -1.41846e-039   3.3931e-039   [-0.000017,0.000007,]
[12,18,]   372   0.00124385   -1.60317e-039   3.57528e-039   [-0.000016,0.000009,]
[13,18,]   373   0.000799584   -1.89886e-039   3.84855e-039   [-0.000014,0.000010,]
[14,18,]   374   0.000438533   -2.27619e-039   4.21291e-039   [-0.000013,0.000012,]
[15,18,]   375   0.00020425   -2.74593e-039   4.66836e-039   [-0.000012,0.000013,]
[16,18,]   376   8.0501e-005   -3.30138e-039   5.2149e-039   [-0.000011,0.000014,]
[17,18,]   377   2.6664e-005   -3.98487e-039   5.85253e-039   [-0.000009,0.000015,]
[18,18,]   378   7.44344e-006   -4.72365e-039   6.58125e-039   [-0.000001,0.000015,]
[19,18,]   379   1.72471e-006   -7.24259e-039   7.40106e-039   [0.000007,0.000016,]
[0,19,]   380   5.14028e-007   -9.49309e-039   8.22087e-039   [-0.000001,0.000008,]
[1,19,]   381   1.74374e-006   -7.28789e-039   7.40106e-039   [-0.000017,0.000007,]
[2,19,]   382   6.1279e-006   -6.20628e-039   6.67234e-039   [-0.000011,0.000006,]
[3,19,]   383   1.84711e-005   -5.4187e-039   6.03471e-039   [-0.000012,0.000005,]
[4,19,]   384   4.7165e-005   -4.75956e-039   5.48817e-039   [-0.000013,0.000005,]
[5,19,]   385   0.00010274   -4.1798e-039   5.03272e-039   [-0.000014,0.000004,]
[6,19,]   386   0.000191709   -3.69075e-039   4.66836e-039   [-0.000014,0.000004,]
[7,19,]   387   0.00030757   -3.3083e-039   4.39509e-039   [-0.000015,0.000004,]
[8,19,]   388   0.000425936   -3.02511e-039   4.21291e-039   [-0.000016,0.000005,]
[9,19,]   389   0.000507549   -2.8776e-039   4.12182e-039   [-0.000016,0.000006,]
[10,19,]   390   0.000519658   -2.88445e-039   4.12182e-039   [-0.000015,0.000008,]
[11,19,]   391   0.000458875   -3.00895e-039   4.21291e-039   [-0.000014,0.000009,]
[12,19,]   392   0.000347856   -3.2544e-039   4.39509e-039   [-0.000013,0.000011,]
[13,19,]   393   0.000224487   -3.63437e-039   4.66836e-039   [-0.000012,0.000013,]
[14,19,]   394   0.000123098   -4.1127e-039   5.03272e-039   [-0.000011,0.000015,]
[15,19,]   395   5.71485e-005   -4.68955e-039   5.48817e-039   [-0.000010,0.000017,]
[16,19,]   396   2.24032e-005   -5.35185e-039   6.03471e-039   [-0.000009,0.000018,]
[17,19,]   397   7.3705e-006   -6.13951e-039   6.67234e-039   [-0.000008,0.000020,]
[18,19,]   398   2.04256e-006   -6.98854e-039   7.40106e-039   [-0.000000,0.000021,]
[19,19,]   399   4.74632e-007   -9.59757e-039   8.22087e-039   [0.000008,0.000022,]
