coordinates  index   rho      Q      V    velocities 
[0,0,]   0   3.42974e-008   -9.12974e-039   8.22087e-039   [0.000017,0.000005,]
[1,0,]   1   1.14592e-007   -7.06939e-039   7.40106e-039   [-0.000005,0.000005,]
[2,0,]   2   3.99252e-007   -6.07527e-039   6.67234e-039   [0.000005,0.000005,]
[3,0,]   3   1.20569e-006   -5.24038e-039   6.03471e-039   [0.000007,0.000005,]
[4,0,]   4   3.04169e-006   -4.60535e-039   5.48817e-039   [0.000008,0.000006,]
[5,0,]   5   6.47163e-006   -4.05213e-039   5.03272e-039   [0.000008,0.000006,]
[6,0,]   6   1.16499e-005   -3.59765e-039   4.66836e-039   [0.000009,0.000007,]
[7,0,]   7   1.78231e-005   -3.24755e-039   4.39509e-039   [0.000010,0.000008,]
[8,0,]   8   2.32947e-005   -3.01149e-039   4.21291e-039   [0.000011,0.000009,]
[9,0,]   9   2.61578e-005   -2.89875e-039   4.12182e-039   [0.000012,0.000010,]
[10,0,]   10   2.53657e-005   -2.91329e-039   4.12182e-039   [0.000012,0.000012,]
[11,0,]   11   2.13168e-005   -3.05333e-039   4.21291e-039   [0.000013,0.000013,]
[12,0,]   12   1.55401e-005   -3.31234e-039   4.39509e-039   [0.000013,0.000014,]
[13,0,]   13   9.80936e-006   -3.67835e-039   4.66836e-039   [0.000012,0.000015,]
[14,0,]   14   5.33985e-006   -4.13971e-039   5.03272e-039   [0.000012,0.000016,]
[15,0,]   15   2.49362e-006   -4.68832e-039   5.48817e-039   [0.000011,0.000016,]
[16,0,]   16   9.93424e-007   -5.31072e-039   6.03471e-039   [0.000010,0.000017,]
[17,0,]   17   3.33916e-007   -6.07429e-039   6.67234e-039   [0.000010,0.000017,]
[18,0,]   18   9.53883e-008   -7.22616e-039   7.40106e-039   [0.000018,0.000017,]
[19,0,]   19   2.89253e-008   -9.35063e-039   8.22087e-039   [0.000026,0.000017,]
[0,1,]   20   9.79911e-008   -7.31423e-039   7.40106e-039   [0.000017,-0.000019,]
[1,1,]   21   3.34541e-007   -5.17278e-039   6.58125e-039   [-0.000003,-0.000018,]
[2,1,]   22   1.1705e-006   -4.25818e-039   5.85253e-039   [0.000007,-0.000017,]
[3,1,]   23   3.54973e-006   -3.49453e-039   5.2149e-039   [0.000008,-0.000016,]
[4,1,]   24   9.0122e-006   -2.92948e-039   4.66836e-039   [0.000010,-0.000015,]
[5,1,]   25   1.93494e-005   -2.44472e-039   4.21291e-039   [0.000011,-0.000013,]
[6,1,]   26   3.52586e-005   -2.05246e-039   3.84855e-039   [0.000012,-0.000012,]
[7,1,]   27   5.47774e-005   -1.7517e-039   3.57528e-039   [0.000013,-0.000010,]
[8,1,]   28   7.29055e-005   -1.54444e-039   3.3931e-039   [0.000013,-0.000008,]
[9,1,]   29   8.35077e-005   -1.43334e-039   3.30201e-039   [0.000014,-0.000006,]
[10,1,]   30   8.26099e-005   -1.41962e-039   3.30201e-039   [0.000014,-0.000004,]
[11,1,]   31   7.07014e-005   -1.503e-039   3.3931e-039   [0.000013,-0.000003,]
[12,1,]   32   5.23196e-005   -1.68315e-039   3.57528e-039   [0.000013,-0.000002,]
[13,1,]   33   3.33875e-005   -1.95734e-039   3.84855e-039   [0.000012,-0.000002,]
[14,1,]   34   1.82976e-005   -2.3236e-039   4.21291e-039   [0.000011,-0.000002,]
[15,1,]   35   8.57079e-006   -2.7813e-039   4.66836e-039   [0.000010,-0.000002,]
[16,1,]   36   3.41504e-006   -3.3215e-039   5.2149e-039   [0.000009,-0.000002,]
[17,1,]   37   1.14564e-006   -4.01202e-039   5.85253e-039   [0.000009,-0.000003,]
[18,1,]   38   3.26083e-007   -5.08292e-039   6.58125e-039   [0.000017,-0.000003,]
[19,1,]   39   9.72479e-008   -7.25048e-039   7.40106e-039   [0.000025,-0.000005,]
[0,2,]   40   3.33916e-007   -6.11807e-039   6.67234e-039   [0.000017,-0.000010,]
[1,2,]   41   1.14558e-006   -4.05391e-039   5.85253e-039   [-0.000003,-0.000009,]
[2,2,]   42   3.95223e-006   -3.1803e-039   5.12381e-039   [0.000007,-0.000009,]
[3,2,]   43   1.17855e-005   -2.44693e-039   4.48618e-039   [0.000009,-0.000009,]
[4,2,]   44   2.93986e-005   -1.91065e-039   3.93964e-039   [0.000010,-0.000008,]
[5,2,]   45   6.19868e-005   -1.45809e-039   3.48419e-039   [0.000011,-0.000008,]
[6,2,]   46   0.000110989   -1.10058e-039   3.11983e-039   [0.000013,-0.000007,]
[7,2,]   47   0.000169798   -8.3546e-040   2.84656e-039   [0.000014,-0.000005,]
[8,2,]   48   0.000223458   -6.63301e-040   2.66438e-039   [0.000015,-0.000004,]
[9,2,]   49   0.000254627   -5.83623e-040   2.57329e-039   [0.000016,-0.000001,]
[10,2,]   50   0.000252392   -5.95423e-040   2.57329e-039   [0.000016,0.000001,]
[11,2,]   51   0.000218003   -6.97042e-040   2.66438e-039   [0.000015,0.000003,]
[12,2,]   52   0.00016381   -8.8419e-040   2.84656e-039   [0.000014,0.000004,]
[13,2,]   53   0.000106563   -1.15597e-039   3.11983e-039   [0.000013,0.000006,]
[14,2,]   54   5.9631e-005   -1.51116e-039   3.48419e-039   [0.000011,0.000007,]
[15,2,]   55   2.85127e-005   -1.95207e-039   3.93964e-039   [0.000010,0.000007,]
[16,2,]   56   1.15798e-005   -2.47272e-039   4.48618e-039   [0.000009,0.000007,]
[17,2,]   57   3.95239e-006   -3.13986e-039   5.12381e-039   [0.000009,0.000007,]
[18,2,]   58   1.142e-006   -4.17153e-039   5.85253e-039   [0.000016,0.000007,]
[19,2,]   59   3.40982e-007   -6.23754e-039   6.67234e-039   [0.000024,0.000006,]
[0,3,]   60   9.93309e-007   -5.31126e-039   6.03471e-039   [0.000017,-0.000010,]
[1,3,]   61   3.41464e-006   -3.32194e-039   5.2149e-039   [-0.000002,-0.000009,]
[2,3,]   62   1.15785e-005   -2.47316e-039   4.48618e-039   [0.000007,-0.000009,]
[3,3,]   63   3.38043e-005   -1.75336e-039   3.84855e-039   [0.000009,-0.000009,]
[4,3,]   64   8.23964e-005   -1.22608e-039   3.30201e-039   [0.000011,-0.000009,]
[5,3,]   65   0.000169455   -7.83018e-040   2.84656e-039   [0.000012,-0.000008,]
[6,3,]   66   0.000295784   -4.34228e-040   2.4822e-039   [0.000014,-0.000007,]
[7,3,]   67   0.0004419   -1.7713e-040   2.20893e-039   [0.000016,-0.000006,]
[8,3,]   68   0.000570847   -9.47452e-042   2.02675e-039   [0.000017,-0.000004,]
[9,3,]   69   0.00064416   6.7727e-041   1.93566e-039   [0.000018,-0.000001,]
[10,3,]   70   0.000639391   5.481e-041   1.93566e-039   [0.000018,0.000001,]
[11,3,]   71   0.000559408   -3.97963e-041   2.02675e-039   [0.000017,0.000004,]
[12,3,]   72   0.000429664   -2.18578e-040   2.20893e-039   [0.000016,0.000006,]
[13,3,]   73   0.000287223   -4.76569e-040   2.4822e-039   [0.000014,0.000007,]
[14,3,]   74   0.000165381   -8.17302e-040   2.84656e-039   [0.000012,0.000008,]
[15,3,]   75   8.12527e-005   -1.24401e-039   3.30201e-039   [0.000010,0.000009,]
[16,3,]   76   3.38081e-005   -1.75289e-039   3.84855e-039   [0.000009,0.000009,]
[17,3,]   77   1.17858e-005   -2.40786e-039   4.48618e-039   [0.000008,0.000009,]
[18,3,]   78   3.46665e-006   -3.41063e-039   5.2149e-039   [0.000016,0.000008,]
[19,3,]   79   1.03644e-006   -5.38198e-039   6.03471e-039   [0.000022,0.000007,]
[0,4,]   80   2.49349e-006   -4.68844e-039   5.48817e-039   [0.000016,-0.000011,]
[1,4,]   81   8.57036e-006   -2.7814e-039   4.66836e-039   [-0.000002,-0.000010,]
[2,4,]   82   2.85113e-005   -1.95217e-039   3.93964e-039   [0.000007,-0.000010,]
[3,4,]   83   8.12487e-005   -1.2441e-039   3.30201e-039   [0.000009,-0.000010,]
[4,4,]   84   0.000192618   -7.2386e-040   2.75547e-039   [0.000011,-0.000010,]
[5,4,]   85   0.000383815   -2.88683e-040   2.30002e-039   [0.000013,-0.000010,]
[6,4,]   86   0.000647344   5.11442e-041   1.93566e-039   [0.000015,-0.000009,]
[7,4,]   87   0.000934788   3.0173e-040   1.66239e-039   [0.000018,-0.000008,]
[8,4,]   88   0.00117351   4.6101e-040   1.48021e-039   [0.000020,-0.000005,]
[9,4,]   89   0.00130349   5.43908e-040   1.38912e-039   [0.000021,-0.000002,]
[10,4,]   90   0.00129591   5.35844e-040   1.38912e-039   [0.000021,0.000002,]
[11,4,]   91   0.00115477   4.34037e-040   1.48021e-039   [0.000020,0.000006,]
[12,4,]   92   0.000915509   2.67042e-040   1.66239e-039   [0.000018,0.000008,]
[13,4,]   93   0.000635169   2.03496e-041   1.93566e-039   [0.000015,0.000010,]
[14,4,]   94   0.000379409   -3.07159e-040   2.30002e-039   [0.000013,0.000011,]
[15,4,]   95   0.000192627   -7.23771e-040   2.75547e-039   [0.000010,0.000011,]
[16,4,]   96   8.24055e-005   -1.22559e-039   3.30201e-039   [0.000009,0.000011,]
[17,4,]   97   2.93985e-005   -1.87308e-039   3.93964e-039   [0.000008,0.000010,]
[18,4,]   98   8.81036e-006   -2.84839e-039   4.66836e-039   [0.000014,0.000010,]
[19,4,]   99   2.63266e-006   -4.72511e-039   5.48817e-039   [0.000021,0.000008,]
[0,5,]   100   5.33985e-006   -4.1396e-039   5.03272e-039   [0.000016,-0.000012,]
[1,5,]   101   1.82976e-005   -2.32349e-039   4.21291e-039   [-0.000002,-0.000011,]
[2,5,]   102   5.9631e-005   -1.51105e-039   3.48419e-039   [0.000007,-0.000011,]
[3,5,]   103   0.000165381   -8.17194e-040   2.84656e-039   [0.000008,-0.000012,]
[4,5,]   104   0.000379409   -3.0705e-040   2.30002e-039   [0.000011,-0.000013,]
[5,5,]   105   0.000726424   1.13665e-040   1.84457e-039   [0.000013,-0.000013,]
[6,5,]   106   0.00116928   4.37926e-040   1.48021e-039   [0.000016,-0.000012,]
[7,5,]   107   0.0016052   6.6698e-040   1.20694e-039   [0.000020,-0.000011,]
[8,5,]   108   0.00192439   8.17778e-040   1.02476e-039   [0.000023,-0.000008,]
[9,5,]   109   0.00207599   8.88749e-040   9.33673e-040   [0.000026,-0.000003,]
[10,5,]   110   0.00206684   8.81232e-040   9.33673e-040   [0.000026,0.000003,]
[11,5,]   111   0.00190125   7.96507e-040   1.02476e-039   [0.000024,0.000008,]
[12,5,]   112   0.00158347   6.41064e-040   1.20694e-039   [0.000020,0.000011,]
[13,5,]   113   0.00115891   4.22737e-040   1.48021e-039   [0.000016,0.000013,]
[14,5,]   114   0.000726424   1.13554e-040   1.84457e-039   [0.000013,0.000013,]
[15,5,]   115   0.000383834   -2.886e-040   2.30002e-039   [0.000010,0.000013,]
[16,5,]   116   0.000169474   -7.82484e-040   2.84656e-039   [0.000008,0.000012,]
[17,5,]   117   6.19849e-005   -1.42216e-039   3.48419e-039   [0.000007,0.000011,]
[18,5,]   118   1.89364e-005   -2.36644e-039   4.21291e-039   [0.000013,0.000011,]
[19,5,]   119   5.64052e-006   -4.1493e-039   5.03272e-039   [0.000019,0.000009,]
[0,6,]   120   9.80936e-006   -3.67835e-039   4.66836e-039   [0.000015,-0.000012,]
[1,6,]   121   3.33875e-005   -1.95735e-039   3.84855e-039   [-0.000002,-0.000012,]
[2,6,]   122   0.000106563   -1.15598e-039   3.11983e-039   [0.000006,-0.000013,]
[3,6,]   123   0.000287223   -4.76571e-040   2.4822e-039   [0.000007,-0.000014,]
[4,6,]   124   0.000635169   2.03477e-041   1.93566e-039   [0.000010,-0.000015,]
[5,6,]   125   0.00115891   4.22736e-040   1.48021e-039   [0.000013,-0.000016,]
[6,6,]   126   0.00175272   7.13073e-040   1.11585e-039   [0.000017,-0.000017,]
[7,6,]   127   0.00223207   9.14774e-040   8.42583e-040   [0.000022,-0.000016,]
[8,6,]   128   0.00247105   1.00596e-039   6.60403e-040   [0.000028,-0.000012,]
[9,6,]   129   0.00251836   1.06131e-039   5.69313e-040   [0.000032,-0.000004,]
[10,6,]   130   0.00251213   1.08544e-039   5.69313e-040   [0.000033,0.000005,]
[11,6,]   131   0.00244888   9.90145e-040   6.60403e-040   [0.000029,0.000012,]
[12,6,]   132   0.00221734   9.01094e-040   8.42583e-040   [0.000022,0.000016,]
[13,6,]   133   0.00175272   7.13074e-040   1.11585e-039   [0.000017,0.000017,]
[14,6,]   134   0.00116928   4.37814e-040   1.48021e-039   [0.000012,0.000016,]
[15,6,]   135   0.000647375   5.12209e-041   1.93566e-039   [0.000009,0.000015,]
[16,6,]   136   0.000295816   -4.33641e-040   2.4822e-039   [0.000007,0.000014,]
[17,6,]   137   0.000110981   -1.06634e-039   3.11983e-039   [0.000006,0.000013,]
[18,6,]   138   3.45422e-005   -1.97675e-039   3.84855e-039   [0.000012,0.000012,]
[19,6,]   139   1.02213e-005   -3.67274e-039   4.66836e-039   [0.000016,0.000009,]
[0,7,]   140   1.55401e-005   -3.31234e-039   4.39509e-039   [0.000014,-0.000013,]
[1,7,]   141   5.23196e-005   -1.68315e-039   3.57528e-039   [-0.000002,-0.000013,]
[2,7,]   142   0.000163811   -8.84189e-040   2.84656e-039   [0.000004,-0.000014,]
[3,7,]   143   0.000429664   -2.18577e-040   2.20893e-039   [0.000006,-0.000016,]
[4,7,]   144   0.000915509   2.67043e-040   1.66239e-039   [0.000008,-0.000018,]
[5,7,]   145   0.00158347   6.41065e-040   1.20694e-039   [0.000011,-0.000020,]
[6,7,]   146   0.00221734   9.01095e-040   8.42583e-040   [0.000016,-0.000022,]
[7,7,]   147   0.0025259   1.00145e-039   5.69313e-040   [0.000023,-0.000023,]
[8,7,]   148   0.00243543   1.02003e-039   3.87133e-040   [0.000034,-0.000020,]
[9,7,]   149   0.0021728   7.11151e-040   2.96043e-040   [0.000045,-0.000008,]
[10,7,]   150   0.00215664   7.71848e-040   2.96043e-040   [0.000045,0.000010,]
[11,7,]   151   0.00241117   9.51987e-040   3.87133e-040   [0.000035,0.000021,]
[12,7,]   152   0.0025259   1.00145e-039   5.69313e-040   [0.000023,0.000023,]
[13,7,]   153   0.00223207   9.14775e-040   8.42583e-040   [0.000016,0.000022,]
[14,7,]   154   0.0016052   6.66867e-040   1.20694e-039   [0.000011,0.000020,]
[15,7,]   155   0.000934833   3.01801e-040   1.66239e-039   [0.000008,0.000018,]
[16,7,]   156   0.000441947   -1.76475e-040   2.20893e-039   [0.000006,0.000016,]
[17,7,]   157   0.00016978   -8.02805e-040   2.84656e-039   [0.000005,0.000014,]
[18,7,]   158   5.37143e-005   -1.67807e-039   3.57528e-039   [0.000010,0.000013,]
[19,7,]   159   1.57261e-005   -3.30287e-039   4.39509e-039   [0.000014,0.000010,]
[0,8,]   160   2.13168e-005   -3.05333e-039   4.21291e-039   [0.000013,-0.000013,]
[1,8,]   161   7.07014e-005   -1.503e-039   3.3931e-039   [-0.000003,-0.000013,]
[2,8,]   162   0.000218003   -6.97042e-040   2.66438e-039   [0.000003,-0.000015,]
[3,8,]   163   0.000559408   -3.97967e-041   2.02675e-039   [0.000004,-0.000017,]
[4,8,]   164   0.00115477   4.34037e-040   1.48021e-039   [0.000006,-0.000020,]
[5,8,]   165   0.00190125   7.96506e-040   1.02476e-039   [0.000008,-0.000024,]
[6,8,]   166   0.00244888   9.90144e-040   6.60403e-040   [0.000012,-0.000029,]
[7,8,]   167   0.00241117   9.51987e-040   3.87133e-040   [0.000021,-0.000035,]
[8,8,]   168   0.00181237   3.92397e-040   2.04953e-040   [0.000040,-0.000038,]
[9,8,]   169   0.00122844   -4.26584e-040   1.13863e-040   [0.000070,-0.000017,]
[10,8,]   170   0.00115925   -1.30554e-039   1.13863e-040   [0.000070,0.000030,]
[11,8,]   171   0.00181237   3.92398e-040   2.04953e-040   [0.000038,0.000040,]
[12,8,]   172   0.00243543   1.02003e-039   3.87133e-040   [0.000020,0.000034,]
[13,8,]   173   0.00247105   1.00596e-039   6.60403e-040   [0.000012,0.000028,]
[14,8,]   174   0.00192439   8.17664e-040   1.02476e-039   [0.000008,0.000023,]
[15,8,]   175   0.00117356   4.61078e-040   1.48021e-039   [0.000005,0.000020,]
[16,8,]   176   0.000570907   -8.73355e-042   2.02675e-039   [0.000004,0.000017,]
[17,8,]   177   0.000223424   -6.31962e-040   2.66438e-039   [0.000003,0.000015,]
[18,8,]   178   7.15399e-005   -1.4722e-039   3.3931e-039   [0.000008,0.000013,]
[19,8,]   179   2.06341e-005   -3.05173e-039   4.21291e-039   [0.000012,0.000011,]
[0,9,]   180   2.53657e-005   -2.91329e-039   4.12182e-039   [0.000012,-0.000012,]
[1,9,]   181   8.26099e-005   -1.41962e-039   3.30201e-039   [-0.000004,-0.000014,]
[2,9,]   182   0.000252392   -5.95423e-040   2.57329e-039   [0.000001,-0.000016,]
[3,9,]   183   0.000639391   5.48098e-041   1.93566e-039   [0.000001,-0.000018,]
[4,9,]   184   0.00129591   5.35844e-040   1.38912e-039   [0.000002,-0.000021,]
[5,9,]   185   0.00206684   8.81231e-040   9.33673e-040   [0.000003,-0.000026,]
[6,9,]   186   0.00251213   1.08544e-039   5.69313e-040   [0.000005,-0.000033,]
[7,9,]   187   0.00215664   7.71848e-040   2.96043e-040   [0.000010,-0.000045,]
[8,9,]   188   0.00115925   -1.30554e-039   1.13863e-040   [0.000030,-0.000070,]
[9,9,]   189   0.000376873   -9.51733e-039   2.27725e-041   [0.000122,-0.000111,]
[10,9,]   190   0.000376873   -9.51733e-039   2.27725e-041   [0.000111,0.000122,]
[11,9,]   191   0.00122844   -4.26581e-040   1.13863e-040   [0.000017,0.000070,]
[12,9,]   192   0.0021728   7.1115e-040   2.96043e-040   [0.000008,0.000045,]
[13,9,]   193   0.00251836   1.06131e-039   5.69313e-040   [0.000004,0.000032,]
[14,9,]   194   0.00207599   8.88636e-040   9.33673e-040   [0.000003,0.000026,]
[15,9,]   195   0.00130356   5.43976e-040   1.38912e-039   [0.000002,0.000021,]
[16,9,]   196   0.000644226   6.8576e-041   1.93566e-039   [0.000001,0.000018,]
[17,9,]   197   0.000254572   -5.53165e-040   2.57329e-039   [0.000001,0.000016,]
[18,9,]   198   8.19701e-005   -1.36167e-039   3.30201e-039   [0.000006,0.000014,]
[19,9,]   199   2.32026e-005   -2.93108e-039   4.12182e-039   [0.000011,0.000012,]
[0,10,]   200   2.61578e-005   -2.89875e-039   4.12182e-039   [0.000010,-0.000012,]
[1,10,]   201   8.35077e-005   -1.43334e-039   3.30201e-039   [-0.000006,-0.000014,]
[2,10,]   202   0.000254627   -5.83623e-040   2.57329e-039   [-0.000001,-0.000016,]
[3,10,]   203   0.00064416   6.77272e-041   1.93566e-039   [-0.000001,-0.000018,]
[4,10,]   204   0.00130349   5.43908e-040   1.38912e-039   [-0.000002,-0.000021,]
[5,10,]   205   0.00207599   8.88749e-040   9.33673e-040   [-0.000003,-0.000026,]
[6,10,]   206   0.00251836   1.06131e-039   5.69313e-040   [-0.000004,-0.000032,]
[7,10,]   207   0.0021728   7.11151e-040   2.96043e-040   [-0.000008,-0.000045,]
[8,10,]   208   0.00122844   -4.26582e-040   1.13863e-040   [-0.000017,-0.000070,]
[9,10,]   209   0.000376873   -9.51733e-039   2.27725e-041   [-0.000111,-0.000122,]
[10,10,]   210   0.000376873   -9.51733e-039   2.27725e-041   [-0.000122,0.000111,]
[11,10,]   211   0.00115925   -1.30554e-039   1.13863e-040   [-0.000030,0.000070,]
[12,10,]   212   0.00215664   7.71846e-040   2.96043e-040   [-0.000010,0.000045,]
[13,10,]   213   0.00251213   1.08544e-039   5.69313e-040   [-0.000005,0.000033,]
[14,10,]   214   0.00206684   8.8112e-040   9.33673e-040   [-0.000003,0.000026,]
[15,10,]   215   0.00129597   5.35916e-040   1.38912e-039   [-0.000002,0.000021,]
[16,10,]   216   0.000639456   5.57901e-041   1.93566e-039   [-0.000001,0.000018,]
[17,10,]   217   0.000252318   -5.65307e-040   2.57329e-039   [-0.000001,0.000016,]
[18,10,]   218   8.1079e-005   -1.34771e-039   3.30201e-039   [0.000004,0.000014,]
[19,10,]   219   2.2465e-005   -2.94666e-039   4.12182e-039   [0.000010,0.000013,]
[0,11,]   220   2.32947e-005   -3.01149e-039   4.21291e-039   [0.000009,-0.000011,]
[1,11,]   221   7.29055e-005   -1.54444e-039   3.3931e-039   [-0.000008,-0.000013,]
[2,11,]   222   0.000223458   -6.63301e-040   2.66438e-039   [-0.000004,-0.000015,]
[3,11,]   223   0.000570847   -9.4742e-042   2.02675e-039   [-0.000004,-0.000017,]
[4,11,]   224   0.00117351   4.6101e-040   1.48021e-039   [-0.000005,-0.000020,]
[5,11,]   225   0.00192439   8.17779e-040   1.02476e-039   [-0.000008,-0.000023,]
[6,11,]   226   0.00247105   1.00596e-039   6.60403e-040   [-0.000012,-0.000028,]
[7,11,]   227   0.00243543   1.02003e-039   3.87133e-040   [-0.000020,-0.000034,]
[8,11,]   228   0.00181237   3.92397e-040   2.04953e-040   [-0.000038,-0.000040,]
[9,11,]   229   0.00115925   -1.30554e-039   1.13863e-040   [-0.000070,-0.000030,]
[10,11,]   230   0.00122844   -4.26584e-040   1.13863e-040   [-0.000070,0.000017,]
[11,11,]   231   0.00181237   3.92398e-040   2.04953e-040   [-0.000040,0.000038,]
[12,11,]   232   0.00241117   9.51986e-040   3.87133e-040   [-0.000021,0.000035,]
[13,11,]   233   0.00244888   9.90141e-040   6.60403e-040   [-0.000012,0.000029,]
[14,11,]   234   0.00190126   7.96399e-040   1.02476e-039   [-0.000008,0.000024,]
[15,11,]   235   0.00115483   4.34118e-040   1.48021e-039   [-0.000006,0.000020,]
[16,11,]   236   0.000559463   -3.86655e-041   2.02675e-039   [-0.000004,0.000017,]
[17,11,]   237   0.000217921   -6.66721e-040   2.66438e-039   [-0.000003,0.000015,]
[18,11,]   238   6.93514e-005   -1.4301e-039   3.3931e-039   [0.000003,0.000013,]
[19,11,]   239   1.87944e-005   -3.0972e-039   4.21291e-039   [0.000009,0.000013,]
[0,12,]   240   1.78231e-005   -3.24755e-039   4.39509e-039   [0.000008,-0.000010,]
[1,12,]   241   5.47774e-005   -1.7517e-039   3.57528e-039   [-0.000010,-0.000013,]
[2,12,]   242   0.000169798   -8.35461e-040   2.84656e-039   [-0.000005,-0.000014,]
[3,12,]   243   0.0004419   -1.77131e-040   2.20893e-039   [-0.000006,-0.000016,]
[4,12,]   244   0.000934788   3.01729e-040   1.66239e-039   [-0.000008,-0.000018,]
[5,12,]   245   0.0016052   6.66979e-040   1.20694e-039   [-0.000011,-0.000020,]
[6,12,]   246   0.00223207   9.14773e-040   8.42583e-040   [-0.000016,-0.000022,]
[7,12,]   247   0.0025259   1.00145e-039   5.69313e-040   [-0.000023,-0.000023,]
[8,12,]   248   0.00241117   9.51986e-040   3.87133e-040   [-0.000035,-0.000021,]
[9,12,]   249   0.00215664   7.71847e-040   2.96043e-040   [-0.000045,-0.000010,]
[10,12,]   250   0.0021728   7.11149e-040   2.96043e-040   [-0.000045,0.000008,]
[11,12,]   251   0.00243543   1.02003e-039   3.87133e-040   [-0.000034,0.000020,]
[12,12,]   252   0.00252589   1.00144e-039   5.69313e-040   [-0.000023,0.000023,]
[13,12,]   253   0.00221734   9.0109e-040   8.42583e-040   [-0.000016,0.000022,]
[14,12,]   254   0.00158348   6.40961e-040   1.20694e-039   [-0.000011,0.000020,]
[15,12,]   255   0.000915555   2.67133e-040   1.66239e-039   [-0.000008,0.000018,]
[16,12,]   256   0.000429707   -2.17287e-040   2.20893e-039   [-0.000006,0.000016,]
[17,12,]   257   0.000163733   -8.53202e-040   2.84656e-039   [-0.000005,0.000014,]
[18,12,]   258   5.12716e-005   -1.60867e-039   3.57528e-039   [0.000002,0.000013,]
[19,12,]   259   1.36066e-005   -3.37517e-039   4.39509e-039   [0.000009,0.000013,]
[0,13,]   260   1.16499e-005   -3.59766e-039   4.66836e-039   [0.000007,-0.000009,]
[1,13,]   261   3.52586e-005   -2.05246e-039   3.84855e-039   [-0.000012,-0.000012,]
[2,13,]   262   0.000110989   -1.10059e-039   3.11983e-039   [-0.000007,-0.000013,]
[3,13,]   263   0.000295784   -4.34233e-040   2.4822e-039   [-0.000007,-0.000014,]
[4,13,]   264   0.000647344   5.11391e-041   1.93566e-039   [-0.000009,-0.000015,]
[5,13,]   265   0.00116928   4.37921e-040   1.48021e-039   [-0.000012,-0.000016,]
[6,13,]   266   0.00175272   7.13068e-040   1.11585e-039   [-0.000017,-0.000017,]
[7,13,]   267   0.00221734   9.0109e-040   8.42583e-040   [-0.000022,-0.000016,]
[8,13,]   268   0.00244888   9.9014e-040   6.60403e-040   [-0.000029,-0.000012,]
[9,13,]   269   0.00251213   1.08544e-039   5.69313e-040   [-0.000033,-0.000005,]
[10,13,]   270   0.00251836   1.06131e-039   5.69313e-040   [-0.000032,0.000004,]
[11,13,]   271   0.00247105   1.00596e-039   6.60403e-040   [-0.000028,0.000012,]
[12,13,]   272   0.00223207   9.14774e-040   8.42583e-040   [-0.000022,0.000016,]
[13,13,]   273   0.00175272   7.13069e-040   1.11585e-039   [-0.000017,0.000017,]
[14,13,]   274   0.00115891   4.22638e-040   1.48021e-039   [-0.000013,0.000016,]
[15,13,]   275   0.000635201   2.04501e-041   1.93566e-039   [-0.000010,0.000015,]
[16,13,]   276   0.000287251   -4.75122e-040   2.4822e-039   [-0.000008,0.000014,]
[17,13,]   277   0.000106503   -1.12399e-039   3.11983e-039   [-0.000006,0.000013,]
[18,13,]   278   3.26792e-005   -1.88084e-039   3.84855e-039   [0.000002,0.000012,]
[19,13,]   279   8.51615e-006   -3.76612e-039   4.66836e-039   [0.000010,0.000012,]
[0,14,]   280   6.47165e-006   -4.05223e-039   5.03272e-039   [0.000006,-0.000008,]
[1,14,]   281   1.93494e-005   -2.44481e-039   4.21291e-039   [-0.000013,-0.000011,]
[2,14,]   282   6.19869e-005   -1.45818e-039   3.48419e-039   [-0.000008,-0.000011,]
[3,14,]   283   0.000169456   -7.83111e-040   2.84656e-039   [-0.000008,-0.000012,]
[4,14,]   284   0.000383816   -2.88777e-040   2.30002e-039   [-0.000010,-0.000013,]
[5,14,]   285   0.000726426   1.13569e-040   1.84457e-039   [-0.000013,-0.000013,]
[6,14,]   286   0.00115891   4.22637e-040   1.48021e-039   [-0.000016,-0.000013,]
[7,14,]   287   0.00158348   6.40962e-040   1.20694e-039   [-0.000020,-0.000011,]
[8,14,]   288   0.00190126   7.96399e-040   1.02476e-039   [-0.000024,-0.000008,]
[9,14,]   289   0.00206684   8.8112e-040   9.33673e-040   [-0.000026,-0.000003,]
[10,14,]   290   0.00207599   8.88636e-040   9.33673e-040   [-0.000026,0.000003,]
[11,14,]   291   0.00192439   8.17665e-040   1.02476e-039   [-0.000023,0.000008,]
[12,14,]   292   0.0016052   6.66866e-040   1.20694e-039   [-0.000020,0.000011,]
[13,14,]   293   0.00116928   4.37809e-040   1.48021e-039   [-0.000016,0.000012,]
[14,14,]   294   0.000726426   1.13458e-040   1.84457e-039   [-0.000013,0.000013,]
[15,14,]   295   0.000379428   -3.07051e-040   2.30002e-039   [-0.000011,0.000013,]
[16,14,]   296   0.000165397   -8.15714e-040   2.84656e-039   [-0.000008,0.000012,]
[17,14,]   297   5.95921e-005   -1.47799e-039   3.48419e-039   [-0.000007,0.000011,]
[18,14,]   298   1.78857e-005   -2.24479e-039   4.21291e-039   [0.000002,0.000011,]
[19,14,]   299   4.59366e-006   -4.25549e-039   5.03272e-039   [0.000011,0.000012,]
[0,15,]   300   3.04186e-006   -4.60522e-039   5.48817e-039   [0.000006,-0.000008,]
[1,15,]   301   9.01266e-006   -2.92936e-039   4.66836e-039   [-0.000015,-0.000010,]
[2,15,]   302   2.94001e-005   -1.91053e-039   3.93964e-039   [-0.000008,-0.000010,]
[3,15,]   303   8.24007e-005   -1.22596e-039   3.30201e-039   [-0.000009,-0.000011,]
[4,15,]   304   0.000192628   -7.23745e-040   2.75547e-039   [-0.000010,-0.000011,]
[5,15,]   305   0.000379428   -3.06942e-040   2.30002e-039   [-0.000013,-0.000011,]
[6,15,]   306   0.000635201   2.04481e-041   1.93566e-039   [-0.000015,-0.000010,]
[7,15,]   307   0.000915555   2.67134e-040   1.66239e-039   [-0.000018,-0.000008,]
[8,15,]   308   0.00115483   4.34118e-040   1.48021e-039   [-0.000020,-0.000006,]
[9,15,]   309   0.00129597   5.35916e-040   1.38912e-039   [-0.000021,-0.000002,]
[10,15,]   310   0.00130356   5.43976e-040   1.38912e-039   [-0.000021,0.000002,]
[11,15,]   311   0.00117356   4.61078e-040   1.48021e-039   [-0.000020,0.000005,]
[12,15,]   312   0.000934833   3.018e-040   1.66239e-039   [-0.000018,0.000008,]
[13,15,]   313   0.000647375   5.12158e-041   1.93566e-039   [-0.000015,0.000009,]
[14,15,]   314   0.000383835   -2.88694e-040   2.30002e-039   [-0.000013,0.000010,]
[15,15,]   315   0.000192637   -7.23656e-040   2.75547e-039   [-0.000011,0.000010,]
[16,15,]   316   8.12606e-005   -1.2423e-039   3.30201e-039   [-0.000009,0.000010,]
[17,15,]   317   2.8492e-005   -1.91764e-039   3.93964e-039   [-0.000007,0.000010,]
[18,15,]   318   8.36679e-006   -2.70006e-039   4.66836e-039   [0.000002,0.000010,]
[19,15,]   319   2.12591e-006   -4.83254e-039   5.48817e-039   [0.000012,0.000011,]
[0,16,]   320   1.20581e-006   -5.23832e-039   6.03471e-039   [0.000005,-0.000007,]
[1,16,]   321   3.5501e-006   -3.4926e-039   5.2149e-039   [-0.000016,-0.000008,]
[2,16,]   322   1.17867e-005   -2.44507e-039   4.48618e-039   [-0.000009,-0.000009,]
[3,16,]   323   3.38077e-005   -1.75156e-039   3.84855e-039   [-0.000009,-0.000009,]
[4,16,]   324   8.12566e-005   -1.2424e-039   3.30201e-039   [-0.000010,-0.000009,]
[5,16,]   325   0.000165397   -8.15605e-040   2.84656e-039   [-0.000012,-0.000008,]
[6,16,]   326   0.000287251   -4.75124e-040   2.4822e-039   [-0.000014,-0.000008,]
[7,16,]   327   0.000429707   -2.17286e-040   2.20893e-039   [-0.000016,-0.000006,]
[8,16,]   328   0.000559464   -3.86657e-041   2.02675e-039   [-0.000017,-0.000004,]
[9,16,]   329   0.000639456   5.57903e-041   1.93566e-039   [-0.000018,-0.000001,]
[10,16,]   330   0.000644226   6.85758e-041   1.93566e-039   [-0.000018,0.000001,]
[11,16,]   331   0.000570907   -8.73344e-042   2.02675e-039   [-0.000017,0.000004,]
[12,16,]   332   0.000441947   -1.76476e-040   2.20893e-039   [-0.000016,0.000006,]
[13,16,]   333   0.000295816   -4.33646e-040   2.4822e-039   [-0.000014,0.000007,]
[14,16,]   334   0.000169474   -7.82577e-040   2.84656e-039   [-0.000012,0.000008,]
[15,16,]   335   8.24097e-005   -1.22547e-039   3.30201e-039   [-0.000011,0.000009,]
[16,16,]   336   3.38115e-005   -1.75109e-039   3.84855e-039   [-0.000009,0.000009,]
[17,16,]   337   1.15708e-005   -2.43705e-039   4.48618e-039   [-0.000007,0.000009,]
[18,16,]   338   3.32963e-006   -3.23782e-039   5.2149e-039   [0.000003,0.000009,]
[19,16,]   339   8.3988e-007   -5.48182e-039   6.03471e-039   [0.000013,0.000010,]
[0,17,]   340   3.9889e-007   -6.03566e-039   6.67234e-039   [0.000005,-0.000006,]
[1,17,]   341   1.16952e-006   -4.21999e-039   5.85253e-039   [-0.000017,-0.000007,]
[2,17,]   342   3.94901e-006   -3.14344e-039   5.12381e-039   [-0.000009,-0.000007,]
[3,17,]   343   1.15695e-005   -2.43749e-039   4.48618e-039   [-0.000009,-0.000007,]
[4,17,]   344   2.84906e-005   -1.91774e-039   3.93964e-039   [-0.000010,-0.000007,]
[5,17,]   345   5.95921e-005   -1.47788e-039   3.48419e-039   [-0.000011,-0.000007,]
[6,17,]   346   0.000106503   -1.12399e-039   3.11983e-039   [-0.000013,-0.000006,]
[7,17,]   347   0.000163733   -8.53202e-040   2.84656e-039   [-0.000014,-0.000005,]
[8,17,]   348   0.000217921   -6.66721e-040   2.66438e-039   [-0.000015,-0.000003,]
[9,17,]   349   0.000252318   -5.65307e-040   2.57329e-039   [-0.000016,-0.000001,]
[10,17,]   350   0.000254572   -5.53165e-040   2.57329e-039   [-0.000016,0.000001,]
[11,17,]   351   0.000223424   -6.31962e-040   2.66438e-039   [-0.000015,0.000003,]
[12,17,]   352   0.00016978   -8.02806e-040   2.84656e-039   [-0.000014,0.000005,]
[13,17,]   353   0.000110981   -1.06635e-039   3.11983e-039   [-0.000013,0.000006,]
[14,17,]   354   6.19851e-005   -1.42225e-039   3.48419e-039   [-0.000011,0.000007,]
[15,17,]   355   2.94e-005   -1.87296e-039   3.93964e-039   [-0.000010,0.000008,]
[16,17,]   356   1.1787e-005   -2.40599e-039   4.48618e-039   [-0.000009,0.000008,]
[17,17,]   357   3.94917e-006   -3.10302e-039   5.12381e-039   [-0.000007,0.000009,]
[18,17,]   358   1.11574e-006   -3.926e-039   5.85253e-039   [0.000003,0.000009,]
[19,17,]   359   2.80201e-007   -6.26979e-039   6.67234e-039   [0.000014,0.000010,]
[0,18,]   360   1.11349e-007   -6.98383e-039   7.40106e-039   [0.000005,0.000006,]
[1,18,]   361   3.25468e-007   -5.0838e-039   6.58125e-039   [-0.000018,0.000004,]
[2,18,]   362   1.11568e-006   -3.96782e-039   5.85253e-039   [-0.000009,0.000004,]
[3,18,]   363   3.32924e-006   -3.23825e-039   5.2149e-039   [-0.000009,0.000003,]
[4,18,]   364   8.36637e-006   -2.70016e-039   4.66836e-039   [-0.000010,0.000002,]
[5,18,]   365   1.78857e-005   -2.24468e-039   4.21291e-039   [-0.000011,0.000002,]
[6,18,]   366   3.26792e-005   -1.88084e-039   3.84855e-039   [-0.000012,0.000002,]
[7,18,]   367   5.12716e-005   -1.60867e-039   3.57528e-039   [-0.000013,0.000002,]
[8,18,]   368   6.93514e-005   -1.4301e-039   3.3931e-039   [-0.000013,0.000003,]
[9,18,]   369   8.1079e-005   -1.34771e-039   3.30201e-039   [-0.000014,0.000004,]
[10,18,]   370   8.19701e-005   -1.36167e-039   3.30201e-039   [-0.000014,0.000006,]
[11,18,]   371   7.15399e-005   -1.4722e-039   3.3931e-039   [-0.000013,0.000008,]
[12,18,]   372   5.37143e-005   -1.67807e-039   3.57528e-039   [-0.000013,0.000010,]
[13,18,]   373   3.45422e-005   -1.97675e-039   3.84855e-039   [-0.000012,0.000012,]
[14,18,]   374   1.89364e-005   -2.36653e-039   4.21291e-039   [-0.000011,0.000013,]
[15,18,]   375   8.81082e-006   -2.84828e-039   4.66836e-039   [-0.000010,0.000014,]
[16,18,]   376   3.46701e-006   -3.4087e-039   5.2149e-039   [-0.000008,0.000016,]
[17,18,]   377   1.14104e-006   -4.13341e-039   5.85253e-039   [-0.000007,0.000016,]
[18,18,]   378   3.1725e-007   -4.99415e-039   6.58125e-039   [0.000004,0.000017,]
[19,18,]   379   7.95003e-008   -7.44555e-039   7.40106e-039   [0.000015,0.000018,]
[0,19,]   380   2.84464e-008   -9.38406e-039   8.22087e-039   [0.000005,0.000017,]
[1,19,]   381   8.16669e-008   -7.53246e-039   7.40106e-039   [-0.000019,0.000015,]
[2,19,]   382   2.80198e-007   -6.31349e-039   6.67234e-039   [-0.000010,0.000014,]
[3,19,]   383   8.39783e-007   -5.48233e-039   6.03471e-039   [-0.000010,0.000013,]
[4,19,]   384   2.1258e-006   -4.83266e-039   5.48817e-039   [-0.000011,0.000012,]
[5,19,]   385   4.59367e-006   -4.25538e-039   5.03272e-039   [-0.000012,0.000011,]
[6,19,]   386   8.51615e-006   -3.76612e-039   4.66836e-039   [-0.000012,0.000010,]
[7,19,]   387   1.36066e-005   -3.37517e-039   4.39509e-039   [-0.000013,0.000009,]
[8,19,]   388   1.87944e-005   -3.0972e-039   4.21291e-039   [-0.000013,0.000009,]
[9,19,]   389   2.2465e-005   -2.94666e-039   4.12182e-039   [-0.000013,0.000010,]
[10,19,]   390   2.32026e-005   -2.93108e-039   4.12182e-039   [-0.000012,0.000011,]
[11,19,]   391   2.06341e-005   -3.05173e-039   4.21291e-039   [-0.000011,0.000012,]
[12,19,]   392   1.57261e-005   -3.30287e-039   4.39509e-039   [-0.000010,0.000014,]
[13,19,]   393   1.02213e-005   -3.67275e-039   4.66836e-039   [-0.000009,0.000016,]
[14,19,]   394   5.64053e-006   -4.1494e-039   5.03272e-039   [-0.000009,0.000019,]
[15,19,]   395   2.6328e-006   -4.72498e-039   5.48817e-039   [-0.000008,0.000021,]
[16,19,]   396   1.03655e-006   -5.37995e-039   6.03471e-039   [-0.000007,0.000022,]
[17,19,]   397   3.40678e-007   -6.19813e-039   6.67234e-039   [-0.000006,0.000024,]
[18,19,]   398   9.45049e-008   -7.16584e-039   7.40106e-039   [0.000006,0.000025,]
[19,19,]   399   2.3983e-008   -9.61667e-039   8.22087e-039   [0.000017,0.000027,]
