coordinates  index   rho      Q      V    velocities 
[0,0,]   0   2.79184e-008   -9.28127e-039   8.22087e-039   [0.000015,0.000003,]
[1,0,]   1   1.02468e-007   -7.02151e-039   7.40106e-039   [-0.000003,0.000003,]
[2,0,]   2   3.61327e-007   -6.08677e-039   6.67234e-039   [0.000006,0.000003,]
[3,0,]   3   1.09225e-006   -5.27768e-039   6.03471e-039   [0.000007,0.000003,]
[4,0,]   4   2.76674e-006   -4.63233e-039   5.48817e-039   [0.000008,0.000003,]
[5,0,]   5   5.91707e-006   -4.07126e-039   5.03272e-039   [0.000009,0.000004,]
[6,0,]   6   1.07181e-005   -3.60758e-039   4.66836e-039   [0.000010,0.000005,]
[7,0,]   7   1.65117e-005   -3.24805e-039   4.39509e-039   [0.000010,0.000006,]
[8,0,]   8   2.17351e-005   -3.00288e-039   4.21291e-039   [0.000011,0.000007,]
[9,0,]   9   2.45663e-005   -2.88204e-039   4.12182e-039   [0.000012,0.000008,]
[10,0,]   10   2.39419e-005   -2.89132e-039   4.12182e-039   [0.000012,0.000009,]
[11,0,]   11   2.0174e-005   -3.03026e-039   4.21291e-039   [0.000013,0.000011,]
[12,0,]   12   1.47049e-005   -3.29199e-039   4.39509e-039   [0.000012,0.000012,]
[13,0,]   13   9.25545e-006   -3.66463e-039   4.66836e-039   [0.000012,0.000013,]
[14,0,]   14   5.01245e-006   -4.13588e-039   5.03272e-039   [0.000011,0.000013,]
[15,0,]   15   2.32515e-006   -4.69653e-039   5.48817e-039   [0.000010,0.000014,]
[16,0,]   16   9.195e-007   -5.33442e-039   6.03471e-039   [0.000010,0.000014,]
[17,0,]   17   3.07298e-007   -6.09648e-039   6.67234e-039   [0.000009,0.000015,]
[18,0,]   18   8.71221e-008   -7.17978e-039   7.40106e-039   [0.000016,0.000015,]
[19,0,]   19   2.48625e-008   -9.43084e-039   8.22087e-039   [0.000023,0.000015,]
[0,1,]   20   8.86034e-008   -7.24322e-039   7.40106e-039   [0.000015,-0.000017,]
[1,1,]   21   3.30472e-007   -4.96268e-039   6.58125e-039   [-0.000002,-0.000016,]
[2,1,]   22   1.1647e-006   -4.12142e-039   5.85253e-039   [0.000007,-0.000015,]
[3,1,]   23   3.51879e-006   -3.39742e-039   5.2149e-039   [0.000008,-0.000014,]
[4,1,]   24   8.92321e-006   -2.83758e-039   4.66836e-039   [0.000010,-0.000013,]
[5,1,]   25   1.91472e-005   -2.36184e-039   4.21291e-039   [0.000011,-0.000012,]
[6,1,]   26   3.48952e-005   -1.97777e-039   3.84855e-039   [0.000012,-0.000010,]
[7,1,]   27   5.42584e-005   -1.68441e-039   3.57528e-039   [0.000013,-0.000009,]
[8,1,]   28   7.23232e-005   -1.48293e-039   3.3931e-039   [0.000013,-0.000007,]
[9,1,]   29   8.3007e-005   -1.37507e-039   3.30201e-039   [0.000014,-0.000005,]
[10,1,]   30   8.22973e-005   -1.36201e-039   3.30201e-039   [0.000014,-0.000003,]
[11,1,]   31   7.05791e-005   -1.4439e-039   3.3931e-039   [0.000013,-0.000002,]
[12,1,]   32   5.23111e-005   -1.62014e-039   3.57528e-039   [0.000013,-0.000001,]
[13,1,]   33   3.34102e-005   -1.88914e-039   3.84855e-039   [0.000012,-0.000000,]
[14,1,]   34   1.83108e-005   -2.24973e-039   4.21291e-039   [0.000011,-0.000000,]
[15,1,]   35   8.57109e-006   -2.70196e-039   4.66836e-039   [0.000010,-0.000000,]
[16,1,]   36   3.41118e-006   -3.23987e-039   5.2149e-039   [0.000009,-0.000001,]
[17,1,]   37   1.14474e-006   -3.91177e-039   5.85253e-039   [0.000008,-0.000001,]
[18,1,]   38   3.25248e-007   -4.8988e-039   6.58125e-039   [0.000015,-0.000002,]
[19,1,]   39   9.1749e-008   -7.13644e-039   7.40106e-039   [0.000022,-0.000003,]
[0,2,]   40   3.07284e-007   -6.12415e-039   6.67234e-039   [0.000015,-0.000009,]
[1,2,]   41   1.14466e-006   -3.9381e-039   5.85253e-039   [-0.000001,-0.000008,]
[2,2,]   42   3.97506e-006   -3.1277e-039   5.12381e-039   [0.000007,-0.000008,]
[3,2,]   43   1.18062e-005   -2.42698e-039   4.48618e-039   [0.000009,-0.000008,]
[4,2,]   44   2.94032e-005   -1.89008e-039   3.93964e-039   [0.000010,-0.000008,]
[5,2,]   45   6.19263e-005   -1.44025e-039   3.48419e-039   [0.000011,-0.000007,]
[6,2,]   46   0.000110825   -1.08433e-039   3.11983e-039   [0.000013,-0.000006,]
[7,2,]   47   0.00016957   -8.2028e-040   2.84656e-039   [0.000014,-0.000005,]
[8,2,]   48   0.000223337   -6.47929e-040   2.66438e-039   [0.000015,-0.000003,]
[9,2,]   49   0.000254826   -5.67149e-040   2.57329e-039   [0.000016,-0.000001,]
[10,2,]   50   0.000253016   -5.76936e-040   2.57329e-039   [0.000016,0.000001,]
[11,2,]   51   0.00021892   -6.75618e-040   2.66438e-039   [0.000015,0.000003,]
[12,2,]   52   0.000164721   -8.60387e-040   2.84656e-039   [0.000014,0.000005,]
[13,2,]   53   0.000107239   -1.12987e-039   3.11983e-039   [0.000013,0.000006,]
[14,2,]   54   6.00159e-005   -1.48378e-039   3.48419e-039   [0.000011,0.000007,]
[15,2,]   55   2.86833e-005   -1.92428e-039   3.93964e-039   [0.000010,0.000007,]
[16,2,]   56   1.16393e-005   -2.44785e-039   4.48618e-039   [0.000009,0.000007,]
[17,2,]   57   3.9753e-006   -3.10222e-039   5.12381e-039   [0.000008,0.000007,]
[18,2,]   58   1.14694e-006   -4.0602e-039   5.85253e-039   [0.000015,0.000007,]
[19,2,]   59   3.24968e-007   -6.19041e-039   6.67234e-039   [0.000021,0.000006,]
[0,3,]   60   9.19454e-007   -5.33458e-039   6.03471e-039   [0.000014,-0.000010,]
[1,3,]   61   3.41101e-006   -3.23998e-039   5.2149e-039   [-0.000001,-0.000009,]
[2,3,]   62   1.16388e-005   -2.44797e-039   4.48618e-039   [0.000007,-0.000009,]
[3,3,]   63   3.38518e-005   -1.75819e-039   3.84855e-039   [0.000009,-0.000009,]
[4,3,]   64   8.2383e-005   -1.22932e-039   3.30201e-039   [0.000011,-0.000009,]
[5,3,]   65   0.000169224   -7.87894e-040   2.84656e-039   [0.000012,-0.000008,]
[6,3,]   66   0.00029519   -4.39754e-040   2.4822e-039   [0.000014,-0.000007,]
[7,3,]   67   0.000440995   -1.82342e-040   2.20893e-039   [0.000016,-0.000006,]
[8,3,]   68   0.000570002   -1.40091e-041   2.02675e-039   [0.000017,-0.000004,]
[9,3,]   69   0.000643871   6.47089e-041   1.93566e-039   [0.000018,-0.000001,]
[10,3,]   70   0.000640009   5.48412e-041   1.93566e-039   [0.000018,0.000001,]
[11,3,]   71   0.000560723   -3.87657e-041   2.02675e-039   [0.000017,0.000004,]
[12,3,]   72   0.00043108   -2.16108e-040   2.20893e-039   [0.000016,0.000006,]
[13,3,]   73   0.000288248   -4.74415e-040   2.4822e-039   [0.000014,0.000008,]
[14,3,]   74   0.000165916   -8.16042e-040   2.84656e-039   [0.000012,0.000008,]
[15,3,]   75   8.14487e-005   -1.24457e-039   3.30201e-039   [0.000010,0.000009,]
[16,3,]   76   3.38534e-005   -1.75806e-039   3.84855e-039   [0.000009,0.000009,]
[17,3,]   77   1.18068e-005   -2.40232e-039   4.48618e-039   [0.000008,0.000009,]
[18,3,]   78   3.46719e-006   -3.3384e-039   5.2149e-039   [0.000014,0.000008,]
[19,3,]   79   9.86867e-007   -5.36745e-039   6.03471e-039   [0.000019,0.000007,]
[0,4,]   80   2.3251e-006   -4.69657e-039   5.48817e-039   [0.000014,-0.000010,]
[1,4,]   81   8.57091e-006   -2.702e-039   4.66836e-039   [-0.000000,-0.000010,]
[2,4,]   82   2.86827e-005   -1.92432e-039   3.93964e-039   [0.000007,-0.000010,]
[3,4,]   83   8.14471e-005   -1.2446e-039   3.30201e-039   [0.000009,-0.000010,]
[4,4,]   84   0.000192787   -7.23018e-040   2.75547e-039   [0.000011,-0.000010,]
[5,4,]   85   0.000383642   -2.90021e-040   2.30002e-039   [0.000013,-0.000010,]
[6,4,]   86   0.0006465   4.90949e-041   1.93566e-039   [0.000015,-0.000009,]
[7,4,]   87   0.00093325   2.9876e-040   1.66239e-039   [0.000018,-0.000008,]
[8,4,]   88   0.00117202   4.60129e-040   1.48021e-039   [0.000020,-0.000005,]
[9,4,]   89   0.00130271   5.40574e-040   1.38912e-039   [0.000021,-0.000002,]
[10,4,]   90   0.00129641   5.32907e-040   1.38912e-039   [0.000021,0.000002,]
[11,4,]   91   0.00115681   4.38016e-040   1.48021e-039   [0.000020,0.000006,]
[12,4,]   92   0.000917673   2.70932e-040   1.66239e-039   [0.000018,0.000008,]
[13,4,]   93   0.000636665   2.44448e-041   1.93566e-039   [0.000015,0.000010,]
[14,4,]   94   0.000380083   -3.04688e-040   2.30002e-039   [0.000013,0.000011,]
[15,4,]   95   0.000192791   -7.22984e-040   2.75547e-039   [0.000010,0.000011,]
[16,4,]   96   8.23868e-005   -1.22918e-039   3.30201e-039   [0.000009,0.000011,]
[17,4,]   97   2.94043e-005   -1.86634e-039   3.93964e-039   [0.000008,0.000010,]
[18,4,]   98   8.79797e-006   -2.78083e-039   4.66836e-039   [0.000013,0.000010,]
[19,4,]   99   2.51197e-006   -4.7074e-039   5.48817e-039   [0.000018,0.000008,]
[0,5,]   100   5.01245e-006   -4.13584e-039   5.03272e-039   [0.000013,-0.000011,]
[1,5,]   101   1.83108e-005   -2.24969e-039   4.21291e-039   [-0.000000,-0.000011,]
[2,5,]   102   6.00159e-005   -1.48374e-039   3.48419e-039   [0.000007,-0.000011,]
[3,5,]   103   0.000165916   -8.15997e-040   2.84656e-039   [0.000008,-0.000012,]
[4,5,]   104   0.000380083   -3.04643e-040   2.30002e-039   [0.000011,-0.000013,]
[5,5,]   105   0.000726738   1.14293e-040   1.84457e-039   [0.000013,-0.000013,]
[6,5,]   106   0.00116854   4.36733e-040   1.48021e-039   [0.000016,-0.000012,]
[7,5,]   107   0.00160322   6.65823e-040   1.20694e-039   [0.000020,-0.000011,]
[8,5,]   108   0.00192206   8.13941e-040   1.02476e-039   [0.000023,-0.000008,]
[9,5,]   109   0.00207577   8.87794e-040   9.33673e-040   [0.000026,-0.000003,]
[10,5,]   110   0.00206803   8.78242e-040   9.33673e-040   [0.000026,0.000003,]
[11,5,]   111   0.00190346   7.9681e-040   1.02476e-039   [0.000023,0.000008,]
[12,5,]   112   0.00158573   6.45274e-040   1.20694e-039   [0.000020,0.000011,]
[13,5,]   113   0.00116016   4.24337e-040   1.48021e-039   [0.000016,0.000013,]
[14,5,]   114   0.000726738   1.14247e-040   1.84457e-039   [0.000013,0.000013,]
[15,5,]   115   0.00038365   -2.89989e-040   2.30002e-039   [0.000010,0.000013,]
[16,5,]   116   0.000169232   -7.87722e-040   2.84656e-039   [0.000008,0.000012,]
[17,5,]   117   6.19275e-005   -1.41753e-039   3.48419e-039   [0.000007,0.000011,]
[18,5,]   118   1.88911e-005   -2.30736e-039   4.21291e-039   [0.000012,0.000011,]
[19,5,]   119   5.39893e-006   -4.13113e-039   5.03272e-039   [0.000016,0.000009,]
[0,6,]   120   9.25545e-006   -3.66463e-039   4.66836e-039   [0.000013,-0.000012,]
[1,6,]   121   3.34102e-005   -1.88914e-039   3.84855e-039   [-0.000000,-0.000012,]
[2,6,]   122   0.000107239   -1.12987e-039   3.11983e-039   [0.000006,-0.000013,]
[3,6,]   123   0.000288248   -4.74416e-040   2.4822e-039   [0.000008,-0.000014,]
[4,6,]   124   0.000636665   2.44441e-041   1.93566e-039   [0.000010,-0.000015,]
[5,6,]   125   0.00116016   4.24337e-040   1.48021e-039   [0.000013,-0.000016,]
[6,6,]   126   0.00175268   7.14963e-040   1.11585e-039   [0.000017,-0.000017,]
[7,6,]   127   0.00222963   9.09612e-040   8.42583e-040   [0.000022,-0.000016,]
[8,6,]   128   0.00246842   9.99977e-040   6.60403e-040   [0.000028,-0.000012,]
[9,6,]   129   0.00252061   1.06393e-039   5.69313e-040   [0.000032,-0.000004,]
[10,6,]   130   0.00251642   1.08432e-039   5.69313e-040   [0.000033,0.000005,]
[11,6,]   131   0.00245128   9.87314e-040   6.60403e-040   [0.000029,0.000012,]
[12,6,]   132   0.00221766   8.97061e-040   8.42583e-040   [0.000022,0.000016,]
[13,6,]   133   0.00175268   7.14963e-040   1.11585e-039   [0.000017,0.000017,]
[14,6,]   134   0.00116854   4.36687e-040   1.48021e-039   [0.000012,0.000016,]
[15,6,]   135   0.000646512   4.91242e-041   1.93566e-039   [0.000009,0.000015,]
[16,6,]   136   0.000295203   -4.39551e-040   2.4822e-039   [0.000007,0.000014,]
[17,6,]   137   0.000110825   -1.06266e-039   3.11983e-039   [0.000006,0.000013,]
[18,6,]   138   3.44511e-005   -1.92539e-039   3.84855e-039   [0.000010,0.000012,]
[19,6,]   139   9.8261e-006   -3.65261e-039   4.66836e-039   [0.000014,0.000010,]
[0,7,]   140   1.47049e-005   -3.29199e-039   4.39509e-039   [0.000012,-0.000012,]
[1,7,]   141   5.23111e-005   -1.62014e-039   3.57528e-039   [-0.000001,-0.000013,]
[2,7,]   142   0.000164721   -8.60387e-040   2.84656e-039   [0.000005,-0.000014,]
[3,7,]   143   0.00043108   -2.16107e-040   2.20893e-039   [0.000006,-0.000016,]
[4,7,]   144   0.000917673   2.70933e-040   1.66239e-039   [0.000008,-0.000018,]
[5,7,]   145   0.00158573   6.45274e-040   1.20694e-039   [0.000011,-0.000020,]
[6,7,]   146   0.00221766   8.97061e-040   8.42583e-040   [0.000016,-0.000022,]
[7,7,]   147   0.00252511   9.97855e-040   5.69313e-040   [0.000023,-0.000023,]
[8,7,]   148   0.00243317   1.00323e-039   3.87133e-040   [0.000034,-0.000020,]
[9,7,]   149   0.00217749   7.5209e-040   2.96043e-040   [0.000045,-0.000008,]
[10,7,]   150   0.00216714   7.9239e-040   2.96043e-040   [0.000045,0.000009,]
[11,7,]   151   0.00241557   9.53301e-040   3.87133e-040   [0.000035,0.000021,]
[12,7,]   152   0.00252511   9.97854e-040   5.69313e-040   [0.000023,0.000023,]
[13,7,]   153   0.00222963   9.09612e-040   8.42583e-040   [0.000016,0.000022,]
[14,7,]   154   0.00160322   6.65776e-040   1.20694e-039   [0.000011,0.000020,]
[15,7,]   155   0.000933268   2.98787e-040   1.66239e-039   [0.000008,0.000018,]
[16,7,]   156   0.000441015   -1.821e-040   2.20893e-039   [0.000006,0.000016,]
[17,7,]   157   0.000169566   -7.99592e-040   2.84656e-039   [0.000005,0.000014,]
[18,7,]   158   5.35993e-005   -1.63377e-039   3.57528e-039   [0.000009,0.000013,]
[19,7,]   159   1.51994e-005   -3.2798e-039   4.39509e-039   [0.000012,0.000011,]
[0,8,]   160   2.0174e-005   -3.03026e-039   4.21291e-039   [0.000011,-0.000013,]
[1,8,]   161   7.05791e-005   -1.4439e-039   3.3931e-039   [-0.000002,-0.000013,]
[2,8,]   162   0.00021892   -6.75618e-040   2.66438e-039   [0.000003,-0.000015,]
[3,8,]   163   0.000560723   -3.87659e-041   2.02675e-039   [0.000004,-0.000017,]
[4,8,]   164   0.00115681   4.38016e-040   1.48021e-039   [0.000006,-0.000020,]
[5,8,]   165   0.00190346   7.9681e-040   1.02476e-039   [0.000008,-0.000023,]
[6,8,]   166   0.00245128   9.87314e-040   6.60403e-040   [0.000012,-0.000029,]
[7,8,]   167   0.00241557   9.53301e-040   3.87133e-040   [0.000021,-0.000035,]
[8,8,]   168   0.0018151   4.19893e-040   2.04953e-040   [0.000040,-0.000039,]
[9,8,]   169   0.00121237   -5.26658e-040   1.13863e-040   [0.000070,-0.000016,]
[10,8,]   170   0.001169   -1.07745e-039   1.13863e-040   [0.000070,0.000030,]
[11,8,]   171   0.00181511   4.19893e-040   2.04953e-040   [0.000039,0.000040,]
[12,8,]   172   0.00243317   1.00323e-039   3.87133e-040   [0.000020,0.000034,]
[13,8,]   173   0.00246842   9.99977e-040   6.60403e-040   [0.000012,0.000028,]
[14,8,]   174   0.00192206   8.13893e-040   1.02476e-039   [0.000008,0.000023,]
[15,8,]   175   0.00117204   4.60155e-040   1.48021e-039   [0.000005,0.000020,]
[16,8,]   176   0.000570028   -1.37182e-041   2.02675e-039   [0.000004,0.000017,]
[17,8,]   177   0.000223325   -6.28057e-040   2.66438e-039   [0.000003,0.000015,]
[18,8,]   178   7.14762e-005   -1.43347e-039   3.3931e-039   [0.000007,0.000013,]
[19,8,]   179   2.00656e-005   -3.02443e-039   4.21291e-039   [0.000010,0.000011,]
[0,9,]   180   2.39419e-005   -2.89132e-039   4.12182e-039   [0.000009,-0.000012,]
[1,9,]   181   8.22973e-005   -1.36201e-039   3.30201e-039   [-0.000003,-0.000014,]
[2,9,]   182   0.000253016   -5.76936e-040   2.57329e-039   [0.000001,-0.000016,]
[3,9,]   183   0.000640009   5.4841e-041   1.93566e-039   [0.000001,-0.000018,]
[4,9,]   184   0.00129641   5.32907e-040   1.38912e-039   [0.000002,-0.000021,]
[5,9,]   185   0.00206803   8.78242e-040   9.33673e-040   [0.000003,-0.000026,]
[6,9,]   186   0.00251642   1.08431e-039   5.69313e-040   [0.000005,-0.000033,]
[7,9,]   187   0.00216714   7.9239e-040   2.96043e-040   [0.000009,-0.000045,]
[8,9,]   188   0.001169   -1.07745e-039   1.13863e-040   [0.000030,-0.000070,]
[9,9,]   189   0.000354282   -1.0171e-038   2.27725e-041   [0.000124,-0.000111,]
[10,9,]   190   0.000354282   -1.0171e-038   2.27725e-041   [0.000111,0.000124,]
[11,9,]   191   0.00121237   -5.26656e-040   1.13863e-040   [0.000016,0.000070,]
[12,9,]   192   0.00217749   7.52091e-040   2.96043e-040   [0.000008,0.000045,]
[13,9,]   193   0.00252061   1.06393e-039   5.69313e-040   [0.000004,0.000032,]
[14,9,]   194   0.00207577   8.87747e-040   9.33673e-040   [0.000003,0.000026,]
[15,9,]   195   0.00130273   5.406e-040   1.38912e-039   [0.000002,0.000021,]
[16,9,]   196   0.000643899   6.5058e-041   1.93566e-039   [0.000001,0.000018,]
[17,9,]   197   0.000254804   -5.4781e-040   2.57329e-039   [0.000001,0.000016,]
[18,9,]   198   8.20527e-005   -1.32614e-039   3.30201e-039   [0.000005,0.000014,]
[19,9,]   199   2.2706e-005   -2.89809e-039   4.12182e-039   [0.000009,0.000012,]
[0,10,]   200   2.45663e-005   -2.88204e-039   4.12182e-039   [0.000008,-0.000012,]
[1,10,]   201   8.3007e-005   -1.37507e-039   3.30201e-039   [-0.000005,-0.000014,]
[2,10,]   202   0.000254826   -5.67149e-040   2.57329e-039   [-0.000001,-0.000016,]
[3,10,]   203   0.000643871   6.4709e-041   1.93566e-039   [-0.000001,-0.000018,]
[4,10,]   204   0.00130271   5.40575e-040   1.38912e-039   [-0.000002,-0.000021,]
[5,10,]   205   0.00207577   8.87794e-040   9.33673e-040   [-0.000003,-0.000026,]
[6,10,]   206   0.00252061   1.06393e-039   5.69313e-040   [-0.000004,-0.000032,]
[7,10,]   207   0.00217749   7.52091e-040   2.96043e-040   [-0.000008,-0.000045,]
[8,10,]   208   0.00121237   -5.26656e-040   1.13863e-040   [-0.000016,-0.000070,]
[9,10,]   209   0.000354282   -1.0171e-038   2.27725e-041   [-0.000111,-0.000124,]
[10,10,]   210   0.000354282   -1.0171e-038   2.27725e-041   [-0.000124,0.000111,]
[11,10,]   211   0.001169   -1.07745e-039   1.13863e-040   [-0.000030,0.000070,]
[12,10,]   212   0.00216714   7.92389e-040   2.96043e-040   [-0.000009,0.000045,]
[13,10,]   213   0.00251642   1.08431e-039   5.69313e-040   [-0.000005,0.000033,]
[14,10,]   214   0.00206803   8.78195e-040   9.33673e-040   [-0.000003,0.000026,]
[15,10,]   215   0.00129643   5.32933e-040   1.38912e-039   [-0.000002,0.000021,]
[16,10,]   216   0.000640037   5.52589e-041   1.93566e-039   [-0.000001,0.000018,]
[17,10,]   217   0.000252985   -5.57779e-040   2.57329e-039   [-0.000001,0.000016,]
[18,10,]   218   8.13467e-005   -1.31291e-039   3.30201e-039   [0.000003,0.000014,]
[19,10,]   219   2.211e-005   -2.9077e-039   4.12182e-039   [0.000008,0.000013,]
[0,11,]   220   2.17351e-005   -3.00288e-039   4.21291e-039   [0.000007,-0.000011,]
[1,11,]   221   7.23232e-005   -1.48293e-039   3.3931e-039   [-0.000007,-0.000013,]
[2,11,]   222   0.000223337   -6.47929e-040   2.66438e-039   [-0.000003,-0.000015,]
[3,11,]   223   0.000570002   -1.40089e-041   2.02675e-039   [-0.000004,-0.000017,]
[4,11,]   224   0.00117202   4.6013e-040   1.48021e-039   [-0.000005,-0.000020,]
[5,11,]   225   0.00192206   8.13941e-040   1.02476e-039   [-0.000008,-0.000023,]
[6,11,]   226   0.00246842   9.99977e-040   6.60403e-040   [-0.000012,-0.000028,]
[7,11,]   227   0.00243317   1.00323e-039   3.87133e-040   [-0.000020,-0.000034,]
[8,11,]   228   0.00181511   4.19893e-040   2.04953e-040   [-0.000039,-0.000040,]
[9,11,]   229   0.001169   -1.07745e-039   1.13863e-040   [-0.000070,-0.000030,]
[10,11,]   230   0.00121237   -5.26658e-040   1.13863e-040   [-0.000070,0.000016,]
[11,11,]   231   0.0018151   4.19893e-040   2.04953e-040   [-0.000040,0.000039,]
[12,11,]   232   0.00241557   9.53301e-040   3.87133e-040   [-0.000021,0.000035,]
[13,11,]   233   0.00245128   9.87313e-040   6.60403e-040   [-0.000012,0.000029,]
[14,11,]   234   0.00190346   7.96764e-040   1.02476e-039   [-0.000008,0.000023,]
[15,11,]   235   0.00115684   4.38046e-040   1.48021e-039   [-0.000006,0.000020,]
[16,11,]   236   0.000560747   -3.82707e-041   2.02675e-039   [-0.000004,0.000017,]
[17,11,]   237   0.000218884   -6.56287e-040   2.66438e-039   [-0.000003,0.000015,]
[18,11,]   238   6.97405e-005   -1.39395e-039   3.3931e-039   [0.000002,0.000013,]
[19,11,]   239   1.85764e-005   -3.05313e-039   4.21291e-039   [0.000007,0.000013,]
[0,12,]   240   1.65117e-005   -3.24805e-039   4.39509e-039   [0.000006,-0.000010,]
[1,12,]   241   5.42584e-005   -1.68441e-039   3.57528e-039   [-0.000009,-0.000013,]
[2,12,]   242   0.00016957   -8.2028e-040   2.84656e-039   [-0.000005,-0.000014,]
[3,12,]   243   0.000440995   -1.82343e-040   2.20893e-039   [-0.000006,-0.000016,]
[4,12,]   244   0.00093325   2.98759e-040   1.66239e-039   [-0.000008,-0.000018,]
[5,12,]   245   0.00160322   6.65823e-040   1.20694e-039   [-0.000011,-0.000020,]
[6,12,]   246   0.00222963   9.09611e-040   8.42583e-040   [-0.000016,-0.000022,]
[7,12,]   247   0.00252511   9.97854e-040   5.69313e-040   [-0.000023,-0.000023,]
[8,12,]   248   0.00241557   9.53301e-040   3.87133e-040   [-0.000035,-0.000021,]
[9,12,]   249   0.00216714   7.9239e-040   2.96043e-040   [-0.000045,-0.000009,]
[10,12,]   250   0.00217749   7.5209e-040   2.96043e-040   [-0.000045,0.000008,]
[11,12,]   251   0.00243317   1.00323e-039   3.87133e-040   [-0.000034,0.000020,]
[12,12,]   252   0.00252511   9.97854e-040   5.69313e-040   [-0.000023,0.000023,]
[13,12,]   253   0.00221766   8.97059e-040   8.42583e-040   [-0.000016,0.000022,]
[14,12,]   254   0.00158573   6.4523e-040   1.20694e-039   [-0.000011,0.000020,]
[15,12,]   255   0.000917692   2.70966e-040   1.66239e-039   [-0.000008,0.000018,]
[16,12,]   256   0.000431098   -2.15531e-040   2.20893e-039   [-0.000006,0.000016,]
[17,12,]   257   0.000164687   -8.40589e-040   2.84656e-039   [-0.000005,0.000014,]
[18,12,]   258   5.16604e-005   -1.56877e-039   3.57528e-039   [0.000001,0.000013,]
[19,12,]   259   1.34781e-005   -3.32681e-039   4.39509e-039   [0.000007,0.000013,]
[0,13,]   260   1.07181e-005   -3.60758e-039   4.66836e-039   [0.000005,-0.000010,]
[1,13,]   261   3.48952e-005   -1.97777e-039   3.84855e-039   [-0.000010,-0.000012,]
[2,13,]   262   0.000110825   -1.08434e-039   3.11983e-039   [-0.000006,-0.000013,]
[3,13,]   263   0.00029519   -4.39756e-040   2.4822e-039   [-0.000007,-0.000014,]
[4,13,]   264   0.0006465   4.90932e-041   1.93566e-039   [-0.000009,-0.000015,]
[5,13,]   265   0.00116854   4.36732e-040   1.48021e-039   [-0.000012,-0.000016,]
[6,13,]   266   0.00175268   7.14961e-040   1.11585e-039   [-0.000017,-0.000017,]
[7,13,]   267   0.00221766   8.97059e-040   8.42583e-040   [-0.000022,-0.000016,]
[8,13,]   268   0.00245128   9.87313e-040   6.60403e-040   [-0.000029,-0.000012,]
[9,13,]   269   0.00251642   1.08431e-039   5.69313e-040   [-0.000033,-0.000005,]
[10,13,]   270   0.00252061   1.06393e-039   5.69313e-040   [-0.000032,0.000004,]
[11,13,]   271   0.00246842   9.99977e-040   6.60403e-040   [-0.000028,0.000012,]
[12,13,]   272   0.00222963   9.09612e-040   8.42583e-040   [-0.000022,0.000016,]
[13,13,]   273   0.00175268   7.14962e-040   1.11585e-039   [-0.000017,0.000017,]
[14,13,]   274   0.00116016   4.24295e-040   1.48021e-039   [-0.000013,0.000016,]
[15,13,]   275   0.000636678   2.44819e-041   1.93566e-039   [-0.000010,0.000015,]
[16,13,]   276   0.000288261   -4.73761e-040   2.4822e-039   [-0.000008,0.000014,]
[17,13,]   277   0.000107211   -1.1094e-039   3.11983e-039   [-0.000006,0.000013,]
[18,13,]   278   3.2971e-005   -1.83589e-039   3.84855e-039   [0.000001,0.000012,]
[19,13,]   279   8.43454e-006   -3.71532e-039   4.66836e-039   [0.000007,0.000012,]
[0,14,]   280   5.91708e-006   -4.07131e-039   5.03272e-039   [0.000004,-0.000009,]
[1,14,]   281   1.91472e-005   -2.36188e-039   4.21291e-039   [-0.000012,-0.000011,]
[2,14,]   282   6.19263e-005   -1.44029e-039   3.48419e-039   [-0.000007,-0.000011,]
[3,14,]   283   0.000169224   -7.87934e-040   2.84656e-039   [-0.000008,-0.000012,]
[4,14,]   284   0.000383642   -2.90061e-040   2.30002e-039   [-0.000010,-0.000013,]
[5,14,]   285   0.000726738   1.14252e-040   1.84457e-039   [-0.000013,-0.000013,]
[6,14,]   286   0.00116016   4.24294e-040   1.48021e-039   [-0.000016,-0.000013,]
[7,14,]   287   0.00158573   6.4523e-040   1.20694e-039   [-0.000020,-0.000011,]
[8,14,]   288   0.00190346   7.96764e-040   1.02476e-039   [-0.000023,-0.000008,]
[9,14,]   289   0.00206803   8.78195e-040   9.33673e-040   [-0.000026,-0.000003,]
[10,14,]   290   0.00207577   8.87747e-040   9.33673e-040   [-0.000026,0.000003,]
[11,14,]   291   0.00192206   8.13893e-040   1.02476e-039   [-0.000023,0.000008,]
[12,14,]   292   0.00160322   6.65776e-040   1.20694e-039   [-0.000020,0.000011,]
[13,14,]   293   0.00116854   4.36685e-040   1.48021e-039   [-0.000016,0.000012,]
[14,14,]   294   0.000726738   1.14206e-040   1.84457e-039   [-0.000013,0.000013,]
[15,14,]   295   0.000380091   -3.04648e-040   2.30002e-039   [-0.000011,0.000013,]
[16,14,]   296   0.000165923   -8.15317e-040   2.84656e-039   [-0.000008,0.000012,]
[17,14,]   297   5.99981e-005   -1.46255e-039   3.48419e-039   [-0.000007,0.000011,]
[18,14,]   298   1.80559e-005   -2.19432e-039   4.21291e-039   [0.000001,0.000011,]
[19,14,]   299   4.5393e-006   -4.2045e-039   5.03272e-039   [0.000008,0.000011,]
[0,15,]   300   2.7668e-006   -4.63229e-039   5.48817e-039   [0.000003,-0.000008,]
[1,15,]   301   8.9234e-006   -2.83753e-039   4.66836e-039   [-0.000013,-0.000010,]
[2,15,]   302   2.94038e-005   -1.89003e-039   3.93964e-039   [-0.000008,-0.000010,]
[3,15,]   303   8.23847e-005   -1.22928e-039   3.30201e-039   [-0.000009,-0.000011,]
[4,15,]   304   0.000192791   -7.22976e-040   2.75547e-039   [-0.000010,-0.000011,]
[5,15,]   305   0.000380091   -3.04603e-040   2.30002e-039   [-0.000013,-0.000011,]
[6,15,]   306   0.000636678   2.44811e-041   1.93566e-039   [-0.000015,-0.000010,]
[7,15,]   307   0.000917692   2.70966e-040   1.66239e-039   [-0.000018,-0.000008,]
[8,15,]   308   0.00115684   4.38046e-040   1.48021e-039   [-0.000020,-0.000006,]
[9,15,]   309   0.00129643   5.32933e-040   1.38912e-039   [-0.000021,-0.000002,]
[10,15,]   310   0.00130273   5.406e-040   1.38912e-039   [-0.000021,0.000002,]
[11,15,]   311   0.00117204   4.60155e-040   1.48021e-039   [-0.000020,0.000005,]
[12,15,]   312   0.000933268   2.98786e-040   1.66239e-039   [-0.000018,0.000008,]
[13,15,]   313   0.000646512   4.91225e-041   1.93566e-039   [-0.000015,0.000009,]
[14,15,]   314   0.00038365   -2.90029e-040   2.30002e-039   [-0.000013,0.000010,]
[15,15,]   315   0.000192795   -7.22942e-040   2.75547e-039   [-0.000011,0.000010,]
[16,15,]   316   8.14523e-005   -1.24378e-039   3.30201e-039   [-0.000009,0.000010,]
[17,15,]   317   2.86738e-005   -1.90226e-039   3.93964e-039   [-0.000007,0.000010,]
[18,15,]   318   8.44521e-006   -2.64427e-039   4.66836e-039   [0.000001,0.000010,]
[19,15,]   319   2.09254e-006   -4.7835e-039   5.48817e-039   [0.000008,0.000011,]
[0,16,]   320   1.0923e-006   -5.27672e-039   6.03471e-039   [0.000003,-0.000007,]
[1,16,]   321   3.51896e-006   -3.39653e-039   5.2149e-039   [-0.000014,-0.000009,]
[2,16,]   322   1.18067e-005   -2.42612e-039   4.48618e-039   [-0.000008,-0.000009,]
[3,16,]   323   3.38533e-005   -1.75736e-039   3.84855e-039   [-0.000009,-0.000009,]
[4,16,]   324   8.14506e-005   -1.24382e-039   3.30201e-039   [-0.000010,-0.000009,]
[5,16,]   325   0.000165923   -8.15272e-040   2.84656e-039   [-0.000012,-0.000008,]
[6,16,]   326   0.000288261   -4.73761e-040   2.4822e-039   [-0.000014,-0.000008,]
[7,16,]   327   0.000431098   -2.15531e-040   2.20893e-039   [-0.000016,-0.000006,]
[8,16,]   328   0.000560747   -3.82706e-041   2.02675e-039   [-0.000017,-0.000004,]
[9,16,]   329   0.000640037   5.5259e-041   1.93566e-039   [-0.000018,-0.000001,]
[10,16,]   330   0.000643899   6.50579e-041   1.93566e-039   [-0.000018,0.000001,]
[11,16,]   331   0.000570028   -1.37182e-041   2.02675e-039   [-0.000017,0.000004,]
[12,16,]   332   0.000441015   -1.821e-040   2.20893e-039   [-0.000016,0.000006,]
[13,16,]   333   0.000295203   -4.39552e-040   2.4822e-039   [-0.000014,0.000007,]
[14,16,]   334   0.000169232   -7.87762e-040   2.84656e-039   [-0.000012,0.000008,]
[15,16,]   335   8.23886e-005   -1.22913e-039   3.30201e-039   [-0.000011,0.000009,]
[16,16,]   336   3.38549e-005   -1.75723e-039   3.84855e-039   [-0.000009,0.000009,]
[17,16,]   337   1.16352e-005   -2.42507e-039   4.48618e-039   [-0.000008,0.000009,]
[18,16,]   338   3.35865e-006   -3.17991e-039   5.2149e-039   [0.000001,0.000009,]
[19,16,]   339   8.22677e-007   -5.43887e-039   6.03471e-039   [0.000009,0.000010,]
[0,17,]   340   3.61174e-007   -6.06148e-039   6.67234e-039   [0.000003,-0.000006,]
[1,17,]   341   1.16425e-006   -4.09717e-039   5.85253e-039   [-0.000015,-0.000007,]
[2,17,]   342   3.97357e-006   -3.10422e-039   5.12381e-039   [-0.000008,-0.000008,]
[3,17,]   343   1.16346e-005   -2.42519e-039   4.48618e-039   [-0.000009,-0.000008,]
[4,17,]   344   2.86732e-005   -1.9023e-039   3.93964e-039   [-0.000010,-0.000007,]
[5,17,]   345   5.99981e-005   -1.46251e-039   3.48419e-039   [-0.000011,-0.000007,]
[6,17,]   346   0.000107211   -1.1094e-039   3.11983e-039   [-0.000013,-0.000006,]
[7,17,]   347   0.000164687   -8.40589e-040   2.84656e-039   [-0.000014,-0.000005,]
[8,17,]   348   0.000218884   -6.56287e-040   2.66438e-039   [-0.000015,-0.000003,]
[9,17,]   349   0.000252985   -5.57779e-040   2.57329e-039   [-0.000016,-0.000001,]
[10,17,]   350   0.000254804   -5.47811e-040   2.57329e-039   [-0.000016,0.000001,]
[11,17,]   351   0.000223325   -6.28057e-040   2.66438e-039   [-0.000015,0.000003,]
[12,17,]   352   0.000169566   -7.99593e-040   2.84656e-039   [-0.000014,0.000005,]
[13,17,]   353   0.000110825   -1.06266e-039   3.11983e-039   [-0.000013,0.000006,]
[14,17,]   354   6.19275e-005   -1.41757e-039   3.48419e-039   [-0.000011,0.000007,]
[15,17,]   355   2.94049e-005   -1.8663e-039   3.93964e-039   [-0.000010,0.000008,]
[16,17,]   356   1.18073e-005   -2.40146e-039   4.48618e-039   [-0.000009,0.000008,]
[17,17,]   357   3.97381e-006   -3.07874e-039   5.12381e-039   [-0.000008,0.000008,]
[18,17,]   358   1.12638e-006   -3.84964e-039   5.85253e-039   [0.000001,0.000008,]
[19,17,]   359   2.73488e-007   -6.21696e-039   6.67234e-039   [0.000010,0.000009,]
[0,18,]   360   1.00677e-007   -6.95808e-039   7.40106e-039   [0.000003,0.000003,]
[1,18,]   361   3.24975e-007   -4.89788e-039   6.58125e-039   [-0.000016,0.000002,]
[2,18,]   362   1.1263e-006   -3.87594e-039   5.85253e-039   [-0.000008,0.000001,]
[3,18,]   363   3.35848e-006   -3.18002e-039   5.2149e-039   [-0.000009,0.000001,]
[4,18,]   364   8.44504e-006   -2.6443e-039   4.66836e-039   [-0.000010,0.000001,]
[5,18,]   365   1.80559e-005   -2.19428e-039   4.21291e-039   [-0.000011,0.000001,]
[6,18,]   366   3.2971e-005   -1.83589e-039   3.84855e-039   [-0.000012,0.000001,]
[7,18,]   367   5.16604e-005   -1.56877e-039   3.57528e-039   [-0.000013,0.000001,]
[8,18,]   368   6.97405e-005   -1.39395e-039   3.3931e-039   [-0.000013,0.000002,]
[9,18,]   369   8.13467e-005   -1.31291e-039   3.30201e-039   [-0.000014,0.000003,]
[10,18,]   370   8.20527e-005   -1.32615e-039   3.30201e-039   [-0.000014,0.000005,]
[11,18,]   371   7.14762e-005   -1.43347e-039   3.3931e-039   [-0.000013,0.000007,]
[12,18,]   372   5.35993e-005   -1.63377e-039   3.57528e-039   [-0.000013,0.000009,]
[13,18,]   373   3.44511e-005   -1.92539e-039   3.84855e-039   [-0.000012,0.000010,]
[14,18,]   374   1.88911e-005   -2.3074e-039   4.21291e-039   [-0.000011,0.000012,]
[15,18,]   375   8.79815e-006   -2.78079e-039   4.66836e-039   [-0.000010,0.000013,]
[16,18,]   376   3.46736e-006   -3.33751e-039   5.2149e-039   [-0.000009,0.000014,]
[17,18,]   377   1.1465e-006   -4.03598e-039   5.85253e-039   [-0.000007,0.000015,]
[18,18,]   378   3.19843e-007   -4.83409e-039   6.58125e-039   [0.000002,0.000015,]
[19,18,]   379   7.71659e-008   -7.31402e-039   7.40106e-039   [0.000011,0.000016,]
[0,19,]   380   2.4615e-008   -9.44746e-039   8.22087e-039   [0.000003,0.000013,]
[1,19,]   381   7.84765e-008   -7.37699e-039   7.40106e-039   [-0.000017,0.000011,]
[2,19,]   382   2.73474e-007   -6.2446e-039   6.67234e-039   [-0.000009,0.000010,]
[3,19,]   383   8.22636e-007   -5.43902e-039   6.03471e-039   [-0.000010,0.000009,]
[4,19,]   384   2.0925e-006   -4.78355e-039   5.48817e-039   [-0.000011,0.000008,]
[5,19,]   385   4.5393e-006   -4.20446e-039   5.03272e-039   [-0.000011,0.000008,]
[6,19,]   386   8.43454e-006   -3.71532e-039   4.66836e-039   [-0.000012,0.000007,]
[7,19,]   387   1.34781e-005   -3.32681e-039   4.39509e-039   [-0.000013,0.000007,]
[8,19,]   388   1.85764e-005   -3.05313e-039   4.21291e-039   [-0.000013,0.000007,]
[9,19,]   389   2.211e-005   -2.9077e-039   4.12182e-039   [-0.000013,0.000008,]
[10,19,]   390   2.2706e-005   -2.89809e-039   4.12182e-039   [-0.000012,0.000009,]
[11,19,]   391   2.00656e-005   -3.02443e-039   4.21291e-039   [-0.000011,0.000010,]
[12,19,]   392   1.51994e-005   -3.2798e-039   4.39509e-039   [-0.000011,0.000012,]
[13,19,]   393   9.8261e-006   -3.65261e-039   4.66836e-039   [-0.000010,0.000014,]
[14,19,]   394   5.39894e-006   -4.13117e-039   5.03272e-039   [-0.000009,0.000016,]
[15,19,]   395   2.51202e-006   -4.70735e-039   5.48817e-039   [-0.000008,0.000018,]
[16,19,]   396   9.86913e-007   -5.36651e-039   6.03471e-039   [-0.000007,0.000019,]
[17,19,]   397   3.24834e-007   -6.16522e-039   6.67234e-039   [-0.000006,0.000021,]
[18,19,]   398   9.01507e-008   -7.07331e-039   7.40106e-039   [0.000003,0.000022,]
[19,19,]   399   2.19163e-008   -9.60275e-039   8.22087e-039   [0.000013,0.000023,]
