coordinates  index   rho      Q      V    velocities 
[0,0,]   0   4.4746e-007   -9.5239e-039   8.22087e-039   [0.000011,-0.000004,]
[1,0,]   1   1.92372e-006   -6.9154e-039   7.40106e-039   [0.000005,-0.000004,]
[2,0,]   2   6.90497e-006   -6.09033e-039   6.67234e-039   [0.000009,-0.000004,]
[3,0,]   3   2.09336e-005   -5.32435e-039   6.03471e-039   [0.000010,-0.000004,]
[4,0,]   4   5.35356e-005   -4.65947e-039   5.48817e-039   [0.000011,-0.000003,]
[5,0,]   5   0.000115882   -4.08442e-039   5.03272e-039   [0.000012,-0.000003,]
[6,0,]   6   0.000212954   -3.60519e-039   4.66836e-039   [0.000013,-0.000002,]
[7,0,]   7   0.000333396   -3.22719e-039   4.39509e-039   [0.000014,-0.000001,]
[8,0,]   8   0.000445883   -2.97283e-039   4.21291e-039   [0.000015,0.000001,]
[9,0,]   9   0.000512103   -2.84196e-039   4.12182e-039   [0.000016,0.000002,]
[10,0,]   10   0.000506497   -2.83738e-039   4.12182e-039   [0.000016,0.000004,]
[11,0,]   11   0.000430621   -2.97618e-039   4.21291e-039   [0.000015,0.000006,]
[12,0,]   12   0.000314673   -3.24606e-039   4.39509e-039   [0.000015,0.000007,]
[13,0,]   13   0.000197648   -3.62407e-039   4.66836e-039   [0.000014,0.000008,]
[14,0,]   14   0.000106319   -4.10779e-039   5.03272e-039   [0.000013,0.000009,]
[15,0,]   15   4.88086e-005   -4.68488e-039   5.48817e-039   [0.000012,0.000010,]
[16,0,]   16   1.90559e-005   -5.34827e-039   6.03471e-039   [0.000011,0.000010,]
[17,0,]   17   6.30234e-006   -6.10432e-039   6.67234e-039   [0.000010,0.000011,]
[18,0,]   18   1.76274e-006   -7.0263e-039   7.40106e-039   [0.000012,0.000011,]
[19,0,]   19   4.39517e-007   -9.54654e-039   8.22087e-039   [0.000015,0.000011,]
[0,1,]   20   1.76659e-006   -7.03689e-039   7.40106e-039   [0.000011,-0.000012,]
[1,1,]   21   7.54722e-006   -4.57689e-039   6.58125e-039   [0.000005,-0.000012,]
[2,1,]   22   2.6797e-005   -3.85797e-039   5.85253e-039   [0.000010,-0.000011,]
[3,1,]   23   8.03317e-005   -3.20281e-039   5.2149e-039   [0.000011,-0.000011,]
[4,1,]   24   0.0002032   -2.65467e-039   4.66836e-039   [0.000012,-0.000010,]
[5,1,]   25   0.000435462   -2.19857e-039   4.21291e-039   [0.000013,-0.000009,]
[6,1,]   26   0.00079376   -1.8334e-039   3.84855e-039   [0.000015,-0.000008,]
[7,1,]   27   0.0012363   -1.55418e-039   3.57528e-039   [0.000016,-0.000006,]
[8,1,]   28   0.00165145   -1.37358e-039   3.3931e-039   [0.000017,-0.000005,]
[9,1,]   29   0.0019038   -1.278e-039   3.30201e-039   [0.000017,-0.000003,]
[10,1,]   30   0.00189993   -1.26153e-039   3.30201e-039   [0.000018,-0.000001,]
[11,1,]   31   0.00163709   -1.34555e-039   3.3931e-039   [0.000017,0.000001,]
[12,1,]   32   0.00121636   -1.52414e-039   3.57528e-039   [0.000016,0.000003,]
[13,1,]   33   0.000778354   -1.78321e-039   3.84855e-039   [0.000015,0.000004,]
[14,1,]   34   0.000426738   -2.13486e-039   4.21291e-039   [0.000013,0.000005,]
[15,1,]   35   0.000199517   -2.57803e-039   4.66836e-039   [0.000012,0.000005,]
[16,1,]   36   7.92088e-005   -3.11383e-039   5.2149e-039   [0.000011,0.000005,]
[17,1,]   37   2.65872e-005   -3.75291e-039   5.85253e-039   [0.000010,0.000005,]
[18,1,]   38   7.53175e-006   -4.56656e-039   6.58125e-039   [0.000012,0.000005,]
[19,1,]   39   1.8919e-006   -6.93059e-039   7.40106e-039   [0.000014,0.000005,]
[0,2,]   40   6.30213e-006   -6.10791e-039   6.67234e-039   [0.000011,-0.000010,]
[1,2,]   41   2.65864e-005   -3.75631e-039   5.85253e-039   [0.000005,-0.000010,]
[2,2,]   42   9.29406e-005   -3.04613e-039   5.12381e-039   [0.000010,-0.000010,]
[3,2,]   43   0.00027382   -2.39988e-039   4.48618e-039   [0.000011,-0.000010,]
[4,2,]   44   0.00067974   -1.86157e-039   3.93964e-039   [0.000013,-0.000009,]
[5,2,]   45   0.00142839   -1.41661e-039   3.48419e-039   [0.000014,-0.000009,]
[6,2,]   46   0.00255388   -1.06367e-039   3.11983e-039   [0.000016,-0.000007,]
[7,2,]   47   0.00390956   -7.96974e-040   2.84656e-039   [0.000017,-0.000006,]
[8,2,]   48   0.00515348   -6.30425e-040   2.66438e-039   [0.000019,-0.000004,]
[9,2,]   49   0.00589977   -5.48309e-040   2.57329e-039   [0.000020,-0.000001,]
[10,2,]   50   0.00589251   -5.42831e-040   2.57329e-039   [0.000020,0.000001,]
[11,2,]   51   0.005119   -6.37308e-040   2.66438e-039   [0.000019,0.000004,]
[12,2,]   52   0.00385836   -8.23829e-040   2.84656e-039   [0.000017,0.000006,]
[13,2,]   53   0.00251542   -1.08604e-039   3.11983e-039   [0.000016,0.000007,]
[14,2,]   54   0.0014078   -1.43761e-039   3.48419e-039   [0.000014,0.000008,]
[15,2,]   55   0.000671966   -1.87804e-039   3.93964e-039   [0.000013,0.000009,]
[16,2,]   56   0.000272034   -2.40941e-039   4.48618e-039   [0.000011,0.000010,]
[17,2,]   57   9.29435e-005   -3.04281e-039   5.12381e-039   [0.000010,0.000010,]
[18,2,]   58   2.67439e-005   -3.84814e-039   5.85253e-039   [0.000011,0.000010,]
[19,2,]   59   6.79556e-006   -6.1044e-039   6.67234e-039   [0.000013,0.000009,]
[0,3,]   60   1.90554e-005   -5.34821e-039   6.03471e-039   [0.000010,-0.000011,]
[1,3,]   61   7.9207e-005   -3.11378e-039   5.2149e-039   [0.000005,-0.000011,]
[2,3,]   62   0.000272027   -2.40936e-039   4.48618e-039   [0.000010,-0.000011,]
[3,3,]   63   0.000785184   -1.76962e-039   3.84855e-039   [0.000011,-0.000011,]
[4,3,]   64   0.00190467   -1.23781e-039   3.30201e-039   [0.000013,-0.000011,]
[5,3,]   65   0.00390282   -7.99533e-040   2.84656e-039   [0.000015,-0.000010,]
[6,3,]   66   0.00679901   -4.52835e-040   2.4822e-039   [0.000017,-0.000009,]
[7,3,]   67   0.0101577   -1.9059e-040   2.20893e-039   [0.000019,-0.000007,]
[8,3,]   68   0.0131312   -2.8191e-041   2.02675e-039   [0.000021,-0.000005,]
[9,3,]   69   0.0148735   5.21125e-041   1.93566e-039   [0.000023,-0.000002,]
[10,3,]   70   0.0148675   5.96987e-041   1.93566e-039   [0.000023,0.000002,]
[11,3,]   71   0.0130691   -3.25461e-041   2.02675e-039   [0.000021,0.000005,]
[12,3,]   72   0.0100539   -2.15161e-040   2.20893e-039   [0.000019,0.000007,]
[13,3,]   73   0.00672474   -4.69975e-040   2.4822e-039   [0.000017,0.000009,]
[14,3,]   74   0.00386713   -8.13309e-040   2.84656e-039   [0.000015,0.000010,]
[15,3,]   75   0.00189452   -1.24557e-039   3.30201e-039   [0.000013,0.000011,]
[16,3,]   76   0.000785206   -1.76968e-039   3.84855e-039   [0.000011,0.000011,]
[17,3,]   77   0.00027383   -2.39665e-039   4.48618e-039   [0.000010,0.000011,]
[18,3,]   78   8.01783e-005   -3.19341e-039   5.2149e-039   [0.000011,0.000011,]
[19,3,]   79   2.06178e-005   -5.33636e-039   6.03471e-039   [0.000012,0.000010,]
[0,4,]   80   4.88071e-005   -4.68482e-039   5.48817e-039   [0.000010,-0.000012,]
[1,4,]   81   0.000199511   -2.57799e-039   4.66836e-039   [0.000005,-0.000012,]
[2,4,]   82   0.000671946   -1.87799e-039   3.93964e-039   [0.000009,-0.000013,]
[3,4,]   83   0.00189445   -1.24552e-039   3.30201e-039   [0.000011,-0.000013,]
[4,4,]   84   0.0044696   -7.21786e-040   2.75547e-039   [0.000013,-0.000013,]
[5,4,]   85   0.00887002   -2.9295e-040   2.30002e-039   [0.000016,-0.000013,]
[6,4,]   86   0.0149201   4.35711e-041   1.93566e-039   [0.000019,-0.000012,]
[7,4,]   87   0.0215253   2.97139e-040   1.66239e-039   [0.000022,-0.000010,]
[8,4,]   88   0.0270156   4.51579e-040   1.48021e-039   [0.000025,-0.000007,]
[9,4,]   89   0.0300859   5.27968e-040   1.38912e-039   [0.000027,-0.000003,]
[10,4,]   90   0.0301012   5.38191e-040   1.38912e-039   [0.000027,0.000002,]
[11,4,]   91   0.0269423   4.49842e-040   1.48021e-039   [0.000025,0.000007,]
[12,4,]   92   0.0213658   2.74516e-040   1.66239e-039   [0.000022,0.000010,]
[13,4,]   93   0.0148165   3.15699e-041   1.93566e-039   [0.000019,0.000012,]
[14,4,]   94   0.00883223   -2.99892e-040   2.30002e-039   [0.000016,0.000013,]
[15,4,]   95   0.00446978   -7.21832e-040   2.75547e-039   [0.000013,0.000013,]
[16,4,]   96   0.00190473   -1.23786e-039   3.30201e-039   [0.000011,0.000013,]
[17,4,]   97   0.000679765   -1.85845e-039   3.93964e-039   [0.000009,0.000013,]
[18,4,]   98   0.000202829   -2.64571e-039   4.66836e-039   [0.000010,0.000012,]
[19,4,]   99   5.2771e-005   -4.66928e-039   5.48817e-039   [0.000012,0.000011,]
[0,5,]   100   0.000106315   -4.10764e-039   5.03272e-039   [0.000009,-0.000013,]
[1,5,]   101   0.000426724   -2.13472e-039   4.21291e-039   [0.000005,-0.000013,]
[2,5,]   102   0.00140775   -1.43746e-039   3.48419e-039   [0.000008,-0.000014,]
[3,5,]   103   0.00386696   -8.13135e-040   2.84656e-039   [0.000010,-0.000015,]
[4,5,]   104   0.00883178   -2.9971e-040   2.30002e-039   [0.000013,-0.000016,]
[5,5,]   105   0.0168397   1.15125e-040   1.84457e-039   [0.000016,-0.000016,]
[6,5,]   106   0.0270168   4.33655e-040   1.48021e-039   [0.000020,-0.000016,]
[7,5,]   107   0.0370254   6.68022e-040   1.20694e-039   [0.000025,-0.000014,]
[8,5,]   108   0.0443259   8.03809e-040   1.02476e-039   [0.000029,-0.000010,]
[9,5,]   109   0.0479566   8.70726e-040   9.33673e-040   [0.000033,-0.000004,]
[10,5,]   110   0.0480327   8.84662e-040   9.33673e-040   [0.000033,0.000003,]
[11,5,]   111   0.0443016   8.05334e-040   1.02476e-039   [0.000029,0.000009,]
[12,5,]   112   0.0368545   6.47349e-040   1.20694e-039   [0.000025,0.000014,]
[13,5,]   113   0.0269311   4.27107e-040   1.48021e-039   [0.000020,0.000016,]
[14,5,]   114   0.0168407   1.14799e-040   1.84457e-039   [0.000016,0.000016,]
[15,5,]   115   0.00887045   -2.93111e-040   2.30002e-039   [0.000013,0.000016,]
[16,5,]   116   0.00390297   -7.99684e-040   2.84656e-039   [0.000010,0.000015,]
[17,5,]   117   0.00142845   -1.41371e-039   3.48419e-039   [0.000009,0.000014,]
[18,5,]   118   0.000434706   -2.19014e-039   4.21291e-039   [0.000009,0.000013,]
[19,5,]   119   0.000114323   -4.09205e-039   5.03272e-039   [0.000010,0.000012,]
[0,6,]   120   0.000197636   -3.62364e-039   4.66836e-039   [0.000008,-0.000014,]
[1,6,]   121   0.000778303   -1.78279e-039   3.84855e-039   [0.000004,-0.000015,]
[2,6,]   122   0.00251524   -1.08556e-039   3.11983e-039   [0.000007,-0.000016,]
[3,6,]   123   0.00672417   -4.69413e-040   2.4822e-039   [0.000009,-0.000017,]
[4,6,]   124   0.014815   3.22182e-041   1.93566e-039   [0.000012,-0.000019,]
[5,6,]   125   0.0269281   4.28021e-040   1.48021e-039   [0.000016,-0.000020,]
[6,6,]   126   0.0405853   7.16184e-040   1.11585e-039   [0.000021,-0.000021,]
[7,6,]   127   0.0515291   9.08382e-040   8.42583e-040   [0.000027,-0.000020,]
[8,6,]   128   0.0569531   9.92768e-040   6.60403e-040   [0.000035,-0.000015,]
[9,6,]   129   0.058354   1.03815e-039   5.69313e-040   [0.000042,-0.000007,]
[10,6,]   130   0.0585267   1.05645e-039   5.69313e-040   [0.000042,0.000005,]
[11,6,]   131   0.0570573   9.98439e-040   6.60403e-040   [0.000035,0.000015,]
[12,6,]   132   0.0514305   8.89791e-040   8.42583e-040   [0.000028,0.000019,]
[13,6,]   133   0.0405921   7.15371e-040   1.11585e-039   [0.000021,0.000021,]
[14,6,]   134   0.0270195   4.3345e-040   1.48021e-039   [0.000016,0.000020,]
[15,6,]   135   0.0149214   4.34765e-041   1.93566e-039   [0.000012,0.000019,]
[16,6,]   136   0.0067995   -4.52961e-040   2.4822e-039   [0.000009,0.000017,]
[17,6,]   137   0.00255405   -1.0609e-039   3.11983e-039   [0.000007,0.000016,]
[18,6,]   138   0.00079247   -1.8254e-039   3.84855e-039   [0.000008,0.000015,]
[19,6,]   139   0.000210262   -3.61067e-039   4.66836e-039   [0.000009,0.000013,]
[0,7,]   140   0.000314621   -3.24282e-039   4.39509e-039   [0.000007,-0.000015,]
[1,7,]   141   0.00121614   -1.52081e-039   3.57528e-039   [0.000003,-0.000016,]
[2,7,]   142   0.00385754   -8.20138e-040   2.84656e-039   [0.000006,-0.000017,]
[3,7,]   143   0.0100514   -2.11023e-040   2.20893e-039   [0.000007,-0.000019,]
[4,7,]   144   0.0213595   2.79176e-040   1.66239e-039   [0.000010,-0.000022,]
[5,7,]   145   0.0368412   6.52806e-040   1.20694e-039   [0.000014,-0.000025,]
[6,7,]   146   0.0514055   8.95483e-040   8.42583e-040   [0.000019,-0.000028,]
[7,7,]   147   0.0584145   9.97608e-040   5.69313e-040   [0.000029,-0.000029,]
[8,7,]   148   0.0560149   9.34364e-040   3.87133e-040   [0.000042,-0.000026,]
[9,7,]   149   0.0509019   8.86833e-040   2.96043e-040   [0.000057,-0.000014,]
[10,7,]   150   0.0511768   9.17703e-040   2.96043e-040   [0.000058,0.000009,]
[11,7,]   151   0.0562676   9.47676e-040   3.87133e-040   [0.000044,0.000025,]
[12,7,]   152   0.0584455   9.82984e-040   5.69313e-040   [0.000029,0.000029,]
[13,7,]   153   0.0515381   9.00204e-040   8.42583e-040   [0.000020,0.000027,]
[14,7,]   154   0.0370301   6.6182e-040   1.20694e-039   [0.000014,0.000024,]
[15,7,]   155   0.0215279   2.91979e-040   1.66239e-039   [0.000010,0.000022,]
[16,7,]   156   0.0101589   -1.95077e-040   2.20893e-039   [0.000007,0.000019,]
[17,7,]   157   0.00390999   -7.98146e-040   2.84656e-039   [0.000006,0.000017,]
[18,7,]   158   0.00123444   -1.54992e-039   3.57528e-039   [0.000006,0.000016,]
[19,7,]   159   0.000329424   -3.23376e-039   4.39509e-039   [0.000007,0.000014,]
[0,8,]   160   0.00043016   -2.97787e-039   4.21291e-039   [0.000006,-0.000015,]
[1,8,]   161   0.00163517   -1.34842e-039   3.3931e-039   [0.000001,-0.000017,]
[2,8,]   162   0.00511224   -6.40606e-040   2.66438e-039   [0.000004,-0.000019,]
[3,8,]   163   0.0130493   -3.6359e-041   2.02675e-039   [0.000005,-0.000021,]
[4,8,]   164   0.0268949   4.45319e-040   1.48021e-039   [0.000007,-0.000025,]
[5,8,]   165   0.0442091   8.00005e-040   1.02476e-039   [0.000009,-0.000029,]
[6,8,]   166   0.05691   9.9066e-040   6.60403e-040   [0.000015,-0.000035,]
[7,8,]   167   0.0561019   9.45879e-040   3.87133e-040   [0.000025,-0.000043,]
[8,8,]   168   0.0418261   4.01281e-040   2.04953e-040   [0.000046,-0.000050,]
[9,8,]   169   0.0272957   -4.92978e-040   1.13863e-040   [0.000088,-0.000036,]
[10,8,]   170   0.0276003   -3.85847e-040   1.13863e-040   [0.000092,0.000021,]
[11,8,]   171   0.0420895   4.23417e-040   2.04953e-040   [0.000051,0.000046,]
[12,8,]   172   0.0562045   9.3622e-040   3.87133e-040   [0.000026,0.000042,]
[13,8,]   173   0.0570904   9.97631e-040   6.60403e-040   [0.000015,0.000035,]
[14,8,]   174   0.0444124   8.08443e-040   1.02476e-039   [0.000010,0.000029,]
[15,8,]   175   0.0270603   4.55626e-040   1.48021e-039   [0.000007,0.000024,]
[16,8,]   176   0.01315   -2.47077e-041   2.02675e-039   [0.000005,0.000021,]
[17,8,]   177   0.00515998   -6.24693e-040   2.66438e-039   [0.000004,0.000019,]
[18,8,]   178   0.00165075   -1.36332e-039   3.3931e-039   [0.000005,0.000016,]
[19,8,]   179   0.000441205   -2.9729e-039   4.21291e-039   [0.000006,0.000015,]
[0,9,]   180   0.000506068   -2.84078e-039   4.12182e-039   [0.000004,-0.000015,]
[1,9,]   181   0.00189822   -1.26586e-039   3.30201e-039   [-0.000001,-0.000017,]
[2,9,]   182   0.00588657   -5.47797e-040   2.57329e-039   [0.000001,-0.000019,]
[3,9,]   183   0.0148503   5.396e-041   1.93566e-039   [0.000002,-0.000022,]
[4,9,]   184   0.0300605   5.31373e-040   1.38912e-039   [0.000002,-0.000026,]
[5,9,]   185   0.0479541   8.76354e-040   9.33673e-040   [0.000003,-0.000032,]
[6,9,]   186   0.0584033   1.04337e-039   5.69313e-040   [0.000005,-0.000041,]
[7,9,]   187   0.05106   9.01659e-040   2.96043e-040   [0.000009,-0.000056,]
[8,9,]   188   0.027511   -4.02591e-040   1.13863e-040   [0.000021,-0.000088,]
[9,9,]   189   0.00607427   -1.38e-038   2.27725e-041   [0.000143,-0.000151,]
[10,9,]   190   0.0061531   -1.35566e-038   2.27725e-041   [0.000155,0.000139,]
[11,9,]   191   0.0275497   -4.27568e-040   1.13863e-040   [0.000037,0.000085,]
[12,9,]   192   0.0511156   9.03789e-040   2.96043e-040   [0.000013,0.000055,]
[13,9,]   193   0.0584928   1.04813e-039   5.69313e-040   [0.000007,0.000040,]
[14,9,]   194   0.0480438   8.79805e-040   9.33673e-040   [0.000004,0.000032,]
[15,9,]   195   0.0301305   5.35331e-040   1.38912e-039   [0.000002,0.000026,]
[16,9,]   196   0.0148921   5.82411e-041   1.93566e-039   [0.000002,0.000022,]
[17,9,]   197   0.00590612   -5.40455e-040   2.57329e-039   [0.000001,0.000019,]
[18,9,]   198   0.00190271   -1.26599e-039   3.30201e-039   [0.000003,0.000017,]
[19,9,]   199   0.000506759   -2.8397e-039   4.12182e-039   [0.000004,0.000015,]
[0,10,]   200   0.000512523   -2.83865e-039   4.12182e-039   [0.000002,-0.000015,]
[1,10,]   201   0.0019056   -1.2734e-039   3.30201e-039   [-0.000003,-0.000017,]
[2,10,]   202   0.00590613   -5.43075e-040   2.57329e-039   [-0.000001,-0.000019,]
[3,10,]   203   0.0148921   5.82359e-041   1.93566e-039   [-0.000002,-0.000022,]
[4,10,]   204   0.0301305   5.35331e-040   1.38912e-039   [-0.000002,-0.000026,]
[5,10,]   205   0.0480438   8.79806e-040   9.33673e-040   [-0.000004,-0.000032,]
[6,10,]   206   0.0584928   1.04813e-039   5.69313e-040   [-0.000007,-0.000040,]
[7,10,]   207   0.0511156   9.03789e-040   2.96043e-040   [-0.000013,-0.000055,]
[8,10,]   208   0.0275497   -4.27568e-040   1.13863e-040   [-0.000037,-0.000085,]
[9,10,]   209   0.0061531   -1.35566e-038   2.27725e-041   [-0.000155,-0.000139,]
[10,10,]   210   0.00607427   -1.38e-038   2.27725e-041   [-0.000143,0.000151,]
[11,10,]   211   0.027511   -4.02591e-040   1.13863e-040   [-0.000021,0.000088,]
[12,10,]   212   0.05106   9.01659e-040   2.96043e-040   [-0.000009,0.000056,]
[13,10,]   213   0.0584033   1.04337e-039   5.69313e-040   [-0.000005,0.000041,]
[14,10,]   214   0.0479541   8.76353e-040   9.33673e-040   [-0.000003,0.000032,]
[15,10,]   215   0.0300605   5.31373e-040   1.38912e-039   [-0.000002,0.000026,]
[16,10,]   216   0.0148503   5.39696e-041   1.93566e-039   [-0.000002,0.000022,]
[17,10,]   217   0.00588655   -5.4519e-040   2.57329e-039   [-0.000001,0.000019,]
[18,10,]   218   0.00189534   -1.25843e-039   3.30201e-039   [0.000001,0.000017,]
[19,10,]   219   0.000500347   -2.84183e-039   4.12182e-039   [0.000002,0.000015,]
[0,11,]   220   0.000446335   -2.97103e-039   4.21291e-039   [0.000001,-0.000015,]
[1,11,]   221   0.0016533   -1.37086e-039   3.3931e-039   [-0.000005,-0.000016,]
[2,11,]   222   0.00515998   -6.27373e-040   2.66438e-039   [-0.000004,-0.000019,]
[3,11,]   223   0.01315   -2.47087e-041   2.02675e-039   [-0.000005,-0.000021,]
[4,11,]   224   0.0270603   4.55626e-040   1.48021e-039   [-0.000007,-0.000024,]
[5,11,]   225   0.0444124   8.08444e-040   1.02476e-039   [-0.000010,-0.000029,]
[6,11,]   226   0.0570904   9.97631e-040   6.60403e-040   [-0.000015,-0.000035,]
[7,11,]   227   0.0562045   9.3622e-040   3.87133e-040   [-0.000026,-0.000042,]
[8,11,]   228   0.0420895   4.23417e-040   2.04953e-040   [-0.000051,-0.000046,]
[9,11,]   229   0.0276003   -3.85847e-040   1.13863e-040   [-0.000092,-0.000021,]
[10,11,]   230   0.0272957   -4.92978e-040   1.13863e-040   [-0.000088,0.000036,]
[11,11,]   231   0.0418261   4.01281e-040   2.04953e-040   [-0.000046,0.000050,]
[12,11,]   232   0.0561019   9.45879e-040   3.87133e-040   [-0.000025,0.000043,]
[13,11,]   233   0.05691   9.9066e-040   6.60403e-040   [-0.000015,0.000035,]
[14,11,]   234   0.0442091   8.00004e-040   1.02476e-039   [-0.000009,0.000029,]
[15,11,]   235   0.0268949   4.45319e-040   1.48021e-039   [-0.000007,0.000025,]
[16,11,]   236   0.0130493   -3.63448e-041   2.02675e-039   [-0.000005,0.000021,]
[17,11,]   237   0.00511221   -6.37963e-040   2.66438e-039   [-0.000004,0.000019,]
[18,11,]   238   0.00163262   -1.34083e-039   3.3931e-039   [-0.000001,0.000017,]
[19,11,]   239   0.000425138   -2.97975e-039   4.21291e-039   [0.000001,0.000015,]
[0,12,]   240   0.000333427   -3.2304e-039   4.39509e-039   [-0.000001,-0.000014,]
[1,12,]   241   0.00123643   -1.55771e-039   3.57528e-039   [-0.000006,-0.000016,]
[2,12,]   242   0.00390998   -8.00924e-040   2.84656e-039   [-0.000006,-0.000017,]
[3,12,]   243   0.0101589   -1.95074e-040   2.20893e-039   [-0.000007,-0.000019,]
[4,12,]   244   0.0215279   2.91979e-040   1.66239e-039   [-0.000010,-0.000022,]
[5,12,]   245   0.0370301   6.61821e-040   1.20694e-039   [-0.000014,-0.000024,]
[6,12,]   246   0.0515381   9.00204e-040   8.42583e-040   [-0.000020,-0.000027,]
[7,12,]   247   0.0584455   9.82984e-040   5.69313e-040   [-0.000029,-0.000029,]
[8,12,]   248   0.0562676   9.47676e-040   3.87133e-040   [-0.000044,-0.000025,]
[9,12,]   249   0.0511768   9.17703e-040   2.96043e-040   [-0.000058,-0.000009,]
[10,12,]   250   0.0509019   8.86833e-040   2.96043e-040   [-0.000057,0.000014,]
[11,12,]   251   0.0560149   9.34364e-040   3.87133e-040   [-0.000042,0.000026,]
[12,12,]   252   0.0584145   9.97608e-040   5.69313e-040   [-0.000029,0.000029,]
[13,12,]   253   0.0514055   8.95483e-040   8.42583e-040   [-0.000019,0.000028,]
[14,12,]   254   0.0368412   6.52805e-040   1.20694e-039   [-0.000014,0.000025,]
[15,12,]   255   0.0213595   2.79177e-040   1.66239e-039   [-0.000010,0.000022,]
[16,12,]   256   0.0100514   -2.11004e-040   2.20893e-039   [-0.000007,0.000019,]
[17,12,]   257   0.00385751   -8.17419e-040   2.84656e-039   [-0.000006,0.000017,]
[18,12,]   258   0.00121417   -1.51295e-039   3.57528e-039   [-0.000003,0.000016,]
[19,12,]   259   0.000310747   -3.24627e-039   4.39509e-039   [-0.000000,0.000015,]
[0,13,]   260   0.000212966   -3.60536e-039   4.66836e-039   [-0.000002,-0.000013,]
[1,13,]   261   0.000793805   -1.83353e-039   3.84855e-039   [-0.000008,-0.000015,]
[2,13,]   262   0.00255404   -1.0638e-039   3.11983e-039   [-0.000007,-0.000016,]
[3,13,]   263   0.00679949   -4.52954e-040   2.4822e-039   [-0.000009,-0.000017,]
[4,13,]   264   0.0149214   4.3476e-041   1.93566e-039   [-0.000012,-0.000019,]
[5,13,]   265   0.0270195   4.33451e-040   1.48021e-039   [-0.000016,-0.000020,]
[6,13,]   266   0.0405921   7.15371e-040   1.11585e-039   [-0.000021,-0.000021,]
[7,13,]   267   0.0514305   8.89791e-040   8.42583e-040   [-0.000028,-0.000019,]
[8,13,]   268   0.0570573   9.98439e-040   6.60403e-040   [-0.000035,-0.000015,]
[9,13,]   269   0.0585267   1.05645e-039   5.69313e-040   [-0.000042,-0.000005,]
[10,13,]   270   0.058354   1.03815e-039   5.69313e-040   [-0.000042,0.000007,]
[11,13,]   271   0.0569531   9.92768e-040   6.60403e-040   [-0.000035,0.000015,]
[12,13,]   272   0.0515291   9.08382e-040   8.42583e-040   [-0.000027,0.000020,]
[13,13,]   273   0.0405853   7.16184e-040   1.11585e-039   [-0.000021,0.000021,]
[14,13,]   274   0.0269281   4.2802e-040   1.48021e-039   [-0.000016,0.000020,]
[15,13,]   275   0.014815   3.22188e-041   1.93566e-039   [-0.000012,0.000019,]
[16,13,]   276   0.00672418   -4.6939e-040   2.4822e-039   [-0.000009,0.000017,]
[17,13,]   277   0.00251521   -1.08275e-039   3.11983e-039   [-0.000007,0.000016,]
[18,13,]   278   0.000776977   -1.77455e-039   3.84855e-039   [-0.000004,0.000015,]
[19,13,]   279   0.00019504   -3.62919e-039   4.66836e-039   [-0.000001,0.000014,]
[0,14,]   280   0.000115886   -4.08455e-039   5.03272e-039   [-0.000003,-0.000012,]
[1,14,]   281   0.000435475   -2.19869e-039   4.21291e-039   [-0.000009,-0.000013,]
[2,14,]   282   0.00142844   -1.41674e-039   3.48419e-039   [-0.000009,-0.000014,]
[3,14,]   283   0.00390297   -7.99676e-040   2.84656e-039   [-0.000010,-0.000015,]
[4,14,]   284   0.00887044   -2.93112e-040   2.30002e-039   [-0.000013,-0.000016,]
[5,14,]   285   0.0168407   1.14799e-040   1.84457e-039   [-0.000016,-0.000016,]
[6,14,]   286   0.0269311   4.27106e-040   1.48021e-039   [-0.000020,-0.000016,]
[7,14,]   287   0.0368545   6.47348e-040   1.20694e-039   [-0.000025,-0.000014,]
[8,14,]   288   0.0443016   8.05333e-040   1.02476e-039   [-0.000029,-0.000009,]
[9,14,]   289   0.0480327   8.84661e-040   9.33673e-040   [-0.000033,-0.000003,]
[10,14,]   290   0.0479566   8.70725e-040   9.33673e-040   [-0.000033,0.000004,]
[11,14,]   291   0.0443259   8.03808e-040   1.02476e-039   [-0.000029,0.000010,]
[12,14,]   292   0.0370254   6.68021e-040   1.20694e-039   [-0.000025,0.000014,]
[13,14,]   293   0.0270168   4.33654e-040   1.48021e-039   [-0.000020,0.000016,]
[14,14,]   294   0.0168397   1.15123e-040   1.84457e-039   [-0.000016,0.000016,]
[15,14,]   295   0.00883179   -2.99711e-040   2.30002e-039   [-0.000013,0.000016,]
[16,14,]   296   0.00386697   -8.1311e-040   2.84656e-039   [-0.000010,0.000015,]
[17,14,]   297   0.00140773   -1.43454e-039   3.48419e-039   [-0.000008,0.000014,]
[18,14,]   298   0.000425958   -2.12604e-039   4.21291e-039   [-0.000005,0.000013,]
[19,14,]   299   0.000104821   -4.11557e-039   5.03272e-039   [-0.000001,0.000013,]
[0,15,]   300   5.35371e-005   -4.65952e-039   5.48817e-039   [-0.000003,-0.000011,]
[1,15,]   301   0.000203205   -2.6547e-039   4.66836e-039   [-0.000010,-0.000012,]
[2,15,]   302   0.00067976   -1.8616e-039   3.93964e-039   [-0.000009,-0.000013,]
[3,15,]   303   0.00190473   -1.23785e-039   3.30201e-039   [-0.000011,-0.000013,]
[4,15,]   304   0.00446978   -7.21832e-040   2.75547e-039   [-0.000013,-0.000013,]
[5,15,]   305   0.00883224   -2.99891e-040   2.30002e-039   [-0.000016,-0.000013,]
[6,15,]   306   0.0148165   3.15704e-041   1.93566e-039   [-0.000019,-0.000012,]
[7,15,]   307   0.0213658   2.74517e-040   1.66239e-039   [-0.000022,-0.000010,]
[8,15,]   308   0.0269423   4.49842e-040   1.48021e-039   [-0.000025,-0.000007,]
[9,15,]   309   0.0301012   5.38191e-040   1.38912e-039   [-0.000027,-0.000002,]
[10,15,]   310   0.0300859   5.27969e-040   1.38912e-039   [-0.000027,0.000003,]
[11,15,]   311   0.0270156   4.5158e-040   1.48021e-039   [-0.000025,0.000007,]
[12,15,]   312   0.0215253   2.9714e-040   1.66239e-039   [-0.000022,0.000010,]
[13,15,]   313   0.0149201   4.35716e-041   1.93566e-039   [-0.000019,0.000012,]
[14,15,]   314   0.00887003   -2.9295e-040   2.30002e-039   [-0.000016,0.000013,]
[15,15,]   315   0.0044696   -7.21785e-040   2.75547e-039   [-0.000013,0.000013,]
[16,15,]   316   0.00189446   -1.24549e-039   3.30201e-039   [-0.000011,0.000013,]
[17,15,]   317   0.000671937   -1.87496e-039   3.93964e-039   [-0.000009,0.000013,]
[18,15,]   318   0.000199136   -2.56883e-039   4.66836e-039   [-0.000005,0.000012,]
[19,15,]   319   4.80757e-005   -4.69522e-039   5.48817e-039   [-0.000001,0.000012,]
[0,16,]   320   2.09342e-005   -5.32435e-039   6.03471e-039   [-0.000004,-0.000010,]
[1,16,]   321   8.03335e-005   -3.20281e-039   5.2149e-039   [-0.000011,-0.000011,]
[2,16,]   322   0.000273827   -2.39988e-039   4.48618e-039   [-0.000010,-0.000011,]
[3,16,]   323   0.000785206   -1.76963e-039   3.84855e-039   [-0.000011,-0.000011,]
[4,16,]   324   0.00189452   -1.24554e-039   3.30201e-039   [-0.000013,-0.000011,]
[5,16,]   325   0.00386713   -8.13281e-040   2.84656e-039   [-0.000015,-0.000010,]
[6,16,]   326   0.00672474   -4.69952e-040   2.4822e-039   [-0.000017,-0.000009,]
[7,16,]   327   0.0100539   -2.15143e-040   2.20893e-039   [-0.000019,-0.000007,]
[8,16,]   328   0.0130691   -3.25319e-041   2.02675e-039   [-0.000021,-0.000005,]
[9,16,]   329   0.0148675   5.97084e-041   1.93566e-039   [-0.000023,-0.000002,]
[10,16,]   330   0.0148735   5.21177e-041   1.93566e-039   [-0.000023,0.000002,]
[11,16,]   331   0.0131312   -2.819e-041   2.02675e-039   [-0.000021,0.000005,]
[12,16,]   332   0.0101577   -1.90593e-040   2.20893e-039   [-0.000019,0.000007,]
[13,16,]   333   0.00679901   -4.52841e-040   2.4822e-039   [-0.000017,0.000009,]
[14,16,]   334   0.00390282   -7.99543e-040   2.84656e-039   [-0.000015,0.000010,]
[15,16,]   335   0.00190467   -1.23782e-039   3.30201e-039   [-0.000013,0.000011,]
[16,16,]   336   0.000785185   -1.7696e-039   3.84855e-039   [-0.000011,0.000011,]
[17,16,]   337   0.000272023   -2.40625e-039   4.48618e-039   [-0.000010,0.000011,]
[18,16,]   338   7.90512e-005   -3.10418e-039   5.2149e-039   [-0.000005,0.000011,]
[19,16,]   339   1.87528e-005   -5.36102e-039   6.03471e-039   [-0.000001,0.000011,]
[0,17,]   340   6.90499e-006   -6.08691e-039   6.67234e-039   [-0.000004,-0.000009,]
[1,17,]   341   2.67971e-005   -3.85471e-039   5.85253e-039   [-0.000011,-0.000010,]
[2,17,]   342   9.2941e-005   -3.04295e-039   5.12381e-039   [-0.000010,-0.000010,]
[3,17,]   343   0.000272029   -2.40627e-039   4.48618e-039   [-0.000011,-0.000010,]
[4,17,]   344   0.000671957   -1.87501e-039   3.93964e-039   [-0.000013,-0.000009,]
[5,17,]   345   0.00140779   -1.43469e-039   3.48419e-039   [-0.000014,-0.000008,]
[6,17,]   346   0.00251539   -1.08323e-039   3.11983e-039   [-0.000016,-0.000007,]
[7,17,]   347   0.00385833   -8.2111e-040   2.84656e-039   [-0.000017,-0.000006,]
[8,17,]   348   0.00511897   -6.34663e-040   2.66438e-039   [-0.000019,-0.000004,]
[9,17,]   349   0.00589249   -5.40221e-040   2.57329e-039   [-0.000020,-0.000001,]
[10,17,]   350   0.00589977   -5.45687e-040   2.57329e-039   [-0.000020,0.000001,]
[11,17,]   351   0.00515349   -6.27745e-040   2.66438e-039   [-0.000019,0.000004,]
[12,17,]   352   0.00390958   -7.94195e-040   2.84656e-039   [-0.000017,0.000006,]
[13,17,]   353   0.00255389   -1.06077e-039   3.11983e-039   [-0.000016,0.000007,]
[14,17,]   354   0.0014284   -1.41359e-039   3.48419e-039   [-0.000014,0.000009,]
[15,17,]   355   0.000679746   -1.85842e-039   3.93964e-039   [-0.000013,0.000009,]
[16,17,]   356   0.000273823   -2.39659e-039   4.48618e-039   [-0.000011,0.000010,]
[17,17,]   357   9.294e-005   -3.03957e-039   5.12381e-039   [-0.000010,0.000010,]
[18,17,]   358   2.65325e-005   -3.74281e-039   5.85253e-039   [-0.000005,0.000010,]
[19,17,]   359   6.1969e-006   -6.11931e-039   6.67234e-039   [-0.000001,0.000010,]
[0,18,]   360   1.91947e-006   -6.90465e-039   7.40106e-039   [-0.000004,-0.000005,]
[1,18,]   361   7.53146e-006   -4.56633e-039   6.58125e-039   [-0.000012,-0.000005,]
[2,18,]   362   2.65327e-005   -3.74628e-039   5.85253e-039   [-0.000010,-0.000005,]
[3,18,]   363   7.90529e-005   -3.1042e-039   5.2149e-039   [-0.000011,-0.000005,]
[4,18,]   364   0.000199141   -2.56888e-039   4.66836e-039   [-0.000012,-0.000005,]
[5,18,]   365   0.000425972   -2.12618e-039   4.21291e-039   [-0.000013,-0.000005,]
[6,18,]   366   0.000777027   -1.77497e-039   3.84855e-039   [-0.000015,-0.000004,]
[7,18,]   367   0.00121439   -1.51628e-039   3.57528e-039   [-0.000016,-0.000003,]
[8,18,]   368   0.00163454   -1.33796e-039   3.3931e-039   [-0.000017,-0.000001,]
[9,18,]   369   0.00189704   -1.2541e-039   3.30201e-039   [-0.000018,0.000001,]
[10,18,]   370   0.00190091   -1.27058e-039   3.30201e-039   [-0.000017,0.000003,]
[11,18,]   371   0.0016489   -1.36603e-039   3.3931e-039   [-0.000017,0.000005,]
[12,18,]   372   0.00123432   -1.5464e-039   3.57528e-039   [-0.000016,0.000006,]
[13,18,]   373   0.000792425   -1.82526e-039   3.84855e-039   [-0.000015,0.000008,]
[14,18,]   374   0.000434692   -2.19003e-039   4.21291e-039   [-0.000013,0.000009,]
[15,18,]   375   0.000202824   -2.64568e-039   4.66836e-039   [-0.000012,0.000010,]
[16,18,]   376   8.01767e-005   -3.19334e-039   5.2149e-039   [-0.000011,0.000011,]
[17,18,]   377   2.67429e-005   -3.84482e-039   5.85253e-039   [-0.000010,0.000011,]
[18,18,]   378   7.51577e-006   -4.55593e-039   6.58125e-039   [-0.000005,0.000012,]
[19,18,]   379   1.73194e-006   -7.04252e-039   7.40106e-039   [-0.000001,0.000012,]
[0,19,]   380   4.3915e-007   -9.5475e-039   8.22087e-039   [-0.000004,-0.000000,]
[1,19,]   381   1.7358e-006   -7.05318e-039   7.40106e-039   [-0.000012,-0.000001,]
[2,19,]   382   6.19697e-006   -6.12299e-039   6.67234e-039   [-0.000010,-0.000001,]
[3,19,]   383   1.87532e-005   -5.36106e-039   6.03471e-039   [-0.000011,-0.000001,]
[4,19,]   384   4.8077e-005   -4.69528e-039   5.48817e-039   [-0.000012,-0.000001,]
[5,19,]   385   0.000104825   -4.11572e-039   5.03272e-039   [-0.000013,-0.000001,]
[6,19,]   386   0.000195052   -3.62962e-039   4.66836e-039   [-0.000014,-0.000001,]
[7,19,]   387   0.000310798   -3.2495e-039   4.39509e-039   [-0.000015,-0.000000,]
[8,19,]   388   0.000425591   -2.97805e-039   4.21291e-039   [-0.000015,0.000001,]
[9,19,]   389   0.000500764   -2.83848e-039   4.12182e-039   [-0.000016,0.000002,]
[10,19,]   390   0.00050634   -2.84301e-039   4.12182e-039   [-0.000016,0.000004,]
[11,19,]   391   0.000440758   -2.97465e-039   4.21291e-039   [-0.000015,0.000006,]
[12,19,]   392   0.000329393   -3.23056e-039   4.39509e-039   [-0.000014,0.000007,]
[13,19,]   393   0.000210251   -3.6105e-039   4.66836e-039   [-0.000013,0.000009,]
[14,19,]   394   0.000114319   -4.09192e-039   5.03272e-039   [-0.000012,0.000010,]
[15,19,]   395   5.27695e-005   -4.66923e-039   5.48817e-039   [-0.000011,0.000012,]
[16,19,]   396   2.06173e-005   -5.33627e-039   6.03471e-039   [-0.000010,0.000012,]
[17,19,]   397   6.7953e-006   -6.10091e-039   6.67234e-039   [-0.000009,0.000013,]
[18,19,]   398   1.88764e-006   -6.91975e-039   7.40106e-039   [-0.000005,0.000014,]
[19,19,]   399   4.3133e-007   -9.57019e-039   8.22087e-039   [-0.000000,0.000015,]
