coordinates  index   rho      Q      V    velocities 
[0,0,]   0   4.44446e-007   -9.52798e-039   8.22087e-039   [0.000011,-0.000005,]
[1,0,]   1   1.91345e-006   -6.91513e-039   7.40106e-039   [0.000005,-0.000005,]
[2,0,]   2   6.86947e-006   -6.09041e-039   6.67234e-039   [0.000009,-0.000004,]
[3,0,]   3   2.08265e-005   -5.32529e-039   6.03471e-039   [0.000010,-0.000004,]
[4,0,]   4   5.32735e-005   -4.66006e-039   5.48817e-039   [0.000011,-0.000004,]
[5,0,]   5   0.000115354   -4.08472e-039   5.03272e-039   [0.000012,-0.000003,]
[6,0,]   6   0.000212084   -3.60514e-039   4.66836e-039   [0.000013,-0.000002,]
[7,0,]   7   0.000332228   -3.22695e-039   4.39509e-039   [0.000014,-0.000001,]
[8,0,]   8   0.000444643   -2.97199e-039   4.21291e-039   [0.000015,0.000001,]
[9,0,]   9   0.000511038   -2.84079e-039   4.12182e-039   [0.000016,0.000002,]
[10,0,]   10   0.000505745   -2.83643e-039   4.12182e-039   [0.000016,0.000004,]
[11,0,]   11   0.000430234   -2.97505e-039   4.21291e-039   [0.000015,0.000005,]
[12,0,]   12   0.000314552   -3.24463e-039   4.39509e-039   [0.000015,0.000007,]
[13,0,]   13   0.000197632   -3.6228e-039   4.66836e-039   [0.000014,0.000008,]
[14,0,]   14   0.000106323   -4.10665e-039   5.03272e-039   [0.000013,0.000009,]
[15,0,]   15   4.88086e-005   -4.68395e-039   5.48817e-039   [0.000012,0.000010,]
[16,0,]   16   1.90525e-005   -5.34781e-039   6.03471e-039   [0.000011,0.000010,]
[17,0,]   17   6.29986e-006   -6.10379e-039   6.67234e-039   [0.000010,0.000010,]
[18,0,]   18   1.76146e-006   -7.0207e-039   7.40106e-039   [0.000012,0.000011,]
[19,0,]   19   4.37381e-007   -9.54822e-039   8.22087e-039   [0.000014,0.000011,]
[0,1,]   20   1.76489e-006   -7.03019e-039   7.40106e-039   [0.000011,-0.000012,]
[1,1,]   21   7.54596e-006   -4.56976e-039   6.58125e-039   [0.000005,-0.000012,]
[2,1,]   22   2.67914e-005   -3.85125e-039   5.85253e-039   [0.000010,-0.000011,]
[3,1,]   23   8.02942e-005   -3.19755e-039   5.2149e-039   [0.000011,-0.000011,]
[4,1,]   24   0.000203081   -2.64984e-039   4.66836e-039   [0.000012,-0.000010,]
[5,1,]   25   0.000435178   -2.19436e-039   4.21291e-039   [0.000013,-0.000009,]
[6,1,]   26   0.00079325   -1.82976e-039   3.84855e-039   [0.000015,-0.000008,]
[7,1,]   27   0.00123561   -1.55132e-039   3.57528e-039   [0.000016,-0.000006,]
[8,1,]   28   0.00165085   -1.37091e-039   3.3931e-039   [0.000017,-0.000005,]
[9,1,]   29   0.00190347   -1.27568e-039   3.30201e-039   [0.000017,-0.000003,]
[10,1,]   30   0.00189982   -1.2601e-039   3.30201e-039   [0.000018,-0.000001,]
[11,1,]   31   0.0016373   -1.34435e-039   3.3931e-039   [0.000017,0.000001,]
[12,1,]   32   0.00121678   -1.52283e-039   3.57528e-039   [0.000016,0.000003,]
[13,1,]   33   0.000778705   -1.78219e-039   3.84855e-039   [0.000015,0.000004,]
[14,1,]   34   0.000426942   -2.13396e-039   4.21291e-039   [0.000013,0.000005,]
[15,1,]   35   0.000199603   -2.57721e-039   4.66836e-039   [0.000012,0.000005,]
[16,1,]   36   7.92341e-005   -3.11322e-039   5.2149e-039   [0.000011,0.000006,]
[17,1,]   37   2.65933e-005   -3.75189e-039   5.85253e-039   [0.000010,0.000006,]
[18,1,]   38   7.53218e-006   -4.56051e-039   6.58125e-039   [0.000012,0.000005,]
[19,1,]   39   1.88512e-006   -6.92868e-039   7.40106e-039   [0.000013,0.000005,]
[0,2,]   40   6.29967e-006   -6.10699e-039   6.67234e-039   [0.000010,-0.000010,]
[1,2,]   41   2.65925e-005   -3.75493e-039   5.85253e-039   [0.000006,-0.000010,]
[2,2,]   42   9.29571e-005   -3.04472e-039   5.12381e-039   [0.000010,-0.000010,]
[3,2,]   43   0.000273796   -2.39959e-039   4.48618e-039   [0.000011,-0.000010,]
[4,2,]   44   0.000679581   -1.86135e-039   3.93964e-039   [0.000013,-0.000009,]
[5,2,]   45   0.00142792   -1.41658e-039   3.48419e-039   [0.000014,-0.000009,]
[6,2,]   46   0.00255295   -1.06369e-039   3.11983e-039   [0.000016,-0.000007,]
[7,2,]   47   0.00390829   -7.97195e-040   2.84656e-039   [0.000017,-0.000006,]
[8,2,]   48   0.00515267   -6.30136e-040   2.66438e-039   [0.000019,-0.000004,]
[9,2,]   49   0.00589973   -5.4767e-040   2.57329e-039   [0.000020,-0.000001,]
[10,2,]   50   0.00589287   -5.42492e-040   2.57329e-039   [0.000020,0.000001,]
[11,2,]   51   0.0051201   -6.36639e-040   2.66438e-039   [0.000019,0.000004,]
[12,2,]   52   0.00385991   -8.22583e-040   2.84656e-039   [0.000017,0.000006,]
[13,2,]   53   0.00251662   -1.08484e-039   3.11983e-039   [0.000016,0.000007,]
[14,2,]   54   0.00140847   -1.43641e-039   3.48419e-039   [0.000014,0.000008,]
[15,2,]   55   0.000672237   -1.87692e-039   3.93964e-039   [0.000013,0.000009,]
[16,2,]   56   0.000272109   -2.40858e-039   4.48618e-039   [0.000011,0.000010,]
[17,2,]   57   9.29598e-005   -3.04175e-039   5.12381e-039   [0.000010,0.000010,]
[18,2,]   58   2.6744e-005   -3.84246e-039   5.85253e-039   [0.000011,0.000010,]
[19,2,]   59   6.77206e-006   -6.10297e-039   6.67234e-039   [0.000013,0.000009,]
[0,3,]   60   1.9052e-005   -5.34775e-039   6.03471e-039   [0.000010,-0.000011,]
[1,3,]   61   7.92324e-005   -3.11317e-039   5.2149e-039   [0.000006,-0.000011,]
[2,3,]   62   0.000272102   -2.40854e-039   4.48618e-039   [0.000010,-0.000011,]
[3,3,]   63   0.0007852   -1.76984e-039   3.84855e-039   [0.000011,-0.000011,]
[4,3,]   64   0.00190442   -1.23809e-039   3.30201e-039   [0.000013,-0.000011,]
[5,3,]   65   0.00390186   -7.99984e-040   2.84656e-039   [0.000015,-0.000010,]
[6,3,]   66   0.00679695   -4.53346e-040   2.4822e-039   [0.000017,-0.000009,]
[7,3,]   67   0.0101547   -1.91342e-040   2.20893e-039   [0.000019,-0.000007,]
[8,3,]   68   0.0131291   -2.83905e-041   2.02675e-039   [0.000021,-0.000005,]
[9,3,]   69   0.014873   5.22888e-041   1.93566e-039   [0.000023,-0.000002,]
[10,3,]   70   0.0148673   5.94617e-041   1.93566e-039   [0.000023,0.000002,]
[11,3,]   71   0.0130705   -3.25004e-041   2.02675e-039   [0.000021,0.000005,]
[12,3,]   72   0.0100566   -2.14568e-040   2.20893e-039   [0.000019,0.000007,]
[13,3,]   73   0.00672677   -4.69545e-040   2.4822e-039   [0.000017,0.000009,]
[14,3,]   74   0.00386815   -8.12996e-040   2.84656e-039   [0.000015,0.000010,]
[15,3,]   75   0.00189483   -1.24544e-039   3.30201e-039   [0.000013,0.000011,]
[16,3,]   76   0.000785222   -1.76989e-039   3.84855e-039   [0.000011,0.000011,]
[17,3,]   77   0.000273805   -2.39672e-039   4.48618e-039   [0.000010,0.000011,]
[18,3,]   78   8.01576e-005   -3.18914e-039   5.2149e-039   [0.000011,0.000011,]
[19,3,]   79   2.05453e-005   -5.33601e-039   6.03471e-039   [0.000012,0.000010,]
[0,4,]   80   4.88073e-005   -4.6839e-039   5.48817e-039   [0.000010,-0.000012,]
[1,4,]   81   0.000199598   -2.57717e-039   4.66836e-039   [0.000005,-0.000012,]
[2,4,]   82   0.000672218   -1.87688e-039   3.93964e-039   [0.000009,-0.000013,]
[3,4,]   83   0.00189477   -1.24539e-039   3.30201e-039   [0.000011,-0.000013,]
[4,4,]   84   0.00446966   -7.21736e-040   2.75547e-039   [0.000013,-0.000013,]
[5,4,]   85   0.008869   -2.93099e-040   2.30002e-039   [0.000016,-0.000013,]
[6,4,]   86   0.0149172   4.33158e-041   1.93566e-039   [0.000019,-0.000012,]
[7,4,]   87   0.0215203   2.96538e-040   1.66239e-039   [0.000022,-0.000010,]
[8,4,]   88   0.0270126   4.51542e-040   1.48021e-039   [0.000025,-0.000007,]
[9,4,]   89   0.0300852   5.28325e-040   1.38912e-039   [0.000027,-0.000003,]
[10,4,]   90   0.0300997   5.37993e-040   1.38912e-039   [0.000027,0.000002,]
[11,4,]   91   0.0269434   4.49912e-040   1.48021e-039   [0.000025,0.000007,]
[12,4,]   92   0.0213696   2.75156e-040   1.66239e-039   [0.000022,0.000010,]
[13,4,]   93   0.0148192   3.19799e-041   1.93566e-039   [0.000019,0.000012,]
[14,4,]   94   0.00883331   -2.99644e-040   2.30002e-039   [0.000016,0.000013,]
[15,4,]   95   0.00446983   -7.21783e-040   2.75547e-039   [0.000013,0.000013,]
[16,4,]   96   0.00190448   -1.23814e-039   3.30201e-039   [0.000011,0.000013,]
[17,4,]   97   0.000679605   -1.85858e-039   3.93964e-039   [0.000009,0.000013,]
[18,4,]   98   0.00020275   -2.64183e-039   4.66836e-039   [0.000010,0.000012,]
[19,4,]   99   5.25928e-005   -4.66881e-039   5.48817e-039   [0.000011,0.000011,]
[0,5,]   100   0.00010632   -4.10651e-039   5.03272e-039   [0.000009,-0.000013,]
[1,5,]   101   0.000426929   -2.13383e-039   4.21291e-039   [0.000005,-0.000013,]
[2,5,]   102   0.00140842   -1.43628e-039   3.48419e-039   [0.000008,-0.000014,]
[3,5,]   103   0.00386799   -8.12838e-040   2.84656e-039   [0.000010,-0.000015,]
[4,5,]   104   0.00883289   -2.99476e-040   2.30002e-039   [0.000013,-0.000016,]
[5,5,]   105   0.0168397   1.15159e-040   1.84457e-039   [0.000016,-0.000016,]
[6,5,]   106   0.027014   4.33562e-040   1.48021e-039   [0.000020,-0.000016,]
[7,5,]   107   0.0370193   6.67486e-040   1.20694e-039   [0.000025,-0.000014,]
[8,5,]   108   0.044323   8.03891e-040   1.02476e-039   [0.000029,-0.000010,]
[9,5,]   109   0.0479555   8.71196e-040   9.33673e-040   [0.000033,-0.000004,]
[10,5,]   110   0.0480275   8.84373e-040   9.33673e-040   [0.000033,0.000003,]
[11,5,]   111   0.0443   8.05329e-040   1.02476e-039   [0.000029,0.000009,]
[12,5,]   112   0.0368577   6.47941e-040   1.20694e-039   [0.000025,0.000014,]
[13,5,]   113   0.026933   4.27376e-040   1.48021e-039   [0.000020,0.000016,]
[14,5,]   114   0.0168406   1.14864e-040   1.84457e-039   [0.000016,0.000016,]
[15,5,]   115   0.00886941   -2.93248e-040   2.30002e-039   [0.000013,0.000016,]
[16,5,]   116   0.00390201   -8.00123e-040   2.84656e-039   [0.000010,0.000015,]
[17,5,]   117   0.00142798   -1.414e-039   3.48419e-039   [0.000009,0.000014,]
[18,5,]   118   0.000434505   -2.18682e-039   4.21291e-039   [0.000009,0.000013,]
[19,5,]   119   0.000113966   -4.09152e-039   5.03272e-039   [0.000010,0.000012,]
[0,6,]   120   0.00019762   -3.62241e-039   4.66836e-039   [0.000008,-0.000014,]
[1,6,]   121   0.000778658   -1.7818e-039   3.84855e-039   [0.000004,-0.000015,]
[2,6,]   122   0.00251645   -1.0844e-039   3.11983e-039   [0.000007,-0.000016,]
[3,6,]   123   0.00672624   -4.69026e-040   2.4822e-039   [0.000009,-0.000017,]
[4,6,]   124   0.0148179   3.25813e-041   1.93566e-039   [0.000012,-0.000019,]
[5,6,]   125   0.0269302   4.28214e-040   1.48021e-039   [0.000016,-0.000020,]
[6,6,]   126   0.0405844   7.16267e-040   1.11585e-039   [0.000021,-0.000021,]
[7,6,]   127   0.0515232   9.07874e-040   8.42583e-040   [0.000027,-0.000020,]
[8,6,]   128   0.0569521   9.93205e-040   6.60403e-040   [0.000035,-0.000015,]
[9,6,]   129   0.0583513   1.03827e-039   5.69313e-040   [0.000042,-0.000007,]
[10,6,]   130   0.0585148   1.05569e-039   5.69313e-040   [0.000042,0.000005,]
[11,6,]   131   0.0570505   9.98562e-040   6.60403e-040   [0.000035,0.000015,]
[12,6,]   132   0.05143   8.90319e-040   8.42583e-040   [0.000028,0.000019,]
[13,6,]   133   0.0405907   7.15496e-040   1.11585e-039   [0.000021,0.000021,]
[14,6,]   134   0.0270166   4.33357e-040   1.48021e-039   [0.000016,0.000020,]
[15,6,]   135   0.0149183   4.32098e-041   1.93566e-039   [0.000012,0.000019,]
[16,6,]   136   0.00679741   -4.53477e-040   2.4822e-039   [0.000009,0.000017,]
[17,6,]   137   0.00255312   -1.06124e-039   3.11983e-039   [0.000007,0.000016,]
[18,6,]   138   0.000792103   -1.82263e-039   3.84855e-039   [0.000008,0.000015,]
[19,6,]   139   0.000209687   -3.61003e-039   4.66836e-039   [0.000009,0.000013,]
[0,7,]   140   0.000314503   -3.24156e-039   4.39509e-039   [0.000007,-0.000015,]
[1,7,]   141   0.00121658   -1.51967e-039   3.57528e-039   [0.000003,-0.000016,]
[2,7,]   142   0.00385915   -8.19085e-040   2.84656e-039   [0.000006,-0.000017,]
[3,7,]   143   0.0100542   -2.10645e-040   2.20893e-039   [0.000007,-0.000019,]
[4,7,]   144   0.0213638   2.7958e-040   1.66239e-039   [0.000010,-0.000022,]
[5,7,]   145   0.0368454   6.53114e-040   1.20694e-039   [0.000014,-0.000025,]
[6,7,]   146   0.0514069   8.95771e-040   8.42583e-040   [0.000019,-0.000028,]
[7,7,]   147   0.0584093   9.97112e-040   5.69313e-040   [0.000029,-0.000029,]
[8,7,]   148   0.0560149   9.34321e-040   3.87133e-040   [0.000042,-0.000026,]
[9,7,]   149   0.0509036   8.85142e-040   2.96043e-040   [0.000057,-0.000014,]
[10,7,]   150   0.0511619   9.14352e-040   2.96043e-040   [0.000058,0.000009,]
[11,7,]   151   0.0562534   9.46843e-040   3.87133e-040   [0.000044,0.000025,]
[12,7,]   152   0.0584382   9.83256e-040   5.69313e-040   [0.000029,0.000029,]
[13,7,]   153   0.0515319   9.00201e-040   8.42583e-040   [0.000020,0.000027,]
[14,7,]   154   0.0370238   6.61648e-040   1.20694e-039   [0.000014,0.000024,]
[15,7,]   155   0.0215228   2.91669e-040   1.66239e-039   [0.000010,0.000022,]
[16,7,]   156   0.0101558   -1.95577e-040   2.20893e-039   [0.000007,0.000019,]
[17,7,]   157   0.0039087   -7.98449e-040   2.84656e-039   [0.000006,0.000017,]
[18,7,]   158   0.00123396   -1.54769e-039   3.57528e-039   [0.000006,0.000016,]
[19,7,]   159   0.000328693   -3.23296e-039   4.39509e-039   [0.000007,0.000014,]
[0,8,]   160   0.0004298   -2.97664e-039   4.21291e-039   [0.000005,-0.000015,]
[1,8,]   161   0.00163548   -1.34706e-039   3.3931e-039   [0.000001,-0.000017,]
[2,8,]   162   0.00511372   -6.39751e-040   2.66438e-039   [0.000004,-0.000019,]
[3,8,]   163   0.0130518   -3.60969e-041   2.02675e-039   [0.000005,-0.000021,]
[4,8,]   164   0.0268987   4.4565e-040   1.48021e-039   [0.000007,-0.000025,]
[5,8,]   165   0.0442127   8.00294e-040   1.02476e-039   [0.000009,-0.000029,]
[6,8,]   166   0.0569117   9.91295e-040   6.60403e-040   [0.000015,-0.000035,]
[7,8,]   167   0.0560963   9.45218e-040   3.87133e-040   [0.000025,-0.000043,]
[8,8,]   168   0.0418305   3.98067e-040   2.04953e-040   [0.000046,-0.000050,]
[9,8,]   169   0.0273338   -4.89613e-040   1.13863e-040   [0.000088,-0.000036,]
[10,8,]   170   0.0276162   -3.92109e-040   1.13863e-040   [0.000092,0.000021,]
[11,8,]   171   0.0420811   4.19241e-040   2.04953e-040   [0.000051,0.000046,]
[12,8,]   172   0.0561935   9.36043e-040   3.87133e-040   [0.000026,0.000042,]
[13,8,]   173   0.0570819   9.97865e-040   6.60403e-040   [0.000015,0.000035,]
[14,8,]   174   0.0444049   8.08305e-040   1.02476e-039   [0.000010,0.000029,]
[15,8,]   175   0.0270549   4.5538e-040   1.48021e-039   [0.000007,0.000024,]
[16,8,]   176   0.0131469   -2.50891e-041   2.02675e-039   [0.000005,0.000021,]
[17,8,]   177   0.00515882   -6.24856e-040   2.66438e-039   [0.000004,0.000019,]
[18,8,]   178   0.00165033   -1.3616e-039   3.3931e-039   [0.000004,0.000016,]
[19,8,]   179   0.000440498   -2.97194e-039   4.21291e-039   [0.000005,0.000015,]
[0,9,]   180   0.00050534   -2.83964e-039   4.12182e-039   [0.000004,-0.000015,]
[1,9,]   181   0.00189821   -1.2642e-039   3.30201e-039   [-0.000000,-0.000017,]
[2,9,]   182   0.00588725   -5.47193e-040   2.57329e-039   [0.000001,-0.000019,]
[3,9,]   183   0.0148511   5.40263e-041   1.93566e-039   [0.000002,-0.000022,]
[4,9,]   184   0.0300611   5.31534e-040   1.38912e-039   [0.000002,-0.000026,]
[5,9,]   185   0.047953   8.76495e-040   9.33673e-040   [0.000003,-0.000032,]
[6,9,]   186   0.0583978   1.0434e-039   5.69313e-040   [0.000005,-0.000041,]
[7,9,]   187   0.0510495   8.99401e-040   2.96043e-040   [0.000009,-0.000056,]
[8,9,]   188   0.0275264   -4.09245e-040   1.13863e-040   [0.000022,-0.000088,]
[9,9,]   189   0.00612384   -1.37049e-038   2.27725e-041   [0.000143,-0.000150,]
[10,9,]   190   0.00620073   -1.34684e-038   2.27725e-041   [0.000155,0.000139,]
[11,9,]   191   0.0275714   -4.2881e-040   1.13863e-040   [0.000037,0.000085,]
[12,9,]   192   0.0511024   9.00838e-040   2.96043e-040   [0.000013,0.000055,]
[13,9,]   193   0.0584819   1.04777e-039   5.69313e-040   [0.000006,0.000040,]
[14,9,]   194   0.0480377   8.79773e-040   9.33673e-040   [0.000004,0.000032,]
[15,9,]   195   0.0301273   5.35271e-040   1.38912e-039   [0.000002,0.000026,]
[16,9,]   196   0.0148905   5.80706e-041   1.93566e-039   [0.000002,0.000022,]
[17,9,]   197   0.00590572   -5.40394e-040   2.57329e-039   [0.000001,0.000019,]
[18,9,]   198   0.00190259   -1.26472e-039   3.30201e-039   [0.000003,0.000017,]
[19,9,]   199   0.000506296   -2.83858e-039   4.12182e-039   [0.000004,0.000015,]
[0,10,]   200   0.000511433   -2.83767e-039   4.12182e-039   [0.000002,-0.000015,]
[1,10,]   201   0.00190516   -1.27135e-039   3.30201e-039   [-0.000003,-0.000017,]
[2,10,]   202   0.00590573   -5.42729e-040   2.57329e-039   [-0.000001,-0.000019,]
[3,10,]   203   0.0148905   5.80666e-041   1.93566e-039   [-0.000002,-0.000022,]
[4,10,]   204   0.0301273   5.35271e-040   1.38912e-039   [-0.000002,-0.000026,]
[5,10,]   205   0.0480377   8.79774e-040   9.33673e-040   [-0.000004,-0.000032,]
[6,10,]   206   0.0584819   1.04777e-039   5.69313e-040   [-0.000006,-0.000040,]
[7,10,]   207   0.0511024   9.00838e-040   2.96043e-040   [-0.000013,-0.000055,]
[8,10,]   208   0.0275714   -4.2881e-040   1.13863e-040   [-0.000037,-0.000085,]
[9,10,]   209   0.00620073   -1.34684e-038   2.27725e-041   [-0.000155,-0.000139,]
[10,10,]   210   0.00612384   -1.37049e-038   2.27725e-041   [-0.000143,0.000150,]
[11,10,]   211   0.0275264   -4.09245e-040   1.13863e-040   [-0.000022,0.000088,]
[12,10,]   212   0.0510495   8.99401e-040   2.96043e-040   [-0.000009,0.000056,]
[13,10,]   213   0.0583978   1.0434e-039   5.69313e-040   [-0.000005,0.000041,]
[14,10,]   214   0.047953   8.76494e-040   9.33673e-040   [-0.000003,0.000032,]
[15,10,]   215   0.0300611   5.31535e-040   1.38912e-039   [-0.000002,0.000026,]
[16,10,]   216   0.0148511   5.40341e-041   1.93566e-039   [-0.000002,0.000022,]
[17,10,]   217   0.00588724   -5.44868e-040   2.57329e-039   [-0.000001,0.000019,]
[18,10,]   218   0.00189564   -1.25756e-039   3.30201e-039   [0.000001,0.000017,]
[19,10,]   219   0.000500239   -2.84055e-039   4.12182e-039   [0.000002,0.000015,]
[0,11,]   220   0.00044507   -2.97029e-039   4.21291e-039   [0.000001,-0.000015,]
[1,11,]   221   0.00165261   -1.36834e-039   3.3931e-039   [-0.000005,-0.000016,]
[2,11,]   222   0.00515881   -6.27244e-040   2.66438e-039   [-0.000004,-0.000019,]
[3,11,]   223   0.0131469   -2.50896e-041   2.02675e-039   [-0.000005,-0.000021,]
[4,11,]   224   0.0270549   4.55379e-040   1.48021e-039   [-0.000007,-0.000024,]
[5,11,]   225   0.0444049   8.08305e-040   1.02476e-039   [-0.000010,-0.000029,]
[6,11,]   226   0.0570819   9.97865e-040   6.60403e-040   [-0.000015,-0.000035,]
[7,11,]   227   0.0561935   9.36043e-040   3.87133e-040   [-0.000026,-0.000042,]
[8,11,]   228   0.0420811   4.19241e-040   2.04953e-040   [-0.000051,-0.000046,]
[9,11,]   229   0.0276162   -3.92109e-040   1.13863e-040   [-0.000092,-0.000021,]
[10,11,]   230   0.0273338   -4.89613e-040   1.13863e-040   [-0.000088,0.000036,]
[11,11,]   231   0.0418305   3.98067e-040   2.04953e-040   [-0.000046,0.000050,]
[12,11,]   232   0.0560963   9.45218e-040   3.87133e-040   [-0.000025,0.000043,]
[13,11,]   233   0.0569117   9.91295e-040   6.60403e-040   [-0.000015,0.000035,]
[14,11,]   234   0.0442127   8.00293e-040   1.02476e-039   [-0.000009,0.000029,]
[15,11,]   235   0.0268987   4.45651e-040   1.48021e-039   [-0.000007,0.000025,]
[16,11,]   236   0.0130518   -3.60853e-041   2.02675e-039   [-0.000005,0.000021,]
[17,11,]   237   0.00511369   -6.37393e-040   2.66438e-039   [-0.000004,0.000019,]
[18,11,]   238   0.00163322   -1.34029e-039   3.3931e-039   [-0.000001,0.000017,]
[19,11,]   239   0.00042532   -2.9783e-039   4.21291e-039   [0.000001,0.000015,]
[0,12,]   240   0.000332258   -3.22999e-039   4.39509e-039   [-0.000001,-0.000014,]
[1,12,]   241   0.00123572   -1.55465e-039   3.57528e-039   [-0.000006,-0.000016,]
[2,12,]   242   0.00390869   -8.00925e-040   2.84656e-039   [-0.000006,-0.000017,]
[3,12,]   243   0.0101558   -1.95574e-040   2.20893e-039   [-0.000007,-0.000019,]
[4,12,]   244   0.0215228   2.91668e-040   1.66239e-039   [-0.000010,-0.000022,]
[5,12,]   245   0.0370238   6.61649e-040   1.20694e-039   [-0.000014,-0.000024,]
[6,12,]   246   0.0515319   9.00201e-040   8.42583e-040   [-0.000020,-0.000027,]
[7,12,]   247   0.0584382   9.83256e-040   5.69313e-040   [-0.000029,-0.000029,]
[8,12,]   248   0.0562534   9.46843e-040   3.87133e-040   [-0.000044,-0.000025,]
[9,12,]   249   0.0511619   9.14352e-040   2.96043e-040   [-0.000058,-0.000009,]
[10,12,]   250   0.0509036   8.85142e-040   2.96043e-040   [-0.000057,0.000014,]
[11,12,]   251   0.0560149   9.34321e-040   3.87133e-040   [-0.000042,0.000026,]
[12,12,]   252   0.0584093   9.97112e-040   5.69313e-040   [-0.000029,0.000029,]
[13,12,]   253   0.0514069   8.95771e-040   8.42583e-040   [-0.000019,0.000028,]
[14,12,]   254   0.0368454   6.53113e-040   1.20694e-039   [-0.000014,0.000025,]
[15,12,]   255   0.0213638   2.7958e-040   1.66239e-039   [-0.000010,0.000022,]
[16,12,]   256   0.0100543   -2.1063e-040   2.20893e-039   [-0.000007,0.000019,]
[17,12,]   257   0.00385913   -8.16659e-040   2.84656e-039   [-0.000006,0.000017,]
[18,12,]   258   0.00121482   -1.51265e-039   3.57528e-039   [-0.000003,0.000016,]
[19,12,]   259   0.000311047   -3.24461e-039   4.39509e-039   [-0.000000,0.000015,]
[0,13,]   260   0.000212095   -3.60531e-039   4.66836e-039   [-0.000002,-0.000013,]
[1,13,]   261   0.000793293   -1.8299e-039   3.84855e-039   [-0.000008,-0.000015,]
[2,13,]   262   0.00255311   -1.06383e-039   3.11983e-039   [-0.000007,-0.000016,]
[3,13,]   263   0.0067974   -4.53471e-040   2.4822e-039   [-0.000009,-0.000017,]
[4,13,]   264   0.0149183   4.32093e-041   1.93566e-039   [-0.000012,-0.000019,]
[5,13,]   265   0.0270166   4.33358e-040   1.48021e-039   [-0.000016,-0.000020,]
[6,13,]   266   0.0405907   7.15496e-040   1.11585e-039   [-0.000021,-0.000021,]
[7,13,]   267   0.05143   8.90319e-040   8.42583e-040   [-0.000028,-0.000019,]
[8,13,]   268   0.0570505   9.98562e-040   6.60403e-040   [-0.000035,-0.000015,]
[9,13,]   269   0.0585148   1.05569e-039   5.69313e-040   [-0.000042,-0.000005,]
[10,13,]   270   0.0583513   1.03827e-039   5.69313e-040   [-0.000042,0.000007,]
[11,13,]   271   0.0569521   9.93205e-040   6.60403e-040   [-0.000035,0.000015,]
[12,13,]   272   0.0515232   9.07874e-040   8.42583e-040   [-0.000027,0.000020,]
[13,13,]   273   0.0405844   7.16267e-040   1.11585e-039   [-0.000021,0.000021,]
[14,13,]   274   0.0269302   4.28214e-040   1.48021e-039   [-0.000016,0.000020,]
[15,13,]   275   0.0148179   3.25818e-041   1.93566e-039   [-0.000012,0.000019,]
[16,13,]   276   0.00672625   -4.69007e-040   2.4822e-039   [-0.000009,0.000017,]
[17,13,]   277   0.00251643   -1.08188e-039   3.11983e-039   [-0.000007,0.000016,]
[18,13,]   278   0.000777476   -1.77443e-039   3.84855e-039   [-0.000004,0.000015,]
[19,13,]   279   0.000195304   -3.62733e-039   4.66836e-039   [-0.000001,0.000014,]
[0,14,]   280   0.000115358   -4.08484e-039   5.03272e-039   [-0.000003,-0.000012,]
[1,14,]   281   0.000435191   -2.19447e-039   4.21291e-039   [-0.000009,-0.000013,]
[2,14,]   282   0.00142797   -1.41669e-039   3.48419e-039   [-0.000009,-0.000014,]
[3,14,]   283   0.00390201   -8.00115e-040   2.84656e-039   [-0.000010,-0.000015,]
[4,14,]   284   0.00886941   -2.93249e-040   2.30002e-039   [-0.000013,-0.000016,]
[5,14,]   285   0.0168406   1.14864e-040   1.84457e-039   [-0.000016,-0.000016,]
[6,14,]   286   0.026933   4.27375e-040   1.48021e-039   [-0.000020,-0.000016,]
[7,14,]   287   0.0368577   6.47941e-040   1.20694e-039   [-0.000025,-0.000014,]
[8,14,]   288   0.0443   8.05328e-040   1.02476e-039   [-0.000029,-0.000009,]
[9,14,]   289   0.0480275   8.84372e-040   9.33673e-040   [-0.000033,-0.000003,]
[10,14,]   290   0.0479555   8.71195e-040   9.33673e-040   [-0.000033,0.000004,]
[11,14,]   291   0.044323   8.03891e-040   1.02476e-039   [-0.000029,0.000010,]
[12,14,]   292   0.0370193   6.67485e-040   1.20694e-039   [-0.000025,0.000014,]
[13,14,]   293   0.027014   4.33562e-040   1.48021e-039   [-0.000020,0.000016,]
[14,14,]   294   0.0168397   1.15158e-040   1.84457e-039   [-0.000016,0.000016,]
[15,14,]   295   0.00883289   -2.99476e-040   2.30002e-039   [-0.000013,0.000016,]
[16,14,]   296   0.00386799   -8.12816e-040   2.84656e-039   [-0.000010,0.000015,]
[17,14,]   297   0.00140841   -1.43367e-039   3.48419e-039   [-0.000008,0.000014,]
[18,14,]   298   0.000426246   -2.12607e-039   4.21291e-039   [-0.000005,0.000013,]
[19,14,]   299   0.000104986   -4.11355e-039   5.03272e-039   [-0.000002,0.000013,]
[0,15,]   300   5.32749e-005   -4.6601e-039   5.48817e-039   [-0.000004,-0.000011,]
[1,15,]   301   0.000203086   -2.64987e-039   4.66836e-039   [-0.000010,-0.000012,]
[2,15,]   302   0.0006796   -1.86138e-039   3.93964e-039   [-0.000009,-0.000013,]
[3,15,]   303   0.00190448   -1.23813e-039   3.30201e-039   [-0.000011,-0.000013,]
[4,15,]   304   0.00446983   -7.21783e-040   2.75547e-039   [-0.000013,-0.000013,]
[5,15,]   305   0.00883332   -2.99643e-040   2.30002e-039   [-0.000016,-0.000013,]
[6,15,]   306   0.0148192   3.19803e-041   1.93566e-039   [-0.000019,-0.000012,]
[7,15,]   307   0.0213697   2.75156e-040   1.66239e-039   [-0.000022,-0.000010,]
[8,15,]   308   0.0269434   4.49913e-040   1.48021e-039   [-0.000025,-0.000007,]
[9,15,]   309   0.0300997   5.37993e-040   1.38912e-039   [-0.000027,-0.000002,]
[10,15,]   310   0.0300852   5.28325e-040   1.38912e-039   [-0.000027,0.000003,]
[11,15,]   311   0.0270126   4.51542e-040   1.48021e-039   [-0.000025,0.000007,]
[12,15,]   312   0.0215203   2.96538e-040   1.66239e-039   [-0.000022,0.000010,]
[13,15,]   313   0.0149172   4.33162e-041   1.93566e-039   [-0.000019,0.000012,]
[14,15,]   314   0.00886901   -2.93099e-040   2.30002e-039   [-0.000016,0.000013,]
[15,15,]   315   0.00446966   -7.21735e-040   2.75547e-039   [-0.000013,0.000013,]
[16,15,]   316   0.00189477   -1.24536e-039   3.30201e-039   [-0.000011,0.000013,]
[17,15,]   317   0.000672211   -1.87418e-039   3.93964e-039   [-0.000009,0.000013,]
[18,15,]   318   0.000199263   -2.56899e-039   4.66836e-039   [-0.000005,0.000012,]
[19,15,]   319   4.81544e-005   -4.69314e-039   5.48817e-039   [-0.000002,0.000012,]
[0,16,]   320   2.0827e-005   -5.3253e-039   6.03471e-039   [-0.000004,-0.000010,]
[1,16,]   321   8.02959e-005   -3.19755e-039   5.2149e-039   [-0.000011,-0.000011,]
[2,16,]   322   0.000273803   -2.39959e-039   4.48618e-039   [-0.000010,-0.000011,]
[3,16,]   323   0.000785222   -1.76985e-039   3.84855e-039   [-0.000011,-0.000011,]
[4,16,]   324   0.00189483   -1.24541e-039   3.30201e-039   [-0.000013,-0.000011,]
[5,16,]   325   0.00386815   -8.12973e-040   2.84656e-039   [-0.000015,-0.000010,]
[6,16,]   326   0.00672677   -4.69526e-040   2.4822e-039   [-0.000017,-0.000009,]
[7,16,]   327   0.0100566   -2.14553e-040   2.20893e-039   [-0.000019,-0.000007,]
[8,16,]   328   0.0130705   -3.24887e-041   2.02675e-039   [-0.000021,-0.000005,]
[9,16,]   329   0.0148673   5.94695e-041   1.93566e-039   [-0.000023,-0.000002,]
[10,16,]   330   0.014873   5.22928e-041   1.93566e-039   [-0.000023,0.000002,]
[11,16,]   331   0.0131291   -2.839e-041   2.02675e-039   [-0.000021,0.000005,]
[12,16,]   332   0.0101547   -1.91345e-040   2.20893e-039   [-0.000019,0.000007,]
[13,16,]   333   0.00679695   -4.53352e-040   2.4822e-039   [-0.000017,0.000009,]
[14,16,]   334   0.00390186   -7.99993e-040   2.84656e-039   [-0.000015,0.000010,]
[15,16,]   335   0.00190442   -1.2381e-039   3.30201e-039   [-0.000013,0.000011,]
[16,16,]   336   0.000785202   -1.76983e-039   3.84855e-039   [-0.000011,0.000011,]
[17,16,]   337   0.000272099   -2.40576e-039   4.48618e-039   [-0.000010,0.000011,]
[18,16,]   338   7.90937e-005   -3.10458e-039   5.2149e-039   [-0.000006,0.000011,]
[19,16,]   339   1.87819e-005   -5.35914e-039   6.03471e-039   [-0.000002,0.000011,]
[0,17,]   340   6.8695e-006   -6.08736e-039   6.67234e-039   [-0.000004,-0.000009,]
[1,17,]   341   2.67915e-005   -3.84835e-039   5.85253e-039   [-0.000011,-0.000010,]
[2,17,]   342   9.29577e-005   -3.04188e-039   5.12381e-039   [-0.000010,-0.000010,]
[3,17,]   343   0.000272105   -2.40578e-039   4.48618e-039   [-0.000011,-0.000010,]
[4,17,]   344   0.000672229   -1.87422e-039   3.93964e-039   [-0.000013,-0.000009,]
[5,17,]   345   0.00140846   -1.4338e-039   3.48419e-039   [-0.000014,-0.000008,]
[6,17,]   346   0.0025166   -1.08233e-039   3.11983e-039   [-0.000016,-0.000007,]
[7,17,]   347   0.00385988   -8.20157e-040   2.84656e-039   [-0.000017,-0.000006,]
[8,17,]   348   0.00512007   -6.34281e-040   2.66438e-039   [-0.000019,-0.000004,]
[9,17,]   349   0.00589286   -5.40164e-040   2.57329e-039   [-0.000020,-0.000001,]
[10,17,]   350   0.00589973   -5.45333e-040   2.57329e-039   [-0.000020,0.000001,]
[11,17,]   351   0.00515267   -6.27747e-040   2.66438e-039   [-0.000019,0.000004,]
[12,17,]   352   0.0039083   -7.94719e-040   2.84656e-039   [-0.000017,0.000006,]
[13,17,]   353   0.00255297   -1.06111e-039   3.11983e-039   [-0.000016,0.000007,]
[14,17,]   354   0.00142793   -1.41388e-039   3.48419e-039   [-0.000014,0.000009,]
[15,17,]   355   0.000679586   -1.85855e-039   3.93964e-039   [-0.000013,0.000009,]
[16,17,]   356   0.000273799   -2.39666e-039   4.48618e-039   [-0.000011,0.000010,]
[17,17,]   357   9.29566e-005   -3.03886e-039   5.12381e-039   [-0.000010,0.000010,]
[18,17,]   358   2.65445e-005   -3.74287e-039   5.85253e-039   [-0.000006,0.000010,]
[19,17,]   359   6.20577e-006   -6.11713e-039   6.67234e-039   [-0.000002,0.000010,]
[0,18,]   360   1.90969e-006   -6.90552e-039   7.40106e-039   [-0.000005,-0.000005,]
[1,18,]   361   7.53194e-006   -4.56032e-039   6.58125e-039   [-0.000012,-0.000005,]
[2,18,]   362   2.65447e-005   -3.74595e-039   5.85253e-039   [-0.000010,-0.000006,]
[3,18,]   363   7.90953e-005   -3.1046e-039   5.2149e-039   [-0.000011,-0.000006,]
[4,18,]   364   0.000199268   -2.56903e-039   4.66836e-039   [-0.000012,-0.000005,]
[5,18,]   365   0.00042626   -2.1262e-039   4.21291e-039   [-0.000013,-0.000005,]
[6,18,]   366   0.000777523   -1.77483e-039   3.84855e-039   [-0.000015,-0.000004,]
[7,18,]   367   0.00121503   -1.5158e-039   3.57528e-039   [-0.000016,-0.000003,]
[8,18,]   368   0.00163503   -1.33757e-039   3.3931e-039   [-0.000017,-0.000001,]
[9,18,]   369   0.00189725   -1.25346e-039   3.30201e-039   [-0.000018,0.000001,]
[10,18,]   370   0.00190089   -1.26906e-039   3.30201e-039   [-0.000017,0.000003,]
[11,18,]   371   0.00164858   -1.36417e-039   3.3931e-039   [-0.000017,0.000004,]
[12,18,]   372   0.00123384   -1.54436e-039   3.57528e-039   [-0.000016,0.000006,]
[13,18,]   373   0.000792061   -1.82249e-039   3.84855e-039   [-0.000015,0.000008,]
[14,18,]   374   0.000434493   -2.18671e-039   4.21291e-039   [-0.000013,0.000009,]
[15,18,]   375   0.000202745   -2.6418e-039   4.66836e-039   [-0.000012,0.000010,]
[16,18,]   376   8.01561e-005   -3.18908e-039   5.2149e-039   [-0.000011,0.000011,]
[17,18,]   377   2.67432e-005   -3.8395e-039   5.85253e-039   [-0.000010,0.000011,]
[18,18,]   378   7.51794e-006   -4.55101e-039   6.58125e-039   [-0.000005,0.000012,]
[19,18,]   379   1.73399e-006   -7.03511e-039   7.40106e-039   [-0.000001,0.000012,]
[0,19,]   380   4.37072e-007   -9.54903e-039   8.22087e-039   [-0.000005,-0.000001,]
[1,19,]   381   1.73743e-006   -7.04466e-039   7.40106e-039   [-0.000012,-0.000001,]
[2,19,]   382   6.20584e-006   -6.1204e-039   6.67234e-039   [-0.000010,-0.000002,]
[3,19,]   383   1.87824e-005   -5.35918e-039   6.03471e-039   [-0.000011,-0.000002,]
[4,19,]   384   4.81557e-005   -4.69319e-039   5.48817e-039   [-0.000012,-0.000002,]
[5,19,]   385   0.00010499   -4.11369e-039   5.03272e-039   [-0.000013,-0.000002,]
[6,19,]   386   0.000195315   -3.62773e-039   4.66836e-039   [-0.000014,-0.000001,]
[7,19,]   387   0.000311095   -3.24767e-039   4.39509e-039   [-0.000015,-0.000000,]
[8,19,]   388   0.000425748   -2.97669e-039   4.21291e-039   [-0.000015,0.000001,]
[9,19,]   389   0.000500633   -2.83739e-039   4.12182e-039   [-0.000016,0.000002,]
[10,19,]   390   0.0005059   -2.84171e-039   4.12182e-039   [-0.000016,0.000004,]
[11,19,]   391   0.000440076   -2.97359e-039   4.21291e-039   [-0.000015,0.000005,]
[12,19,]   392   0.000328663   -3.22994e-039   4.39509e-039   [-0.000014,0.000007,]
[13,19,]   393   0.000209677   -3.60986e-039   4.66836e-039   [-0.000013,0.000009,]
[14,19,]   394   0.000113963   -4.09141e-039   5.03272e-039   [-0.000012,0.000010,]
[15,19,]   395   5.25914e-005   -4.66876e-039   5.48817e-039   [-0.000011,0.000011,]
[16,19,]   396   2.05449e-005   -5.33593e-039   6.03471e-039   [-0.000010,0.000012,]
[17,19,]   397   6.77182e-006   -6.09986e-039   6.67234e-039   [-0.000009,0.000013,]
[18,19,]   398   1.88134e-006   -6.91898e-039   7.40106e-039   [-0.000005,0.000013,]
[19,19,]   399   4.30102e-007   -9.5693e-039   8.22087e-039   [-0.000001,0.000014,]
