coordinates  index   rho      Q      V    velocities 
[0,0,]   0   3.76433e-008   -7.88409e-039   8.22087e-039   [0.000038,0.000004,]
[1,0,]   1   1.32016e-007   -5.62585e-039   7.40106e-039   [0.000018,0.000005,]
[2,0,]   2   4.21161e-007   -5.33601e-039   6.67234e-039   [0.000027,0.000006,]
[3,0,]   3   1.41332e-006   -4.47893e-039   6.03471e-039   [0.000021,0.000008,]
[4,0,]   4   4.22151e-006   -3.92368e-039   5.48818e-039   [0.000013,0.000010,]
[5,0,]   5   1.05219e-005   -3.48395e-039   5.03276e-039   [0.000007,0.000011,]
[6,0,]   6   2.1391e-005   -3.16791e-039   4.66863e-039   [0.000001,0.000011,]
[7,0,]   7   3.56378e-005   -2.95146e-039   4.39666e-039   [-0.000003,0.000011,]
[8,0,]   8   4.93207e-005   -2.81993e-039   4.22011e-039   [-0.000006,0.000010,]
[9,0,]   9   5.75059e-005   -2.76588e-039   4.14758e-039   [-0.000007,0.000010,]
[10,0,]   10   5.69932e-005   -2.78636e-039   4.1936e-039   [-0.000007,0.000009,]
[11,0,]   11   4.80635e-005   -2.88961e-039   4.36867e-039   [-0.000006,0.000009,]
[12,0,]   12   3.42962e-005   -3.08772e-039   4.65832e-039   [-0.000003,0.000008,]
[13,0,]   13   2.05543e-005   -3.38781e-039   5.01482e-039   [0.000001,0.000009,]
[14,0,]   14   1.03301e-005   -3.7963e-039   5.38787e-039   [0.000006,0.000010,]
[15,0,]   15   4.41453e-006   -4.31362e-039   5.77169e-039   [0.000012,0.000011,]
[16,0,]   16   1.67063e-006   -4.89396e-039   6.21098e-039   [0.000018,0.000013,]
[17,0,]   17   5.93993e-007   -5.48547e-039   6.75769e-039   [0.000025,0.000016,]
[18,0,]   18   2.08892e-007   -6.48677e-039   7.43325e-039   [0.000036,0.000018,]
[19,0,]   19   9.44736e-008   -7.89869e-039   8.23032e-039   [0.000041,0.000019,]
[0,1,]   20   8.59613e-008   -7.14063e-039   7.40106e-039   [0.000038,-0.000025,]
[1,1,]   21   3.29794e-007   -4.54137e-039   6.58125e-039   [0.000024,-0.000022,]
[2,1,]   22   1.13222e-006   -4.46811e-039   5.85253e-039   [0.000034,-0.000016,]
[3,1,]   23   4.07901e-006   -3.40591e-039   5.2149e-039   [0.000023,-0.000011,]
[4,1,]   24   1.26437e-005   -2.68195e-039   4.66837e-039   [0.000014,-0.000010,]
[5,1,]   25   3.20003e-005   -2.14979e-039   4.21301e-039   [0.000006,-0.000009,]
[6,1,]   26   6.54653e-005   -1.78382e-039   3.84927e-039   [0.000001,-0.000009,]
[7,1,]   27   0.000109261   -1.54595e-039   3.57954e-039   [-0.000003,-0.000009,]
[8,1,]   28   0.000150891   -1.4141e-039   3.41267e-039   [-0.000006,-0.000010,]
[9,1,]   29   0.000174857   -1.3724e-039   3.37203e-039   [-0.000008,-0.000010,]
[10,1,]   30   0.000171755   -1.4067e-039   3.49711e-039   [-0.000008,-0.000011,]
[11,1,]   31   0.000143498   -1.51584e-039   3.81648e-039   [-0.000006,-0.000012,]
[12,1,]   32   0.000101718   -1.70748e-039   4.29081e-039   [-0.000003,-0.000012,]
[13,1,]   33   6.09136e-005   -1.98917e-039   4.79033e-039   [0.000002,-0.000011,]
[14,1,]   34   3.08469e-005   -2.36373e-039   5.17829e-039   [0.000007,-0.000010,]
[15,1,]   35   1.34087e-005   -2.81602e-039   5.43904e-039   [0.000013,-0.000008,]
[16,1,]   36   5.19168e-006   -3.27956e-039   5.69406e-039   [0.000019,-0.000006,]
[17,1,]   37   1.87667e-006   -3.71854e-039   6.08454e-039   [0.000024,-0.000005,]
[18,1,]   38   6.58375e-007   -4.55014e-039   6.66874e-039   [0.000033,-0.000005,]
[19,1,]   39   2.87317e-007   -5.88603e-039   7.42676e-039   [0.000037,-0.000008,]
[0,2,]   40   2.77379e-007   -5.16335e-039   6.67234e-039   [0.000036,-0.000021,]
[1,2,]   41   1.00761e-006   -3.10236e-039   5.85253e-039   [0.000028,-0.000018,]
[2,2,]   42   3.2122e-006   -3.56138e-039   5.12381e-039   [0.000038,-0.000013,]
[3,2,]   43   1.1539e-005   -2.56313e-039   4.48618e-039   [0.000027,-0.000009,]
[4,2,]   44   3.66564e-005   -1.77529e-039   3.93966e-039   [0.000016,-0.000006,]
[5,2,]   45   9.46601e-005   -1.20533e-039   3.48439e-039   [0.000007,-0.000005,]
[6,2,]   46   0.000195836   -8.22512e-040   3.12136e-039   [0.000001,-0.000004,]
[7,2,]   47   0.000328121   -5.85123e-040   2.85558e-039   [-0.000004,-0.000005,]
[8,2,]   48   0.000452924   -4.63376e-040   2.70581e-039   [-0.000007,-0.000006,]
[9,2,]   49   0.000524138   -4.25844e-040   2.72152e-039   [-0.000009,-0.000007,]
[10,2,]   50   0.000514869   -4.60267e-040   2.98632e-039   [-0.000009,-0.000008,]
[11,2,]   51   0.000431282   -5.63934e-040   3.56068e-039   [-0.000006,-0.000008,]
[12,2,]   52   0.000307072   -7.46988e-040   4.36134e-039   [-0.000003,-0.000009,]
[13,2,]   53   0.000184665   -1.03208e-039   5.11358e-039   [0.000003,-0.000008,]
[14,2,]   54   9.38247e-005   -1.42584e-039   5.5279e-039   [0.000009,-0.000006,]
[15,2,]   55   4.09979e-005   -1.90506e-039   5.57117e-039   [0.000016,-0.000003,]
[16,2,]   56   1.61133e-005   -2.37966e-039   5.50055e-039   [0.000022,-0.000000,]
[17,2,]   57   6.02021e-006   -2.76609e-039   5.61497e-039   [0.000027,0.000003,]
[18,2,]   58   2.21269e-006   -3.48869e-039   6.03775e-039   [0.000033,0.000004,]
[19,2,]   59   9.96902e-007   -4.60813e-039   6.72674e-039   [0.000034,0.000002,]
[0,3,]   60   7.99847e-007   -3.60267e-039   6.03471e-039   [0.000034,-0.000021,]
[1,3,]   61   2.66407e-006   -2.14112e-039   5.2149e-039   [0.000032,-0.000018,]
[2,3,]   62   7.56265e-006   -3.12486e-039   4.48618e-039   [0.000043,-0.000013,]
[3,3,]   63   2.64994e-005   -2.16754e-039   3.84856e-039   [0.000031,-0.000007,]
[4,3,]   64   8.64287e-005   -1.28188e-039   3.30205e-039   [0.000018,-0.000004,]
[5,3,]   65   0.000229014   -6.37963e-040   2.8469e-039   [0.000008,-0.000003,]
[6,3,]   66   0.000480832   -2.20115e-040   2.48472e-039   [0.000001,-0.000002,]
[7,3,]   67   0.000810199   3.35367e-041   2.2238e-039   [-0.000004,-0.000003,]
[8,3,]   68   0.00111902   1.65378e-040   2.09506e-039   [-0.000008,-0.000004,]
[9,3,]   69   0.00129438   2.01926e-040   2.18005e-039   [-0.000010,-0.000005,]
[10,3,]   70   0.001275   1.83798e-040   2.61663e-039   [-0.000010,-0.000007,]
[11,3,]   71   0.0010755   1.06187e-040   3.5045e-039   [-0.000007,-0.000008,]
[12,3,]   72   0.000772641   -5.59854e-041   4.70637e-039   [-0.000002,-0.000008,]
[13,3,]   73   0.000468288   -3.25116e-040   5.76934e-039   [0.000004,-0.000008,]
[14,3,]   74   0.00023907   -7.18865e-040   6.21607e-039   [0.000011,-0.000006,]
[15,3,]   75   0.000105023   -1.21342e-039   5.99194e-039   [0.000019,-0.000003,]
[16,3,]   76   4.20744e-005   -1.67418e-039   5.52096e-039   [0.000025,0.000001,]
[17,3,]   77   1.64415e-005   -1.98464e-039   5.29597e-039   [0.000029,0.000004,]
[18,3,]   78   6.43531e-006   -2.58294e-039   5.52027e-039   [0.000033,0.000006,]
[19,3,]   79   3.0194e-006   -3.49977e-039   6.12439e-039   [0.000031,0.000003,]
[0,4,]   80   1.98788e-006   -2.194e-039   5.48817e-039   [0.000031,-0.000021,]
[1,4,]   81   6.0181e-006   -1.334e-039   4.66836e-039   [0.000036,-0.000017,]
[2,4,]   82   1.47134e-005   -2.85469e-039   3.93964e-039   [0.000049,-0.000013,]
[3,4,]   83   4.8657e-005   -2.06145e-039   3.30202e-039   [0.000037,-0.000005,]
[4,4,]   84   0.000163939   -9.88936e-040   2.75552e-039   [0.000021,0.000000,]
[5,4,]   85   0.000447771   -2.94431e-040   2.30045e-039   [0.000009,0.000002,]
[6,4,]   86   0.000955487   1.64843e-040   1.9389e-039   [0.000001,0.000003,]
[7,4,]   87   0.00161651   4.4309e-040   1.68148e-039   [-0.000005,0.000002,]
[8,4,]   88   0.0022257   5.8007e-040   1.56792e-039   [-0.000010,0.000001,]
[9,4,]   89   0.0025671   6.52923e-040   1.70293e-039   [-0.000012,-0.000001,]
[10,4,]   90   0.00252909   6.45165e-040   2.26351e-039   [-0.000011,-0.000003,]
[11,4,]   91   0.0021472   5.71238e-040   3.37767e-039   [-0.000008,-0.000005,]
[12,4,]   92   0.00155886   4.44035e-040   4.86917e-039   [-0.000002,-0.000006,]
[13,4,]   93   0.000952651   1.89355e-040   6.15642e-039   [0.000005,-0.000006,]
[14,4,]   94   0.000488157   -2.0845e-040   6.62655e-039   [0.000014,-0.000005,]
[15,4,]   95   0.000215452   -7.08364e-040   6.20941e-039   [0.000022,-0.000002,]
[16,4,]   96   8.85114e-005   -1.14955e-039   5.44943e-039   [0.000029,0.000002,]
[17,4,]   97   3.67336e-005   -1.36823e-039   4.97943e-039   [0.000033,0.000006,]
[18,4,]   98   1.55292e-005   -1.83393e-039   5.06046e-039   [0.000032,0.000007,]
[19,4,]   99   7.58618e-006   -2.54384e-039   5.60333e-039   [0.000026,0.000003,]
[0,5,]   100   4.38042e-006   -8.66918e-040   5.03272e-039   [0.000029,-0.000020,]
[1,5,]   101   1.20476e-005   -4.76565e-040   4.21291e-039   [0.000039,-0.000017,]
[2,5,]   102   2.45871e-005   -2.41051e-039   3.48419e-039   [0.000056,-0.000015,]
[3,5,]   103   7.17456e-005   -2.07389e-039   2.84657e-039   [0.000046,-0.000003,]
[4,5,]   104   0.000251452   -7.5397e-040   2.30007e-039   [0.000025,0.000005,]
[5,5,]   105   0.000719052   7.81192e-041   1.845e-039   [0.000010,0.000009,]
[6,5,]   106   0.00156141   5.6291e-040   1.48345e-039   [0.000000,0.000009,]
[7,5,]   107   0.00263706   8.4585e-040   1.22603e-039   [-0.000006,0.000009,]
[8,5,]   108   0.00358821   1.00586e-039   1.11247e-039   [-0.000011,0.000007,]
[9,5,]   109   0.00407062   1.03377e-039   1.24748e-039   [-0.000014,0.000004,]
[10,5,]   110   0.00398581   1.01529e-039   1.80806e-039   [-0.000014,0.000001,]
[11,5,]   111   0.0034161   9.96706e-040   2.92222e-039   [-0.000010,-0.000002,]
[12,5,]   112   0.0025058   8.56417e-040   4.41372e-039   [-0.000003,-0.000004,]
[13,5,]   113   0.00154339   6.12103e-040   5.70097e-039   [0.000006,-0.000005,]
[14,5,]   114   0.000791096   2.06017e-040   6.1711e-039   [0.000016,-0.000004,]
[15,5,]   115   0.000348427   -3.72386e-040   5.75396e-039   [0.000026,-0.000001,]
[16,5,]   116   0.000148316   -7.16007e-040   4.99398e-039   [0.000034,0.000003,]
[17,5,]   117   6.72128e-005   -7.94985e-040   4.52398e-039   [0.000036,0.000007,]
[18,5,]   118   3.13035e-005   -1.09796e-039   4.60501e-039   [0.000029,0.000009,]
[19,5,]   119   1.58815e-005   -1.57772e-039   5.14788e-039   [0.000020,0.000002,]
[0,6,]   120   8.78345e-006   2.51617e-040   4.66836e-039   [0.000027,-0.000019,]
[1,6,]   121   2.16245e-005   3.38492e-040   3.84855e-039   [0.000039,-0.000016,]
[2,6,]   122   3.61846e-005   -1.38802e-039   3.11983e-039   [0.000063,-0.000023,]
[3,6,]   123   8.04229e-005   -2.58653e-039   2.48221e-039   [0.000060,-0.000003,]
[4,6,]   124   0.000299234   -6.17632e-040   1.9357e-039   [0.000033,0.000011,]
[5,6,]   125   0.000923241   4.23165e-040   1.48055e-039   [0.000013,0.000016,]
[6,6,]   126   0.00205537   9.5191e-040   1.11837e-039   [0.000000,0.000017,]
[7,6,]   127   0.00344223   1.25984e-039   8.57451e-040   [-0.000008,0.000016,]
[8,6,]   128   0.00454332   1.36846e-039   7.2871e-040   [-0.000015,0.000013,]
[9,6,]   129   0.00499826   1.4255e-039   8.13704e-040   [-0.000019,0.000010,]
[10,6,]   130   0.00482919   1.36269e-039   1.25028e-039   [-0.000018,0.000005,]
[11,6,]   131   0.00418822   1.29775e-039   2.13815e-039   [-0.000014,-0.000002,]
[12,6,]   132   0.00313512   1.18532e-039   3.34002e-039   [-0.000006,-0.000005,]
[13,6,]   133   0.00194967   9.06503e-040   4.40299e-039   [0.000005,-0.000007,]
[14,6,]   134   0.000992869   4.46865e-040   4.84972e-039   [0.000017,-0.000006,]
[15,6,]   135   0.000433488   -1.76512e-040   4.62559e-039   [0.000030,-0.000000,]
[16,6,]   136   0.000192379   -5.28905e-040   4.15461e-039   [0.000041,0.000005,]
[17,6,]   137   0.000100539   -1.47267e-040   3.92962e-039   [0.000038,0.000010,]
[18,6,]   138   5.27372e-005   -3.43254e-040   4.15392e-039   [0.000025,0.000010,]
[19,6,]   139   2.75892e-005   -6.12829e-040   4.75804e-039   [0.000013,0.000002,]
[0,7,]   140   1.62703e-005   1.22304e-039   4.39509e-039   [0.000024,-0.000018,]
[1,7,]   141   3.4727e-005   1.02449e-039   3.57528e-039   [0.000033,-0.000017,]
[2,7,]   142   4.69601e-005   1.31388e-040   2.84656e-039   [0.000067,-0.000034,]
[3,7,]   143   6.22167e-005   -4.53936e-039   2.20893e-039   [0.000086,-0.000009,]
[4,7,]   144   0.000247559   -1.26316e-039   1.66241e-039   [0.000045,0.000022,]
[5,7,]   145   0.000898989   6.49552e-040   1.20714e-039   [0.000014,0.000025,]
[6,7,]   146   0.00208889   1.2793e-039   8.44111e-040   [0.000000,0.000025,]
[7,7,]   147   0.00341984   1.55171e-039   5.78331e-040   [-0.000010,0.000023,]
[8,7,]   148   0.00425546   1.68232e-039   4.28563e-040   [-0.000018,0.000021,]
[9,7,]   149   0.00430128   1.377e-039   4.44273e-040   [-0.000024,0.000015,]
[10,7,]   150   0.00408407   1.09727e-039   7.09073e-040   [-0.000027,0.000003,]
[11,7,]   151   0.00374225   1.5168e-039   1.28343e-039   [-0.000021,-0.000007,]
[12,7,]   152   0.00293392   1.36954e-039   2.08409e-039   [-0.000008,-0.000014,]
[13,7,]   153   0.00187267   1.11547e-039   2.83633e-039   [0.000005,-0.000016,]
[14,7,]   154   0.000938229   5.46622e-040   3.25065e-039   [0.000022,-0.000013,]
[15,7,]   155   0.000393528   -5.1327e-040   3.29392e-039   [0.000039,-0.000004,]
[16,7,]   156   0.000186497   -5.16218e-040   3.2233e-039   [0.000052,0.000012,]
[17,7,]   157   0.00012142   4.65601e-040   3.33772e-039   [0.000038,0.000014,]
[18,7,]   158   7.36537e-005   3.93295e-040   3.7605e-039   [0.000018,0.000012,]
[19,7,]   159   3.95884e-005   3.02293e-040   4.44949e-039   [0.000004,0.000002,]
[0,8,]   160   2.69868e-005   2.00088e-039   4.21291e-039   [0.000020,-0.000016,]
[1,8,]   161   4.96478e-005   1.33714e-039   3.3931e-039   [0.000021,-0.000018,]
[2,8,]   162   5.57617e-005   1.76718e-039   2.66438e-039   [0.000061,-0.000035,]
[3,8,]   163   3.43697e-005   -8.35679e-039   2.02675e-039   [0.000129,-0.000041,]
[4,8,]   164   0.000121505   -5.25954e-039   1.48022e-039   [0.000073,0.000041,]
[5,8,]   165   0.000620935   1.26428e-040   1.02486e-039   [0.000012,0.000042,]
[6,8,]   166   0.00155546   1.16669e-039   6.61125e-040   [-0.000002,0.000040,]
[7,8,]   167   0.00244451   1.55043e-039   3.91393e-040   [-0.000011,0.000039,]
[8,8,]   168   0.00265098   1.12435e-039   2.24523e-040   [-0.000023,0.000034,]
[9,8,]   169   0.00227546   -2.39557e-040   1.83882e-040   [-0.000041,0.000030,]
[10,8,]   170   0.00229325   8.3264e-040   3.08964e-040   [-0.000046,0.000002,]
[11,8,]   171   0.00218135   7.11319e-040   6.28333e-040   [-0.000031,-0.000027,]
[12,8,]   172   0.00194204   9.32408e-040   1.10266e-039   [-0.000013,-0.000038,]
[13,8,]   173   0.00131318   7.08772e-040   1.60218e-039   [0.000006,-0.000039,]
[14,8,]   174   0.000632885   -5.8821e-041   1.99014e-039   [0.000026,-0.000033,]
[15,8,]   175   0.000253161   -7.64173e-040   2.25089e-039   [0.000061,-0.000013,]
[16,8,]   176   0.000122188   -2.70624e-039   2.50591e-039   [0.000072,0.000017,]
[17,8,]   177   0.000120346   1.48818e-039   2.89639e-039   [0.000028,0.000023,]
[18,8,]   178   8.4689e-005   8.97394e-040   3.48059e-039   [0.000011,0.000014,]
[19,8,]   179   4.72389e-005   1.07152e-039   4.23861e-039   [-0.000005,0.000003,]
[0,9,]   180   3.70047e-005   2.42593e-039   4.12182e-039   [0.000015,-0.000010,]
[1,9,]   181   6.53781e-005   1.70362e-039   3.30201e-039   [0.000015,-0.000017,]
[2,9,]   182   6.314e-005   9.0073e-040   2.57329e-039   [0.000027,-0.000035,]
[3,9,]   183   2.59982e-005   -1.08649e-038   1.93566e-039   [0.000137,-0.000120,]
[4,9,]   184   5.00564e-005   -1.38978e-038   1.38913e-039   [0.000143,0.000116,]
[5,9,]   185   0.000350166   -1.77927e-039   9.33708e-040   [-0.000005,0.000088,]
[6,9,]   186   0.000909245   -3.42304e-040   5.69578e-040   [-0.000004,0.000073,]
[7,9,]   187   0.0012818   -5.09844e-040   2.9761e-040   [-0.000010,0.000079,]
[8,9,]   188   0.00116205   -1.23051e-039   1.21062e-040   [-0.000012,0.000104,]
[9,9,]   189   0.000768374   -5.30197e-039   4.85312e-041   [-0.000081,0.000114,]
[10,9,]   190   0.000713173   -5.56091e-039   9.45464e-041   [-0.000109,-0.000090,]
[11,9,]   191   0.000797862   -5.71983e-039   2.69615e-040   [-0.000046,-0.000103,]
[12,9,]   192   0.00105195   -1.16029e-039   5.59271e-040   [-0.000014,-0.000081,]
[13,9,]   193   0.000797677   -7.70998e-040   9.15774e-040   [0.000008,-0.000075,]
[14,9,]   194   0.000327316   -3.07004e-039   1.28882e-039   [0.000030,-0.000085,]
[15,9,]   195   9.19214e-005   -7.13425e-039   1.67264e-039   [0.000104,-0.000097,]
[16,9,]   196   7.35956e-005   -9.00957e-040   2.11193e-039   [0.000063,0.000095,]
[17,9,]   197   9.86172e-005   1.99194e-039   2.65864e-039   [0.000019,0.000035,]
[18,9,]   198   8.158e-005   1.3928e-039   3.3342e-039   [-0.000001,0.000016,]
[19,9,]   199   4.63713e-005   1.64562e-039   4.13127e-039   [-0.000015,0.000004,]
[0,10,]   200   4.48335e-005   1.66191e-039   4.12182e-039   [0.000010,-0.000004,]
[1,10,]   201   8.11899e-005   1.4179e-039   3.30201e-039   [0.000001,-0.000016,]
[2,10,]   202   9.91971e-005   2.03146e-039   2.57329e-039   [-0.000018,-0.000035,]
[3,10,]   203   7.37515e-005   -9.43933e-040   1.93566e-039   [-0.000063,-0.000095,]
[4,10,]   204   9.16848e-005   -7.27772e-039   1.38912e-039   [-0.000104,0.000100,]
[5,10,]   205   0.00032973   -3.07009e-039   9.33683e-040   [-0.000029,0.000088,]
[6,10,]   206   0.000803806   -7.74452e-040   5.69389e-040   [-0.000008,0.000078,]
[7,10,]   207   0.00105725   -1.16898e-039   2.96492e-040   [0.000014,0.000084,]
[8,10,]   208   0.000796267   -5.74895e-039   1.15925e-040   [0.000046,0.000106,]
[9,10,]   209   0.000700178   -5.71878e-039   3.01525e-041   [0.000111,0.000094,]
[10,10,]   210   0.000745171   -5.51382e-039   4.33361e-041   [0.000083,-0.000111,]
[11,10,]   211   0.00112976   -1.31913e-039   1.58486e-040   [0.000013,-0.000101,]
[12,10,]   212   0.00124909   -5.74358e-040   3.71459e-040   [0.000010,-0.000076,]
[13,10,]   213   0.000886657   -4.05382e-040   6.68575e-040   [0.000005,-0.000070,]
[14,10,]   214   0.000341489   -1.84075e-039   1.03542e-039   [0.000005,-0.000085,]
[15,10,]   215   4.86495e-005   -1.39997e-038   1.47035e-039   [-0.000146,-0.000113,]
[16,10,]   216   2.50943e-005   -1.10958e-038   1.98616e-039   [-0.000138,0.000123,]
[17,10,]   217   6.2417e-005   8.6293e-040   2.59775e-039   [-0.000026,0.000036,]
[18,10,]   218   6.60106e-005   1.71236e-039   3.31123e-039   [-0.000016,0.000019,]
[19,10,]   219   3.88671e-005   2.45055e-039   4.12453e-039   [-0.000025,0.000011,]
[0,11,]   220   4.69337e-005   1.09231e-039   4.21291e-039   [0.000005,-0.000003,]
[1,11,]   221   8.4783e-005   9.13875e-040   3.3931e-039   [-0.000010,-0.000014,]
[2,11,]   222   0.000120555   1.49508e-039   2.66438e-039   [-0.000028,-0.000023,]
[3,11,]   223   0.000122009   -2.71714e-039   2.02675e-039   [-0.000071,-0.000016,]
[4,11,]   224   0.000252698   -7.50965e-040   1.48021e-039   [-0.000060,0.000015,]
[5,11,]   225   0.000631414   -6.30972e-041   1.02476e-039   [-0.000025,0.000036,]
[6,11,]   226   0.00130868   7.02629e-040   6.60419e-040   [-0.000005,0.000043,]
[7,11,]   227   0.00192867   9.17639e-040   3.87233e-040   [0.000014,0.000042,]
[8,11,]   228   0.00215166   6.68365e-040   2.05413e-040   [0.000032,0.000032,]
[9,11,]   229   0.00224677   7.8471e-040   1.15509e-040   [0.000046,0.000004,]
[10,11,]   230   0.00221587   -3.14297e-040   1.18451e-040   [0.000041,-0.000026,]
[11,11,]   231   0.00258317   1.05804e-039   2.14909e-040   [0.000023,-0.000029,]
[12,11,]   232   0.00238859   1.49401e-039   4.0396e-040   [0.000011,-0.000034,]
[13,11,]   233   0.00152254   1.10661e-039   6.82551e-040   [0.000002,-0.000035,]
[14,11,]   234   0.000607482   5.72938e-041   1.04747e-039   [-0.000012,-0.000038,]
[15,11,]   235   0.0001171   -5.49424e-039   1.49834e-039   [-0.000074,-0.000037,]
[16,11,]   236   3.23769e-005   -8.88802e-039   2.03802e-039   [-0.000132,0.000047,]
[17,11,]   237   5.50576e-005   1.79954e-039   2.66984e-039   [-0.000062,0.000038,]
[18,11,]   238   4.97373e-005   1.29191e-039   3.39516e-039   [-0.000021,0.000021,]
[19,11,]   239   2.77796e-005   1.97805e-039   4.21352e-039   [-0.000026,0.000019,]
[0,12,]   240   4.05107e-005   3.10484e-040   4.39509e-039   [-0.000000,-0.000001,]
[1,12,]   241   7.41547e-005   3.88754e-040   3.57528e-039   [-0.000018,-0.000012,]
[2,12,]   242   0.000121358   4.5609e-040   2.84656e-039   [-0.000037,-0.000014,]
[3,12,]   243   0.000185943   -5.12798e-040   2.20893e-039   [-0.000050,-0.000011,]
[4,12,]   244   0.000391755   -5.0586e-040   1.66239e-039   [-0.000037,0.000005,]
[5,12,]   245   0.000932748   5.44327e-040   1.20694e-039   [-0.000020,0.000016,]
[6,12,]   246   0.00186128   1.11181e-039   8.42585e-040   [-0.000003,0.000020,]
[7,12,]   247   0.00291458   1.36383e-039   5.6933e-040   [0.000010,0.000019,]
[8,12,]   248   0.00371242   1.50638e-039   3.87212e-040   [0.000022,0.000014,]
[9,12,]   249   0.00404327   1.07629e-039   2.96329e-040   [0.000028,0.000003,]
[10,12,]   250   0.00425014   1.33052e-039   2.9684e-040   [0.000025,-0.000009,]
[11,12,]   251   0.00421607   1.64308e-039   3.88863e-040   [0.000018,-0.000014,]
[12,12,]   252   0.00340389   1.52074e-039   5.72237e-040   [0.000010,-0.000017,]
[13,12,]   253   0.00208918   1.25341e-039   8.46431e-040   [-0.000000,-0.000019,]
[14,12,]   254   0.000902208   6.27137e-040   1.21089e-039   [-0.000014,-0.000019,]
[15,12,]   255   0.000246923   -1.34768e-039   1.66554e-039   [-0.000046,-0.000017,]
[16,12,]   256   6.07653e-005   -4.84148e-039   2.21089e-039   [-0.000089,0.000015,]
[17,12,]   257   4.69183e-005   1.64801e-040   2.84751e-039   [-0.000069,0.000039,]
[18,12,]   258   3.48304e-005   1.05012e-039   3.57564e-039   [-0.000034,0.000021,]
[19,12,]   259   1.61047e-005   1.26859e-039   4.3952e-039   [-0.000024,0.000022,]
[0,13,]   260   2.91231e-005   -5.85548e-040   4.66836e-039   [-0.000004,-0.000001,]
[1,13,]   261   5.34062e-005   -3.62408e-040   3.84855e-039   [-0.000025,-0.000010,]
[2,13,]   262   0.000100295   -1.72232e-040   3.11983e-039   [-0.000037,-0.000010,]
[3,13,]   263   0.00019141   -5.23317e-040   2.4822e-039   [-0.000039,-0.000004,]
[4,13,]   264   0.000430071   -1.84524e-040   1.93566e-039   [-0.000027,0.000002,]
[5,13,]   265   0.0009845   4.34572e-040   1.48021e-039   [-0.000014,0.000009,]
[6,13,]   266   0.00193671   8.96735e-040   1.11585e-039   [-0.000002,0.000011,]
[7,13,]   267   0.00312433   1.18312e-039   8.42585e-040   [0.000008,0.000011,]
[8,13,]   268   0.00418888   1.30363e-039   6.60413e-040   [0.000015,0.000008,]
[9,13,]   269   0.00484578   1.36804e-039   5.69351e-040   [0.000019,0.000002,]
[10,13,]   270   0.00503677   1.43596e-039   5.6942e-040   [0.000019,-0.000004,]
[11,13,]   271   0.0046084   1.39325e-039   6.60637e-040   [0.000015,-0.000007,]
[12,13,]   272   0.00351925   1.29843e-039   8.42978e-040   [0.000008,-0.000010,]
[13,13,]   273   0.00212009   1.00881e-039   1.11637e-039   [-0.000000,-0.000011,]
[14,13,]   274   0.000960534   5.00363e-040   1.48075e-039   [-0.000013,-0.000010,]
[15,13,]   275   0.00031228   -5.44359e-040   1.93609e-039   [-0.000034,-0.000006,]
[16,13,]   276   8.30009e-005   -2.60941e-039   2.48247e-039   [-0.000063,0.000008,]
[17,13,]   277   3.71711e-005   -1.3401e-039   3.11996e-039   [-0.000066,0.000029,]
[18,13,]   278   2.18679e-005   4.59717e-040   3.8486e-039   [-0.000041,0.000021,]
[19,13,]   279   8.1917e-006   3.30503e-040   4.66838e-039   [-0.000022,0.000024,]
[0,14,]   280   1.72281e-005   -1.53504e-039   5.03272e-039   [-0.000008,-0.000002,]
[1,14,]   281   3.18447e-005   -1.13587e-039   4.21291e-039   [-0.000029,-0.000009,]
[2,14,]   282   6.69481e-005   -8.30838e-040   3.48419e-039   [-0.000034,-0.000007,]
[3,14,]   283   0.000147322   -7.12335e-040   2.84656e-039   [-0.000032,-0.000003,]
[4,14,]   284   0.000345026   -3.83164e-040   2.30002e-039   [-0.000022,0.000002,]
[5,14,]   285   0.000783212   1.88655e-040   1.84457e-039   [-0.000011,0.000005,]
[6,14,]   286   0.00153285   5.99262e-040   1.48021e-039   [-0.000001,0.000007,]
[7,14,]   287   0.00250317   8.58094e-040   1.20694e-039   [0.000007,0.000006,]
[8,14,]   288   0.00343703   1.01698e-039   1.02476e-039   [0.000012,0.000004,]
[9,14,]   289   0.00404059   1.05395e-039   9.33677e-040   [0.000015,0.000002,]
[10,14,]   290   0.00415954   1.08914e-039   9.33684e-040   [0.000015,-0.000002,]
[11,14,]   291   0.00369911   1.07723e-039   1.02479e-039   [0.000012,-0.000005,]
[12,14,]   292   0.00274583   9.37268e-040   1.20698e-039   [0.000006,-0.000006,]
[13,14,]   293   0.00164386   6.76647e-040   1.48027e-039   [-0.000001,-0.000007,]
[14,14,]   294   0.000765992   2.2136e-040   1.84463e-039   [-0.000011,-0.000006,]
[15,14,]   295   0.00027044   -5.7657e-040   2.30007e-039   [-0.000026,-0.000003,]
[16,14,]   296   7.69713e-005   -1.91995e-039   2.84659e-039   [-0.000048,0.000005,]
[17,14,]   297   2.59014e-005   -2.31373e-039   3.48421e-039   [-0.000059,0.000018,]
[18,14,]   298   1.21967e-005   -3.24627e-040   4.21292e-039   [-0.000041,0.000019,]
[19,14,]   299   3.80203e-006   -8.74413e-040   5.03272e-039   [-0.000018,0.000024,]
[0,15,]   300   8.42165e-006   -2.48221e-039   5.48817e-039   [-0.000010,-0.000002,]
[1,15,]   301   1.58547e-005   -1.88824e-039   4.66836e-039   [-0.000032,-0.000007,]
[2,15,]   302   3.65662e-005   -1.41022e-039   3.93964e-039   [-0.000031,-0.000006,]
[3,15,]   303   8.789e-005   -1.1429e-039   3.30201e-039   [-0.000027,-0.000002,]
[4,15,]   304   0.000213272   -7.15173e-040   2.75547e-039   [-0.000018,0.000001,]
[5,15,]   305   0.000482921   -2.22527e-040   2.30002e-039   [-0.000009,0.000004,]
[6,15,]   306   0.000944757   1.7571e-040   1.93566e-039   [-0.000001,0.000005,]
[7,15,]   307   0.00155389   4.39672e-040   1.66239e-039   [0.000006,0.000004,]
[8,15,]   308   0.00215459   5.80692e-040   1.48021e-039   [0.000010,0.000003,]
[9,15,]   309   0.00255572   6.67828e-040   1.38912e-039   [0.000012,0.000001,]
[10,15,]   310   0.00261259   6.86712e-040   1.38912e-039   [0.000012,-0.000001,]
[11,15,]   311   0.00228168   6.22645e-040   1.48021e-039   [0.000010,-0.000003,]
[12,15,]   312   0.00167018   4.93035e-040   1.6624e-039   [0.000005,-0.000005,]
[13,15,]   313   0.000996153   2.26462e-040   1.93567e-039   [-0.000001,-0.000005,]
[14,15,]   314   0.000471776   -2.1142e-040   2.30003e-039   [-0.000009,-0.000004,]
[15,15,]   315   0.000174566   -8.70599e-040   2.75548e-039   [-0.000022,-0.000002,]
[16,15,]   316   5.19568e-005   -1.92202e-039   3.30201e-039   [-0.000038,0.000004,]
[17,15,]   317   1.53985e-005   -2.78859e-039   3.93964e-039   [-0.000052,0.000012,]
[18,15,]   318   5.95215e-006   -1.26309e-039   4.66836e-039   [-0.000037,0.000017,]
[19,15,]   319   1.59392e-006   -2.42909e-039   5.48817e-039   [-0.000013,0.000022,]
[0,16,]   320   3.41541e-006   -3.42091e-039   6.03471e-039   [-0.000012,-0.000002,]
[1,16,]   321   6.58874e-006   -2.65007e-039   5.2149e-039   [-0.000034,-0.000006,]
[2,16,]   322   1.63716e-005   -2.02739e-039   4.48618e-039   [-0.000029,-0.000004,]
[3,16,]   323   4.18199e-005   -1.65985e-039   3.84855e-039   [-0.000024,-0.000002,]
[4,16,]   324   0.000104063   -1.20832e-039   3.30201e-039   [-0.000016,0.000001,]
[5,16,]   325   0.000236432   -7.22033e-040   2.84656e-039   [-0.000008,0.000003,]
[6,16,]   326   0.000462948   -3.37137e-040   2.4822e-039   [-0.000001,0.000003,]
[7,16,]   327   0.000764639   -7.53494e-041   2.20893e-039   [0.000005,0.000003,]
[8,16,]   328   0.00106631   8.01879e-041   2.02675e-039   [0.000009,0.000002,]
[9,16,]   329   0.00126655   1.50384e-040   1.93566e-039   [0.000011,0.000001,]
[10,16,]   330   0.00128793   1.58199e-040   1.93566e-039   [0.000010,-0.000001,]
[11,16,]   331   0.00111511   1.08464e-040   2.02675e-039   [0.000008,-0.000002,]
[12,16,]   332   0.000808879   -3.7099e-041   2.20893e-039   [0.000005,-0.000003,]
[13,16,]   333   0.000481526   -3.01087e-040   2.4822e-039   [-0.000001,-0.000004,]
[14,16,]   334   0.000230528   -7.18917e-040   2.84656e-039   [-0.000008,-0.000003,]
[15,16,]   335   8.76166e-005   -1.34261e-039   3.30201e-039   [-0.000018,-0.000001,]
[16,16,]   336   2.69616e-005   -2.19841e-039   3.84855e-039   [-0.000032,0.000003,]
[17,16,]   337   7.57365e-006   -3.18295e-039   4.48618e-039   [-0.000045,0.000009,]
[18,16,]   338   2.51129e-006   -2.2041e-039   5.2149e-039   [-0.000032,0.000014,]
[19,16,]   339   5.9348e-007   -4.0779e-039   6.03471e-039   [-0.000008,0.000020,]
[0,17,]   340   1.1436e-006   -4.46651e-039   6.67234e-039   [-0.000013,-0.000002,]
[1,17,]   341   2.26751e-006   -3.52448e-039   5.85253e-039   [-0.000035,-0.000005,]
[2,17,]   342   5.99275e-006   -2.7699e-039   5.12381e-039   [-0.000026,-0.000003,]
[3,17,]   343   1.60292e-005   -2.31948e-039   4.48618e-039   [-0.000021,-0.000001,]
[4,17,]   344   4.06668e-005   -1.84923e-039   3.93964e-039   [-0.000014,0.000001,]
[5,17,]   345   9.27667e-005   -1.37657e-039   3.48419e-039   [-0.000007,0.000003,]
[6,17,]   346   0.000181926   -9.97705e-040   3.11983e-039   [-0.000001,0.000003,]
[7,17,]   347   0.000301359   -7.33625e-040   2.84656e-039   [0.000004,0.000003,]
[8,17,]   348   0.000421505   -5.75581e-040   2.66438e-039   [0.000008,0.000002,]
[9,17,]   349   0.000500914   -4.988e-040   2.57329e-039   [0.000009,0.000001,]
[10,17,]   350   0.000507394   -4.92672e-040   2.57329e-039   [0.000009,-0.000000,]
[11,17,]   351   0.000436156   -5.6005e-040   2.66438e-039   [0.000007,-0.000001,]
[12,17,]   352   0.000314396   -7.12051e-040   2.84656e-039   [0.000004,-0.000002,]
[13,17,]   353   0.000186908   -9.77687e-040   3.11983e-039   [-0.000001,-0.000002,]
[14,17,]   354   9.01816e-005   -1.38148e-039   3.48419e-039   [-0.000007,-0.000002,]
[15,17,]   355   3.4958e-005   -1.9546e-039   3.93964e-039   [-0.000016,-0.000001,]
[16,17,]   356   1.10192e-005   -2.71975e-039   4.48618e-039   [-0.000027,0.000002,]
[17,17,]   357   3.03448e-006   -3.69238e-039   5.12381e-039   [-0.000039,0.000007,]
[18,17,]   358   9.00532e-007   -3.19343e-039   5.85253e-039   [-0.000026,0.000012,]
[19,17,]   359   1.93551e-007   -5.70275e-039   6.67234e-039   [-0.000004,0.000018,]
[0,18,]   360   3.22055e-007   -5.73137e-039   7.40106e-039   [-0.000013,0.000010,]
[1,18,]   361   6.53767e-007   -4.56751e-039   6.58125e-039   [-0.000035,0.000006,]
[2,18,]   362   1.81524e-006   -3.68389e-039   5.85253e-039   [-0.000024,0.000005,]
[3,18,]   363   5.03615e-006   -3.16914e-039   5.2149e-039   [-0.000019,0.000006,]
[4,18,]   364   1.29883e-005   -2.7038e-039   4.66836e-039   [-0.000012,0.000007,]
[5,18,]   365   2.97784e-005   -2.25107e-039   4.21291e-039   [-0.000006,0.000008,]
[6,18,]   366   5.85121e-005   -1.88308e-039   3.84855e-039   [-0.000001,0.000008,]
[7,18,]   367   9.71118e-005   -1.61322e-039   3.57528e-039   [0.000004,0.000008,]
[8,18,]   368   0.000136029   -1.4368e-039   3.3931e-039   [0.000007,0.000007,]
[9,18,]   369   0.000161516   -1.34438e-039   3.30201e-039   [0.000008,0.000007,]
[10,18,]   370   0.000162986   -1.32775e-039   3.30201e-039   [0.000008,0.000006,]
[11,18,]   371   0.000139329   -1.38857e-039   3.3931e-039   [0.000006,0.000005,]
[12,18,]   372   9.99353e-005   -1.54207e-039   3.57528e-039   [0.000003,0.000005,]
[13,18,]   373   5.93566e-005   -1.80418e-039   3.84855e-039   [-0.000001,0.000005,]
[14,18,]   374   2.8814e-005   -2.19535e-039   4.21291e-039   [-0.000006,0.000005,]
[15,18,]   375   1.1338e-005   -2.7462e-039   4.66836e-039   [-0.000014,0.000005,]
[16,18,]   376   3.64911e-006   -3.4662e-039   5.2149e-039   [-0.000023,0.000007,]
[17,18,]   377   1.00238e-006   -4.48813e-039   5.85253e-039   [-0.000034,0.000011,]
[18,18,]   378   2.76386e-007   -4.49924e-039   6.58125e-039   [-0.000021,0.000018,]
[19,18,]   379   5.59625e-008   -7.62597e-039   7.40106e-039   [0.000001,0.000023,]
[0,19,]   380   9.04805e-008   -8.12392e-039   8.22087e-039   [-0.000013,0.000022,]
[1,19,]   381   1.7528e-007   -6.88912e-039   7.40106e-039   [-0.000039,0.000016,]
[2,19,]   382   4.92378e-007   -5.71677e-039   6.67234e-039   [-0.000026,0.000014,]
[3,19,]   383   1.40862e-006   -4.95883e-039   6.03471e-039   [-0.000019,0.000012,]
[4,19,]   384   3.74042e-006   -4.3478e-039   5.48817e-039   [-0.000012,0.000013,]
[5,19,]   385   8.73562e-006   -3.82818e-039   5.03272e-039   [-0.000006,0.000013,]
[6,19,]   386   1.72865e-005   -3.43203e-039   4.66836e-039   [-0.000001,0.000013,]
[7,19,]   387   2.86285e-005   -3.15056e-039   4.39509e-039   [0.000003,0.000013,]
[8,19,]   388   3.9741e-005   -2.97701e-039   4.21291e-039   [0.000006,0.000013,]
[9,19,]   389   4.65658e-005   -2.90606e-039   4.12182e-039   [0.000007,0.000012,]
[10,19,]   390   4.63149e-005   -2.92672e-039   4.12182e-039   [0.000007,0.000011,]
[11,19,]   391   3.90952e-005   -3.02923e-039   4.21291e-039   [0.000006,0.000011,]
[12,19,]   392   2.78089e-005   -3.2124e-039   4.39509e-039   [0.000003,0.000011,]
[13,19,]   393   1.64716e-005   -3.47694e-039   4.66836e-039   [-0.000001,0.000011,]
[14,19,]   394   8.03295e-006   -3.82912e-039   5.03272e-039   [-0.000006,0.000011,]
[15,19,]   395   3.21524e-006   -4.27959e-039   5.48817e-039   [-0.000013,0.000011,]
[16,19,]   396   1.07738e-006   -4.80492e-039   6.03471e-039   [-0.000021,0.000012,]
[17,19,]   397   3.16936e-007   -5.61949e-039   6.67234e-039   [-0.000028,0.000015,]
[18,19,]   398   9.22419e-008   -6.01333e-039   7.40106e-039   [-0.000015,0.000023,]
[19,19,]   399   2.02908e-008   -8.88056e-039   8.22087e-039   [0.000005,0.000028,]
