coordinates  index   rho      Q      V    velocities 
[0,0,]   0   3.31897e-008   -8.34643e-039   8.22088e-039   [0.000034,0.000001,]
[1,0,]   1   1.21304e-007   -5.79614e-039   7.40114e-039   [0.000021,0.000001,]
[2,0,]   2   3.92509e-007   -5.32495e-039   6.6729e-039   [0.000027,0.000002,]
[3,0,]   3   1.27173e-006   -4.53911e-039   6.03768e-039   [0.000020,0.000004,]
[4,0,]   4   3.67719e-006   -3.9908e-039   5.50053e-039   [0.000013,0.000006,]
[5,0,]   5   8.96713e-006   -3.56745e-039   5.07271e-039   [0.000006,0.000007,]
[6,0,]   6   1.80433e-005   -3.25611e-039   4.76919e-039   [0.000001,0.000007,]
[7,0,]   7   3.00039e-005   -3.03751e-039   4.59307e-039   [-0.000003,0.000007,]
[8,0,]   8   4.16708e-005   -2.8987e-039   4.51567e-039   [-0.000006,0.000007,]
[9,0,]   9   4.88987e-005   -2.83163e-039   4.48239e-039   [-0.000007,0.000007,]
[10,0,]   10   4.88242e-005   -2.83528e-039   4.45625e-039   [-0.000007,0.000007,]
[11,0,]   11   4.14701e-005   -2.91727e-039   4.45449e-039   [-0.000006,0.000007,]
[12,0,]   12   2.97688e-005   -3.08958e-039   4.53099e-039   [-0.000003,0.000007,]
[13,0,]   13   1.79095e-005   -3.36349e-039   4.7279e-039   [0.000001,0.000007,]
[14,0,]   14   8.99866e-006   -3.74923e-039   5.05304e-039   [0.000006,0.000007,]
[15,0,]   15   3.81483e-006   -4.2539e-039   5.49357e-039   [0.000012,0.000008,]
[16,0,]   16   1.41348e-006   -4.85439e-039   6.03583e-039   [0.000019,0.000010,]
[17,0,]   17   4.85315e-007   -5.50373e-039   6.67252e-039   [0.000026,0.000012,]
[18,0,]   18   1.63391e-007   -6.45625e-039   7.40109e-039   [0.000035,0.000014,]
[19,0,]   19   6.63409e-008   -8.15274e-039   8.22087e-039   [0.000039,0.000015,]
[0,1,]   20   9.70553e-008   -6.6898e-039   7.40109e-039   [0.000034,-0.000021,]
[1,1,]   21   3.67595e-007   -4.25911e-039   6.58147e-039   [0.000026,-0.000018,]
[2,1,]   22   1.22212e-006   -4.1465e-039   5.85405e-039   [0.000032,-0.000014,]
[3,1,]   23   4.12954e-006   -3.30797e-039   5.22298e-039   [0.000023,-0.000010,]
[4,1,]   24   1.2321e-005   -2.62418e-039   4.70194e-039   [0.000014,-0.000008,]
[5,1,]   25   3.05864e-005   -2.09937e-039   4.32162e-039   [0.000006,-0.000007,]
[6,1,]   26   6.20815e-005   -1.73019e-039   4.12263e-039   [0.000001,-0.000007,]
[7,1,]   27   0.000103468   -1.49035e-039   4.11345e-039   [-0.000003,-0.000007,]
[8,1,]   28   0.000143289   -1.35626e-039   4.21607e-039   [-0.000005,-0.000006,]
[9,1,]   29   0.000166995   -1.30689e-039   4.28213e-039   [-0.000007,-0.000006,]
[10,1,]   30   0.000165252   -1.32798e-039   4.21108e-039   [-0.000007,-0.000006,]
[11,1,]   31   0.000139148   -1.41819e-039   4.04977e-039   [-0.000006,-0.000006,]
[12,1,]   32   9.92848e-005   -1.58842e-039   3.9447e-039   [-0.000003,-0.000007,]
[13,1,]   33   5.96458e-005   -1.85433e-039   4.0104e-039   [0.000001,-0.000007,]
[14,1,]   34   3.01196e-005   -2.22601e-039   4.26814e-039   [0.000006,-0.000006,]
[15,1,]   35   1.29432e-005   -2.69257e-039   4.68304e-039   [0.000013,-0.000005,]
[16,1,]   36   4.90786e-006   -3.18775e-039   5.21794e-039   [0.000020,-0.000003,]
[17,1,]   37   1.73328e-006   -3.63071e-039   5.85302e-039   [0.000025,-0.000002,]
[18,1,]   38   5.96755e-007   -4.29563e-039   6.58131e-039   [0.000033,-0.000002,]
[19,1,]   39   2.40432e-007   -5.72773e-039   7.40107e-039   [0.000034,-0.000004,]
[0,2,]   40   3.33974e-007   -4.98935e-039   6.6724e-039   [0.000032,-0.000017,]
[1,2,]   41   1.17274e-006   -3.02767e-039   5.853e-039   [0.000028,-0.000016,]
[2,2,]   42   3.64075e-006   -3.26478e-039   5.12702e-039   [0.000036,-0.000013,]
[3,2,]   43   1.21557e-005   -2.50574e-039   4.50328e-039   [0.000026,-0.000009,]
[4,2,]   44   3.6838e-005   -1.80085e-039   4.01073e-039   [0.000016,-0.000006,]
[5,2,]   45   9.29372e-005   -1.25936e-039   3.71433e-039   [0.000007,-0.000004,]
[6,2,]   46   0.000190441   -8.878e-040   3.70006e-039   [0.000001,-0.000004,]
[7,2,]   47   0.000318421   -6.54724e-040   3.98586e-039   [-0.000003,-0.000004,]
[8,2,]   48   0.000440635   -5.29353e-040   4.40661e-039   [-0.000005,-0.000003,]
[9,2,]   49   0.000512545   -4.83327e-040   4.6482e-039   [-0.000007,-0.000003,]
[10,2,]   50   0.000506737   -5.00224e-040   4.49779e-039   [-0.000007,-0.000003,]
[11,2,]   51   0.000427097   -5.7997e-040   4.05454e-039   [-0.000006,-0.000003,]
[12,2,]   52   0.000305358   -7.39301e-040   3.62861e-039   [-0.000003,-0.000003,]
[13,2,]   53   0.000183719   -1.00288e-039   3.46247e-039   [0.000001,-0.000003,]
[14,2,]   54   9.28054e-005   -1.38685e-039   3.6011e-039   [0.000007,-0.000003,]
[15,2,]   55   3.99555e-005   -1.87817e-039   3.97071e-039   [0.000014,-0.000001,]
[16,2,]   56   1.53302e-005   -2.38734e-039   4.49261e-039   [0.000022,0.000001,]
[17,2,]   57   5.59218e-006   -2.78519e-039   5.12485e-039   [0.000028,0.000004,]
[18,2,]   58   2.0237e-006   -3.35173e-039   5.85266e-039   [0.000033,0.000006,]
[19,2,]   59   8.48914e-007   -4.56153e-039   6.67236e-039   [0.000032,0.000004,]
[0,3,]   60   9.93128e-007   -3.64982e-039   6.0348e-039   [0.000030,-0.000018,]
[1,3,]   61   3.15643e-006   -2.18235e-039   5.21567e-039   [0.000031,-0.000016,]
[2,3,]   62   8.86828e-006   -2.77318e-039   4.49147e-039   [0.000040,-0.000013,]
[3,3,]   63   2.88119e-005   -2.07291e-039   3.87675e-039   [0.000030,-0.000008,]
[4,3,]   64   8.89521e-005   -1.29192e-039   3.41922e-039   [0.000018,-0.000005,]
[5,3,]   65   0.000229544   -6.8511e-040   3.22599e-039   [0.000008,-0.000003,]
[6,3,]   66   0.000477137   -2.75157e-040   3.43884e-039   [0.000002,-0.000002,]
[7,3,]   67   0.000802488   -2.02199e-041   4.08732e-039   [-0.000002,-0.000002,]
[8,3,]   68   0.00111099   1.1667e-040   4.8992e-039   [-0.000005,-0.000002,]
[9,3,]   69   0.00129066   1.66091e-040   5.3566e-039   [-0.000007,-0.000003,]
[10,3,]   70   0.00127644   1.54526e-040   5.10862e-039   [-0.000007,-0.000003,]
[11,3,]   71   0.00107896   8.15937e-041   4.31873e-039   [-0.000006,-0.000003,]
[12,3,]   72   0.000774497   -7.35901e-041   3.49832e-039   [-0.000003,-0.000004,]
[13,3,]   73   0.00046713   -3.38119e-040   3.04712e-039   [0.000001,-0.000004,]
[14,3,]   74   0.000235918   -7.32162e-040   3.03932e-039   [0.000008,-0.000003,]
[15,3,]   75   0.000101659   -1.23992e-039   3.35323e-039   [0.000017,-0.000001,]
[16,3,]   76   3.95865e-005   -1.74023e-039   3.85915e-039   [0.000025,0.000002,]
[17,3,]   77   1.50832e-005   -2.05421e-039   4.48789e-039   [0.000030,0.000005,]
[18,3,]   78   5.8216e-006   -2.49877e-039   5.21512e-039   [0.000033,0.000007,]
[19,3,]   79   2.55985e-006   -3.49503e-039   6.03473e-039   [0.000029,0.000004,]
[0,4,]   80   2.52768e-006   -2.38704e-039   5.48828e-039   [0.000027,-0.000017,]
[1,4,]   81   7.20554e-006   -1.4398e-039   4.66935e-039   [0.000033,-0.000015,]
[2,4,]   82   1.77452e-005   -2.43388e-039   3.94643e-039   [0.000045,-0.000013,]
[3,4,]   83   5.47262e-005   -1.85758e-039   3.33822e-039   [0.000036,-0.000006,]
[4,4,]   84   0.000172509   -9.59337e-040   2.90597e-039   [0.000021,-0.000001,]
[5,4,]   85   0.00045745   -2.79035e-040   2.78722e-039   [0.000010,0.000002,]
[6,4,]   86   0.000965942   1.80421e-040   3.164e-039   [0.000002,0.000002,]
[7,4,]   87   0.00163114   4.63335e-040   4.07429e-039   [-0.000003,0.000002,]
[8,4,]   88   0.00225091   6.11356e-040   5.16851e-039   [-0.000006,0.000001,]
[9,4,]   89   0.00260379   6.74168e-040   5.7817e-039   [-0.000008,-0.000000,]
[10,4,]   90   0.00257256   6.66712e-040   5.46329e-039   [-0.000008,-0.000002,]
[11,4,]   91   0.00218348   5.95893e-040   4.42317e-039   [-0.000007,-0.000004,]
[12,4,]   92   0.00157763   4.50728e-040   3.318e-039   [-0.000004,-0.000005,]
[13,4,]   93   0.000955201   1.84743e-040   2.66102e-039   [0.000002,-0.000005,]
[14,4,]   94   0.000481874   -2.257e-040   2.54753e-039   [0.000010,-0.000004,]
[15,4,]   95   0.000207537   -7.54779e-040   2.82124e-039   [0.000019,-0.000001,]
[16,4,]   96   8.24334e-005   -1.24203e-039   3.31562e-039   [0.000029,0.000003,]
[17,4,]   97   3.33221e-005   -1.44875e-039   3.94184e-039   [0.000033,0.000007,]
[18,4,]   98   1.39333e-005   -1.75294e-039   4.66864e-039   [0.000032,0.000008,]
[19,4,]   99   6.43448e-006   -2.52387e-039   5.4882e-039   [0.000026,0.000005,]
[0,5,]   100   5.62257e-006   -1.10122e-039   5.03283e-039   [0.000025,-0.000016,]
[1,5,]   101   1.4375e-005   -6.38057e-040   4.2139e-039   [0.000034,-0.000014,]
[2,5,]   102   2.99188e-005   -2.03288e-039   3.49098e-039   [0.000050,-0.000013,]
[3,5,]   103   8.33173e-005   -1.73956e-039   2.88277e-039   [0.000044,-0.000003,]
[4,5,]   104   0.000268441   -6.9549e-040   2.45052e-039   [0.000026,0.000005,]
[5,5,]   105   0.000737964   1.01802e-040   2.33177e-039   [0.000011,0.000009,]
[6,5,]   106   0.00158251   5.9885e-040   2.70855e-039   [0.000002,0.000010,]
[7,5,]   107   0.00266588   8.92089e-040   3.61884e-039   [-0.000004,0.000009,]
[8,5,]   108   0.00363326   1.04085e-039   4.71306e-039   [-0.000008,0.000007,]
[9,5,]   109   0.00414523   1.0769e-039   5.32625e-039   [-0.000010,0.000003,]
[10,5,]   110   0.00407797   1.06856e-039   5.00784e-039   [-0.000011,-0.000001,]
[11,5,]   111   0.00348829   1.01763e-039   3.96772e-039   [-0.000009,-0.000004,]
[12,5,]   112   0.00254829   8.76809e-040   2.86255e-039   [-0.000005,-0.000006,]
[13,5,]   113   0.00155281   6.11577e-040   2.20557e-039   [0.000002,-0.000007,]
[14,5,]   114   0.000780983   1.79336e-040   2.09208e-039   [0.000012,-0.000006,]
[15,5,]   115   0.000334619   -4.05311e-040   2.36579e-039   [0.000023,-0.000002,]
[16,5,]   116   0.000136754   -8.55633e-040   2.86017e-039   [0.000035,0.000003,]
[17,5,]   117   6.02878e-005   -8.89565e-040   3.48639e-039   [0.000037,0.000009,]
[18,5,]   118   2.78892e-005   -1.03052e-039   4.21319e-039   [0.000030,0.000010,]
[19,5,]   119   1.35315e-005   -1.55392e-039   5.03275e-039   [0.000021,0.000005,]
[0,6,]   120   1.10371e-005   1.39974e-040   4.66845e-039   [0.000023,-0.000015,]
[1,6,]   121   2.53693e-005   2.11089e-040   3.84932e-039   [0.000034,-0.000014,]
[2,6,]   122   4.31543e-005   -1.3493e-039   3.12512e-039   [0.000056,-0.000017,]
[3,6,]   123   9.72408e-005   -1.93754e-039   2.5104e-039   [0.000057,-0.000003,]
[4,6,]   124   0.000323137   -4.81331e-040   2.05287e-039   [0.000034,0.000011,]
[5,6,]   125   0.000939782   4.22585e-040   1.85964e-039   [0.000014,0.000016,]
[6,6,]   126   0.00205598   9.63278e-040   2.07249e-039   [0.000002,0.000017,]
[7,6,]   127   0.00342666   1.25574e-039   2.72097e-039   [-0.000006,0.000015,]
[8,6,]   128   0.00453844   1.36558e-039   3.53285e-039   [-0.000012,0.000012,]
[9,6,]   129   0.00504264   1.43636e-039   3.99025e-039   [-0.000016,0.000007,]
[10,6,]   130   0.00491269   1.38333e-039   3.74227e-039   [-0.000016,-0.000000,]
[11,6,]   131   0.00426834   1.30134e-039   2.95238e-039   [-0.000013,-0.000007,]
[12,6,]   132   0.00319045   1.1938e-039   2.13197e-039   [-0.000007,-0.000010,]
[13,6,]   133   0.00196615   9.19695e-040   1.68077e-039   [0.000002,-0.000011,]
[14,6,]   134   0.000980525   4.35357e-040   1.67297e-039   [0.000014,-0.000009,]
[15,6,]   135   0.000413661   -2.18978e-040   1.98688e-039   [0.000029,-0.000003,]
[16,6,]   136   0.000176351   -5.95544e-040   2.4928e-039   [0.000043,0.000005,]
[17,6,]   137   8.91506e-005   -3.09211e-040   3.12154e-039   [0.000040,0.000012,]
[18,6,]   138   4.67846e-005   -3.1048e-040   3.84877e-039   [0.000026,0.000012,]
[19,6,]   139   2.37745e-005   -5.89824e-040   4.66838e-039   [0.000014,0.000004,]
[0,7,]   140   1.91777e-005   1.19421e-039   4.39515e-039   [0.000020,-0.000015,]
[1,7,]   141   3.9566e-005   9.66037e-040   3.57575e-039   [0.000030,-0.000016,]
[2,7,]   142   5.41887e-005   -1.37989e-040   2.84977e-039   [0.000058,-0.000027,]
[3,7,]   143   7.92377e-005   -3.12337e-039   2.22603e-039   [0.000078,-0.000009,]
[4,7,]   144   0.000269631   -1.03839e-039   1.73348e-039   [0.000047,0.000017,]
[5,7,]   145   0.000901001   6.06005e-040   1.43708e-039   [0.000016,0.000025,]
[6,7,]   146   0.00204676   1.21973e-039   1.42281e-039   [0.000001,0.000025,]
[7,7,]   147   0.00333674   1.50067e-039   1.70861e-039   [-0.000009,0.000023,]
[8,7,]   148   0.00416976   1.60464e-039   2.12936e-039   [-0.000017,0.000019,]
[9,7,]   149   0.00428938   1.36592e-039   2.37095e-039   [-0.000024,0.000010,]
[10,7,]   150   0.00413114   1.20947e-039   2.22054e-039   [-0.000025,-0.000002,]
[11,7,]   151   0.00381487   1.51404e-039   1.77729e-039   [-0.000019,-0.000013,]
[12,7,]   152   0.00299584   1.36926e-039   1.35136e-039   [-0.000009,-0.000018,]
[13,7,]   153   0.00189057   1.09491e-039   1.18522e-039   [0.000003,-0.000020,]
[14,7,]   154   0.000923788   5.37548e-040   1.32385e-039   [0.000019,-0.000016,]
[15,7,]   155   0.000368588   -5.6878e-040   1.69346e-039   [0.000039,-0.000005,]
[16,7,]   156   0.000167437   -7.04952e-040   2.21536e-039   [0.000056,0.000010,]
[17,7,]   157   0.000107371   3.64991e-040   2.8476e-039   [0.000041,0.000017,]
[18,7,]   158   6.57516e-005   3.84537e-040   3.57541e-039   [0.000020,0.000014,]
[19,7,]   159   3.48863e-005   3.45631e-040   4.39511e-039   [0.000007,0.000005,]
[0,8,]   160   2.93678e-005   1.94244e-039   4.21294e-039   [0.000016,-0.000015,]
[1,8,]   161   5.45784e-005   1.4723e-039   3.39332e-039   [0.000021,-0.000018,]
[2,8,]   162   6.16336e-005   1.54594e-039   2.6659e-039   [0.000052,-0.000035,]
[3,8,]   163   4.24909e-005   -6.83471e-039   2.03483e-039   [0.000113,-0.000031,]
[4,8,]   164   0.000134122   -4.27779e-039   1.51379e-039   [0.000074,0.000043,]
[5,8,]   165   0.000613505   1.09339e-040   1.13347e-039   [0.000019,0.000042,]
[6,8,]   166   0.00150542   1.06926e-039   9.34483e-040   [-0.000000,0.000040,]
[7,8,]   167   0.00235259   1.42449e-039   9.25301e-040   [-0.000011,0.000039,]
[8,8,]   168   0.00256974   1.18292e-039   1.02792e-039   [-0.000025,0.000035,]
[9,8,]   169   0.00225225   2.41077e-040   1.09398e-039   [-0.000041,0.000030,]
[10,8,]   170   0.00221003   6.53269e-040   1.02293e-039   [-0.000043,0.000002,]
[11,8,]   171   0.00224648   8.91847e-040   8.61615e-040   [-0.000030,-0.000033,]
[12,8,]   172   0.00201861   1.02857e-039   7.56548e-040   [-0.000013,-0.000041,]
[13,8,]   173   0.00134348   7.50156e-040   8.22253e-040   [0.000004,-0.000041,]
[14,8,]   174   0.000620315   -6.03739e-041   1.07999e-039   [0.000025,-0.000036,]
[15,8,]   175   0.000222347   -1.4154e-039   1.49489e-039   [0.000061,-0.000011,]
[16,8,]   176   0.000108434   -2.43136e-039   2.02979e-039   [0.000078,0.000025,]
[17,8,]   177   0.000106874   1.39242e-039   2.66487e-039   [0.000033,0.000026,]
[18,8,]   178   7.77161e-005   1.02506e-039   3.39316e-039   [0.000012,0.000016,]
[19,8,]   179   4.29226e-005   1.1746e-039   4.21292e-039   [-0.000001,0.000005,]
[0,9,]   180   3.89388e-005   2.41126e-039   4.12183e-039   [0.000011,-0.000011,]
[1,9,]   181   6.73841e-005   1.69578e-039   3.30209e-039   [0.000011,-0.000018,]
[2,9,]   182   6.63716e-005   1.54698e-039   2.57385e-039   [0.000028,-0.000038,]
[3,9,]   183   2.54e-005   -1.0728e-038   1.93863e-039   [0.000132,-0.000108,]
[4,9,]   184   4.53344e-005   -1.49677e-038   1.40148e-039   [0.000136,0.000124,]
[5,9,]   185   0.000332513   -2.14222e-039   9.73664e-040   [-0.000005,0.000087,]
[6,9,]   186   0.000893304   -3.61109e-040   6.70141e-040   [-0.000003,0.000074,]
[7,9,]   187   0.00125581   -4.24111e-040   4.94023e-040   [-0.000008,0.000079,]
[8,9,]   188   0.00105048   -1.9258e-039   4.16617e-040   [-0.000011,0.000100,]
[9,9,]   189   0.000613049   -7.04199e-039   3.83337e-040   [-0.000082,0.000118,]
[10,9,]   190   0.000570433   -7.62836e-039   3.572e-040   [-0.000115,-0.000089,]
[11,9,]   191   0.000838565   -4.44148e-039   3.55435e-040   [-0.000048,-0.000102,]
[12,9,]   192   0.00111287   -8.25389e-040   4.31943e-040   [-0.000010,-0.000082,]
[13,9,]   193   0.000829061   -5.25821e-040   6.28854e-040   [0.000006,-0.000076,]
[14,9,]   194   0.000320847   -2.98266e-039   9.53989e-040   [0.000031,-0.000085,]
[15,9,]   195   7.37042e-005   -9.07516e-039   1.39452e-039   [0.000116,-0.000097,]
[16,9,]   196   5.79353e-005   -2.3562e-039   1.93678e-039   [0.000067,0.000103,]
[17,9,]   197   8.84116e-005   1.7967e-039   2.57347e-039   [0.000014,0.000035,]
[18,9,]   198   7.71573e-005   1.40941e-039   3.30204e-039   [0.000001,0.000018,]
[19,9,]   199   4.4591e-005   1.82041e-039   4.12182e-039   [-0.000010,0.000008,]
[0,10,]   200   4.39095e-005   1.8258e-039   4.12183e-039   [0.000006,-0.000007,]
[1,10,]   201   7.70848e-005   1.41867e-039   3.30204e-039   [-0.000001,-0.000017,]
[2,10,]   202   8.87996e-005   1.81466e-039   2.57345e-039   [-0.000014,-0.000034,]
[3,10,]   203   5.805e-005   -2.39532e-039   1.93651e-039   [-0.000067,-0.000102,]
[4,10,]   204   7.37465e-005   -9.14588e-039   1.39266e-039   [-0.000117,0.000099,]
[5,10,]   205   0.00032218   -2.98948e-039   9.4513e-040   [-0.000031,0.000086,]
[6,10,]   206   0.000832262   -5.32392e-040   5.982e-040   [-0.000006,0.000077,]
[7,10,]   207   0.00111617   -8.32679e-040   3.52765e-040   [0.000010,0.000083,]
[8,10,]   208   0.00083987   -4.44734e-039   2.00603e-040   [0.000048,0.000103,]
[9,10,]   209   0.000568956   -7.65447e-039   1.26076e-040   [0.000116,0.000090,]
[10,10,]   210   0.000607912   -7.09932e-039   1.18588e-040   [0.000083,-0.000116,]
[11,10,]   211   0.00104093   -1.95058e-039   1.83074e-040   [0.000012,-0.000098,]
[12,10,]   212   0.00124395   -4.43313e-040   3.34979e-040   [0.000008,-0.000076,]
[13,10,]   213   0.000883799   -3.87756e-040   5.86371e-040   [0.000004,-0.000071,]
[14,10,]   214   0.000328235   -2.18548e-039   9.39493e-040   [0.000005,-0.000084,]
[15,10,]   215   4.44895e-005   -1.5084e-038   1.39067e-039   [-0.000137,-0.000122,]
[16,10,]   216   2.48341e-005   -1.08672e-038   1.93598e-039   [-0.000133,0.000111,]
[17,10,]   217   6.57674e-005   1.52513e-039   2.57334e-039   [-0.000027,0.000039,]
[18,10,]   218   6.7426e-005   1.68767e-039   3.30202e-039   [-0.000011,0.000020,]
[19,10,]   219   3.96853e-005   2.41321e-039   4.12182e-039   [-0.000017,0.000012,]
[0,11,]   220   4.27767e-005   1.18354e-039   4.21291e-039   [0.000001,-0.000005,]
[1,11,]   221   7.77915e-005   1.03141e-039   3.39311e-039   [-0.000012,-0.000016,]
[2,11,]   222   0.000107041   1.39292e-039   2.66442e-039   [-0.000033,-0.000025,]
[3,11,]   223   0.000108482   -2.43818e-039   2.02694e-039   [-0.000078,-0.000025,]
[4,11,]   224   0.000222505   -1.41442e-039   1.481e-039   [-0.000061,0.000011,]
[5,11,]   225   0.000620873   -6.3115e-041   1.02732e-039   [-0.000025,0.000037,]
[6,11,]   226   0.00134436   7.48414e-040   6.66848e-040   [-0.000004,0.000042,]
[7,11,]   227   0.00201847   1.02774e-039   3.99789e-040   [0.000013,0.000041,]
[8,11,]   228   0.00224346   8.91874e-040   2.24307e-040   [0.000031,0.000035,]
[9,11,]   229   0.00220225   6.53274e-040   1.36913e-040   [0.000044,0.000000,]
[10,11,]   230   0.00223741   2.31067e-040   1.35242e-040   [0.000042,-0.000028,]
[11,11,]   231   0.00254828   1.1636e-039   2.20396e-040   [0.000026,-0.000031,]
[12,11,]   232   0.00233179   1.39917e-039   3.9582e-040   [0.000012,-0.000035,]
[13,11,]   233   0.00149176   1.03578e-039   6.64209e-040   [0.000001,-0.000036,]
[14,11,]   234   0.00060738   6.55567e-041   1.02606e-039   [-0.000018,-0.000038,]
[15,11,]   235   0.000131745   -4.40458e-039   1.48056e-039   [-0.000075,-0.000039,]
[16,11,]   236   4.11491e-005   -7.14001e-039   2.02682e-039   [-0.000115,0.000037,]
[17,11,]   237   6.10744e-005   1.54922e-039   2.66439e-039   [-0.000053,0.000039,]
[18,11,]   238   5.44887e-005   1.4492e-039   3.3931e-039   [-0.000022,0.000021,]
[19,11,]   239   2.964e-005   1.93268e-039   4.21291e-039   [-0.000020,0.000017,]
[0,12,]   240   3.52785e-005   3.47734e-040   4.39509e-039   [-0.000004,-0.000004,]
[1,12,]   241   6.59851e-005   3.80241e-040   3.57528e-039   [-0.000020,-0.000013,]
[2,12,]   242   0.000107422   3.57051e-040   2.84657e-039   [-0.000041,-0.000017,]
[3,12,]   243   0.00016746   -7.07537e-040   2.20897e-039   [-0.000056,-0.000010,]
[4,12,]   244   0.000368741   -5.65694e-040   1.66253e-039   [-0.000039,0.000005,]
[5,12,]   245   0.000923886   5.38851e-040   1.20739e-039   [-0.000019,0.000016,]
[6,12,]   246   0.00188986   1.09621e-039   8.43703e-040   [-0.000002,0.000020,]
[7,12,]   247   0.00299262   1.37085e-039   5.71512e-040   [0.000010,0.000019,]
[8,12,]   248   0.00380737   1.51636e-039   3.90496e-040   [0.000021,0.000014,]
[9,12,]   249   0.00411784   1.20867e-039   3.00048e-040   [0.000027,0.000004,]
[10,12,]   250   0.00427062   1.35639e-039   2.99758e-040   [0.000026,-0.000006,]
[11,12,]   251   0.00415319   1.59029e-039   3.89816e-040   [0.000019,-0.000014,]
[12,12,]   252   0.00333063   1.48526e-039   5.70822e-040   [0.000010,-0.000018,]
[13,12,]   253   0.00204995   1.20537e-039   8.43244e-040   [-0.000000,-0.000019,]
[14,12,]   254   0.000905832   5.95116e-040   1.20717e-039   [-0.000016,-0.000018,]
[15,12,]   255   0.000271097   -1.07053e-039   1.66245e-039   [-0.000048,-0.000011,]
[16,12,]   256   7.89701e-005   -3.2484e-039   2.20894e-039   [-0.000080,0.000016,]
[17,12,]   257   5.43221e-005   -1.50123e-040   2.84656e-039   [-0.000060,0.000033,]
[18,12,]   258   3.97322e-005   9.83554e-040   3.57528e-039   [-0.000032,0.000021,]
[19,12,]   259   1.90885e-005   1.2244e-039   4.39509e-039   [-0.000021,0.000019,]
[0,13,]   260   2.44291e-005   -5.79621e-040   4.66836e-039   [-0.000008,-0.000004,]
[1,13,]   261   4.70934e-005   -3.22547e-040   3.84855e-039   [-0.000026,-0.000012,]
[2,13,]   262   8.91469e-005   -3.25329e-040   3.11983e-039   [-0.000040,-0.000012,]
[3,13,]   263   0.000176359   -5.94627e-040   2.48221e-039   [-0.000043,-0.000005,]
[4,13,]   264   0.000413617   -2.18642e-040   1.93568e-039   [-0.000029,0.000003,]
[5,13,]   265   0.000980072   4.36542e-040   1.48027e-039   [-0.000014,0.000009,]
[6,13,]   266   0.00196396   9.20462e-040   1.116e-039   [-0.000002,0.000011,]
[7,13,]   267   0.00318427   1.19341e-039   8.4288e-040   [0.000008,0.000011,]
[8,13,]   268   0.004257   1.29919e-039   6.60858e-040   [0.000015,0.000008,]
[9,13,]   269   0.00489894   1.3789e-039   5.69855e-040   [0.000019,0.000002,]
[10,13,]   270   0.00503541   1.43191e-039   5.69815e-040   [0.000019,-0.000003,]
[11,13,]   271   0.00454922   1.3672e-039   6.60766e-040   [0.000015,-0.000007,]
[12,13,]   272   0.00345659   1.26942e-039   8.42787e-040   [0.000008,-0.000010,]
[13,13,]   273   0.00209144   9.94793e-040   1.11594e-039   [-0.000001,-0.000011,]
[14,13,]   274   0.000965174   4.76393e-040   1.48024e-039   [-0.000013,-0.000010,]
[15,13,]   275   0.000334389   -4.14125e-040   1.93567e-039   [-0.000034,-0.000005,]
[16,13,]   276   0.000100508   -1.90253e-039   2.4822e-039   [-0.000058,0.000009,]
[17,13,]   277   4.43264e-005   -1.32138e-039   3.11983e-039   [-0.000058,0.000023,]
[18,13,]   278   2.57722e-005   2.74455e-040   3.84855e-039   [-0.000037,0.000019,]
[19,13,]   279   1.07892e-005   1.79643e-040   4.66836e-039   [-0.000020,0.000020,]
[0,14,]   280   1.4104e-005   -1.537e-039   5.03272e-039   [-0.000012,-0.000004,]
[1,14,]   281   2.81433e-005   -1.05208e-039   4.21291e-039   [-0.000030,-0.000010,]
[2,14,]   282   6.02697e-005   -9.10817e-040   3.48419e-039   [-0.000037,-0.000009,]
[3,14,]   283   0.000136746   -8.54515e-040   2.84656e-039   [-0.000035,-0.000003,]
[4,14,]   284   0.000334528   -4.04089e-040   2.30002e-039   [-0.000023,0.000002,]
[5,14,]   285   0.000780407   1.8098e-040   1.84458e-039   [-0.000011,0.000006,]
[6,14,]   286   0.0015504   6.12265e-040   1.48023e-039   [-0.000001,0.000007,]
[7,14,]   287   0.00254187   8.74973e-040   1.20697e-039   [0.000007,0.000007,]
[8,14,]   288   0.00347737   1.01277e-039   1.02481e-039   [0.000012,0.000005,]
[9,14,]   289   0.00406801   1.0631e-039   9.3373e-040   [0.000015,0.000002,]
[10,14,]   290   0.004148   1.07723e-039   9.33725e-040   [0.000015,-0.000002,]
[11,14,]   291   0.00365844   1.05551e-039   1.0248e-039   [0.000012,-0.000005,]
[12,14,]   292   0.00270941   9.29514e-040   1.20696e-039   [0.000006,-0.000007,]
[13,14,]   293   0.00162723   6.64455e-040   1.48022e-039   [-0.000001,-0.000007,]
[14,14,]   294   0.000768878   2.0051e-040   1.84458e-039   [-0.000011,-0.000006,]
[15,14,]   295   0.000283191   -5.59811e-040   2.30002e-039   [-0.000026,-0.000003,]
[16,14,]   296   8.82791e-005   -1.60255e-039   2.84656e-039   [-0.000045,0.000006,]
[17,14,]   297   3.13626e-005   -1.94832e-039   3.48419e-039   [-0.000053,0.000015,]
[18,14,]   298   1.46873e-005   -5.68069e-040   4.21291e-039   [-0.000037,0.000017,]
[19,14,]   299   5.35658e-006   -1.13006e-039   5.03272e-039   [-0.000019,0.000019,]
[0,15,]   300   6.78774e-006   -2.49876e-039   5.48817e-039   [-0.000014,-0.000004,]
[1,15,]   301   1.40862e-005   -1.78333e-039   4.66836e-039   [-0.000032,-0.000008,]
[2,15,]   302   3.33079e-005   -1.47326e-039   3.93964e-039   [-0.000033,-0.000007,]
[3,15,]   303   8.24276e-005   -1.24039e-039   3.30201e-039   [-0.000029,-0.000003,]
[4,15,]   304   0.000207478   -7.53267e-040   2.75547e-039   [-0.000019,0.000001,]
[5,15,]   305   0.000481511   -2.23426e-040   2.30002e-039   [-0.000009,0.000004,]
[6,15,]   306   0.000953679   1.86291e-040   1.93566e-039   [-0.000001,0.000005,]
[7,15,]   307   0.00157345   4.49761e-040   1.6624e-039   [0.000006,0.000004,]
[8,15,]   308   0.0021761   5.9145e-040   1.48022e-039   [0.000010,0.000003,]
[9,15,]   309   0.00256524   6.60764e-040   1.38913e-039   [0.000012,0.000001,]
[10,15,]   310   0.0026037   6.72081e-040   1.38913e-039   [0.000012,-0.000001,]
[11,15,]   311   0.00226343   6.19595e-040   1.48022e-039   [0.000010,-0.000003,]
[12,15,]   312   0.00165359   4.86421e-040   1.66239e-039   [0.000005,-0.000005,]
[13,15,]   313   0.000989191   2.21278e-040   1.93566e-039   [-0.000001,-0.000005,]
[14,15,]   314   0.000473901   -2.16272e-040   2.30002e-039   [-0.000009,-0.000004,]
[15,15,]   315   0.000180793   -8.68303e-040   2.75547e-039   [-0.000022,-0.000002,]
[16,15,]   316   5.76962e-005   -1.75022e-039   3.30201e-039   [-0.000037,0.000004,]
[17,15,]   317   1.85128e-005   -2.37299e-039   3.93964e-039   [-0.000047,0.000011,]
[18,15,]   318   7.26299e-006   -1.43253e-039   4.66836e-039   [-0.000035,0.000014,]
[19,15,]   319   2.31895e-006   -2.55672e-039   5.48817e-039   [-0.000017,0.000017,]
[0,16,]   320   2.72716e-006   -3.46036e-039   6.03471e-039   [-0.000016,-0.000004,]
[1,16,]   321   5.89312e-006   -2.53621e-039   5.2149e-039   [-0.000033,-0.000007,]
[2,16,]   322   1.50758e-005   -2.08026e-039   4.48618e-039   [-0.000030,-0.000005,]
[3,16,]   323   3.9585e-005   -1.7381e-039   3.84855e-039   [-0.000025,-0.000002,]
[4,16,]   324   0.000101638   -1.23807e-039   3.30201e-039   [-0.000017,0.000001,]
[5,16,]   325   0.00023578   -7.29206e-040   2.84656e-039   [-0.000008,0.000003,]
[6,16,]   326   0.000466513   -3.34912e-040   2.4822e-039   [-0.000001,0.000003,]
[7,16,]   327   0.000772658   -7.15985e-041   2.20893e-039   [0.000005,0.000003,]
[8,16,]   328   0.00107521   8.04645e-041   2.02675e-039   [0.000009,0.000002,]
[9,16,]   329   0.00127119   1.48849e-040   1.93566e-039   [0.000011,0.000001,]
[10,16,]   330   0.00128585   1.55044e-040   1.93566e-039   [0.000010,-0.000001,]
[11,16,]   331   0.00110866   9.91066e-041   2.02675e-039   [0.000008,-0.000002,]
[12,16,]   332   0.000803042   -4.62423e-041   2.20893e-039   [0.000005,-0.000003,]
[13,16,]   333   0.000479296   -3.108e-040   2.4822e-039   [-0.000001,-0.000004,]
[14,16,]   334   0.000231723   -7.27438e-040   2.84656e-039   [-0.000008,-0.000003,]
[15,16,]   335   9.03108e-005   -1.33139e-039   3.30201e-039   [-0.000018,-0.000001,]
[16,16,]   336   2.93438e-005   -2.1041e-039   3.84855e-039   [-0.000031,0.000003,]
[17,16,]   337   8.95407e-006   -2.82105e-039   4.48618e-039   [-0.000042,0.000008,]
[18,16,]   338   3.07872e-006   -2.27101e-039   5.2149e-039   [-0.000032,0.000012,]
[19,16,]   339   8.71604e-007   -3.94667e-039   6.03471e-039   [-0.000015,0.000015,]
[0,17,]   340   9.11469e-007   -4.49318e-039   6.67234e-039   [-0.000017,-0.000004,]
[1,17,]   341   2.04968e-006   -3.37369e-039   5.85253e-039   [-0.000034,-0.000006,]
[2,17,]   342   5.58762e-006   -2.79271e-039   5.12381e-039   [-0.000028,-0.000004,]
[3,17,]   343   1.53273e-005   -2.36615e-039   4.48618e-039   [-0.000022,-0.000001,]
[4,17,]   344   3.99453e-005   -1.85756e-039   3.93964e-039   [-0.000014,0.000001,]
[5,17,]   345   9.27604e-005   -1.36468e-039   3.48419e-039   [-0.000007,0.000002,]
[6,17,]   346   0.000183529   -9.79337e-040   3.11983e-039   [-0.000001,0.000003,]
[7,17,]   347   0.000304743   -7.15343e-040   2.84656e-039   [0.000004,0.000003,]
[8,17,]   348   0.000425598   -5.58157e-040   2.66438e-039   [0.000007,0.000002,]
[9,17,]   349   0.000503926   -4.85069e-040   2.57329e-039   [0.000009,0.000001,]
[10,17,]   350   0.000508381   -4.81278e-040   2.57329e-039   [0.000009,-0.000001,]
[11,17,]   351   0.000435694   -5.48024e-040   2.66438e-039   [0.000007,-0.000002,]
[12,17,]   352   0.000313747   -7.01091e-040   2.84656e-039   [0.000004,-0.000002,]
[13,17,]   353   0.000186986   -9.65915e-040   3.11983e-039   [-0.000001,-0.000003,]
[14,17,]   354   9.09879e-005   -1.36809e-039   3.48419e-039   [-0.000007,-0.000002,]
[15,17,]   355   3.60038e-005   -1.93114e-039   3.93964e-039   [-0.000016,-0.000001,]
[16,17,]   356   1.18613e-005   -2.64121e-039   4.48618e-039   [-0.000027,0.000002,]
[17,17,]   357   3.52724e-006   -3.38842e-039   5.12381e-039   [-0.000037,0.000007,]
[18,17,]   358   1.10342e-006   -3.1408e-039   5.85253e-039   [-0.000029,0.000010,]
[19,17,]   359   2.82363e-007   -5.29209e-039   6.67234e-039   [-0.000012,0.000013,]
[0,18,]   360   2.55656e-007   -5.64069e-039   7.40106e-039   [-0.000017,0.000005,]
[1,18,]   361   5.95851e-007   -4.29635e-039   6.58125e-039   [-0.000034,0.000002,]
[2,18,]   362   1.70922e-006   -3.61e-039   5.85253e-039   [-0.000025,0.000002,]
[3,18,]   363   4.84892e-006   -3.13659e-039   5.2149e-039   [-0.000020,0.000003,]
[4,18,]   364   1.2792e-005   -2.64274e-039   4.66836e-039   [-0.000013,0.000005,]
[5,18,]   365   2.97637e-005   -2.17529e-039   4.21291e-039   [-0.000006,0.000006,]
[6,18,]   366   5.89171e-005   -1.80197e-039   3.84855e-039   [-0.000001,0.000006,]
[7,18,]   367   9.79989e-005   -1.5339e-039   3.57528e-039   [0.000004,0.000006,]
[8,18,]   368   0.00013715   -1.36229e-039   3.3931e-039   [0.000007,0.000006,]
[9,18,]   369   0.000162461   -1.27353e-039   3.30201e-039   [0.000008,0.000005,]
[10,18,]   370   0.000163502   -1.2589e-039   3.30201e-039   [0.000008,0.000004,]
[11,18,]   371   0.000139488   -1.32089e-039   3.3931e-039   [0.000006,0.000003,]
[12,18,]   372   0.000100013   -1.47333e-039   3.57528e-039   [0.000004,0.000003,]
[13,18,]   373   5.95453e-005   -1.73558e-039   3.84855e-039   [-0.000001,0.000002,]
[14,18,]   374   2.91169e-005   -2.12901e-039   4.21291e-039   [-0.000006,0.000003,]
[15,18,]   375   1.16535e-005   -2.67546e-039   4.66836e-039   [-0.000014,0.000003,]
[16,18,]   376   3.88477e-006   -3.36898e-039   5.2149e-039   [-0.000023,0.000005,]
[17,18,]   377   1.14105e-006   -4.18458e-039   5.85253e-039   [-0.000033,0.000009,]
[18,18,]   378   3.34294e-007   -4.24818e-039   6.58125e-039   [-0.000025,0.000014,]
[19,18,]   379   7.91216e-008   -6.86991e-039   7.40106e-039   [-0.000010,0.000019,]
[0,19,]   380   6.48415e-008   -8.27087e-039   8.22087e-039   [-0.000017,0.000014,]
[1,19,]   381   1.49253e-007   -6.65343e-039   7.40106e-039   [-0.000037,0.000010,]
[2,19,]   382   4.42194e-007   -5.60959e-039   6.67234e-039   [-0.000026,0.000008,]
[3,19,]   383   1.30125e-006   -4.88128e-039   6.03471e-039   [-0.000019,0.000008,]
[4,19,]   384   3.52333e-006   -4.27262e-039   5.48817e-039   [-0.000012,0.000009,]
[5,19,]   385   8.31302e-006   -3.76935e-039   5.03272e-039   [-0.000006,0.000010,]
[6,19,]   386   1.65383e-005   -3.38311e-039   4.66836e-039   [-0.000001,0.000010,]
[7,19,]   387   2.74764e-005   -3.10408e-039   4.39509e-039   [0.000003,0.000010,]
[8,19,]   388   3.82271e-005   -2.92617e-039   4.21291e-039   [0.000006,0.000009,]
[9,19,]   389   4.4854e-005   -2.84563e-039   4.12182e-039   [0.000007,0.000008,]
[10,19,]   390   4.4631e-005   -2.85747e-039   4.12182e-039   [0.000007,0.000008,]
[11,19,]   391   3.76649e-005   -2.95613e-039   4.21291e-039   [0.000006,0.000007,]
[12,19,]   392   2.67971e-005   -3.13842e-039   4.39509e-039   [0.000003,0.000007,]
[13,19,]   393   1.59163e-005   -3.40466e-039   4.66836e-039   [-0.000001,0.000007,]
[14,19,]   394   7.82403e-006   -3.75994e-039   5.03272e-039   [-0.000006,0.000007,]
[15,19,]   395   3.1825e-006   -4.21498e-039   5.48817e-039   [-0.000013,0.000007,]
[16,19,]   396   1.09386e-006   -4.77383e-039   6.03471e-039   [-0.000020,0.000009,]
[17,19,]   397   3.33934e-007   -5.54451e-039   6.67234e-039   [-0.000028,0.000012,]
[18,19,]   398   9.93643e-008   -6.02959e-039   7.40106e-039   [-0.000019,0.000019,]
[19,19,]   399   2.39227e-008   -8.9018e-039   8.22087e-039   [-0.000006,0.000024,]
