coordinates  index   rho      Q      V    velocities 
[0,0,]   0   3.18614e-008   -8.52224e-039   8.28053e-039   [0.000030,-0.000004,]
[1,0,]   1   1.13346e-007   -5.99417e-039   7.53715e-039   [0.000025,-0.000004,]
[2,0,]   2   3.67513e-007   -5.39551e-039   6.91413e-039   [0.000027,-0.000002,]
[3,0,]   3   1.15607e-006   -4.68708e-039   6.36927e-039   [0.000020,0.000001,]
[4,0,]   4   3.26967e-006   -4.13088e-039   5.8487e-039   [0.000013,0.000003,]
[5,0,]   5   7.89151e-006   -3.68847e-039   5.33529e-039   [0.000006,0.000004,]
[6,0,]   6   1.58926e-005   -3.33831e-039   4.86613e-039   [0.000001,0.000005,]
[7,0,]   7   2.66272e-005   -3.07255e-039   4.49576e-039   [-0.000003,0.000005,]
[8,0,]   8   3.73329e-005   -2.89142e-039   4.25282e-039   [-0.000006,0.000005,]
[9,0,]   9   4.41474e-005   -2.79724e-039   4.13414e-039   [-0.000007,0.000004,]
[10,0,]   10   4.42593e-005   -2.79255e-039   4.12479e-039   [-0.000007,0.000003,]
[11,0,]   11   3.76097e-005   -2.87944e-039   4.21347e-039   [-0.000006,0.000003,]
[12,0,]   12   2.69452e-005   -3.05934e-039   4.39517e-039   [-0.000003,0.000002,]
[13,0,]   13   1.61572e-005   -3.33445e-039   4.66837e-039   [0.000001,0.000002,]
[14,0,]   14   8.07589e-006   -3.71033e-039   5.03272e-039   [0.000006,0.000002,]
[15,0,]   15   3.38769e-006   -4.19764e-039   5.48817e-039   [0.000012,0.000003,]
[16,0,]   16   1.22682e-006   -4.80165e-039   6.03471e-039   [0.000019,0.000005,]
[17,0,]   17   4.05218e-007   -5.49412e-039   6.67234e-039   [0.000026,0.000007,]
[18,0,]   18   1.29725e-007   -6.33412e-039   7.40106e-039   [0.000032,0.000009,]
[19,0,]   19   4.50194e-008   -8.4176e-039   8.22087e-039   [0.000033,0.000010,]
[0,1,]   20   1.21294e-007   -6.06416e-039   7.56322e-039   [0.000029,-0.000015,]
[1,1,]   21   4.18039e-007   -4.03495e-039   6.95119e-039   [0.000029,-0.000013,]
[2,1,]   22   1.32947e-006   -3.86141e-039   6.50979e-039   [0.000031,-0.000010,]
[3,1,]   23   4.2126e-006   -3.23901e-039   6.12434e-039   [0.000023,-0.000006,]
[4,1,]   24   1.21065e-005   -2.60936e-039   5.64838e-039   [0.000015,-0.000003,]
[5,1,]   25   2.95727e-005   -2.08844e-039   5.03539e-039   [0.000007,-0.000001,]
[6,1,]   26   5.98492e-005   -1.70231e-039   4.38613e-039   [0.000001,-0.000000,]
[7,1,]   27   0.000100157   -1.44086e-039   3.84892e-039   [-0.000003,-0.000000,]
[8,1,]   28   0.000139729   -1.286e-039   3.50158e-039   [-0.000006,-0.000001,]
[9,1,]   29   0.000164198   -1.2188e-039   3.3355e-039   [-0.000008,-0.000001,]
[10,1,]   30   0.000163715   -1.22606e-039   3.31007e-039   [-0.000008,-0.000002,]
[11,1,]   31   0.000138631   -1.30642e-039   3.39461e-039   [-0.000007,-0.000003,]
[12,1,]   32   9.91719e-005   -1.47087e-039   3.5755e-039   [-0.000004,-0.000004,]
[13,1,]   33   5.94653e-005   -1.7367e-039   3.84858e-039   [0.000001,-0.000004,]
[14,1,]   34   2.97672e-005   -2.118e-039   4.21291e-039   [0.000006,-0.000004,]
[15,1,]   35   1.25513e-005   -2.61049e-039   4.66836e-039   [0.000013,-0.000002,]
[16,1,]   36   4.61109e-006   -3.15658e-039   5.2149e-039   [0.000021,-0.000001,]
[17,1,]   37   1.56996e-006   -3.62612e-039   5.85253e-039   [0.000027,0.000001,]
[18,1,]   38   5.25134e-007   -4.07238e-039   6.58125e-039   [0.000032,0.000003,]
[19,1,]   39   1.88755e-007   -5.65239e-039   7.40106e-039   [0.000030,0.000002,]
[0,2,]   40   4.30189e-007   -4.78857e-039   7.01563e-039   [0.000028,-0.000013,]
[1,2,]   41   1.38225e-006   -3.06537e-039   6.63568e-039   [0.000030,-0.000013,]
[2,2,]   42   4.14648e-006   -3.08265e-039   6.51522e-039   [0.000035,-0.000011,]
[3,2,]   43   1.28978e-005   -2.52338e-039   6.41145e-039   [0.000027,-0.000006,]
[4,2,]   44   3.72893e-005   -1.88514e-039   6.01434e-039   [0.000018,-0.000002,]
[5,2,]   45   9.19328e-005   -1.35028e-039   5.22538e-039   [0.000009,0.000000,]
[6,2,]   46   0.00018687   -9.58621e-040   4.25788e-039   [0.000002,0.000002,]
[7,2,]   47   0.00031247   -6.9765e-040   3.42586e-039   [-0.000003,0.000002,]
[8,2,]   48   0.000434363   -5.44899e-040   2.89404e-039   [-0.000007,0.000002,]
[9,2,]   49   0.000508706   -4.77086e-040   2.6442e-039   [-0.000009,0.000001,]
[10,2,]   50   0.000506689   -4.78443e-040   2.59034e-039   [-0.000009,-0.000001,]
[11,2,]   51   0.000429753   -5.48849e-040   2.66758e-039   [-0.000007,-0.000002,]
[12,2,]   52   0.000308263   -7.04274e-040   2.84703e-039   [-0.000004,-0.000003,]
[13,2,]   53   0.000185112   -9.68323e-040   3.11989e-039   [0.000001,-0.000003,]
[14,2,]   54   9.25635e-005   -1.36018e-039   3.4842e-039   [0.000007,-0.000002,]
[15,2,]   55   3.89688e-005   -1.87544e-039   3.93964e-039   [0.000015,-0.000001,]
[16,2,]   56   1.44135e-005   -2.43755e-039   4.48618e-039   [0.000024,0.000002,]
[17,2,]   57   5.0523e-006   -2.86851e-039   5.12381e-039   [0.000030,0.000005,]
[18,2,]   58   1.78095e-006   -3.22251e-039   5.85253e-039   [0.000032,0.000007,]
[19,2,]   59   6.73974e-007   -4.58552e-039   6.67234e-039   [0.000029,0.000006,]
[0,3,]   60   1.29339e-006   -3.66999e-039   6.6007e-039   [0.000026,-0.000014,]
[1,3,]   61   3.81998e-006   -2.28397e-039   6.50609e-039   [0.000031,-0.000014,]
[2,3,]   62   1.05855e-005   -2.50905e-039   6.78023e-039   [0.000039,-0.000012,]
[3,3,]   63   3.19774e-005   -2.0016e-039   7.02278e-039   [0.000032,-0.000007,]
[4,3,]   64   9.31814e-005   -1.31016e-039   6.72261e-039   [0.000021,-0.000002,]
[5,3,]   65   0.000232842   -7.28925e-040   5.71729e-039   [0.000011,0.000001,]
[6,3,]   66   0.000476371   -3.17573e-040   4.35853e-039   [0.000003,0.000003,]
[7,3,]   67   0.000795717   -5.53834e-041   3.16404e-039   [-0.000004,0.000003,]
[8,3,]   68   0.00110052   8.98793e-041   2.40539e-039   [-0.000008,0.000002,]
[9,3,]   69   0.00128278   1.50074e-040   2.05256e-039   [-0.000010,0.000001,]
[10,3,]   70   0.00127616   1.47203e-040   1.96377e-039   [-0.000010,-0.000001,]
[11,3,]   71   0.00108535   8.17433e-041   2.03202e-039   [-0.000009,-0.000002,]
[12,3,]   72   0.000781817   -6.76134e-041   2.2097e-039   [-0.000005,-0.000003,]
[13,3,]   73   0.000470501   -3.31487e-040   2.48229e-039   [0.000001,-0.000004,]
[14,3,]   74   0.000234823   -7.34577e-040   2.84657e-039   [0.000008,-0.000003,]
[15,3,]   75   9.85615e-005   -1.27143e-039   3.30201e-039   [0.000017,-0.000001,]
[16,3,]   76   3.678e-005   -1.83678e-039   3.84855e-039   [0.000027,0.000002,]
[17,3,]   77   1.34195e-005   -2.18914e-039   4.48618e-039   [0.000033,0.000006,]
[18,3,]   78   5.05942e-006   -2.41626e-039   5.2149e-039   [0.000033,0.000008,]
[19,3,]   79   2.02942e-006   -3.5428e-039   6.03471e-039   [0.000027,0.000006,]
[0,4,]   80   3.31467e-006   -2.55621e-039   6.21491e-039   [0.000024,-0.000013,]
[1,4,]   81   8.89691e-006   -1.55402e-039   6.32629e-039   [0.000032,-0.000014,]
[2,4,]   82   2.21457e-005   -2.03364e-039   6.88525e-039   [0.000043,-0.000012,]
[3,4,]   83   6.36151e-005   -1.63102e-039   7.37781e-039   [0.000038,-0.000005,]
[4,4,]   84   0.000186698   -8.69081e-040   7.14761e-039   [0.000026,0.000000,]
[5,4,]   85   0.000474882   -2.23649e-040   5.98611e-039   [0.000013,0.000003,]
[6,4,]   86   0.000979791   2.14964e-040   4.34491e-039   [0.000003,0.000005,]
[7,4,]   87   0.00163321   4.7934e-040   2.88877e-039   [-0.000004,0.000004,]
[8,4,]   88   0.00224128   6.14349e-040   1.96639e-039   [-0.000009,0.000003,]
[9,4,]   89   0.00259397   6.64274e-040   1.53923e-039   [-0.000012,0.000001,]
[10,4,]   90   0.00257673   6.5949e-040   1.42521e-039   [-0.000012,-0.000001,]
[11,4,]   91   0.00220174   6.01322e-040   1.48697e-039   [-0.000010,-0.000003,]
[12,4,]   92   0.00159684   4.61053e-040   1.66338e-039   [-0.000005,-0.000004,]
[13,4,]   93   0.000964203   1.97062e-040   1.93577e-039   [0.000001,-0.000005,]
[14,4,]   94   0.000479617   -2.23486e-040   2.30003e-039   [0.000009,-0.000004,]
[15,4,]   95   0.000200171   -7.94418e-040   2.75547e-039   [0.000020,-0.000001,]
[16,4,]   96   7.56211e-005   -1.36444e-039   3.30201e-039   [0.000032,0.000003,]
[17,4,]   97   2.92161e-005   -1.59767e-039   3.93964e-039   [0.000036,0.000008,]
[18,4,]   98   1.20086e-005   -1.66957e-039   4.66836e-039   [0.000032,0.000010,]
[19,4,]   99   5.13415e-006   -2.53406e-039   5.48817e-039   [0.000024,0.000007,]
[0,5,]   100   7.3194e-006   -1.38583e-039   5.75946e-039   [0.000021,-0.000012,]
[1,5,]   101   1.77197e-005   -7.98102e-040   5.87084e-039   [0.000032,-0.000012,]
[2,5,]   102   3.81851e-005   -1.57095e-039   6.4298e-039   [0.000048,-0.000011,]
[3,5,]   103   0.000100209   -1.39716e-039   6.92236e-039   [0.000046,-0.000004,]
[4,5,]   104   0.000295142   -5.53295e-040   6.69216e-039   [0.000030,0.000004,]
[5,5,]   105   0.000769569   1.7955e-040   5.53066e-039   [0.000015,0.000007,]
[6,5,]   106   0.00160587   6.5187e-040   3.88946e-039   [0.000004,0.000007,]
[7,5,]   107   0.00266524   9.18232e-040   2.43332e-039   [-0.000005,0.000007,]
[8,5,]   108   0.00361024   1.03893e-039   1.51094e-039   [-0.000011,0.000005,]
[9,5,]   109   0.00412957   1.07151e-039   1.08378e-039   [-0.000015,0.000002,]
[10,5,]   110   0.00409397   1.06491e-039   9.69764e-040   [-0.000015,-0.000002,]
[11,5,]   111   0.00352853   1.01939e-039   1.03152e-039   [-0.000012,-0.000005,]
[12,5,]   112   0.00258963   8.92441e-040   1.20793e-039   [-0.000007,-0.000007,]
[13,5,]   113   0.0015723   6.27581e-040   1.48032e-039   [0.000001,-0.000007,]
[14,5,]   114   0.000777224   1.78501e-040   1.84458e-039   [0.000011,-0.000006,]
[15,5,]   115   0.000320772   -4.51049e-040   2.30002e-039   [0.000024,-0.000002,]
[16,5,]   116   0.000123434   -1.02449e-039   2.84656e-039   [0.000038,0.000004,]
[17,5,]   117   5.19979e-005   -1.06012e-039   3.48419e-039   [0.000040,0.000010,]
[18,5,]   118   2.39012e-005   -9.48154e-040   4.21291e-039   [0.000031,0.000011,]
[19,5,]   119   1.09396e-005   -1.52487e-039   5.03272e-039   [0.000021,0.000007,]
[0,6,]   120   1.39772e-005   -1.78023e-040   5.23435e-039   [0.000019,-0.000011,]
[1,6,]   121   3.04782e-005   -1.90815e-042   5.13974e-039   [0.000031,-0.000012,]
[2,6,]   122   5.44976e-005   -1.0413e-039   5.41388e-039   [0.000052,-0.000014,]
[3,6,]   123   0.000120959   -1.38368e-039   5.65643e-039   [0.000056,-0.000005,]
[4,6,]   124   0.000355733   -4.0151e-040   5.35626e-039   [0.000037,0.000007,]
[5,6,]   125   0.000967429   4.56663e-040   4.35094e-039   [0.000017,0.000012,]
[6,6,]   126   0.00205616   9.82128e-040   2.99218e-039   [0.000003,0.000012,]
[7,6,]   127   0.00338326   1.25171e-039   1.79769e-039   [-0.000007,0.000011,]
[8,6,]   128   0.00447345   1.34801e-039   1.03904e-039   [-0.000014,0.000008,]
[9,6,]   129   0.00500773   1.37612e-039   6.86213e-040   [-0.000019,0.000003,]
[10,6,]   130   0.00494894   1.36057e-039   5.97421e-040   [-0.000019,-0.000003,]
[11,6,]   131   0.00434145   1.31802e-039   6.65666e-040   [-0.000015,-0.000008,]
[12,6,]   132   0.00326026   1.21618e-039   8.4335e-040   [-0.000008,-0.000010,]
[13,6,]   133   0.00199927   9.47865e-040   1.11594e-039   [0.000001,-0.000011,]
[14,6,]   134   0.00097576   4.4503e-040   1.48022e-039   [0.000014,-0.000009,]
[15,6,]   135   0.00039311   -2.83809e-040   1.93566e-039   [0.000031,-0.000004,]
[16,6,]   136   0.000155952   -8.42231e-040   2.4822e-039   [0.000047,0.000006,]
[17,6,]   137   7.55523e-005   -5.29766e-040   3.11983e-039   [0.000044,0.000014,]
[18,6,]   138   4.0084e-005   -2.36485e-040   3.84855e-039   [0.000028,0.000013,]
[19,6,]   139   1.96671e-005   -5.11342e-040   4.66836e-039   [0.000016,0.000008,]
[0,7,]   140   2.30532e-005   9.5605e-040   4.73838e-039   [0.000015,-0.000011,]
[1,7,]   141   4.56191e-005   7.7316e-040   4.35843e-039   [0.000027,-0.000014,]
[2,7,]   142   6.5451e-005   -2.61471e-040   4.23797e-039   [0.000052,-0.000021,]
[3,7,]   143   0.000104697   -1.93933e-039   4.1342e-039   [0.000073,-0.000012,]
[4,7,]   144   0.000302862   -7.51584e-040   3.73709e-039   [0.000049,0.000011,]
[5,7,]   145   0.000908421   5.41675e-040   2.94813e-039   [0.000019,0.000020,]
[6,7,]   146   0.00200174   1.1624e-039   1.98063e-039   [0.000002,0.000020,]
[7,7,]   147   0.00323534   1.44407e-039   1.14861e-039   [-0.000009,0.000018,]
[8,7,]   148   0.00406377   1.51918e-039   6.16786e-040   [-0.000020,0.000014,]
[9,7,]   149   0.00430497   1.42646e-039   3.66946e-040   [-0.000027,0.000005,]
[10,7,]   150   0.00423467   1.3923e-039   3.13091e-040   [-0.000027,-0.000005,]
[11,7,]   151   0.00390397   1.47406e-039   3.90325e-040   [-0.000020,-0.000014,]
[12,7,]   152   0.00308319   1.38813e-039   5.69778e-040   [-0.000010,-0.000019,]
[13,7,]   153   0.00192905   1.10821e-039   8.42635e-040   [0.000002,-0.000020,]
[14,7,]   154   0.000915194   5.12097e-040   1.20695e-039   [0.000018,-0.000017,]
[15,7,]   155   0.000345758   -5.40585e-040   1.66239e-039   [0.000042,-0.000007,]
[16,7,]   156   0.000145112   -1.00684e-039   2.20893e-039   [0.000062,0.000011,]
[17,7,]   157   9.01085e-005   1.1385e-040   2.84656e-039   [0.000044,0.000020,]
[18,7,]   158   5.70681e-005   4.62005e-040   3.57528e-039   [0.000022,0.000016,]
[19,7,]   159   2.99109e-005   4.83749e-040   4.39509e-039   [0.000010,0.000008,]
[0,8,]   160   3.28204e-005   1.84363e-039   4.37507e-039   [0.000011,-0.000012,]
[1,8,]   161   6.00464e-005   1.41633e-039   3.76304e-039   [0.000019,-0.000017,]
[2,8,]   162   6.95337e-005   1.01217e-039   3.32164e-039   [0.000044,-0.000033,]
[3,8,]   163   5.91119e-005   -4.30448e-039   2.93619e-039   [0.000102,-0.000030,]
[4,8,]   164   0.00015679   -2.76782e-039   2.46023e-039   [0.000075,0.000035,]
[5,8,]   165   0.000607036   -1.01408e-041   1.84724e-039   [0.000022,0.000039,]
[6,8,]   166   0.0014499   9.2472e-040   1.19798e-039   [0.000001,0.000038,]
[7,8,]   167   0.00224759   1.23394e-039   6.60775e-040   [-0.000012,0.000036,]
[8,8,]   168   0.00247488   1.11654e-039   3.13433e-040   [-0.000028,0.000032,]
[9,8,]   169   0.0022589   8.44884e-040   1.47355e-040   [-0.000043,0.000024,]
[10,8,]   170   0.00221   8.37879e-040   1.21916e-040   [-0.000044,-0.000005,]
[11,8,]   171   0.00233743   9.78664e-040   2.06461e-040   [-0.000029,-0.000034,]
[12,8,]   172   0.00211385   1.09468e-039   3.87352e-040   [-0.000013,-0.000039,]
[13,8,]   173   0.00138513   8.07609e-040   6.60427e-040   [0.000003,-0.000039,]
[14,8,]   174   0.000610975   -8.52196e-041   1.02476e-039   [0.000024,-0.000037,]
[15,8,]   175   0.000193202   -1.9154e-039   1.48021e-039   [0.000065,-0.000012,]
[16,8,]   176   9.21007e-005   -2.13373e-039   2.02675e-039   [0.000087,0.000033,]
[17,8,]   177   9.0259e-005   1.04171e-039   2.66438e-039   [0.000038,0.000029,]
[18,8,]   178   6.97681e-005   1.12275e-039   3.3931e-039   [0.000014,0.000018,]
[19,8,]   179   3.86512e-005   1.38938e-039   4.21291e-039   [0.000004,0.000009,]
[0,9,]   180   4.04031e-005   2.30996e-039   4.18148e-039   [0.000006,-0.000012,]
[1,9,]   181   7.01567e-005   1.71236e-039   3.4381e-039   [0.000007,-0.000019,]
[2,9,]   182   7.13076e-005   2.19402e-039   2.81508e-039   [0.000023,-0.000039,]
[3,9,]   183   2.58405e-005   -9.76459e-039   2.27022e-039   [0.000116,-0.000099,]
[4,9,]   184   3.64216e-005   -1.85792e-038   1.74965e-039   [0.000132,0.000124,]
[5,9,]   185   0.000318772   -2.34506e-039   1.23624e-039   [0.000004,0.000085,]
[6,9,]   186   0.000885278   -3.27011e-040   7.67076e-040   [-0.000001,0.000073,]
[7,9,]   187   0.00124927   -2.69662e-040   3.9671e-040   [-0.000008,0.000078,]
[8,9,]   188   0.000973932   -2.2669e-039   1.5377e-040   [-0.000017,0.000098,]
[9,9,]   189   0.000447809   -1.02019e-038   3.50937e-041   [-0.000089,0.000112,]
[10,9,]   190   0.000426012   -1.09237e-038   2.57351e-041   [-0.000111,-0.000092,]
[11,9,]   191   0.000910037   -2.85184e-039   1.14417e-040   [-0.000041,-0.000101,]
[12,9,]   192   0.00119507   -4.4744e-040   2.96123e-040   [-0.000009,-0.000081,]
[13,9,]   193   0.000860226   -4.29201e-040   5.69322e-040   [0.000003,-0.000075,]
[14,9,]   194   0.000318534   -2.58353e-039   9.33673e-040   [0.000027,-0.000085,]
[15,9,]   195   4.97212e-005   -1.37301e-038   1.38912e-039   [0.000127,-0.000103,]
[16,9,]   196   3.96408e-005   -5.30353e-039   1.93566e-039   [0.000078,0.000104,]
[17,9,]   197   7.98928e-005   1.99429e-039   2.57329e-039   [0.000012,0.000037,]
[18,9,]   198   7.40054e-005   1.56784e-039   3.30201e-039   [0.000004,0.000020,]
[19,9,]   199   4.27418e-005   2.07572e-039   4.12182e-039   [-0.000003,0.000011,]
[0,10,]   200   4.26329e-005   2.07805e-039   4.13891e-039   [0.000001,-0.000010,]
[1,10,]   201   7.4034e-005   1.57033e-039   3.341e-039   [-0.000004,-0.000019,]
[2,10,]   202   7.99975e-005   1.99764e-039   2.64257e-039   [-0.000012,-0.000036,]
[3,10,]   203   3.96627e-005   -5.31559e-039   2.03152e-039   [-0.000078,-0.000103,]
[4,10,]   204   4.97189e-005   -1.37442e-038   1.49242e-039   [-0.000127,0.000104,]
[5,10,]   205   0.00031861   -2.58421e-039   1.02036e-039   [-0.000027,0.000085,]
[6,10,]   206   0.00086036   -4.29695e-040   6.25973e-040   [-0.000003,0.000075,]
[7,10,]   207   0.00119516   -4.47859e-040   3.24884e-040   [0.000009,0.000081,]
[8,10,]   208   0.000910074   -2.85209e-039   1.25296e-040   [0.000041,0.000101,]
[9,10,]   209   0.000426016   -1.09236e-038   2.63026e-041   [0.000111,0.000092,]
[10,10,]   210   0.000447774   -1.0202e-038   2.36213e-041   [0.000089,-0.000112,]
[11,10,]   211   0.000973781   -2.26675e-039   1.14021e-040   [0.000017,-0.000098,]
[12,10,]   212   0.00124893   -2.69505e-040   2.96066e-040   [0.000009,-0.000078,]
[13,10,]   213   0.000884836   -3.27722e-040   5.69315e-040   [0.000001,-0.000072,]
[14,10,]   214   0.000318467   -2.34766e-039   9.33673e-040   [-0.000003,-0.000084,]
[15,10,]   215   3.62855e-005   -1.86263e-038   1.38912e-039   [-0.000132,-0.000123,]
[16,10,]   216   2.56903e-005   -9.81488e-039   1.93566e-039   [-0.000116,0.000101,]
[17,10,]   217   7.11233e-005   2.18965e-039   2.57329e-039   [-0.000022,0.000041,]
[18,10,]   218   7.00918e-005   1.70639e-039   3.30201e-039   [-0.000008,0.000021,]
[19,10,]   219   4.05055e-005   2.3052e-039   4.12182e-039   [-0.000009,0.000013,]
[0,11,]   220   3.86205e-005   1.39021e-039   4.21673e-039   [-0.000004,-0.000009,]
[1,11,]   221   6.97903e-005   1.12333e-039   3.4018e-039   [-0.000014,-0.000018,]
[2,11,]   222   9.0302e-005   1.04192e-039   2.67984e-039   [-0.000038,-0.000028,]
[3,11,]   223   9.21092e-005   -2.13531e-039   2.04814e-039   [-0.000087,-0.000033,]
[4,11,]   224   0.000193206   -1.91579e-039   1.50326e-039   [-0.000065,0.000012,]
[5,11,]   225   0.000611012   -8.53284e-041   1.04411e-039   [-0.000024,0.000037,]
[6,11,]   226   0.00138519   8.0746e-040   6.73045e-040   [-0.000003,0.000040,]
[7,11,]   227   0.00211388   1.09456e-039   3.93568e-040   [0.000013,0.000039,]
[8,11,]   228   0.00233743   9.78643e-040   2.07504e-040   [0.000029,0.000034,]
[9,11,]   229   0.00220996   8.38043e-040   1.1465e-040   [0.000044,0.000005,]
[10,11,]   230   0.00225873   8.4527e-040   1.14052e-040   [0.000043,-0.000024,]
[11,11,]   231   0.00247438   1.11687e-039   2.04988e-040   [0.000028,-0.000032,]
[12,11,]   232   0.00224673   1.23375e-039   3.87138e-040   [0.000012,-0.000036,]
[13,11,]   233   0.00144906   9.2323e-040   6.60403e-040   [-0.000001,-0.000037,]
[14,11,]   234   0.000606589   -1.37494e-041   1.02476e-039   [-0.000021,-0.000037,]
[15,11,]   235   0.000156545   -2.78002e-039   1.48021e-039   [-0.000074,-0.000033,]
[16,11,]   236   5.88491e-005   -4.35252e-039   2.02675e-039   [-0.000101,0.000033,]
[17,11,]   237   6.93802e-005   9.99201e-040   2.66438e-039   [-0.000044,0.000036,]
[18,11,]   238   6.00207e-005   1.4086e-039   3.3931e-039   [-0.000019,0.000021,]
[19,11,]   239   3.28755e-005   1.83887e-039   4.21291e-039   [-0.000013,0.000015,]
[0,12,]   240   2.99765e-005   4.84267e-040   4.39576e-039   [-0.000009,-0.000008,]
[1,12,]   241   5.71107e-005   4.60981e-040   3.57679e-039   [-0.000022,-0.000016,]
[2,12,]   242   9.01218e-005   1.12129e-040   2.84925e-039   [-0.000044,-0.000020,]
[3,12,]   243   0.000145119   -1.00707e-039   2.21265e-039   [-0.000062,-0.000011,]
[4,12,]   244   0.000345773   -5.40377e-040   1.6664e-039   [-0.000042,0.000007,]
[5,12,]   245   0.000915221   5.12123e-040   1.2103e-039   [-0.000018,0.000017,]
[6,12,]   246   0.00192907   1.10819e-039   8.44779e-040   [-0.000002,0.000020,]
[7,12,]   247   0.00308321   1.38813e-039   5.70431e-040   [0.000010,0.000019,]
[8,12,]   248   0.00390394   1.47412e-039   3.87576e-040   [0.000020,0.000014,]
[9,12,]   249   0.00423453   1.3925e-039   2.96179e-040   [0.000027,0.000005,]
[10,12,]   250   0.00430448   1.42676e-039   2.96075e-040   [0.000027,-0.000005,]
[11,12,]   251   0.00406268   1.51921e-039   3.87139e-040   [0.000020,-0.000014,]
[12,12,]   252   0.00323395   1.44321e-039   5.69313e-040   [0.000010,-0.000018,]
[13,12,]   253   0.00200108   1.16043e-039   8.42583e-040   [-0.000001,-0.000019,]
[14,12,]   254   0.00090888   5.40249e-040   1.20694e-039   [-0.000017,-0.000018,]
[15,12,]   255   0.000303516   -7.50436e-040   1.66239e-039   [-0.000047,-0.000008,]
[16,12,]   256   0.000104977   -1.94959e-039   2.20893e-039   [-0.000072,0.000016,]
[17,12,]   257   6.56467e-005   -2.7223e-040   2.84656e-039   [-0.000052,0.000026,]
[18,12,]   258   4.57789e-005   7.73781e-040   3.57528e-039   [-0.000028,0.000019,]
[19,12,]   259   2.31077e-005   9.6002e-040   4.39509e-039   [-0.000016,0.000015,]
[0,13,]   260   1.97778e-005   -5.0925e-040   4.66845e-039   [-0.000013,-0.000008,]
[1,13,]   261   4.01388e-005   -2.38946e-040   3.84876e-039   [-0.000028,-0.000013,]
[2,13,]   262   7.55536e-005   -5.331e-040   3.1202e-039   [-0.000044,-0.000014,]
[3,13,]   263   0.000155955   -8.42212e-040   2.48271e-039   [-0.000047,-0.000006,]
[4,13,]   264   0.000393116   -2.83844e-040   1.9362e-039   [-0.000031,0.000004,]
[5,13,]   265   0.00097577   4.45006e-040   1.48067e-039   [-0.000014,0.000009,]
[6,13,]   266   0.00199928   9.47852e-040   1.11615e-039   [-0.000001,0.000011,]
[7,13,]   267   0.00326026   1.2162e-039   8.42734e-040   [0.000008,0.000010,]
[8,13,]   268   0.00434139   1.31811e-039   6.60462e-040   [0.000015,0.000008,]
[9,13,]   269   0.00494867   1.36076e-039   5.69331e-040   [0.000019,0.000003,]
[10,13,]   270   0.00500692   1.37629e-039   5.69317e-040   [0.000019,-0.000003,]
[11,13,]   271   0.0044719   1.34759e-039   6.60403e-040   [0.000015,-0.000007,]
[12,13,]   272   0.00338176   1.25008e-039   8.42583e-040   [0.000008,-0.000010,]
[13,13,]   273   0.00205635   9.80238e-040   1.11585e-039   [-0.000001,-0.000011,]
[14,13,]   274   0.000969574   4.59859e-040   1.48021e-039   [-0.000014,-0.000010,]
[15,13,]   275   0.000358099   -3.8351e-040   1.93566e-039   [-0.000033,-0.000004,]
[16,13,]   276   0.000122341   -1.35367e-039   2.4822e-039   [-0.000054,0.000009,]
[17,13,]   277   5.51913e-005   -1.01855e-039   3.11983e-039   [-0.000051,0.000019,]
[18,13,]   278   3.07989e-005   1.53109e-041   3.84855e-039   [-0.000032,0.000017,]
[19,13,]   279   1.404e-005   -1.64619e-040   4.66836e-039   [-0.000018,0.000015,]
[0,14,]   280   1.10362e-005   -1.52099e-039   5.03273e-039   [-0.000016,-0.000007,]
[1,14,]   281   2.39468e-005   -9.52393e-040   4.21293e-039   [-0.000031,-0.000011,]
[2,14,]   282   5.19962e-005   -1.06445e-039   3.48423e-039   [-0.000040,-0.000010,]
[3,14,]   283   0.000123435   -1.02445e-039   2.84662e-039   [-0.000038,-0.000004,]
[4,14,]   284   0.000320774   -4.51082e-040   2.30008e-039   [-0.000024,0.000002,]
[5,14,]   285   0.000777226   1.78484e-040   1.84462e-039   [-0.000011,0.000006,]
[6,14,]   286   0.0015723   6.27581e-040   1.48024e-039   [-0.000001,0.000007,]
[7,14,]   287   0.00258962   8.92475e-040   1.20696e-039   [0.000007,0.000007,]
[8,14,]   288   0.00352846   1.0195e-039   1.02477e-039   [0.000012,0.000005,]
[9,14,]   289   0.00409369   1.06511e-039   9.33674e-040   [0.000015,0.000002,]
[10,14,]   290   0.00412876   1.07159e-039   9.33673e-040   [0.000015,-0.000002,]
[11,14,]   291   0.0036088   1.03823e-039   1.02476e-039   [0.000012,-0.000005,]
[12,14,]   292   0.00266405   9.16165e-040   1.20694e-039   [0.000006,-0.000007,]
[13,14,]   293   0.00160648   6.50178e-040   1.48021e-039   [-0.000001,-0.000007,]
[14,14,]   294   0.000772167   1.85983e-040   1.84457e-039   [-0.000011,-0.000006,]
[15,14,]   295   0.000297994   -5.2405e-040   2.30002e-039   [-0.000026,-0.000002,]
[16,14,]   296   0.000101963   -1.34e-039   2.84656e-039   [-0.000043,0.000005,]
[17,14,]   297   3.89796e-005   -1.51412e-039   3.48419e-039   [-0.000047,0.000013,]
[18,14,]   298   1.80004e-005   -7.71086e-040   4.21291e-039   [-0.000034,0.000014,]
[19,14,]   299   7.35105e-006   -1.37759e-039   5.03272e-039   [-0.000020,0.000014,]
[0,15,]   300   5.19358e-006   -2.52817e-039   5.48817e-039   [-0.000019,-0.000007,]
[1,15,]   301   1.20363e-005   -1.67563e-039   4.66836e-039   [-0.000033,-0.000010,]
[2,15,]   302   2.92146e-005   -1.60258e-039   3.93965e-039   [-0.000036,-0.000008,]
[3,15,]   303   7.56213e-005   -1.36435e-039   3.30202e-039   [-0.000032,-0.000003,]
[4,15,]   304   0.000200171   -7.94433e-040   2.75548e-039   [-0.000020,0.000001,]
[5,15,]   305   0.000479617   -2.23488e-040   2.30003e-039   [-0.000009,0.000004,]
[6,15,]   306   0.000964203   1.97072e-040   1.93567e-039   [-0.000001,0.000005,]
[7,15,]   307   0.00159684   4.61096e-040   1.66239e-039   [0.000005,0.000004,]
[8,15,]   308   0.0022017   6.01441e-040   1.48021e-039   [0.000010,0.000003,]
[9,15,]   309   0.00257655   6.59706e-040   1.38912e-039   [0.000012,0.000001,]
[10,15,]   310   0.00259346   6.64408e-040   1.38912e-039   [0.000012,-0.000001,]
[11,15,]   311   0.00224037   6.13792e-040   1.48021e-039   [0.000010,-0.000003,]
[12,15,]   312   0.00163241   4.7741e-040   1.66239e-039   [0.000005,-0.000005,]
[13,15,]   313   0.000979998   2.12717e-040   1.93566e-039   [-0.000001,-0.000005,]
[14,15,]   314   0.000476262   -2.20234e-040   2.30002e-039   [-0.000009,-0.000004,]
[15,15,]   315   0.000188324   -8.47732e-040   2.75547e-039   [-0.000021,-0.000002,]
[16,15,]   316   6.46569e-005   -1.58442e-039   3.30201e-039   [-0.000035,0.000004,]
[17,15,]   317   2.25887e-005   -1.98368e-039   3.93964e-039   [-0.000042,0.000010,]
[18,15,]   318   9.01457e-006   -1.54572e-039   4.66836e-039   [-0.000034,0.000012,]
[19,15,]   319   3.30595e-006   -2.58181e-039   5.48817e-039   [-0.000021,0.000012,]
[0,16,]   320   2.05757e-006   -3.53458e-039   6.03471e-039   [-0.000021,-0.000006,]
[1,16,]   321   5.07246e-006   -2.42394e-039   5.2149e-039   [-0.000033,-0.000008,]
[2,16,]   322   1.34187e-005   -2.19437e-039   4.48618e-039   [-0.000033,-0.000006,]
[3,16,]   323   3.678e-005   -1.83665e-039   3.84855e-039   [-0.000027,-0.000002,]
[4,16,]   324   9.85616e-005   -1.27142e-039   3.30201e-039   [-0.000017,0.000001,]
[5,16,]   325   0.000234823   -7.34566e-040   2.84656e-039   [-0.000008,0.000003,]
[6,16,]   326   0.000470501   -3.3147e-040   2.4822e-039   [-0.000001,0.000004,]
[7,16,]   327   0.000781815   -6.75675e-041   2.20893e-039   [0.000005,0.000003,]
[8,16,]   328   0.00108534   8.18639e-041   2.02675e-039   [0.000009,0.000002,]
[9,16,]   329   0.00127609   1.4745e-040   1.93566e-039   [0.000010,0.000001,]
[10,16,]   330   0.00128257   1.50384e-040   1.93566e-039   [0.000010,-0.000001,]
[11,16,]   331   0.00110012   8.98306e-041   2.02675e-039   [0.000008,-0.000002,]
[12,16,]   332   0.000795262   -5.66912e-041   2.20893e-039   [0.000005,-0.000003,]
[13,16,]   333   0.000476166   -3.21035e-040   2.4822e-039   [-0.000001,-0.000004,]
[14,16,]   334   0.000233027   -7.33924e-040   2.84656e-039   [-0.000008,-0.000003,]
[15,16,]   335   9.35388e-005   -1.31283e-039   3.30201e-039   [-0.000018,-0.000001,]
[16,16,]   336   3.22344e-005   -1.99834e-039   3.84855e-039   [-0.000030,0.000003,]
[17,16,]   337   1.0686e-005   -2.50835e-039   4.48618e-039   [-0.000038,0.000007,]
[18,16,]   338   3.82739e-006   -2.31825e-039   5.2149e-039   [-0.000033,0.000010,]
[19,16,]   339   1.27269e-006   -3.74608e-039   6.03471e-039   [-0.000021,0.000011,]
[0,17,]   340   6.8461e-007   -4.56977e-039   6.67234e-039   [-0.000022,-0.000006,]
[1,17,]   341   1.78583e-006   -3.2271e-039   5.85253e-039   [-0.000033,-0.000007,]
[2,17,]   342   5.0519e-006   -2.86993e-039   5.12381e-039   [-0.000030,-0.000005,]
[3,17,]   343   1.44134e-005   -2.43367e-039   4.48618e-039   [-0.000024,-0.000002,]
[4,17,]   344   3.89687e-005   -1.87173e-039   3.93964e-039   [-0.000015,0.000001,]
[5,17,]   345   9.25634e-005   -1.35641e-039   3.48419e-039   [-0.000007,0.000002,]
[6,17,]   346   0.000185112   -9.64528e-040   3.11983e-039   [-0.000001,0.000003,]
[7,17,]   347   0.000308262   -7.0047e-040   2.84656e-039   [0.000004,0.000003,]
[8,17,]   348   0.000429748   -5.45019e-040   2.66438e-039   [0.000007,0.000002,]
[9,17,]   349   0.000506669   -4.74506e-040   2.57329e-039   [0.000009,0.000001,]
[10,17,]   350   0.000508644   -4.72957e-040   2.57329e-039   [0.000009,-0.000001,]
[11,17,]   351   0.000434229   -5.40731e-040   2.66438e-039   [0.000007,-0.000002,]
[12,17,]   352   0.000312266   -6.94375e-040   2.84656e-039   [0.000004,-0.000002,]
[13,17,]   353   0.000186655   -9.58718e-040   3.11983e-039   [-0.000001,-0.000003,]
[14,17,]   354   9.17794e-005   -1.35799e-039   3.48419e-039   [-0.000007,-0.000002,]
[15,17,]   355   3.72167e-005   -1.90468e-039   3.93964e-039   [-0.000016,-0.000001,]
[16,17,]   356   1.28705e-005   -2.55604e-039   4.48618e-039   [-0.000026,0.000002,]
[17,17,]   357   4.13096e-006   -3.12495e-039   5.12381e-039   [-0.000034,0.000006,]
[18,17,]   358   1.36664e-006   -3.12459e-039   5.85253e-039   [-0.000031,0.000008,]
[19,17,]   359   4.17433e-007   -4.89024e-039   6.67234e-039   [-0.000021,0.000010,]
[0,18,]   360   1.91421e-007   -5.63107e-039   7.40106e-039   [-0.000022,-0.000001,]
[1,18,]   361   5.25157e-007   -4.07102e-039   6.58125e-039   [-0.000032,-0.000003,]
[2,18,]   362   1.56601e-006   -3.62055e-039   5.85253e-039   [-0.000027,-0.000001,]
[3,18,]   363   4.60087e-006   -3.14575e-039   5.2149e-039   [-0.000021,0.000001,]
[4,18,]   364   1.25242e-005   -2.59999e-039   4.66836e-039   [-0.000013,0.000002,]
[5,18,]   365   2.97024e-005   -2.10755e-039   4.21291e-039   [-0.000006,0.000004,]
[6,18,]   366   5.93349e-005   -1.72625e-039   3.84855e-039   [-0.000001,0.000004,]
[7,18,]   367   9.89551e-005   -1.46044e-039   3.57528e-039   [0.000004,0.000004,]
[8,18,]   368   0.00013833   -1.29599e-039   3.3931e-039   [0.000007,0.000003,]
[9,18,]   369   0.00016336   -1.21552e-039   3.30201e-039   [0.000008,0.000002,]
[10,18,]   370   0.000163832   -1.20796e-039   3.30201e-039   [0.000008,0.000001,]
[11,18,]   371   0.000139393   -1.2747e-039   3.3931e-039   [0.000006,0.000001,]
[12,18,]   372   9.98757e-005   -1.42941e-039   3.57528e-039   [0.000004,0.000000,]
[13,18,]   373   5.96314e-005   -1.69248e-039   3.84855e-039   [-0.000001,-0.000000,]
[14,18,]   374   2.94215e-005   -2.08427e-039   4.21291e-039   [-0.000006,0.000000,]
[15,18,]   375   1.20178e-005   -2.61621e-039   4.66836e-039   [-0.000014,0.000001,]
[16,18,]   376   4.16957e-006   -3.25931e-039   5.2149e-039   [-0.000023,0.000003,]
[17,18,]   377   1.31096e-006   -3.88682e-039   5.85253e-039   [-0.000031,0.000007,]
[18,18,]   378   4.09143e-007   -4.05649e-039   6.58125e-039   [-0.000029,0.000010,]
[19,18,]   379   1.1641e-007   -6.12507e-039   7.40106e-039   [-0.000020,0.000012,]
[0,19,]   380   4.48151e-008   -8.44275e-039   8.22087e-039   [-0.000022,0.000003,]
[1,19,]   381   1.27295e-007   -6.37301e-039   7.40106e-039   [-0.000033,0.000001,]
[2,19,]   382   3.97681e-007   -5.51204e-039   6.67234e-039   [-0.000026,0.000002,]
[3,19,]   383   1.20667e-006   -4.80386e-039   6.03471e-039   [-0.000019,0.000003,]
[4,19,]   384   3.33372e-006   -4.19922e-039   5.48817e-039   [-0.000012,0.000004,]
[5,19,]   385   7.94631e-006   -3.71334e-039   5.03272e-039   [-0.000006,0.000005,]
[6,19,]   386   1.58963e-005   -3.33828e-039   4.66836e-039   [-0.000001,0.000005,]
[7,19,]   387   2.65117e-005   -3.06294e-039   4.39509e-039   [0.000003,0.000005,]
[8,19,]   388   3.70103e-005   -2.88224e-039   4.21291e-039   [0.000006,0.000005,]
[9,19,]   389   4.35576e-005   -2.79459e-039   4.12182e-039   [0.000007,0.000004,]
[10,19,]   390   4.34424e-005   -2.79891e-039   4.12182e-039   [0.000007,0.000003,]
[11,19,]   391   3.67226e-005   -2.89306e-039   4.21291e-039   [0.000006,0.000003,]
[12,19,]   392   2.61725e-005   -3.0748e-039   4.39509e-039   [0.000003,0.000002,]
[13,19,]   393   1.56002e-005   -3.34409e-039   4.66836e-039   [-0.000001,0.000002,]
[14,19,]   394   7.72778e-006   -3.70534e-039   5.03272e-039   [-0.000006,0.000002,]
[15,19,]   395   3.18946e-006   -4.17034e-039   5.48817e-039   [-0.000012,0.000003,]
[16,19,]   396   1.12152e-006   -4.75761e-039   6.03471e-039   [-0.000020,0.000005,]
[17,19,]   397   3.53954e-007   -5.48963e-039   6.67234e-039   [-0.000027,0.000008,]
[18,19,]   398   1.079e-007   -6.09475e-039   7.40106e-039   [-0.000025,0.000012,]
[19,19,]   399   2.95134e-008   -8.71454e-039   8.22087e-039   [-0.000018,0.000015,]
