coordinates  index   rho      Q      V    velocities 
[0,0,]   0   4.07597e-008   -7.53219e-039   8.22087e-039   [0.000040,0.000006,]
[1,0,]   1   1.38036e-007   -5.52174e-039   7.40106e-039   [0.000018,0.000007,]
[2,0,]   2   4.35838e-007   -5.35277e-039   6.67234e-039   [0.000028,0.000008,]
[3,0,]   3   1.49175e-006   -4.45521e-039   6.03471e-039   [0.000020,0.000010,]
[4,0,]   4   4.54054e-006   -3.88866e-039   5.48817e-039   [0.000014,0.000012,]
[5,0,]   5   1.14586e-005   -3.43615e-039   5.03272e-039   [0.000007,0.000013,]
[6,0,]   6   2.34365e-005   -3.11785e-039   4.66837e-039   [0.000001,0.000013,]
[7,0,]   7   3.91134e-005   -2.90408e-039   4.39512e-039   [-0.000003,0.000013,]
[8,0,]   8   5.40923e-005   -2.7763e-039   4.21313e-039   [-0.000006,0.000012,]
[9,0,]   9   6.29718e-005   -2.72461e-039   4.12315e-039   [-0.000007,0.000012,]
[10,0,]   10   6.23172e-005   -2.74266e-039   4.12807e-039   [-0.000007,0.000011,]
[11,0,]   11   5.24965e-005   -2.84196e-039   4.23584e-039   [-0.000006,0.000010,]
[12,0,]   12   3.74303e-005   -3.04141e-039   4.46061e-039   [-0.000003,0.000010,]
[13,0,]   13   2.24179e-005   -3.35257e-039   4.81413e-039   [0.000001,0.000010,]
[14,0,]   14   1.12693e-005   -3.78242e-039   5.28532e-039   [0.000006,0.000010,]
[15,0,]   15   4.83138e-006   -4.32248e-039   5.82906e-039   [0.000012,0.000012,]
[16,0,]   16   1.84444e-006   -4.90753e-039   6.39299e-039   [0.000018,0.000014,]
[17,0,]   17   6.65176e-007   -5.47782e-039   6.9656e-039   [0.000025,0.000017,]
[18,0,]   18   2.38095e-007   -6.48935e-039   7.588e-039   [0.000037,0.000020,]
[19,0,]   19   1.12312e-007   -7.78718e-039   8.31368e-039   [0.000042,0.000021,]
[0,1,]   20   8.34584e-008   -7.23318e-039   7.40106e-039   [0.000039,-0.000026,]
[1,1,]   21   3.13556e-007   -4.67968e-039   6.58125e-039   [0.000023,-0.000023,]
[2,1,]   22   1.08836e-006   -4.63762e-039   5.85253e-039   [0.000034,-0.000016,]
[3,1,]   23   4.05129e-006   -3.45623e-039   5.2149e-039   [0.000023,-0.000012,]
[4,1,]   24   1.28081e-005   -2.7126e-039   4.66836e-039   [0.000014,-0.000010,]
[5,1,]   25   3.27478e-005   -2.17645e-039   4.21291e-039   [0.000006,-0.000010,]
[6,1,]   26   6.72899e-005   -1.81354e-039   3.84856e-039   [0.000001,-0.000010,]
[7,1,]   27   0.000112462   -1.5781e-039   3.57536e-039   [-0.000003,-0.000010,]
[8,1,]   28   0.000155264   -1.44713e-039   3.3937e-039   [-0.000006,-0.000010,]
[9,1,]   29   0.000179699   -1.40681e-039   3.30562e-039   [-0.000008,-0.000011,]
[10,1,]   30   0.00017623   -1.44089e-039   3.31901e-039   [-0.000008,-0.000012,]
[11,1,]   31   0.000147004   -1.55055e-039   3.45544e-039   [-0.000006,-0.000013,]
[12,1,]   32   0.000104073   -1.74614e-039   3.75337e-039   [-0.000003,-0.000014,]
[13,1,]   33   6.22959e-005   -2.03495e-039   4.2448e-039   [0.000001,-0.000014,]
[14,1,]   34   3.15865e-005   -2.41859e-039   4.89954e-039   [0.000007,-0.000013,]
[15,1,]   35   1.37873e-005   -2.87761e-039   5.59498e-039   [0.000013,-0.000011,]
[16,1,]   36   5.37799e-006   -3.34087e-039   6.18879e-039   [0.000019,-0.000009,]
[17,1,]   37   1.95937e-006   -3.78673e-039   6.64968e-039   [0.000025,-0.000007,]
[18,1,]   38   6.91985e-007   -4.68803e-039   7.08941e-039   [0.000034,-0.000007,]
[19,1,]   39   3.12356e-007   -5.98154e-039   7.65334e-039   [0.000038,-0.000010,]
[0,2,]   40   2.56064e-007   -5.20006e-039   6.67234e-039   [0.000038,-0.000024,]
[1,2,]   41   9.32176e-007   -3.15785e-039   5.85253e-039   [0.000028,-0.000019,]
[2,2,]   42   3.00235e-006   -3.74651e-039   5.12381e-039   [0.000039,-0.000014,]
[3,2,]   43   1.12051e-005   -2.61183e-039   4.48618e-039   [0.000027,-0.000009,]
[4,2,]   44   3.64777e-005   -1.77719e-039   3.93964e-039   [0.000016,-0.000006,]
[5,2,]   45   9.53331e-005   -1.1935e-039   3.48419e-039   [0.000007,-0.000005,]
[6,2,]   46   0.000198275   -8.04728e-040   3.11985e-039   [0.000001,-0.000005,]
[7,2,]   47   0.000332822   -5.63652e-040   2.84673e-039   [-0.000004,-0.000005,]
[8,2,]   48   0.000459311   -4.41055e-040   2.66565e-039   [-0.000007,-0.000006,]
[9,2,]   49   0.000530806   -4.00709e-040   2.58093e-039   [-0.000009,-0.000007,]
[10,2,]   50   0.00052033   -4.34886e-040   2.60927e-039   [-0.000009,-0.000008,]
[11,2,]   51   0.00043497   -5.40705e-040   2.79635e-039   [-0.000007,-0.000009,]
[12,2,]   52   0.000309395   -7.25404e-040   3.22358e-039   [-0.000004,-0.000010,]
[13,2,]   53   0.000186212   -1.01695e-039   3.95869e-039   [0.000002,-0.000010,]
[14,2,]   54   9.49623e-005   -1.41874e-039   4.93779e-039   [0.000008,-0.000009,]
[15,2,]   55   4.18067e-005   -1.90102e-039   5.9013e-039   [0.000016,-0.000006,]
[16,2,]   56   1.66018e-005   -2.37464e-039   6.5479e-039   [0.000022,-0.000003,]
[17,2,]   57   6.25517e-006   -2.77115e-039   6.81138e-039   [0.000027,0.000000,]
[18,2,]   58   2.30958e-006   -3.56878e-039   6.92831e-039   [0.000034,0.000003,]
[19,2,]   59   1.07205e-006   -4.65701e-039   7.20642e-039   [0.000035,0.000001,]
[0,3,]   60   7.16566e-007   -3.54276e-039   6.03471e-039   [0.000036,-0.000023,]
[1,3,]   61   2.44223e-006   -2.11847e-039   5.2149e-039   [0.000033,-0.000019,]
[2,3,]   62   6.96087e-006   -3.334e-039   4.48618e-039   [0.000045,-0.000013,]
[3,3,]   63   2.53695e-005   -2.22793e-039   3.84855e-039   [0.000031,-0.000007,]
[4,3,]   64   8.51403e-005   -1.28321e-039   3.30201e-039   [0.000018,-0.000004,]
[5,3,]   65   0.000228657   -6.21774e-040   2.84656e-039   [0.000008,-0.000002,]
[6,3,]   66   0.000482688   -1.99425e-040   2.48223e-039   [0.000001,-0.000002,]
[7,3,]   67   0.000814588   5.51975e-041   2.2092e-039   [-0.000004,-0.000003,]
[8,3,]   68   0.00112437   1.88587e-040   2.02883e-039   [-0.000008,-0.000004,]
[9,3,]   69   0.00129758   2.21424e-040   1.94825e-039   [-0.000010,-0.000005,]
[10,3,]   70   0.00127434   2.01618e-040   1.99497e-039   [-0.000010,-0.000007,]
[11,3,]   71   0.00107232   1.23096e-040   2.24433e-039   [-0.000008,-0.000008,]
[12,3,]   72   0.000769813   -4.18882e-041   2.83053e-039   [-0.000004,-0.000009,]
[13,3,]   73   0.000467863   -3.09262e-040   3.86525e-039   [0.000002,-0.000009,]
[14,3,]   74   0.00024064   -6.97056e-040   5.24314e-039   [0.000010,-0.000008,]
[15,3,]   75   0.000107009   -1.18233e-039   6.53624e-039   [0.000019,-0.000005,]
[16,3,]   76   4.3526e-005   -1.62571e-039   7.24775e-039   [0.000026,-0.000002,]
[17,3,]   77   1.7186e-005   -1.95402e-039   7.26852e-039   [0.000031,0.000002,]
[18,3,]   78   6.75588e-006   -2.63045e-039   6.98855e-039   [0.000034,0.000004,]
[19,3,]   79   3.25775e-006   -3.51963e-039   6.91526e-039   [0.000032,0.000002,]
[0,4,]   80   1.73975e-006   -2.0898e-039   5.48817e-039   [0.000033,-0.000023,]
[1,4,]   81   5.49023e-006   -1.27065e-039   4.66836e-039   [0.000038,-0.000018,]
[2,4,]   82   1.34117e-005   -3.06718e-039   3.93964e-039   [0.000052,-0.000014,]
[3,4,]   83   4.58719e-005   -2.17619e-039   3.30201e-039   [0.000037,-0.000005,]
[4,4,]   84   0.000160036   -1.00116e-039   2.75547e-039   [0.000021,0.000000,]
[5,4,]   85   0.000443731   -3.00047e-040   2.30003e-039   [0.000009,0.000003,]
[6,4,]   86   0.000952037   1.58328e-040   1.9357e-039   [0.000000,0.000003,]
[7,4,]   87   0.00161287   4.37709e-040   1.66274e-039   [-0.000005,0.000002,]
[8,4,]   88   0.00221805   5.7089e-040   1.48289e-039   [-0.000010,0.000001,]
[9,4,]   89   0.00255151   6.49356e-040   1.40529e-039   [-0.000012,-0.000001,]
[10,4,]   90   0.00250333   6.34907e-040   1.46528e-039   [-0.000012,-0.000003,]
[11,4,]   91   0.00211837   5.48042e-040   1.75958e-039   [-0.000010,-0.000005,]
[12,4,]   92   0.00153713   4.21844e-040   2.46054e-039   [-0.000005,-0.000007,]
[13,4,]   93   0.000943255   1.72519e-040   3.71153e-039   [0.000003,-0.000007,]
[14,4,]   94   0.000488515   -2.05235e-040   5.37729e-039   [0.000012,-0.000006,]
[15,4,]   95   0.00021922   -6.73495e-040   6.9083e-039   [0.000022,-0.000003,]
[16,4,]   96   9.18194e-005   -1.08866e-039   7.66667e-039   [0.000031,0.000001,]
[17,4,]   97   3.85879e-005   -1.32097e-039   7.51223e-039   [0.000034,0.000004,]
[18,4,]   98   1.6376e-005   -1.87369e-039   6.94578e-039   [0.000033,0.000006,]
[19,4,]   99   8.19752e-006   -2.56053e-039   6.61882e-039   [0.000028,0.000002,]
[0,5,]   100   3.79524e-006   -8.09175e-040   5.03272e-039   [0.000031,-0.000022,]
[1,5,]   101   1.0998e-005   -3.99293e-040   4.21291e-039   [0.000041,-0.000018,]
[2,5,]   102   2.24181e-005   -2.54233e-039   3.48419e-039   [0.000060,-0.000017,]
[3,5,]   103   6.65323e-005   -2.28038e-039   2.84656e-039   [0.000047,-0.000002,]
[4,5,]   104   0.000243742   -7.73176e-040   2.30002e-039   [0.000025,0.000005,]
[5,5,]   105   0.000711188   7.22635e-041   1.84458e-039   [0.000010,0.000009,]
[6,5,]   106   0.00155428   5.5008e-040   1.48025e-039   [0.000000,0.000009,]
[7,5,]   107   0.00262862   8.27741e-040   1.20729e-039   [-0.000006,0.000009,]
[8,5,]   108   0.00357306   9.9871e-040   1.02744e-039   [-0.000012,0.000007,]
[9,5,]   109   0.00403535   1.02157e-039   9.49841e-040   [-0.000015,0.000004,]
[10,5,]   110   0.00393034   9.79981e-040   1.00983e-039   [-0.000015,0.000001,]
[11,5,]   111   0.0033622   9.76159e-040   1.30413e-039   [-0.000012,-0.000002,]
[12,5,]   112   0.00246331   8.20981e-040   2.00509e-039   [-0.000006,-0.000004,]
[13,5,]   113   0.00152435   5.87149e-040   3.25608e-039   [0.000003,-0.000004,]
[14,5,]   114   0.000790825   2.08315e-040   4.92184e-039   [0.000014,-0.000003,]
[15,5,]   115   0.000354527   -3.56326e-040   6.45285e-039   [0.000026,0.000000,]
[16,5,]   116   0.000154323   -6.29551e-040   7.21122e-039   [0.000035,0.000004,]
[17,5,]   117   7.08538e-005   -7.45554e-040   7.05678e-039   [0.000037,0.000007,]
[18,5,]   118   3.31189e-005   -1.12273e-039   6.49033e-039   [0.000031,0.000008,]
[19,5,]   119   1.71466e-005   -1.58586e-039   6.16337e-039   [0.000022,0.000002,]
[0,6,]   120   7.75776e-006   2.0251e-040   4.66836e-039   [0.000028,-0.000020,]
[1,6,]   121   1.98576e-005   3.52619e-040   3.84855e-039   [0.000040,-0.000017,]
[2,6,]   122   3.3362e-005   -1.32093e-039   3.11983e-039   [0.000067,-0.000026,]
[3,6,]   123   7.31784e-005   -2.9371e-039   2.4822e-039   [0.000063,-0.000002,]
[4,6,]   124   0.000287346   -7.4058e-040   1.93566e-039   [0.000032,0.000012,]
[5,6,]   125   0.000915378   4.22204e-040   1.48021e-039   [0.000012,0.000015,]
[6,6,]   126   0.00205671   9.48323e-040   1.11588e-039   [0.000000,0.000016,]
[7,6,]   127   0.0034536   1.26918e-039   8.42851e-040   [-0.000008,0.000015,]
[8,6,]   128   0.00454668   1.36954e-039   6.62484e-040   [-0.000015,0.000013,]
[9,6,]   129   0.00496822   1.39393e-039   5.81904e-040   [-0.000019,0.000010,]
[10,6,]   130   0.00478339   1.34678e-039   6.28624e-040   [-0.000019,0.000005,]
[11,6,]   131   0.00413636   1.2958e-039   8.77978e-040   [-0.000015,-0.000002,]
[12,6,]   132   0.00309332   1.17411e-039   1.46418e-039   [-0.000007,-0.000004,]
[13,6,]   133   0.00193163   8.90064e-040   2.4989e-039   [0.000003,-0.000005,]
[14,6,]   134   0.000995553   4.47308e-040   3.87679e-039   [0.000016,-0.000004,]
[15,6,]   135   0.000443711   -1.4025e-040   5.16989e-039   [0.000030,0.000003,]
[16,6,]   136   0.000200035   -5.40255e-040   5.8814e-039   [0.000041,0.000007,]
[17,6,]   137   0.000106267   -7.59275e-041   5.90217e-039   [0.000039,0.000011,]
[18,6,]   138   5.58479e-005   -3.54939e-040   5.6222e-039   [0.000026,0.000010,]
[19,6,]   139   2.96581e-005   -6.12839e-040   5.54891e-039   [0.000014,0.000001,]
[0,7,]   140   1.5063e-005   1.19659e-039   4.39509e-039   [0.000026,-0.000019,]
[1,7,]   141   3.2373e-005   1.00591e-039   3.57528e-039   [0.000033,-0.000017,]
[2,7,]   142   4.36729e-005   2.34113e-040   2.84656e-039   [0.000072,-0.000037,]
[3,7,]   143   5.55049e-005   -5.25468e-039   2.20893e-039   [0.000091,-0.000010,]
[4,7,]   144   0.000238392   -1.39546e-039   1.66239e-039   [0.000044,0.000025,]
[5,7,]   145   0.00089746   6.58832e-040   1.20694e-039   [0.000013,0.000025,]
[6,7,]   146   0.00210782   1.31145e-039   8.42599e-040   [0.000000,0.000024,]
[7,7,]   147   0.00345737   1.57567e-039   5.69475e-040   [-0.000010,0.000023,]
[8,7,]   148   0.00429792   1.72006e-039   3.88395e-040   [-0.000018,0.000021,]
[9,7,]   149   0.0043204   1.39181e-039   3.0368e-040   [-0.000024,0.000017,]
[10,7,]   150   0.00408256   1.08296e-039   3.32016e-040   [-0.000028,0.000004,]
[11,7,]   151   0.00370155   1.48857e-039   5.19099e-040   [-0.000022,-0.000006,]
[12,7,]   152   0.00290253   1.37678e-039   9.46332e-040   [-0.000010,-0.000013,]
[13,7,]   153   0.00186444   1.13816e-039   1.68144e-039   [0.000003,-0.000014,]
[14,7,]   154   0.000946234   5.47615e-040   2.66054e-039   [0.000021,-0.000010,]
[15,7,]   155   0.000408734   -4.2612e-040   3.62405e-039   [0.000038,-0.000002,]
[16,7,]   156   0.000196831   -4.38189e-040   4.27065e-039   [0.000050,0.000015,]
[17,7,]   157   0.000128336   4.83371e-040   4.53413e-039   [0.000038,0.000014,]
[18,7,]   158   7.77525e-005   4.1299e-040   4.65106e-039   [0.000019,0.000012,]
[19,7,]   159   4.21147e-005   2.85221e-040   4.92917e-039   [0.000004,0.000001,]
[0,8,]   160   2.60699e-005   2.08091e-039   4.21291e-039   [0.000022,-0.000017,]
[1,8,]   161   4.72706e-005   1.24341e-039   3.3931e-039   [0.000021,-0.000018,]
[2,8,]   162   5.2778e-005   1.73835e-039   2.66438e-039   [0.000064,-0.000033,]
[3,8,]   163   3.14898e-005   -9.02647e-039   2.02675e-039   [0.000138,-0.000047,]
[4,8,]   164   0.000119479   -5.26405e-039   1.48021e-039   [0.000073,0.000039,]
[5,8,]   165   0.000624538   1.16809e-040   1.02476e-039   [0.000008,0.000041,]
[6,8,]   166   0.00157383   1.17671e-039   6.6041e-040   [-0.000003,0.000040,]
[7,8,]   167   0.00247822   1.5676e-039   3.87209e-040   [-0.000010,0.000038,]
[8,8,]   168   0.00268334   1.05734e-039   2.05549e-040   [-0.000021,0.000032,]
[9,8,]   169   0.00230321   -3.7312e-040   1.1747e-040   [-0.000041,0.000028,]
[10,8,]   170   0.0023533   9.93548e-040   1.30855e-040   [-0.000047,-0.000000,]
[11,8,]   171   0.00215658   5.8647e-040   2.67289e-040   [-0.000032,-0.000024,]
[12,8,]   172   0.00191066   8.85479e-040   5.65224e-040   [-0.000014,-0.000037,]
[13,8,]   173   0.00130166   6.96358e-040   1.05665e-039   [0.000005,-0.000038,]
[14,8,]   174   0.000641871   -4.41686e-041   1.71139e-039   [0.000025,-0.000031,]
[15,8,]   175   0.000269783   -4.60749e-040   2.40683e-039   [0.000061,-0.000013,]
[16,8,]   176   0.000130799   -2.63073e-039   3.00064e-039   [0.000070,0.000014,]
[17,8,]   177   0.000126812   1.45151e-039   3.46153e-039   [0.000026,0.000023,]
[18,8,]   178   8.80415e-005   7.89835e-040   3.90126e-039   [0.000010,0.000014,]
[19,8,]   179   4.96649e-005   1.01947e-039   4.46519e-039   [-0.000007,0.000001,]
[0,9,]   180   3.56397e-005   2.36815e-039   4.12182e-039   [0.000017,-0.000009,]
[1,9,]   181   6.46481e-005   1.71921e-039   3.30201e-039   [0.000018,-0.000017,]
[2,9,]   182   6.23286e-005   7.18104e-040   2.57329e-039   [0.000026,-0.000033,]
[3,9,]   183   2.60034e-005   -1.09817e-038   1.93566e-039   [0.000138,-0.000126,]
[4,9,]   184   5.05139e-005   -1.41096e-038   1.38912e-039   [0.000147,0.000111,]
[5,9,]   185   0.000358156   -1.63271e-039   9.33673e-040   [-0.000005,0.000088,]
[6,9,]   186   0.000921387   -2.66326e-040   5.69315e-040   [-0.000004,0.000073,]
[7,9,]   187   0.00130101   -4.9638e-040   2.96071e-040   [-0.000011,0.000080,]
[8,9,]   188   0.00121791   -9.24385e-040   1.14082e-040   [-0.000014,0.000106,]
[9,9,]   189   0.000832852   -4.80437e-039   2.40997e-041   [-0.000081,0.000110,]
[10,9,]   190   0.000774022   -4.95716e-039   2.90238e-041   [-0.000105,-0.000091,]
[11,9,]   191   0.000797021   -5.99124e-039   1.36795e-040   [-0.000045,-0.000105,]
[12,9,]   192   0.00103109   -1.31941e-039   3.61559e-040   [-0.000017,-0.000081,]
[13,9,]   193   0.000782466   -9.68461e-040   7.15085e-040   [0.000009,-0.000075,]
[14,9,]   194   0.00033341   -2.96534e-039   1.18627e-039   [0.000028,-0.000084,]
[15,9,]   195   9.90229e-005   -6.64051e-039   1.73001e-039   [0.000098,-0.000097,]
[16,9,]   196   8.02909e-005   -5.19307e-040   2.29394e-039   [0.000061,0.000089,]
[17,9,]   197   0.000104408   2.15261e-039   2.86655e-039   [0.000021,0.000036,]
[18,9,]   198   8.44898e-005   1.4425e-039   3.48895e-039   [-0.000002,0.000015,]
[19,9,]   199   4.74125e-005   1.61671e-039   4.21463e-039   [-0.000018,0.000002,]
[0,10,]   200   4.53434e-005   1.64752e-039   4.12182e-039   [0.000012,-0.000002,]
[1,10,]   201   8.38466e-005   1.48234e-039   3.30201e-039   [0.000002,-0.000015,]
[2,10,]   202   0.00010498   2.21022e-039   2.57329e-039   [-0.000021,-0.000035,]
[3,10,]   203   8.02527e-005   -5.58528e-040   1.93566e-039   [-0.000061,-0.000089,]
[4,10,]   204   9.80869e-005   -6.85723e-039   1.38912e-039   [-0.000099,0.000101,]
[5,10,]   205   0.000335256   -2.9685e-039   9.33673e-040   [-0.000028,0.000089,]
[6,10,]   206   0.000788253   -9.68797e-040   5.69313e-040   [-0.000008,0.000079,]
[7,10,]   207   0.00103535   -1.32627e-039   2.96051e-040   [0.000017,0.000085,]
[8,10,]   208   0.000792409   -6.02909e-039   1.13925e-040   [0.000044,0.000109,]
[9,10,]   209   0.000753004   -5.18e-039   2.31527e-041   [0.000108,0.000096,]
[10,10,]   210   0.000799683   -5.07763e-039   2.45635e-041   [0.000084,-0.000108,]
[11,10,]   211   0.00117422   -1.03793e-039   1.20433e-040   [0.000014,-0.000103,]
[12,10,]   212   0.00125798   -5.91247e-040   3.14813e-040   [0.000011,-0.000076,]
[13,10,]   213   0.000892823   -3.51343e-040   6.11077e-040   [0.000004,-0.000070,]
[14,10,]   214   0.000347833   -1.69773e-039   1.00604e-039   [0.000005,-0.000085,]
[15,10,]   215   4.8793e-005   -1.42915e-038   1.48679e-039   [-0.000151,-0.000107,]
[16,10,]   216   2.49865e-005   -1.12577e-038   2.03831e-039   [-0.000140,0.000129,]
[17,10,]   217   6.17006e-005   6.8161e-040   2.65731e-039   [-0.000024,0.000034,]
[18,10,]   218   6.5744e-005   1.73801e-039   3.35557e-039   [-0.000019,0.000019,]
[19,10,]   219   3.81945e-005   2.40336e-039   4.14841e-039   [-0.000028,0.000010,]
[0,11,]   220   4.91942e-005   1.04439e-039   4.21291e-039   [0.000006,-0.000001,]
[1,11,]   221   8.80442e-005   8.12596e-040   3.3931e-039   [-0.000010,-0.000013,]
[2,11,]   222   0.000126869   1.46895e-039   2.66438e-039   [-0.000025,-0.000021,]
[3,11,]   223   0.000130054   -2.6483e-039   2.02675e-039   [-0.000069,-0.000012,]
[4,11,]   224   0.00026786   -4.49568e-040   1.48021e-039   [-0.000061,0.000017,]
[5,11,]   225   0.00063707   -6.01512e-041   1.02476e-039   [-0.000025,0.000036,]
[6,11,]   226   0.00129013   6.7391e-040   6.60403e-040   [-0.000005,0.000043,]
[7,11,]   227   0.00188391   8.46374e-040   3.87134e-040   [0.000014,0.000043,]
[8,11,]   228   0.00210575   5.00634e-040   2.04967e-040   [0.000032,0.000030,]
[9,11,]   229   0.00228143   9.1738e-040   1.13947e-040   [0.000047,0.000006,]
[10,11,]   230   0.0022194   -4.80187e-040   1.14262e-040   [0.000042,-0.000024,]
[11,11,]   231   0.00259248   9.68943e-040   2.06419e-040   [0.000021,-0.000028,]
[12,11,]   232   0.00240593   1.49921e-039   3.91321e-040   [0.000011,-0.000034,]
[13,11,]   233   0.00153269   1.10704e-039   6.69721e-040   [0.000003,-0.000035,]
[14,11,]   234   0.000608304   3.83064e-041   1.04091e-039   [-0.000008,-0.000037,]
[15,11,]   235   0.000114411   -5.51843e-039   1.502e-039   [-0.000075,-0.000035,]
[16,11,]   236   2.9306e-005   -9.67269e-039   2.04966e-039   [-0.000141,0.000053,]
[17,11,]   237   5.20964e-005   1.78012e-039   2.68313e-039   [-0.000065,0.000036,]
[18,11,]   238   4.75726e-005   1.1892e-039   3.40505e-039   [-0.000021,0.000021,]
[19,11,]   239   2.72754e-005   2.05444e-039   4.21885e-039   [-0.000030,0.000020,]
[0,12,]   240   4.33322e-005   3.01989e-040   4.39509e-039   [0.000002,0.000000,]
[1,12,]   241   7.83096e-005   4.11813e-040   3.57528e-039   [-0.000017,-0.000011,]
[2,12,]   242   0.000127928   4.75552e-040   2.84656e-039   [-0.000036,-0.000012,]
[3,12,]   243   0.00019533   -4.36546e-040   2.20893e-039   [-0.000048,-0.000012,]
[4,12,]   244   0.000404932   -4.25684e-040   1.66239e-039   [-0.000036,0.000006,]
[5,12,]   245   0.000937271   5.37105e-040   1.20694e-039   [-0.000020,0.000016,]
[6,12,]   246   0.00184795   1.12675e-039   8.42583e-040   [-0.000003,0.000020,]
[7,12,]   247   0.00287443   1.36039e-039   5.69313e-040   [0.000010,0.000019,]
[8,12,]   248   0.00365684   1.46239e-039   3.87135e-040   [0.000022,0.000013,]
[9,12,]   249   0.00402444   1.05016e-039   2.96057e-040   [0.000028,0.000003,]
[10,12,]   250   0.00424957   1.32556e-039   2.96112e-040   [0.000024,-0.000010,]
[11,12,]   251   0.0042452   1.67021e-039   3.87387e-040   [0.000018,-0.000015,]
[12,12,]   252   0.00343618   1.5396e-039   5.7004e-040   [0.000010,-0.000017,]
[13,12,]   253   0.00210715   1.2829e-039   8.44202e-040   [0.000000,-0.000018,]
[14,12,]   254   0.000900255   6.32982e-040   1.20975e-039   [-0.000013,-0.000019,]
[15,12,]   255   0.000236956   -1.50278e-039   1.66618e-039   [-0.000045,-0.000020,]
[16,12,]   256   5.35855e-005   -5.67129e-039   2.21291e-039   [-0.000094,0.000016,]
[17,12,]   257   4.35643e-005   2.93806e-040   2.84982e-039   [-0.000074,0.000042,]
[18,12,]   258   3.24525e-005   1.0258e-039   3.57736e-039   [-0.000034,0.000021,]
[19,12,]   259   1.491e-005   1.24051e-039   4.39612e-039   [-0.000026,0.000024,]
[0,13,]   260   3.17103e-005   -5.75136e-040   4.66836e-039   [-0.000003,0.000000,]
[1,13,]   261   5.66045e-005   -3.77064e-040   3.84855e-039   [-0.000024,-0.000009,]
[2,13,]   262   0.000105512   -1.0976e-040   3.11983e-039   [-0.000036,-0.000009,]
[3,13,]   263   0.000197859   -5.46056e-040   2.4822e-039   [-0.000038,-0.000004,]
[4,13,]   264   0.000438388   -1.6205e-040   1.93566e-039   [-0.000027,0.000002,]
[5,13,]   265   0.000986874   4.32423e-040   1.48021e-039   [-0.000014,0.000009,]
[6,13,]   266   0.00192445   8.87946e-040   1.11585e-039   [-0.000002,0.000011,]
[7,13,]   267   0.00309601   1.18224e-039   8.42583e-040   [0.000008,0.000011,]
[8,13,]   268   0.00415485   1.31044e-039   6.60403e-040   [0.000015,0.000008,]
[9,13,]   269   0.00481833   1.35643e-039   5.69314e-040   [0.000019,0.000001,]
[10,13,]   270   0.0050259   1.41033e-039   5.69322e-040   [0.000019,-0.000004,]
[11,13,]   271   0.00463319   1.40431e-039   6.60437e-040   [0.000015,-0.000007,]
[12,13,]   272   0.00354986   1.31914e-039   8.42681e-040   [0.000008,-0.000010,]
[13,13,]   273   0.00213387   1.01792e-039   1.11607e-039   [-0.000000,-0.000011,]
[14,13,]   274   0.000957564   5.10722e-040   1.48059e-039   [-0.000013,-0.000010,]
[15,13,]   275   0.000300767   -6.66012e-040   1.93618e-039   [-0.000033,-0.000007,]
[16,13,]   276   7.52605e-005   -3.00592e-039   2.48274e-039   [-0.000065,0.000007,]
[17,13,]   277   3.42096e-005   -1.26203e-039   3.12027e-039   [-0.000070,0.000032,]
[18,13,]   278   1.99852e-005   4.99886e-040   3.84883e-039   [-0.000042,0.000021,]
[19,13,]   279   7.00704e-006   2.88475e-040   4.6685e-039   [-0.000022,0.000026,]
[0,14,]   280   1.89605e-005   -1.52791e-039   5.03272e-039   [-0.000006,-0.000000,]
[1,14,]   281   3.37189e-005   -1.171e-039   4.21291e-039   [-0.000029,-0.000008,]
[2,14,]   282   7.00901e-005   -8.02453e-040   3.48419e-039   [-0.000033,-0.000006,]
[3,14,]   283   0.000152218   -6.43202e-040   2.84656e-039   [-0.000031,-0.000003,]
[4,14,]   284   0.000349804   -3.81771e-040   2.30002e-039   [-0.000021,0.000002,]
[5,14,]   285   0.000784642   1.93969e-040   1.84457e-039   [-0.000011,0.000005,]
[6,14,]   286   0.00152477   5.93656e-040   1.48021e-039   [-0.000001,0.000007,]
[7,14,]   287   0.00248496   8.49982e-040   1.20694e-039   [0.000007,0.000006,]
[8,14,]   288   0.00341824   1.02399e-039   1.02476e-039   [0.000012,0.000004,]
[9,14,]   289   0.00402471   1.04422e-039   9.33673e-040   [0.000015,0.000002,]
[10,14,]   290   0.00416322   1.09951e-039   9.33673e-040   [0.000015,-0.000002,]
[11,14,]   291   0.00371855   1.09158e-039   1.02477e-039   [0.000012,-0.000005,]
[12,14,]   292   0.00276318   9.40254e-040   1.20695e-039   [0.000006,-0.000006,]
[13,14,]   293   0.00165181   6.83371e-040   1.48024e-039   [-0.000001,-0.000007,]
[14,14,]   294   0.00076442   2.34169e-040   1.84461e-039   [-0.000010,-0.000006,]
[15,14,]   295   0.000264055   -5.81874e-040   2.30008e-039   [-0.000026,-0.000003,]
[16,14,]   296   7.16006e-005   -2.12889e-039   2.84662e-039   [-0.000049,0.000005,]
[17,14,]   297   2.36084e-005   -2.44185e-039   3.48424e-039   [-0.000063,0.000021,]
[18,14,]   298   1.10431e-005   -1.93432e-040   4.21294e-039   [-0.000043,0.000021,]
[19,14,]   299   3.07195e-006   -8.06942e-040   5.03274e-039   [-0.000017,0.000026,]
[0,15,]   300   9.33181e-006   -2.47416e-039   5.48817e-039   [-0.000008,-0.000001,]
[1,15,]   301   1.67385e-005   -1.94178e-039   4.66836e-039   [-0.000032,-0.000007,]
[2,15,]   302   3.80963e-005   -1.38776e-039   3.93964e-039   [-0.000031,-0.000005,]
[3,15,]   303   9.04319e-005   -1.10003e-039   3.30201e-039   [-0.000026,-0.000002,]
[4,15,]   304   0.000215948   -6.96719e-040   2.75547e-039   [-0.000018,0.000001,]
[5,15,]   305   0.000483552   -2.21485e-040   2.30002e-039   [-0.000009,0.000004,]
[6,15,]   306   0.000940389   1.69464e-040   1.93566e-039   [-0.000001,0.000005,]
[7,15,]   307   0.00154447   4.34631e-040   1.66239e-039   [0.000006,0.000004,]
[8,15,]   308   0.00214428   5.75794e-040   1.48021e-039   [0.000010,0.000003,]
[9,15,]   309   0.00255085   6.72941e-040   1.38912e-039   [0.000012,0.000001,]
[10,15,]   310   0.00261683   6.96186e-040   1.38912e-039   [0.000012,-0.000001,]
[11,15,]   311   0.00229035   6.2441e-040   1.48021e-039   [0.000010,-0.000003,]
[12,15,]   312   0.00167796   4.96295e-040   1.66239e-039   [0.000005,-0.000005,]
[13,15,]   313   0.000999293   2.28011e-040   1.93566e-039   [-0.000001,-0.000005,]
[14,15,]   314   0.000470677   -2.07537e-040   2.30003e-039   [-0.000009,-0.000004,]
[15,15,]   315   0.000171498   -8.69788e-040   2.75548e-039   [-0.000021,-0.000002,]
[16,15,]   316   4.92004e-005   -2.02446e-039   3.30202e-039   [-0.000038,0.000003,]
[17,15,]   317   1.40289e-005   -3.00072e-039   3.93965e-039   [-0.000054,0.000013,]
[18,15,]   318   5.36259e-006   -1.14238e-039   4.66836e-039   [-0.000038,0.000018,]
[19,15,]   319   1.26496e-006   -2.33895e-039   5.48817e-039   [-0.000011,0.000025,]
[0,16,]   320   3.79877e-006   -3.40586e-039   6.03471e-039   [-0.000010,-0.000001,]
[1,16,]   321   6.93195e-006   -2.70995e-039   5.2149e-039   [-0.000034,-0.000005,]
[2,16,]   322   1.69693e-005   -2.01462e-039   4.48618e-039   [-0.000028,-0.000004,]
[3,16,]   323   4.28642e-005   -1.62178e-039   3.84855e-039   [-0.000023,-0.000002,]
[4,16,]   324   0.000105178   -1.19434e-039   3.30201e-039   [-0.000016,0.000001,]
[5,16,]   325   0.000236694   -7.17803e-040   2.84656e-039   [-0.000008,0.000003,]
[6,16,]   326   0.000461125   -3.384e-040   2.4822e-039   [-0.000001,0.000003,]
[7,16,]   327   0.000760595   -7.8086e-041   2.20893e-039   [0.000005,0.000003,]
[8,16,]   328   0.00106184   8.00001e-041   2.02675e-039   [0.000009,0.000002,]
[9,16,]   329   0.00126404   1.50826e-040   1.93566e-039   [0.000011,0.000001,]
[10,16,]   330   0.00128871   1.59675e-040   1.93566e-039   [0.000010,-0.000001,]
[11,16,]   331   0.00111801   1.13158e-040   2.02675e-039   [0.000008,-0.000002,]
[12,16,]   332   0.000811453   -3.34208e-041   2.20893e-039   [0.000005,-0.000003,]
[13,16,]   333   0.000482462   -2.96363e-040   2.4822e-039   [-0.000001,-0.000003,]
[14,16,]   334   0.000229903   -7.13925e-040   2.84656e-039   [-0.000008,-0.000003,]
[15,16,]   335   8.6303e-005   -1.34557e-039   3.30201e-039   [-0.000018,-0.000001,]
[16,16,]   336   2.58138e-005   -2.2506e-039   3.84855e-039   [-0.000032,0.000003,]
[17,16,]   337   6.94095e-006   -3.39512e-039   4.48618e-039   [-0.000047,0.000009,]
[18,16,]   338   2.25899e-006   -2.14205e-039   5.2149e-039   [-0.000032,0.000015,]
[19,16,]   339   4.7463e-007   -4.09362e-039   6.03471e-039   [-0.000005,0.000022,]
[0,17,]   340   1.2727e-006   -4.45839e-039   6.67234e-039   [-0.000011,-0.000001,]
[1,17,]   341   2.3737e-006   -3.60245e-039   5.85253e-039   [-0.000035,-0.000004,]
[2,17,]   342   6.17548e-006   -2.77079e-039   5.12381e-039   [-0.000026,-0.000003,]
[3,17,]   343   1.63485e-005   -2.30065e-039   4.48618e-039   [-0.000020,-0.000001,]
[4,17,]   344   4.09877e-005   -1.84584e-039   3.93964e-039   [-0.000014,0.000001,]
[5,17,]   345   9.27259e-005   -1.38377e-039   3.48419e-039   [-0.000007,0.000003,]
[6,17,]   346   0.000181074   -1.00842e-039   3.11983e-039   [-0.000001,0.000003,]
[7,17,]   347   0.000299598   -7.44153e-040   2.84656e-039   [0.000004,0.000003,]
[8,17,]   348   0.000419344   -5.86326e-040   2.66438e-039   [0.000008,0.000002,]
[9,17,]   349   0.000499267   -5.06619e-040   2.57329e-039   [0.000009,0.000001,]
[10,17,]   350   0.00050672   -4.99248e-040   2.57329e-039   [0.000009,-0.000000,]
[11,17,]   351   0.000436164   -5.67958e-040   2.66438e-039   [0.000007,-0.000001,]
[12,17,]   352   0.000314545   -7.18821e-040   2.84656e-039   [0.000004,-0.000002,]
[13,17,]   353   0.00018677   -9.85128e-040   3.11983e-039   [-0.000001,-0.000002,]
[14,17,]   354   8.97497e-005   -1.38947e-039   3.48419e-039   [-0.000007,-0.000002,]
[15,17,]   355   3.44422e-005   -1.96592e-039   3.93964e-039   [-0.000016,-0.000001,]
[16,17,]   356   1.06113e-005   -2.76266e-039   4.48618e-039   [-0.000027,0.000002,]
[17,17,]   357   2.80393e-006   -3.87304e-039   5.12381e-039   [-0.000040,0.000008,]
[18,17,]   358   8.1039e-007   -3.22159e-039   5.85253e-039   [-0.000025,0.000014,]
[19,17,]   359   1.5817e-007   -5.87999e-039   6.67234e-039   [0.000001,0.000021,]
[0,18,]   360   3.59343e-007   -5.78135e-039   7.40106e-039   [-0.000011,0.000012,]
[1,18,]   361   6.82269e-007   -4.71217e-039   6.58125e-039   [-0.000036,0.000008,]
[2,18,]   362   1.86298e-006   -3.74039e-039   5.85253e-039   [-0.000024,0.000007,]
[3,18,]   363   5.12141e-006   -3.19602e-039   5.2149e-039   [-0.000018,0.000007,]
[4,18,]   364   1.30782e-005   -2.7392e-039   4.66836e-039   [-0.000012,0.000008,]
[5,18,]   365   2.97834e-005   -2.29091e-039   4.21291e-039   [-0.000006,0.000009,]
[6,18,]   366   5.83166e-005   -1.92486e-039   3.84855e-039   [-0.000001,0.000009,]
[7,18,]   367   9.6683e-005   -1.65432e-039   3.57528e-039   [0.000004,0.000009,]
[8,18,]   368   0.000135481   -1.47614e-039   3.3931e-039   [0.000007,0.000008,]
[9,18,]   369   0.000161039   -1.38355e-039   3.30201e-039   [0.000008,0.000008,]
[10,18,]   370   0.000162703   -1.36754e-039   3.30201e-039   [0.000008,0.000007,]
[11,18,]   371   0.000139216   -1.4282e-039   3.3931e-039   [0.000006,0.000006,]
[12,18,]   372   9.98675e-005   -1.58315e-039   3.57528e-039   [0.000003,0.000006,]
[13,18,]   373   5.92466e-005   -1.84523e-039   3.84855e-039   [-0.000001,0.000006,]
[14,18,]   374   2.86599e-005   -2.23436e-039   4.21291e-039   [-0.000006,0.000006,]
[15,18,]   375   1.11834e-005   -2.78576e-039   4.66836e-039   [-0.000014,0.000006,]
[16,18,]   376   3.53596e-006   -3.51359e-039   5.2149e-039   [-0.000023,0.000008,]
[17,18,]   377   9.37465e-007   -4.65031e-039   5.85253e-039   [-0.000035,0.000012,]
[18,18,]   378   2.50817e-007   -4.63953e-039   6.58125e-039   [-0.000019,0.000019,]
[19,18,]   379   4.7455e-008   -7.94353e-039   7.40106e-039   [0.000006,0.000024,]
[0,19,]   380   1.06398e-007   -8.05236e-039   8.22087e-039   [-0.000011,0.000025,]
[1,19,]   381   1.90641e-007   -6.99266e-039   7.40106e-039   [-0.000040,0.000019,]
[2,19,]   382   5.21231e-007   -5.76992e-039   6.67234e-039   [-0.000026,0.000016,]
[3,19,]   383   1.47037e-006   -4.99537e-039   6.03471e-039   [-0.000019,0.000015,]
[4,19,]   384   3.86442e-006   -4.38369e-039   5.48817e-039   [-0.000012,0.000014,]
[5,19,]   385   8.97399e-006   -3.8562e-039   5.03272e-039   [-0.000006,0.000015,]
[6,19,]   386   1.7706e-005   -3.45534e-039   4.66836e-039   [-0.000001,0.000015,]
[7,19,]   387   2.92787e-005   -3.17304e-039   4.39509e-039   [0.000003,0.000015,]
[8,19,]   388   4.06107e-005   -3.00231e-039   4.21291e-039   [0.000006,0.000014,]
[9,19,]   389   4.75771e-005   -2.93736e-039   4.12182e-039   [0.000007,0.000014,]
[10,19,]   390   4.73393e-005   -2.96307e-039   4.12182e-039   [0.000007,0.000013,]
[11,19,]   391   3.99857e-005   -3.06698e-039   4.21291e-039   [0.000006,0.000013,]
[12,19,]   392   2.84508e-005   -3.25056e-039   4.39509e-039   [0.000003,0.000013,]
[13,19,]   393   1.68302e-005   -3.51453e-039   4.66836e-039   [-0.000001,0.000013,]
[14,19,]   394   8.17233e-006   -3.86597e-039   5.03272e-039   [-0.000006,0.000013,]
[15,19,]   395   3.24105e-006   -4.3163e-039   5.48817e-039   [-0.000014,0.000012,]
[16,19,]   396   1.06965e-006   -4.82502e-039   6.03471e-039   [-0.000021,0.000013,]
[17,19,]   397   3.07874e-007   -5.66596e-039   6.67234e-039   [-0.000028,0.000016,]
[18,19,]   398   8.86004e-008   -6.00482e-039   7.40106e-039   [-0.000013,0.000024,]
[19,19,]   399   1.87817e-008   -8.71432e-039   8.22087e-039   [0.000009,0.000028,]
