coordinates  index   rho      Q      V    velocities 
[0,0,]   0   3.28066e-008   -8.38259e-039   8.22091e-039   [0.000034,-0.000000,]
[1,0,]   1   1.2009e-007   -5.81623e-039   7.40133e-039   [0.000021,0.000000,]
[2,0,]   2   3.88985e-007   -5.32593e-039   6.67391e-039   [0.000027,0.000002,]
[3,0,]   3   1.25509e-006   -4.54888e-039   6.04191e-039   [0.000020,0.000004,]
[4,0,]   4   3.61576e-006   -4.00127e-039   5.51393e-039   [0.000013,0.000005,]
[5,0,]   5   8.79639e-006   -3.58023e-039   5.1045e-039   [0.000006,0.000006,]
[6,0,]   6   1.76845e-005   -3.26972e-039   4.82412e-039   [0.000001,0.000007,]
[7,0,]   7   2.94184e-005   -3.04951e-039   4.65832e-039   [-0.000003,0.000007,]
[8,0,]   8   4.0908e-005   -2.90626e-039   4.55937e-039   [-0.000006,0.000007,]
[9,0,]   9   4.80785e-005   -2.83326e-039   4.47697e-039   [-0.000007,0.000007,]
[10,0,]   10   4.80703e-005   -2.83209e-039   4.40534e-039   [-0.000007,0.000007,]
[11,0,]   11   4.08637e-005   -2.91194e-039   4.38918e-039   [-0.000006,0.000007,]
[12,0,]   12   2.9342e-005   -3.08429e-039   4.48044e-039   [-0.000003,0.000006,]
[13,0,]   13   1.76505e-005   -3.35875e-039   4.70055e-039   [0.000001,0.000006,]
[14,0,]   14   8.8637e-006   -3.74409e-039   5.04217e-039   [0.000006,0.000007,]
[15,0,]   15   3.75272e-006   -4.24746e-039   5.49033e-039   [0.000012,0.000008,]
[16,0,]   16   1.38651e-006   -4.84923e-039   6.0351e-039   [0.000019,0.000009,]
[17,0,]   17   4.73814e-007   -5.50447e-039   6.6724e-039   [0.000026,0.000012,]
[18,0,]   18   1.5856e-007   -6.44688e-039   7.40107e-039   [0.000035,0.000014,]
[19,0,]   19   6.33297e-008   -8.18539e-039   8.22087e-039   [0.000038,0.000014,]
[0,1,]   20   9.91778e-008   -6.61468e-039   7.40116e-039   [0.000033,-0.000021,]
[1,1,]   21   3.73014e-007   -4.22494e-039   6.58197e-039   [0.000026,-0.000018,]
[2,1,]   22   1.23397e-006   -4.1071e-039   5.85679e-039   [0.000032,-0.000013,]
[3,1,]   23   4.13584e-006   -3.29601e-039   5.23447e-039   [0.000023,-0.000010,]
[4,1,]   24   1.22805e-005   -2.61842e-039   4.73838e-039   [0.000014,-0.000008,]
[5,1,]   25   3.04149e-005   -2.09531e-039   4.40801e-039   [0.000007,-0.000007,]
[6,1,]   26   6.16882e-005   -1.72612e-039   4.27193e-039   [0.000001,-0.000006,]
[7,1,]   27   0.000102839   -1.48543e-039   4.29081e-039   [-0.000003,-0.000006,]
[8,1,]   28   0.000142547   -1.34927e-039   4.33488e-039   [-0.000005,-0.000006,]
[9,1,]   29   0.000166343   -1.29673e-039   4.26739e-039   [-0.000007,-0.000005,]
[10,1,]   30   0.000164824   -1.31458e-039   4.07269e-039   [-0.000007,-0.000005,]
[11,1,]   31   0.000138939   -1.40244e-039   3.87226e-039   [-0.000006,-0.000006,]
[12,1,]   32   9.9198e-005   -1.57157e-039   3.80729e-039   [-0.000003,-0.000006,]
[13,1,]   33   5.95942e-005   -1.83761e-039   3.93604e-039   [0.000001,-0.000006,]
[14,1,]   34   3.00681e-005   -2.21068e-039   4.23861e-039   [0.000006,-0.000006,]
[15,1,]   35   1.28951e-005   -2.68017e-039   4.67424e-039   [0.000013,-0.000005,]
[16,1,]   36   4.8734e-006   -3.18038e-039   5.21595e-039   [0.000020,-0.000003,]
[17,1,]   37   1.71479e-006   -3.62444e-039   5.85268e-039   [0.000026,-0.000002,]
[18,1,]   38   5.88705e-007   -4.26483e-039   6.58127e-039   [0.000033,-0.000001,]
[19,1,]   39   2.34423e-007   -5.71086e-039   7.40106e-039   [0.000034,-0.000004,]
[0,2,]   40   3.43094e-007   -4.96139e-039   6.67254e-039   [0.000032,-0.000017,]
[1,2,]   41   1.19562e-006   -3.02329e-039   5.85406e-039   [0.000029,-0.000015,]
[2,2,]   42   3.69693e-006   -3.23415e-039   5.13283e-039   [0.000036,-0.000012,]
[3,2,]   43   1.22317e-005   -2.50297e-039   4.52761e-039   [0.000026,-0.000009,]
[4,2,]   44   3.68519e-005   -1.80839e-039   4.08787e-039   [0.000016,-0.000006,]
[5,2,]   45   9.27118e-005   -1.27055e-039   3.89722e-039   [0.000008,-0.000004,]
[6,2,]   46   0.000189796   -8.99576e-040   4.01613e-039   [0.000002,-0.000004,]
[7,2,]   47   0.000317354   -6.65166e-040   4.36134e-039   [-0.000002,-0.000003,]
[8,2,]   48   0.000439416   -5.36729e-040   4.65813e-039   [-0.000005,-0.000003,]
[9,2,]   49   0.000511578   -4.8677e-040   4.617e-039   [-0.000007,-0.000002,]
[10,2,]   50   0.000506282   -4.99677e-040   4.20482e-039   [-0.000007,-0.000002,]
[11,2,]   51   0.000427106   -5.76334e-040   3.67875e-039   [-0.000006,-0.000003,]
[12,2,]   52   0.000305548   -7.33995e-040   3.33772e-039   [-0.000004,-0.000003,]
[13,2,]   53   0.000183834   -9.9716e-040   3.30505e-039   [0.000001,-0.000003,]
[14,2,]   54   9.27731e-005   -1.38214e-039   3.53859e-039   [0.000007,-0.000002,]
[15,2,]   55   3.98476e-005   -1.87651e-039   3.95208e-039   [0.000015,-0.000001,]
[16,2,]   56   1.52304e-005   -2.3915e-039   4.4884e-039   [0.000022,0.000001,]
[17,2,]   57   5.53385e-006   -2.79182e-039   5.12412e-039   [0.000028,0.000004,]
[18,2,]   58   1.9975e-006   -3.33543e-039   5.85257e-039   [0.000033,0.000006,]
[19,2,]   59   8.29137e-007   -4.55972e-039   6.67235e-039   [0.000032,0.000004,]
[0,3,]   60   1.02229e-006   -3.65043e-039   6.03505e-039   [0.000029,-0.000017,]
[1,3,]   61   3.22614e-006   -2.18905e-039   5.21742e-039   [0.000030,-0.000016,]
[2,3,]   62   9.04855e-006   -2.73502e-039   4.50105e-039   [0.000040,-0.000013,]
[3,3,]   63   2.91249e-005   -2.06377e-039   3.91686e-039   [0.000030,-0.000008,]
[4,3,]   64   8.93112e-005   -1.2956e-039   3.5464e-039   [0.000018,-0.000005,]
[5,3,]   65   0.000229731   -6.92827e-040   3.52753e-039   [0.000009,-0.000003,]
[6,3,]   66   0.000476976   -2.82632e-040   3.95995e-039   [0.000002,-0.000002,]
[7,3,]   67   0.000801977   -2.63127e-041   4.70637e-039   [-0.000002,-0.000002,]
[8,3,]   68   0.00111026   1.11911e-040   5.31389e-039   [-0.000005,-0.000002,]
[9,3,]   69   0.00128994   1.62718e-040   5.30517e-039   [-0.000007,-0.000002,]
[10,3,]   70   0.00127605   1.51988e-040   4.62559e-039   [-0.000008,-0.000002,]
[11,3,]   71   0.0010791   8.02343e-041   3.69916e-039   [-0.000007,-0.000003,]
[12,3,]   72   0.000774894   -7.34115e-041   3.01872e-039   [-0.000004,-0.000004,]
[13,3,]   73   0.000467325   -3.37131e-040   2.78757e-039   [0.000001,-0.000004,]
[14,3,]   74   0.000235749   -7.31959e-040   2.93624e-039   [0.000008,-0.000003,]
[15,3,]   75   0.000101309   -1.24306e-039   3.32252e-039   [0.000017,-0.000001,]
[16,3,]   76   3.92763e-005   -1.75037e-039   3.85221e-039   [0.000025,0.000002,]
[17,3,]   77   1.49011e-005   -2.06711e-039   4.48669e-039   [0.000031,0.000005,]
[18,3,]   78   5.73788e-006   -2.48894e-039   5.21496e-039   [0.000033,0.000007,]
[19,3,]   79   2.49917e-006   -3.49794e-039   6.03472e-039   [0.000029,0.000005,]
[0,4,]   80   2.60582e-006   -2.40764e-039   5.4886e-039   [0.000027,-0.000017,]
[1,4,]   81   7.3775e-006   -1.45174e-039   4.6716e-039   [0.000032,-0.000015,]
[2,4,]   82   1.81868e-005   -2.38285e-039   3.95873e-039   [0.000044,-0.000013,]
[3,4,]   83   5.55889e-005   -1.83379e-039   3.38972e-039   [0.000036,-0.000006,]
[4,4,]   84   0.000173808   -9.54787e-040   3.06928e-039   [0.000021,-0.000001,]
[5,4,]   85   0.000459206   -2.7587e-040   3.17441e-039   [0.000010,0.000002,]
[6,4,]   86   0.000968312   1.84769e-040   3.83312e-039   [0.000003,0.000003,]
[7,4,]   87   0.00163411   4.68587e-040   4.86917e-039   [-0.000002,0.000002,]
[8,4,]   88   0.00225377   6.16025e-040   5.70097e-039   [-0.000005,0.000002,]
[9,4,]   89   0.0026056   6.75053e-040   5.71565e-039   [-0.000008,0.000000,]
[10,4,]   90   0.00257372   6.655e-040   4.84306e-039   [-0.000009,-0.000002,]
[11,4,]   91   0.00218477   5.953e-040   3.62763e-039   [-0.000008,-0.000003,]
[12,4,]   92   0.00157888   4.50747e-040   2.70218e-039   [-0.000004,-0.000005,]
[13,4,]   93   0.000955756   1.85912e-040   2.32776e-039   [0.000001,-0.000005,]
[14,4,]   94   0.000481492   -2.25086e-040   2.41518e-039   [0.000010,-0.000004,]
[15,4,]   95   0.0002067   -7.59032e-040   2.78181e-039   [0.000019,-0.000001,]
[16,4,]   96   8.16767e-005   -1.25507e-039   3.3067e-039   [0.000029,0.000003,]
[17,4,]   97   3.28698e-005   -1.46259e-039   3.94029e-039   [0.000034,0.000007,]
[18,4,]   98   1.37191e-005   -1.74322e-039   4.66843e-039   [0.000032,0.000008,]
[19,4,]   99   6.28436e-006   -2.5238e-039   5.48818e-039   [0.000025,0.000005,]
[0,5,]   100   5.79672e-006   -1.13473e-039   5.03315e-039   [0.000024,-0.000016,]
[1,5,]   101   1.47122e-005   -6.57473e-040   4.21615e-039   [0.000034,-0.000014,]
[2,5,]   102   3.07273e-005   -1.97872e-039   3.50328e-039   [0.000050,-0.000012,]
[3,5,]   103   8.49762e-005   -1.70213e-039   2.93427e-039   [0.000044,-0.000003,]
[4,5,]   104   0.000270979   -6.85794e-040   2.61383e-039   [0.000026,0.000005,]
[5,5,]   105   0.00074129   1.07283e-040   2.71896e-039   [0.000012,0.000009,]
[6,5,]   106   0.00158689   6.06538e-040   3.37767e-039   [0.000003,0.000009,]
[7,5,]   107   0.00267106   9.00402e-040   4.41372e-039   [-0.000003,0.000009,]
[8,5,]   108   0.00363785   1.04594e-039   5.24552e-039   [-0.000007,0.000006,]
[9,5,]   109   0.00414907   1.07954e-039   5.2602e-039   [-0.000010,0.000003,]
[10,5,]   110   0.00408164   1.06883e-039   4.38761e-039   [-0.000011,-0.000001,]
[11,5,]   111   0.00349169   1.0161e-039   3.17218e-039   [-0.000010,-0.000004,]
[12,5,]   112   0.00255152   8.77456e-040   2.24673e-039   [-0.000005,-0.000006,]
[13,5,]   113   0.00155423   6.12964e-040   1.87231e-039   [0.000002,-0.000007,]
[14,5,]   114   0.00078033   1.79157e-040   1.95973e-039   [0.000011,-0.000006,]
[15,5,]   115   0.000333078   -4.09178e-040   2.32636e-039   [0.000023,-0.000002,]
[16,5,]   116   0.000135281   -8.7404e-040   2.85125e-039   [0.000035,0.000003,]
[17,5,]   117   5.93676e-005   -9.0549e-040   3.48484e-039   [0.000037,0.000009,]
[18,5,]   118   2.74378e-005   -1.02154e-039   4.21298e-039   [0.000030,0.000010,]
[19,5,]   119   1.32292e-005   -1.55139e-039   5.03273e-039   [0.000021,0.000005,]
[0,6,]   120   1.13507e-005   1.1001e-040   4.6687e-039   [0.000022,-0.000015,]
[1,6,]   121   2.58956e-005   1.88409e-040   3.85107e-039   [0.000034,-0.000014,]
[2,6,]   122   4.42411e-005   -1.32498e-039   3.1347e-039   [0.000055,-0.000016,]
[3,6,]   123   9.96649e-005   -1.86431e-039   2.55051e-039   [0.000056,-0.000003,]
[4,6,]   124   0.00032641   -4.73093e-040   2.18005e-039   [0.000034,0.000011,]
[5,6,]   125   0.00094259   4.23622e-040   2.16118e-039   [0.000014,0.000016,]
[6,6,]   126   0.00205736   9.66324e-040   2.5936e-039   [0.000003,0.000017,]
[7,6,]   127   0.00342583   1.25747e-039   3.34002e-039   [-0.000005,0.000015,]
[8,6,]   128   0.00453644   1.36552e-039   3.94754e-039   [-0.000011,0.000011,]
[9,6,]   129   0.00504286   1.43188e-039   3.93882e-039   [-0.000016,0.000006,]
[10,6,]   130   0.00491787   1.38182e-039   3.25924e-039   [-0.000016,-0.000001,]
[11,6,]   131   0.004275   1.30123e-039   2.33281e-039   [-0.000013,-0.000007,]
[12,6,]   132   0.00319667   1.19516e-039   1.65237e-039   [-0.000007,-0.000010,]
[13,6,]   133   0.00196902   9.22876e-040   1.42122e-039   [0.000002,-0.000011,]
[14,6,]   134   0.00097972   4.36289e-040   1.56989e-039   [0.000014,-0.000009,]
[15,6,]   135   0.000411389   -2.23929e-040   1.95617e-039   [0.000029,-0.000003,]
[16,6,]   136   0.000174154   -6.1614e-040   2.48586e-039   [0.000043,0.000005,]
[17,6,]   137   8.7625e-005   -3.32834e-040   3.12034e-039   [0.000040,0.000012,]
[18,6,]   138   4.60085e-005   -3.04617e-040   3.84861e-039   [0.000026,0.000012,]
[19,6,]   139   2.32902e-005   -5.84505e-040   4.66837e-039   [0.000015,0.000005,]
[0,7,]   140   1.9597e-005   1.17813e-039   4.39529e-039   [0.000019,-0.000015,]
[1,7,]   141   4.02193e-005   9.49674e-040   3.57681e-039   [0.000030,-0.000016,]
[2,7,]   142   5.5268e-005   -1.66562e-040   2.85558e-039   [0.000057,-0.000026,]
[3,7,]   143   8.18255e-005   -2.95916e-039   2.25036e-039   [0.000077,-0.000009,]
[4,7,]   144   0.000272953   -1.00931e-039   1.81062e-039   [0.000047,0.000017,]
[5,7,]   145   0.000901447   5.98073e-040   1.61997e-039   [0.000017,0.000025,]
[6,7,]   146   0.00204155   1.2122e-039   1.73888e-039   [0.000002,0.000025,]
[7,7,]   147   0.00332588   1.49373e-039   2.08409e-039   [-0.000008,0.000023,]
[8,7,]   148   0.00415845   1.59417e-039   2.38088e-039   [-0.000017,0.000018,]
[9,7,]   149   0.00429017   1.36906e-039   2.33975e-039   [-0.000024,0.000009,]
[10,7,]   150   0.00414086   1.2306e-039   1.92757e-039   [-0.000026,-0.000002,]
[11,7,]   151   0.00382393   1.51e-039   1.4015e-039   [-0.000020,-0.000013,]
[12,7,]   152   0.00300475   1.37075e-039   1.06047e-039   [-0.000010,-0.000019,]
[13,7,]   153   0.00189418   1.09509e-039   1.0278e-039   [0.000002,-0.000020,]
[14,7,]   154   0.000922567   5.35294e-040   1.26134e-039   [0.000019,-0.000016,]
[15,7,]   155   0.000365856   -5.67477e-040   1.67483e-039   [0.000039,-0.000005,]
[16,7,]   156   0.000164982   -7.34679e-040   2.21115e-039   [0.000057,0.000010,]
[17,7,]   157   0.000105452   3.43382e-040   2.84687e-039   [0.000041,0.000017,]
[18,7,]   158   6.4729e-005   3.87935e-040   3.57532e-039   [0.000020,0.000014,]
[19,7,]   159   3.42933e-005   3.54822e-040   4.3951e-039   [0.000007,0.000005,]
[0,8,]   160   2.9733e-005   1.93782e-039   4.21301e-039   [0.000015,-0.000014,]
[1,8,]   161   5.52178e-005   1.47889e-039   3.39382e-039   [0.000021,-0.000018,]
[2,8,]   162   6.24234e-005   1.4902e-039   2.66864e-039   [0.000051,-0.000035,]
[3,8,]   163   4.39533e-005   -6.57435e-039   2.04632e-039   [0.000112,-0.000031,]
[4,8,]   164   0.000136434   -4.09389e-039   1.55023e-039   [0.000074,0.000043,]
[5,8,]   165   0.000612464   9.97811e-041   1.21986e-039   [0.000019,0.000042,]
[6,8,]   166   0.00149831   1.05146e-039   1.08378e-039   [0.000000,0.000040,]
[7,8,]   167   0.00233947   1.40143e-039   1.10266e-039   [-0.000011,0.000038,]
[8,8,]   168   0.0025582   1.18066e-039   1.14673e-039   [-0.000026,0.000034,]
[9,8,]   169   0.00225221   3.17001e-040   1.07924e-039   [-0.000041,0.000030,]
[10,8,]   170   0.00220517   6.55299e-040   8.84541e-040   [-0.000043,0.000001,]
[11,8,]   171   0.00225673   9.08253e-040   6.84106e-040   [-0.000030,-0.000034,]
[12,8,]   172   0.00202977   1.03929e-039   6.1914e-040   [-0.000013,-0.000041,]
[13,8,]   173   0.00134815   7.56336e-040   7.47892e-040   [0.000004,-0.000041,]
[14,8,]   174   0.000619079   -6.21379e-041   1.05046e-039   [0.000025,-0.000036,]
[15,8,]   175   0.000218648   -1.49283e-039   1.48609e-039   [0.000061,-0.000010,]
[16,8,]   176   0.000106733   -2.3749e-039   2.0278e-039   [0.000079,0.000026,]
[17,8,]   177   0.00010501   1.36179e-039   2.66453e-039   [0.000034,0.000026,]
[18,8,]   178   7.67795e-005   1.03579e-039   3.39312e-039   [0.000012,0.000016,]
[19,8,]   179   4.23998e-005   1.19193e-039   4.21291e-039   [-0.000001,0.000006,]
[0,9,]   180   3.91333e-005   2.40173e-039   4.12186e-039   [0.000011,-0.000011,]
[1,9,]   181   6.76918e-005   1.69759e-039   3.30228e-039   [0.000010,-0.000018,]
[2,9,]   182   6.69052e-005   1.63953e-039   2.57486e-039   [0.000027,-0.000038,]
[3,9,]   183   2.53291e-005   -1.06819e-038   1.94286e-039   [0.000130,-0.000107,]
[4,9,]   184   4.43192e-005   -1.52974e-038   1.41488e-039   [0.000136,0.000125,]
[5,9,]   185   0.000330324   -2.18366e-039   1.00545e-039   [-0.000004,0.000087,]
[6,9,]   186   0.000891885   -3.56188e-040   7.25065e-040   [-0.000003,0.000074,]
[7,9,]   187   0.00125385   -4.05971e-040   5.59271e-040   [-0.000008,0.000079,]
[8,9,]   188   0.00103808   -2.00047e-039   4.60324e-040   [-0.000011,0.000100,]
[9,9,]   189   0.000591849   -7.35433e-039   3.77916e-040   [-0.000082,0.000117,]
[10,9,]   190   0.000551463   -7.98164e-039   3.06289e-040   [-0.000115,-0.000089,]
[11,9,]   191   0.00084687   -4.23548e-039   2.90133e-040   [-0.000047,-0.000102,]
[12,9,]   192   0.00112244   -7.80032e-040   3.81393e-040   [-0.000010,-0.000082,]
[13,9,]   193   0.000833037   -5.08399e-040   6.01498e-040   [0.000006,-0.000076,]
[14,9,]   194   0.000320439   -2.9455e-039   9.43125e-040   [0.000031,-0.000085,]
[15,9,]   195   7.09589e-005   -9.46176e-039   1.39128e-039   [0.000118,-0.000097,]
[16,9,]   196   5.5736e-005   -2.62754e-039   1.93605e-039   [0.000068,0.000103,]
[17,9,]   197   8.72515e-005   1.79517e-039   2.57335e-039   [0.000013,0.000035,]
[18,9,]   198   7.67069e-005   1.42237e-039   3.30202e-039   [0.000001,0.000018,]
[19,9,]   199   4.43725e-005   1.85013e-039   4.12182e-039   [-0.000009,0.000008,]
[0,10,]   200   4.37818e-005   1.85502e-039   4.12183e-039   [0.000005,-0.000008,]
[1,10,]   201   7.66616e-005   1.4305e-039   3.30209e-039   [-0.000001,-0.000018,]
[2,10,]   202   8.7609e-005   1.81114e-039   2.57374e-039   [-0.000013,-0.000034,]
[3,10,]   203   5.58362e-005   -2.66488e-039   1.93773e-039   [-0.000068,-0.000103,]
[4,10,]   204   7.09938e-005   -9.52552e-039   1.3965e-039   [-0.000118,0.000099,]
[5,10,]   205   0.000321549   -2.95203e-039   9.54236e-040   [-0.000031,0.000086,]
[6,10,]   206   0.000835667   -5.14288e-040   6.13936e-040   [-0.000005,0.000077,]
[7,10,]   207   0.0011251   -7.86586e-040   3.71459e-040   [0.000010,0.000083,]
[8,10,]   208   0.000847994   -4.24043e-039   2.13125e-040   [0.000048,0.000103,]
[9,10,]   209   0.000550586   -7.99777e-039   1.24523e-040   [0.000116,0.000090,]
[10,10,]   210   0.00058822   -7.39499e-039   1.04001e-040   [0.000083,-0.000116,]
[11,10,]   211   0.00103085   -2.01833e-039   1.64365e-040   [0.000012,-0.000098,]
[12,10,]   212   0.00124442   -4.20698e-040   3.20496e-040   [0.000008,-0.000077,]
[13,10,]   213   0.000884043   -3.78505e-040   5.78534e-040   [0.000004,-0.000071,]
[14,10,]   214   0.00032668   -2.22234e-039   9.36381e-040   [0.000005,-0.000084,]
[15,10,]   215   4.3558e-005   -1.54184e-038   1.38974e-039   [-0.000137,-0.000122,]
[16,10,]   216   2.48077e-005   -1.0814e-038   1.93577e-039   [-0.000132,0.000109,]
[17,10,]   217   6.63381e-005   1.62054e-039   2.57331e-039   [-0.000027,0.000040,]
[18,10,]   218   6.76918e-005   1.68856e-039   3.30201e-039   [-0.000010,0.000020,]
[19,10,]   219   3.9769e-005   2.40169e-039   4.12182e-039   [-0.000016,0.000013,]
[0,11,]   220   4.22697e-005   1.19942e-039   4.21291e-039   [0.000000,-0.000006,]
[1,11,]   221   7.68491e-005   1.0411e-039   3.39312e-039   [-0.000012,-0.000016,]
[2,11,]   222   0.000105163   1.36224e-039   2.66448e-039   [-0.000034,-0.000026,]
[3,11,]   223   0.000106778   -2.3808e-039   2.02721e-039   [-0.000079,-0.000026,]
[4,11,]   224   0.000218778   -1.49259e-039   1.48186e-039   [-0.000061,0.000011,]
[5,11,]   225   0.000619574   -6.46235e-041   1.02935e-039   [-0.000025,0.000037,]
[6,11,]   226   0.00134899   7.54614e-040   6.70359e-040   [-0.000004,0.000041,]
[7,11,]   227   0.00202994   1.03834e-039   4.0396e-040   [0.000013,0.000041,]
[8,11,]   228   0.0022549   9.08784e-040   2.27101e-040   [0.000030,0.000035,]
[9,11,]   229   0.00219987   6.56992e-040   1.36566e-040   [0.000044,0.000000,]
[10,11,]   230   0.00224132   3.11794e-040   1.31987e-040   [0.000042,-0.000028,]
[11,11,]   231   0.00254155   1.16684e-039   2.16221e-040   [0.000027,-0.000031,]
[12,11,]   232   0.00232269   1.38099e-039   3.92589e-040   [0.000012,-0.000035,]
[13,11,]   233   0.00148704   1.02265e-039   6.6246e-040   [0.000001,-0.000036,]
[14,11,]   234   0.000607351   6.07166e-041   1.02537e-039   [-0.000019,-0.000038,]
[15,11,]   235   0.000134383   -4.20405e-039   1.48035e-039   [-0.000075,-0.000039,]
[16,11,]   236   4.27328e-005   -6.8467e-039   2.02678e-039   [-0.000113,0.000036,]
[17,11,]   237   6.19011e-005   1.48905e-039   2.66439e-039   [-0.000052,0.000039,]
[18,11,]   238   5.51243e-005   1.45815e-039   3.3931e-039   [-0.000021,0.000021,]
[19,11,]   239   2.99623e-005   1.92935e-039   4.21291e-039   [-0.000019,0.000017,]
[0,12,]   240   3.46326e-005   3.5673e-040   4.39509e-039   [-0.000005,-0.000005,]
[1,12,]   241   6.49327e-005   3.84048e-040   3.57529e-039   [-0.000020,-0.000014,]
[2,12,]   242   0.000105499   3.36288e-040   2.84658e-039   [-0.000041,-0.000017,]
[3,12,]   243   0.000165007   -7.37046e-040   2.20901e-039   [-0.000057,-0.000010,]
[4,12,]   244   0.000366005   -5.65157e-040   1.66268e-039   [-0.000039,0.000005,]
[5,12,]   245   0.000922762   5.3617e-040   1.20774e-039   [-0.000019,0.000016,]
[6,12,]   246   0.00189395   1.09604e-039   8.44313e-040   [-0.000002,0.000020,]
[7,12,]   247   0.0030028   1.37215e-039   5.72237e-040   [0.000010,0.000019,]
[8,12,]   248   0.00381863   1.51223e-039   3.90981e-040   [0.000021,0.000014,]
[9,12,]   249   0.0041306   1.23088e-039   2.99988e-040   [0.000027,0.000004,]
[10,12,]   250   0.0042748   1.36263e-039   2.99192e-040   [0.000026,-0.000006,]
[11,12,]   251   0.00414399   1.58283e-039   3.89091e-040   [0.000019,-0.000014,]
[12,12,]   252   0.00332015   1.48057e-039   5.70261e-040   [0.000010,-0.000018,]
[13,12,]   253   0.0020445   1.19979e-039   8.4294e-040   [-0.000001,-0.000019,]
[14,12,]   254   0.000906246   5.89347e-040   1.20705e-039   [-0.000016,-0.000018,]
[15,12,]   255   0.00027465   -1.03434e-039   1.66242e-039   [-0.000048,-0.000011,]
[16,12,]   256   8.17238e-005   -3.0658e-039   2.20894e-039   [-0.000079,0.000016,]
[17,12,]   257   5.5429e-005   -1.82662e-040   2.84656e-039   [-0.000059,0.000032,]
[18,12,]   258   4.03934e-005   9.64819e-040   3.57528e-039   [-0.000031,0.000021,]
[19,12,]   259   1.95248e-005   1.20484e-039   4.39509e-039   [-0.000020,0.000019,]
[0,13,]   260   2.38571e-005   -5.75509e-040   4.66836e-039   [-0.000009,-0.000005,]
[1,13,]   261   4.62771e-005   -3.15346e-040   3.84855e-039   [-0.000026,-0.000012,]
[2,13,]   262   8.7623e-005   -3.47199e-040   3.11983e-039   [-0.000040,-0.000012,]
[3,13,]   263   0.000174167   -6.15589e-040   2.48221e-039   [-0.000043,-0.000005,]
[4,13,]   264   0.000411393   -2.23955e-040   1.9357e-039   [-0.000029,0.000003,]
[5,13,]   265   0.000979537   4.37092e-040   1.48032e-039   [-0.000014,0.000009,]
[6,13,]   266   0.0019678   9.23763e-040   1.11609e-039   [-0.000002,0.000011,]
[7,13,]   267   0.00319257   1.19555e-039   8.42978e-040   [0.000008,0.000010,]
[8,13,]   268   0.00426628   1.30021e-039   6.60923e-040   [0.000015,0.000008,]
[9,13,]   269   0.00490537   1.3783e-039   5.69846e-040   [0.000019,0.000002,]
[10,13,]   270   0.00503324   1.42691e-039   5.69739e-040   [0.000019,-0.000003,]
[11,13,]   271   0.00454078   1.36423e-039   6.60668e-040   [0.000015,-0.000007,]
[12,13,]   272   0.00344822   1.26671e-039   8.42711e-040   [0.000008,-0.000010,]
[13,13,]   273   0.00208755   9.93207e-040   1.1159e-039   [-0.000001,-0.000011,]
[14,13,]   274   0.000965703   4.73708e-040   1.48023e-039   [-0.000013,-0.000010,]
[15,13,]   275   0.000337173   -4.06852e-040   1.93567e-039   [-0.000034,-0.000005,]
[16,13,]   276   0.000102952   -1.8244e-039   2.4822e-039   [-0.000058,0.000009,]
[17,13,]   277   4.54227e-005   -1.29875e-039   3.11983e-039   [-0.000057,0.000022,]
[18,13,]   278   2.63103e-005   2.44342e-040   3.84855e-039   [-0.000036,0.000019,]
[19,13,]   279   1.11474e-005   1.43825e-040   4.66836e-039   [-0.000020,0.000019,]
[0,14,]   280   1.37249e-005   -1.53631e-039   5.03272e-039   [-0.000012,-0.000005,]
[1,14,]   281   2.76591e-005   -1.04059e-039   4.21291e-039   [-0.000030,-0.000010,]
[2,14,]   282   5.93528e-005   -9.24389e-040   3.48419e-039   [-0.000037,-0.000009,]
[3,14,]   283   0.000135279   -8.73372e-040   2.84656e-039   [-0.000035,-0.000003,]
[4,14,]   284   0.000333041   -4.08558e-040   2.30003e-039   [-0.000023,0.000002,]
[5,14,]   285   0.000780043   1.80357e-040   1.84458e-039   [-0.000011,0.000006,]
[6,14,]   286   0.00155283   6.14037e-040   1.48024e-039   [-0.000001,0.000007,]
[7,14,]   287   0.00254718   8.77119e-040   1.20698e-039   [0.000007,0.000007,]
[8,14,]   288   0.00348299   1.01307e-039   1.02482e-039   [0.000012,0.000005,]
[9,14,]   289   0.00407121   1.06354e-039   9.33729e-040   [0.000015,0.000002,]
[10,14,]   290   0.00414609   1.07635e-039   9.33717e-040   [0.000015,-0.000002,]
[11,14,]   291   0.00365291   1.0532e-039   1.02479e-039   [0.000012,-0.000005,]
[12,14,]   292   0.00270441   9.28205e-040   1.20696e-039   [0.000006,-0.000007,]
[13,14,]   293   0.00162495   6.62855e-040   1.48022e-039   [-0.000001,-0.000007,]
[14,14,]   294   0.00076925   1.98344e-040   1.84457e-039   [-0.000011,-0.000006,]
[15,14,]   295   0.000284874   -5.56504e-040   2.30002e-039   [-0.000026,-0.000003,]
[16,14,]   296   8.98122e-005   -1.5686e-039   2.84656e-039   [-0.000045,0.000006,]
[17,14,]   297   3.21678e-005   -1.89603e-039   3.48419e-039   [-0.000052,0.000015,]
[18,14,]   298   1.50397e-005   -5.95916e-040   4.21291e-039   [-0.000037,0.000017,]
[19,14,]   299   5.57193e-006   -1.1643e-039   5.03272e-039   [-0.000019,0.000018,]
[0,15,]   300   6.59012e-006   -2.5014e-039   5.48817e-039   [-0.000015,-0.000005,]
[1,15,]   301   1.38524e-005   -1.77009e-039   4.66836e-039   [-0.000032,-0.000008,]
[2,15,]   302   3.28581e-005   -1.48434e-039   3.93964e-039   [-0.000034,-0.000007,]
[3,15,]   303   8.1675e-005   -1.25398e-039   3.30201e-039   [-0.000029,-0.000003,]
[4,15,]   304   0.000206673   -7.58211e-040   2.75547e-039   [-0.000019,0.000001,]
[5,15,]   305   0.000481309   -2.23473e-040   2.30002e-039   [-0.000009,0.000004,]
[6,15,]   306   0.000954871   1.87563e-040   1.93566e-039   [-0.000001,0.000005,]
[7,15,]   307   0.00157609   4.51076e-040   1.6624e-039   [0.000006,0.000004,]
[8,15,]   308   0.002179   5.92761e-040   1.48022e-039   [0.000010,0.000003,]
[9,15,]   309   0.00256651   6.60266e-040   1.38913e-039   [0.000012,0.000001,]
[10,15,]   310   0.00260253   6.7074e-040   1.38913e-039   [0.000012,-0.000001,]
[11,15,]   311   0.00226091   6.19097e-040   1.48021e-039   [0.000010,-0.000003,]
[12,15,]   312   0.00165129   4.85479e-040   1.66239e-039   [0.000005,-0.000005,]
[13,15,]   313   0.000988202   2.20416e-040   1.93566e-039   [-0.000001,-0.000005,]
[14,15,]   314   0.000474176   -2.16762e-040   2.30002e-039   [-0.000009,-0.000004,]
[15,15,]   315   0.000181633   -8.66985e-040   2.75547e-039   [-0.000022,-0.000002,]
[16,15,]   316   5.84735e-005   -1.73003e-039   3.30201e-039   [-0.000037,0.000004,]
[17,15,]   317   1.89559e-005   -2.32266e-039   3.93964e-039   [-0.000047,0.000011,]
[18,15,]   318   7.45025e-006   -1.44889e-039   4.66836e-039   [-0.000035,0.000014,]
[19,15,]   319   2.42276e-006   -2.56553e-039   5.48817e-039   [-0.000017,0.000016,]
[0,16,]   320   2.644e-006   -3.46694e-039   6.03471e-039   [-0.000016,-0.000004,]
[1,16,]   321   5.80029e-006   -2.52211e-039   5.2149e-039   [-0.000033,-0.000007,]
[2,16,]   322   1.4895e-005   -2.09022e-039   4.48618e-039   [-0.000031,-0.000005,]
[3,16,]   323   3.92762e-005   -1.74886e-039   3.84855e-039   [-0.000025,-0.000002,]
[4,16,]   324   0.0001013   -1.242e-039   3.30201e-039   [-0.000017,0.000001,]
[5,16,]   325   0.000235682   -7.3e-040   2.84656e-039   [-0.000008,0.000003,]
[6,16,]   326   0.000466976   -3.34597e-040   2.4822e-039   [-0.000001,0.000003,]
[7,16,]   327   0.000773709   -7.11783e-041   2.20893e-039   [0.000005,0.000003,]
[8,16,]   328   0.00107637   8.05307e-041   2.02675e-039   [0.000009,0.000002,]
[9,16,]   329   0.00127178   1.4864e-040   1.93566e-039   [0.000011,0.000001,]
[10,16,]   330   0.00128552   1.54541e-040   1.93566e-039   [0.000010,-0.000001,]
[11,16,]   331   0.00110774   9.79288e-041   2.02675e-039   [0.000008,-0.000002,]
[12,16,]   332   0.000802207   -4.75019e-041   2.20893e-039   [0.000005,-0.000003,]
[13,16,]   333   0.000478968   -3.12054e-040   2.4822e-039   [-0.000001,-0.000004,]
[14,16,]   334   0.000231876   -7.28384e-040   2.84656e-039   [-0.000008,-0.000003,]
[15,16,]   335   9.06731e-005   -1.32955e-039   3.30201e-039   [-0.000018,-0.000001,]
[16,16,]   336   2.96666e-005   -2.09202e-039   3.84855e-039   [-0.000031,0.000003,]
[17,16,]   337   9.14557e-006   -2.78e-039   4.48618e-039   [-0.000041,0.000008,]
[18,16,]   338   3.1596e-006   -2.27686e-039   5.2149e-039   [-0.000032,0.000012,]
[19,16,]   339   9.12908e-007   -3.92398e-039   6.03471e-039   [-0.000015,0.000014,]
[0,17,]   340   8.83361e-007   -4.49867e-039   6.67234e-039   [-0.000017,-0.000004,]
[1,17,]   341   2.02026e-006   -3.35495e-039   5.85253e-039   [-0.000034,-0.000006,]
[2,17,]   342   5.5301e-006   -2.79852e-039   5.12381e-039   [-0.000028,-0.000004,]
[3,17,]   343   1.52284e-005   -2.37317e-039   4.48618e-039   [-0.000022,-0.000001,]
[4,17,]   344   3.98417e-005   -1.85889e-039   3.93964e-039   [-0.000015,0.000001,]
[5,17,]   345   9.27492e-005   -1.36342e-039   3.48419e-039   [-0.000007,0.000002,]
[6,17,]   346   0.000183726   -9.77266e-040   3.11983e-039   [-0.000001,0.000003,]
[7,17,]   347   0.00030517   -7.13269e-040   2.84656e-039   [0.000004,0.000003,]
[8,17,]   348   0.000426108   -5.56272e-040   2.66438e-039   [0.000007,0.000002,]
[9,17,]   349   0.000504285   -4.83534e-040   2.57329e-039   [0.000009,0.000001,]
[10,17,]   350   0.000508465   -4.80022e-040   2.57329e-039   [0.000009,-0.000001,]
[11,17,]   351   0.000435581   -5.46825e-040   2.66438e-039   [0.000007,-0.000002,]
[12,17,]   352   0.000313621   -6.99964e-040   2.84656e-039   [0.000004,-0.000002,]
[13,17,]   353   0.000186973   -9.64715e-040   3.11983e-039   [-0.000001,-0.000003,]
[14,17,]   354   9.10869e-005   -1.36663e-039   3.48419e-039   [-0.000007,-0.000002,]
[15,17,]   355   3.61425e-005   -1.92803e-039   3.93964e-039   [-0.000016,-0.000001,]
[16,17,]   356   1.19747e-005   -2.6313e-039   4.48618e-039   [-0.000027,0.000002,]
[17,17,]   357   3.59472e-006   -3.35388e-039   5.12381e-039   [-0.000037,0.000006,]
[18,17,]   358   1.13217e-006   -3.13597e-039   5.85253e-039   [-0.000029,0.000010,]
[19,17,]   359   2.96027e-007   -5.23975e-039   6.67234e-039   [-0.000013,0.000013,]
[0,18,]   360   2.47666e-007   -5.6322e-039   7.40106e-039   [-0.000018,0.000005,]
[1,18,]   361   5.88027e-007   -4.26444e-039   6.58125e-039   [-0.000033,0.000002,]
[2,18,]   362   1.69405e-006   -3.60532e-039   5.85253e-039   [-0.000026,0.000002,]
[3,18,]   363   4.82237e-006   -3.1349e-039   5.2149e-039   [-0.000020,0.000003,]
[4,18,]   364   1.27639e-005   -2.63609e-039   4.66836e-039   [-0.000013,0.000005,]
[5,18,]   365   2.976e-005   -2.16616e-039   4.21291e-039   [-0.000006,0.000006,]
[6,18,]   366   5.89694e-005   -1.792e-039   3.84855e-039   [-0.000001,0.000006,]
[7,18,]   367   9.81148e-005   -1.52419e-039   3.57528e-039   [0.000004,0.000006,]
[8,18,]   368   0.000137295   -1.35333e-039   3.3931e-039   [0.000007,0.000005,]
[9,18,]   369   0.000162578   -1.26534e-039   3.30201e-039   [0.000008,0.000004,]
[10,18,]   370   0.000163558   -1.25128e-039   3.30201e-039   [0.000008,0.000003,]
[11,18,]   371   0.000139496   -1.3136e-039   3.3931e-039   [0.000006,0.000003,]
[12,18,]   372   0.000100012   -1.4661e-039   3.57528e-039   [0.000004,0.000002,]
[13,18,]   373   5.95641e-005   -1.7284e-039   3.84855e-039   [-0.000001,0.000002,]
[14,18,]   374   2.9155e-005   -2.12189e-039   4.21291e-039   [-0.000006,0.000002,]
[15,18,]   375   1.16954e-005   -2.66727e-039   4.66836e-039   [-0.000014,0.000003,]
[16,18,]   376   3.91671e-006   -3.35606e-039   5.2149e-039   [-0.000023,0.000005,]
[17,18,]   377   1.16005e-006   -4.14722e-039   5.85253e-039   [-0.000033,0.000009,]
[18,18,]   378   3.42503e-007   -4.22002e-039   6.58125e-039   [-0.000026,0.000014,]
[19,18,]   379   8.28219e-008   -6.7723e-039   7.40106e-039   [-0.000011,0.000018,]
[0,19,]   380   6.20548e-008   -8.29048e-039   8.22087e-039   [-0.000018,0.000013,]
[1,19,]   381   1.46306e-007   -6.62067e-039   7.40106e-039   [-0.000036,0.000009,]
[2,19,]   382   4.36377e-007   -5.59631e-039   6.67234e-039   [-0.000026,0.000008,]
[3,19,]   383   1.28881e-006   -4.87132e-039   6.03471e-039   [-0.000019,0.000007,]
[4,19,]   384   3.49816e-006   -4.26304e-039   5.48817e-039   [-0.000012,0.000008,]
[5,19,]   385   8.26382e-006   -3.76188e-039   5.03272e-039   [-0.000006,0.000009,]
[6,19,]   386   1.64512e-005   -3.37696e-039   4.66836e-039   [-0.000001,0.000010,]
[7,19,]   387   2.73435e-005   -3.09831e-039   4.39509e-039   [0.000003,0.000009,]
[8,19,]   388   3.80555e-005   -2.91996e-039   4.21291e-039   [0.000006,0.000009,]
[9,19,]   389   4.46651e-005   -2.83841e-039   4.12182e-039   [0.000007,0.000008,]
[10,19,]   390   4.44508e-005   -2.84924e-039   4.12182e-039   [0.000007,0.000007,]
[11,19,]   391   3.7516e-005   -2.94735e-039   4.21291e-039   [0.000006,0.000007,]
[12,19,]   392   2.66943e-005   -3.12955e-039   4.39509e-039   [0.000003,0.000007,]
[13,19,]   393   1.58613e-005   -3.39608e-039   4.66836e-039   [-0.000001,0.000007,]
[14,19,]   394   7.80451e-006   -3.75192e-039   5.03272e-039   [-0.000006,0.000007,]
[15,19,]   395   3.18053e-006   -4.2079e-039   5.48817e-039   [-0.000013,0.000007,]
[16,19,]   396   1.09637e-006   -4.77073e-039   6.03471e-039   [-0.000020,0.000008,]
[17,19,]   397   3.36127e-007   -5.53632e-039   6.67234e-039   [-0.000027,0.000012,]
[18,19,]   398   1.00298e-007   -6.0336e-039   7.40106e-039   [-0.000020,0.000018,]
[19,19,]   399   2.44722e-008   -8.88607e-039   8.22087e-039   [-0.000007,0.000023,]
