coordinates  index   rho      Q      V    velocities 
[0,0,]   0   4.26368e-008   -7.31389e-039   8.22087e-039   [0.000041,0.000007,]
[1,0,]   1   1.41377e-007   -5.45869e-039   7.40106e-039   [0.000018,0.000008,]
[2,0,]   2   4.43608e-007   -5.36497e-039   6.67234e-039   [0.000028,0.000009,]
[3,0,]   3   1.53529e-006   -4.44452e-039   6.03471e-039   [0.000020,0.000011,]
[4,0,]   4   4.72351e-006   -3.8689e-039   5.48817e-039   [0.000014,0.000013,]
[5,0,]   5   1.20035e-005   -3.40776e-039   5.03272e-039   [0.000007,0.000014,]
[6,0,]   6   2.46339e-005   -3.08754e-039   4.66836e-039   [0.000001,0.000014,]
[7,0,]   7   4.11524e-005   -2.8751e-039   4.39509e-039   [-0.000003,0.000014,]
[8,0,]   8   5.68904e-005   -2.74963e-039   4.21294e-039   [-0.000006,0.000013,]
[9,0,]   9   6.61726e-005   -2.69989e-039   4.122e-039   [-0.000007,0.000013,]
[10,0,]   10   6.54317e-005   -2.71715e-039   4.12294e-039   [-0.000007,0.000012,]
[11,0,]   11   5.50958e-005   -2.81401e-039   4.21833e-039   [-0.000006,0.000011,]
[12,0,]   12   3.92857e-005   -3.01194e-039   4.41546e-039   [-0.000003,0.000011,]
[13,0,]   13   2.3541e-005   -3.32418e-039   4.72802e-039   [0.000001,0.000011,]
[14,0,]   14   1.18487e-005   -3.75943e-039   5.16881e-039   [0.000006,0.000011,]
[15,0,]   15   5.0938e-006   -4.30774e-039   5.72996e-039   [0.000012,0.000012,]
[16,0,]   16   1.95438e-006   -4.89767e-039   6.36927e-039   [0.000018,0.000014,]
[17,0,]   17   7.09596e-007   -5.46524e-039   7.03287e-039   [0.000025,0.000017,]
[18,0,]   18   2.55984e-007   -6.48691e-039   7.70363e-039   [0.000037,0.000020,]
[19,0,]   19   1.23087e-007   -7.735e-039   8.41864e-039   [0.000043,0.000021,]
[0,1,]   20   8.28392e-008   -7.23563e-039   7.40106e-039   [0.000040,-0.000027,]
[1,1,]   21   3.05668e-007   -4.74756e-039   6.58125e-039   [0.000023,-0.000024,]
[2,1,]   22   1.06547e-006   -4.72949e-039   5.85253e-039   [0.000034,-0.000016,]
[3,1,]   23   4.03587e-006   -3.48361e-039   5.2149e-039   [0.000023,-0.000012,]
[4,1,]   24   1.28972e-005   -2.72876e-039   4.66836e-039   [0.000014,-0.000011,]
[5,1,]   25   3.316e-005   -2.18963e-039   4.21291e-039   [0.000006,-0.000010,]
[6,1,]   26   6.83023e-005   -1.82817e-039   3.84855e-039   [0.000001,-0.000010,]
[7,1,]   27   0.000114242   -1.59415e-039   3.57529e-039   [-0.000003,-0.000010,]
[8,1,]   28   0.000157702   -1.4638e-039   3.39316e-039   [-0.000006,-0.000011,]
[9,1,]   29   0.000182408   -1.42464e-039   3.3025e-039   [-0.000008,-0.000012,]
[10,1,]   30   0.000178759   -1.45856e-039   3.30506e-039   [-0.000008,-0.000013,]
[11,1,]   31   0.000149027   -1.5679e-039   3.40782e-039   [-0.000006,-0.000013,]
[12,1,]   32   0.000105484   -1.76411e-039   3.63064e-039   [-0.000003,-0.000014,]
[13,1,]   33   6.31682e-005   -2.05393e-039   4.01071e-039   [0.000001,-0.000014,]
[14,1,]   34   3.20742e-005   -2.43954e-039   4.58285e-039   [0.000006,-0.000014,]
[15,1,]   35   1.40389e-005   -2.9014e-039   5.32562e-039   [0.000013,-0.000012,]
[16,1,]   36   5.49814e-006   -3.36742e-039   6.12434e-039   [0.000019,-0.000010,]
[17,1,]   37   2.01067e-006   -3.82168e-039   6.83255e-039   [0.000025,-0.000009,]
[18,1,]   38   7.12188e-007   -4.76026e-039   7.40373e-039   [0.000035,-0.000008,]
[19,1,]   39   3.2674e-007   -6.0337e-039   7.93864e-039   [0.000038,-0.000011,]
[0,2,]   40   2.46068e-007   -5.20003e-039   6.67234e-039   [0.000039,-0.000025,]
[1,2,]   41   8.93946e-007   -3.18964e-039   5.85253e-039   [0.000028,-0.000020,]
[2,2,]   42   2.89283e-006   -3.85416e-039   5.12381e-039   [0.000040,-0.000014,]
[3,2,]   43   1.10212e-005   -2.64316e-039   4.48618e-039   [0.000027,-0.000009,]
[4,2,]   44   3.63589e-005   -1.78161e-039   3.93964e-039   [0.000016,-0.000006,]
[5,2,]   45   9.56343e-005   -1.19052e-039   3.48419e-039   [0.000007,-0.000005,]
[6,2,]   46   0.000199468   -7.98447e-040   3.11983e-039   [0.000001,-0.000005,]
[7,2,]   47   0.000335174   -5.55213e-040   2.84658e-039   [-0.000004,-0.000005,]
[8,2,]   48   0.000462536   -4.32374e-040   2.66451e-039   [-0.000007,-0.000006,]
[9,2,]   49   0.000534213   -3.90187e-040   2.57433e-039   [-0.000009,-0.000007,]
[10,2,]   50   0.000523162   -4.23984e-040   2.57974e-039   [-0.000009,-0.000008,]
[11,2,]   51   0.000436947   -5.30431e-040   2.69554e-039   [-0.000007,-0.000010,]
[12,2,]   52   0.000310721   -7.13624e-040   2.96376e-039   [-0.000004,-0.000010,]
[13,2,]   53   0.000187143   -1.00508e-039   3.46312e-039   [0.000001,-0.000011,]
[14,2,]   54   9.56545e-005   -1.40692e-039   4.26734e-039   [0.000008,-0.000010,]
[15,2,]   55   4.22932e-005   -1.88764e-039   5.33105e-039   [0.000015,-0.000008,]
[16,2,]   56   1.68926e-005   -2.36136e-039   6.41145e-039   [0.000022,-0.000005,]
[17,2,]   57   6.39411e-006   -2.76679e-039   7.19851e-039   [0.000027,-0.000001,]
[18,2,]   58   2.36629e-006   -3.60759e-039   7.59372e-039   [0.000035,0.000001,]
[19,2,]   59   1.11445e-006   -4.68329e-039   7.81039e-039   [0.000036,-0.000000,]
[0,3,]   60   6.74021e-007   -3.5013e-039   6.03471e-039   [0.000037,-0.000024,]
[1,3,]   61   2.32953e-006   -2.10391e-039   5.2149e-039   [0.000034,-0.000019,]
[2,3,]   62   6.65536e-006   -3.45221e-039   4.48618e-039   [0.000046,-0.000013,]
[3,3,]   63   2.47731e-005   -2.26427e-039   3.84855e-039   [0.000031,-0.000007,]
[4,3,]   64   8.44383e-005   -1.28473e-039   3.30201e-039   [0.000018,-0.000003,]
[5,3,]   65   0.0002284   -6.14647e-040   2.84656e-039   [0.000008,-0.000002,]
[6,3,]   66   0.000483528   -1.89992e-040   2.4822e-039   [0.000001,-0.000002,]
[7,3,]   67   0.000816702   6.49283e-041   2.20895e-039   [-0.000004,-0.000002,]
[8,3,]   68   0.00112703   1.99615e-040   2.02697e-039   [-0.000008,-0.000004,]
[9,3,]   69   0.00129921   2.30778e-040   1.93738e-039   [-0.000010,-0.000005,]
[10,3,]   70   0.00127402   2.10064e-040   1.9463e-039   [-0.000010,-0.000007,]
[11,3,]   71   0.00107073   1.31962e-040   2.07812e-039   [-0.000009,-0.000008,]
[12,3,]   72   0.000768191   -3.42317e-041   2.40215e-039   [-0.000005,-0.000010,]
[13,3,]   73   0.000467306   -3.00188e-040   3.04819e-039   [0.000001,-0.000010,]
[14,3,]   74   0.000241146   -6.84466e-040   4.13775e-039   [0.000009,-0.000009,]
[15,3,]   75   0.000107896   -1.16402e-039   5.59606e-039   [0.000018,-0.000007,]
[16,3,]   76   4.42693e-005   -1.59344e-039   7.02278e-039   [0.000026,-0.000003,]
[17,3,]   77   1.75943e-005   -1.93065e-039   7.90678e-039   [0.000031,0.000000,]
[18,3,]   78   6.93824e-006   -2.64884e-039   8.08563e-039   [0.000035,0.000003,]
[19,3,]   79   3.39283e-006   -3.5241e-039   7.91104e-039   [0.000033,0.000001,]
[0,4,]   80   1.60946e-006   -2.04214e-039   5.48817e-039   [0.000034,-0.000024,]
[1,4,]   81   5.22098e-006   -1.23554e-039   4.66836e-039   [0.000039,-0.000019,]
[2,4,]   82   1.2773e-005   -3.17513e-039   3.93964e-039   [0.000054,-0.000014,]
[3,4,]   83   4.44463e-005   -2.24106e-039   3.30201e-039   [0.000037,-0.000004,]
[4,4,]   84   0.000158011   -1.00787e-039   2.75547e-039   [0.000020,0.000001,]
[5,4,]   85   0.000441672   -3.02055e-040   2.30002e-039   [0.000008,0.000003,]
[6,4,]   86   0.000950321   1.5499e-040   1.93566e-039   [0.000000,0.000003,]
[7,4,]   87   0.0016112   4.35446e-040   1.66242e-039   [-0.000005,0.000002,]
[8,4,]   88   0.00221446   5.66678e-040   1.48049e-039   [-0.000010,0.000001,]
[9,4,]   89   0.00254394   6.48181e-040   1.39132e-039   [-0.000012,-0.000001,]
[10,4,]   90   0.00249059   6.30742e-040   1.40278e-039   [-0.000012,-0.000003,]
[11,4,]   91   0.00210382   5.3735e-040   1.54617e-039   [-0.000010,-0.000005,]
[12,4,]   92   0.00152521   4.10283e-040   1.91049e-039   [-0.000005,-0.000007,]
[13,4,]   93   0.000936791   1.59902e-040   2.6624e-039   [0.000002,-0.000007,]
[14,4,]   94   0.000487176   -2.11204e-040   3.95795e-039   [0.000011,-0.000006,]
[15,4,]   95   0.000220357   -6.63663e-040   5.70108e-039   [0.000021,-0.000003,]
[16,4,]   96   9.32986e-005   -1.06077e-039   7.37781e-039   [0.000030,0.000000,]
[17,4,]   97   3.95486e-005   -1.28992e-039   8.33178e-039   [0.000035,0.000004,]
[18,4,]   98   1.68472e-005   -1.88707e-039   8.35445e-039   [0.000035,0.000006,]
[19,4,]   99   8.54591e-006   -2.55849e-039   7.89742e-039   [0.000029,0.000001,]
[0,5,]   100   3.48969e-006   -8.12859e-040   5.03272e-039   [0.000032,-0.000022,]
[1,5,]   101   1.04552e-005   -3.64849e-040   4.21291e-039   [0.000043,-0.000018,]
[2,5,]   102   2.13754e-005   -2.58934e-039   3.48419e-039   [0.000062,-0.000019,]
[3,5,]   103   6.38977e-005   -2.40233e-039   2.84656e-039   [0.000047,-0.000002,]
[4,5,]   104   0.000239779   -7.81833e-040   2.30002e-039   [0.000025,0.000005,]
[5,5,]   105   0.000707219   7.06864e-041   1.84457e-039   [0.000010,0.000009,]
[6,5,]   106   0.00155089   5.44719e-040   1.48021e-039   [0.000000,0.000009,]
[7,5,]   107   0.0026247   8.18949e-040   1.20697e-039   [-0.000006,0.000009,]
[8,5,]   108   0.00356588   9.96898e-040   1.02504e-039   [-0.000012,0.000007,]
[9,5,]   109   0.0040177   1.01753e-039   9.35875e-040   [-0.000015,0.000004,]
[10,5,]   110   0.00390223   9.60777e-040   9.4733e-040   [-0.000015,0.000001,]
[11,5,]   111   0.00333507   9.68027e-040   1.09072e-039   [-0.000012,-0.000002,]
[12,5,]   112   0.00244036   8.02425e-040   1.45504e-039   [-0.000006,-0.000004,]
[13,5,]   113   0.00151189   5.69943e-040   2.20695e-039   [0.000002,-0.000004,]
[14,5,]   114   0.000788016   1.99533e-040   3.5025e-039   [0.000013,-0.000003,]
[15,5,]   115   0.000356203   -3.61852e-040   5.24563e-039   [0.000024,0.000001,]
[16,5,]   116   0.000156962   -5.89392e-040   6.92236e-039   [0.000034,0.000004,]
[17,5,]   117   7.26907e-005   -7.18001e-040   7.87633e-039   [0.000038,0.000007,]
[18,5,]   118   3.41167e-005   -1.12715e-039   7.899e-039   [0.000032,0.000008,]
[19,5,]   119   1.78679e-005   -1.57869e-039   7.44197e-039   [0.000023,0.000001,]
[0,6,]   120   7.2456e-006   1.44498e-040   4.66836e-039   [0.000029,-0.000021,]
[1,6,]   121   1.89289e-005   3.42099e-040   3.84855e-039   [0.000041,-0.000017,]
[2,6,]   122   3.19649e-005   -1.27353e-039   3.11983e-039   [0.000070,-0.000028,]
[3,6,]   123   6.96496e-005   -3.12083e-039   2.4822e-039   [0.000064,-0.000001,]
[4,6,]   124   0.000281073   -8.19361e-040   1.93566e-039   [0.000032,0.000012,]
[5,6,]   125   0.00091109   4.20366e-040   1.48021e-039   [0.000012,0.000015,]
[6,6,]   126   0.00205735   9.46944e-040   1.11585e-039   [0.000000,0.000016,]
[7,6,]   127   0.00345949   1.27558e-039   8.42604e-040   [-0.000008,0.000015,]
[8,6,]   128   0.00454701   1.36789e-039   6.60618e-040   [-0.000014,0.000012,]
[9,6,]   129   0.0049497   1.36891e-039   5.71028e-040   [-0.000019,0.000010,]
[10,6,]   130   0.00476061   1.33853e-039   5.79949e-040   [-0.000019,0.000005,]
[11,6,]   131   0.00410958   1.29563e-039   7.11773e-040   [-0.000015,-0.000002,]
[12,6,]   132   0.0030712   1.16994e-039   1.0358e-039   [-0.000008,-0.000004,]
[13,6,]   133   0.00192044   8.80628e-040   1.68184e-039   [0.000002,-0.000005,]
[14,6,]   134   0.000994793   4.40587e-040   2.7714e-039   [0.000015,-0.000003,]
[15,6,]   135   0.000448073   -1.23653e-040   4.22971e-039   [0.000029,0.000004,]
[16,6,]   136   0.000203495   -5.61103e-040   5.65643e-039   [0.000040,0.000008,]
[17,6,]   137   0.000109168   -4.1782e-041   6.54043e-039   [0.000039,0.000012,]
[18,6,]   138   5.75318e-005   -3.59065e-040   6.71928e-039   [0.000027,0.000011,]
[19,6,]   139   3.08361e-005   -6.05336e-040   6.54469e-039   [0.000014,0.000001,]
[0,7,]   140   1.44984e-005   1.18186e-039   4.39509e-039   [0.000027,-0.000020,]
[1,7,]   141   3.11376e-005   9.8454e-040   3.57528e-039   [0.000033,-0.000017,]
[2,7,]   142   4.19249e-005   2.58529e-040   2.84656e-039   [0.000075,-0.000038,]
[3,7,]   143   5.23752e-005   -5.60585e-039   2.20893e-039   [0.000094,-0.000011,]
[4,7,]   144   0.000233993   -1.47337e-039   1.66239e-039   [0.000043,0.000027,]
[5,7,]   145   0.000896484   6.60002e-040   1.20694e-039   [0.000013,0.000025,]
[6,7,]   146   0.00211713   1.33027e-039   8.42583e-040   [0.000000,0.000024,]
[7,7,]   147   0.00347584   1.58889e-039   5.69325e-040   [-0.000010,0.000023,]
[8,7,]   148   0.0043201   1.74068e-039   3.87263e-040   [-0.000017,0.000021,]
[9,7,]   149   0.00433276   1.3987e-039   2.97083e-040   [-0.000023,0.000017,]
[10,7,]   150   0.00408703   1.0877e-039   3.02494e-040   [-0.000028,0.000004,]
[11,7,]   151   0.00367851   1.46254e-039   4.1829e-040   [-0.000022,-0.000006,]
[12,7,]   152   0.00288609   1.38161e-039   6.86505e-040   [-0.000010,-0.000012,]
[13,7,]   153   0.00185992   1.15222e-039   1.18587e-039   [0.000003,-0.000013,]
[14,7,]   154   0.000950026   5.4675e-040   1.99009e-039   [0.000021,-0.000009,]
[15,7,]   155   0.000417016   -3.66491e-040   3.0538e-039   [0.000037,-0.000001,]
[16,7,]   156   0.000202422   -3.99157e-040   4.1342e-039   [0.000049,0.000017,]
[17,7,]   157   0.000131993   4.89197e-040   4.92126e-039   [0.000038,0.000015,]
[18,7,]   158   7.99913e-005   4.26798e-040   5.31647e-039   [0.000019,0.000013,]
[19,7,]   159   4.35378e-005   2.76157e-040   5.53314e-039   [0.000004,0.000001,]
[0,8,]   160   2.56431e-005   2.14314e-039   4.21291e-039   [0.000023,-0.000017,]
[1,8,]   161   4.60632e-005   1.19505e-039   3.3931e-039   [0.000021,-0.000018,]
[2,8,]   162   5.11882e-005   1.70118e-039   2.66438e-039   [0.000065,-0.000032,]
[3,8,]   163   3.00047e-005   -9.4734e-039   2.02675e-039   [0.000142,-0.000051,]
[4,8,]   164   0.0001196   -5.11521e-039   1.48021e-039   [0.000074,0.000038,]
[5,8,]   165   0.000626718   1.14553e-040   1.02476e-039   [0.000006,0.000041,]
[6,8,]   166   0.00158128   1.16842e-039   6.60403e-040   [-0.000003,0.000039,]
[7,8,]   167   0.00249207   1.56232e-039   3.87139e-040   [-0.000010,0.000038,]
[8,8,]   168   0.00269922   1.02017e-039   2.05014e-040   [-0.000020,0.000030,]
[9,8,]   169   0.00232319   -4.06456e-040   1.14354e-040   [-0.000041,0.000027,]
[10,8,]   170   0.00238684   1.08162e-039   1.1691e-040   [-0.000047,-0.000002,]
[11,8,]   171   0.00214477   5.13004e-040   2.1967e-040   [-0.000032,-0.000023,]
[12,8,]   172   0.00189512   8.595e-040   4.4249e-040   [-0.000015,-0.000037,]
[13,8,]   173   0.00129589   6.89045e-040   8.2256e-040   [0.000005,-0.000038,]
[14,8,]   174   0.000647237   -2.75192e-041   1.3947e-039   [0.000025,-0.000030,]
[15,8,]   175   0.000278632   -3.19533e-040   2.13747e-039   [0.000061,-0.000013,]
[16,8,]   176   0.000136084   -2.51834e-039   2.93619e-039   [0.000069,0.000013,]
[17,8,]   177   0.0001303   1.41863e-039   3.6444e-039   [0.000024,0.000023,]
[18,8,]   178   8.98256e-005   7.20889e-040   4.21558e-039   [0.000010,0.000014,]
[19,8,]   179   5.10582e-005   9.87754e-040   4.75049e-039   [-0.000008,0.000001,]
[0,9,]   180   3.47812e-005   2.31149e-039   4.12182e-039   [0.000018,-0.000009,]
[1,9,]   181   6.43285e-005   1.72796e-039   3.30201e-039   [0.000020,-0.000017,]
[2,9,]   182   6.21685e-005   6.82027e-040   2.57329e-039   [0.000025,-0.000032,]
[3,9,]   183   2.58524e-005   -1.1106e-038   1.93566e-039   [0.000139,-0.000128,]
[4,9,]   184   5.04246e-005   -1.43388e-038   1.38912e-039   [0.000150,0.000108,]
[5,9,]   185   0.000361936   -1.57792e-039   9.33673e-040   [-0.000005,0.000088,]
[6,9,]   186   0.000929145   -2.03925e-040   5.69313e-040   [-0.000004,0.000073,]
[7,9,]   187   0.00131255   -4.71834e-040   2.96045e-040   [-0.000012,0.000080,]
[8,9,]   188   0.00124502   -8.00486e-040   1.13885e-040   [-0.000014,0.000107,]
[9,9,]   189   0.000862865   -4.60831e-039   2.29533e-041   [-0.000081,0.000108,]
[10,9,]   190   0.00080217   -4.7341e-039   2.38936e-041   [-0.000103,-0.000092,]
[11,9,]   191   0.000801753   -6.01844e-039   1.19277e-040   [-0.000044,-0.000106,]
[12,9,]   192   0.00102203   -1.40411e-039   3.16408e-040   [-0.000018,-0.000081,]
[13,9,]   193   0.000774462   -1.09091e-039   6.28967e-040   [0.000009,-0.000075,]
[14,9,]   194   0.000337273   -2.87699e-039   1.06976e-039   [0.000027,-0.000085,]
[15,9,]   195   0.000102325   -6.45584e-039   1.63091e-039   [0.000095,-0.000096,]
[16,9,]   196   8.35472e-005   -3.84899e-040   2.27022e-039   [0.000059,0.000087,]
[17,9,]   197   0.000107631   2.23786e-039   2.93382e-039   [0.000022,0.000037,]
[18,9,]   198   8.62481e-005   1.48384e-039   3.60458e-039   [-0.000002,0.000015,]
[19,9,]   199   4.80416e-005   1.62291e-039   4.31959e-039   [-0.000019,0.000001,]
[0,10,]   200   4.56508e-005   1.66467e-039   4.12182e-039   [0.000013,-0.000002,]
[1,10,]   201   8.54175e-005   1.5332e-039   3.30201e-039   [0.000002,-0.000014,]
[2,10,]   202   0.000108121   2.30659e-039   2.57329e-039   [-0.000022,-0.000035,]
[3,10,]   203   8.32896e-005   -4.22525e-040   1.93566e-039   [-0.000060,-0.000086,]
[4,10,]   204   0.000100813   -6.72731e-039   1.38912e-039   [-0.000096,0.000101,]
[5,10,]   205   0.000338538   -2.88513e-039   9.33673e-040   [-0.000027,0.000089,]
[6,10,]   206   0.000779909   -1.08836e-039   5.69313e-040   [-0.000009,0.000079,]
[7,10,]   207   0.0010259   -1.40659e-039   2.96043e-040   [0.000018,0.000085,]
[8,10,]   208   0.000795754   -6.05455e-039   1.13869e-040   [0.000043,0.000111,]
[9,10,]   209   0.000776695   -4.99172e-039   2.28243e-041   [0.000106,0.000097,]
[10,10,]   210   0.000824422   -4.91233e-039   2.30937e-041   [0.000084,-0.000106,]
[11,10,]   211   0.00119559   -9.23299e-040   1.15414e-040   [0.000014,-0.000104,]
[12,10,]   212   0.00126408   -5.83268e-040   3.01877e-040   [0.000012,-0.000076,]
[13,10,]   213   0.000897476   -3.00925e-040   5.86404e-040   [0.000004,-0.000070,]
[14,10,]   214   0.00035084   -1.6444e-039   9.72663e-040   [0.000005,-0.000084,]
[15,10,]   215   4.84959e-005   -1.46036e-038   1.4584e-039   [-0.000154,-0.000104,]
[16,10,]   216   2.48247e-005   -1.13856e-038   2.03152e-039   [-0.000141,0.000131,]
[17,10,]   217   6.16565e-005   6.48946e-040   2.67659e-039   [-0.000023,0.000034,]
[18,10,]   218   6.57208e-005   1.75066e-039   3.3887e-039   [-0.000021,0.000019,]
[19,10,]   219   3.77265e-005   2.34989e-039   4.17848e-039   [-0.000030,0.000009,]
[0,11,]   220   5.04444e-005   1.01334e-039   4.21291e-039   [0.000007,-0.000001,]
[1,11,]   221   8.97165e-005   7.46368e-040   3.3931e-039   [-0.000009,-0.000013,]
[2,11,]   222   0.000130187   1.44127e-039   2.66438e-039   [-0.000023,-0.000020,]
[3,11,]   223   0.00013488   -2.54432e-039   2.02675e-039   [-0.000068,-0.000009,]
[4,11,]   224   0.000275628   -3.15049e-040   1.48021e-039   [-0.000061,0.000018,]
[5,11,]   225   0.000640227   -5.35511e-041   1.02476e-039   [-0.000024,0.000036,]
[6,11,]   226   0.00127993   6.5436e-040   6.60403e-040   [-0.000005,0.000043,]
[7,11,]   227   0.00186061   8.05061e-040   3.87133e-040   [0.000015,0.000043,]
[8,11,]   228   0.00208253   4.03202e-040   2.04954e-040   [0.000032,0.000029,]
[9,11,]   229   0.00230137   9.91784e-040   1.13874e-040   [0.000048,0.000008,]
[10,11,]   230   0.00222692   -5.28897e-040   1.13934e-040   [0.000042,-0.000023,]
[11,11,]   231   0.00259668   9.19815e-040   2.05299e-040   [0.000020,-0.000026,]
[12,11,]   232   0.00241168   1.48802e-039   3.88434e-040   [0.000010,-0.000034,]
[13,11,]   233   0.00153623   1.0943e-039   6.64216e-040   [0.000003,-0.000035,]
[14,11,]   234   0.000609218   3.17361e-041   1.03346e-039   [-0.000006,-0.000037,]
[15,11,]   235   0.000114247   -5.36668e-039   1.49567e-039   [-0.000075,-0.000034,]
[16,11,]   236   2.77445e-005   -1.01971e-038   2.04814e-039   [-0.000145,0.000058,]
[17,11,]   237   5.0552e-005   1.74738e-039   2.68743e-039   [-0.000066,0.000034,]
[18,11,]   238   4.65235e-005   1.1382e-039   3.41245e-039   [-0.000021,0.000021,]
[19,11,]   239   2.71209e-005   2.117e-039   4.22556e-039   [-0.000033,0.000020,]
[0,12,]   240   4.48974e-005   2.97919e-040   4.39509e-039   [0.000003,0.000001,]
[1,12,]   241   8.05464e-005   4.27253e-040   3.57528e-039   [-0.000017,-0.000011,]
[2,12,]   242   0.000131371   4.80724e-040   2.84656e-039   [-0.000035,-0.000012,]
[3,12,]   243   0.000200448   -4.01392e-040   2.20893e-039   [-0.000047,-0.000013,]
[4,12,]   244   0.000412417   -3.69666e-040   1.66239e-039   [-0.000035,0.000007,]
[5,12,]   245   0.000939743   5.31686e-040   1.20694e-039   [-0.000020,0.000015,]
[6,12,]   246   0.00184082   1.13529e-039   8.42583e-040   [-0.000003,0.000020,]
[7,12,]   247   0.00285256   1.35791e-039   5.69313e-040   [0.000010,0.000020,]
[8,12,]   248   0.00362497   1.42675e-039   3.87133e-040   [0.000023,0.000013,]
[9,12,]   249   0.00401971   1.04993e-039   2.96045e-040   [0.000028,0.000003,]
[10,12,]   250   0.00425198   1.32282e-039   2.96055e-040   [0.000024,-0.000011,]
[11,12,]   251   0.00426082   1.68561e-039   3.87193e-040   [0.000018,-0.000015,]
[12,12,]   252   0.00345235   1.55038e-039   5.69539e-040   [0.000010,-0.000017,]
[13,12,]   253   0.00211629   1.30065e-039   8.43245e-040   [0.000000,-0.000018,]
[14,12,]   254   0.000899215   6.32644e-040   1.20845e-039   [-0.000013,-0.000020,]
[15,12,]   255   0.000232226   -1.5908e-039   1.66508e-039   [-0.000044,-0.000022,]
[16,12,]   256   5.02382e-005   -6.0899e-039   2.21265e-039   [-0.000098,0.000017,]
[17,12,]   257   4.17862e-005   3.31875e-040   2.85057e-039   [-0.000077,0.000044,]
[18,12,]   258   3.12113e-005   9.97855e-040   3.57864e-039   [-0.000034,0.000020,]
[19,12,]   259   1.43713e-005   1.22209e-039   4.39729e-039   [-0.000028,0.000025,]
[0,13,]   260   3.31645e-005   -5.6726e-040   4.66836e-039   [-0.000002,0.000001,]
[1,13,]   261   5.83185e-005   -3.85295e-040   3.84855e-039   [-0.000024,-0.000009,]
[2,13,]   262   0.000108192   -8.22997e-041   3.11983e-039   [-0.000035,-0.000008,]
[3,13,]   263   0.000201055   -5.7163e-040   2.4822e-039   [-0.000037,-0.000004,]
[4,13,]   264   0.000442974   -1.46025e-040   1.93566e-039   [-0.000026,0.000001,]
[5,13,]   265   0.000988162   4.30059e-040   1.48021e-039   [-0.000014,0.000009,]
[6,13,]   266   0.00191826   8.84732e-040   1.11585e-039   [-0.000002,0.000011,]
[7,13,]   267   0.00308112   1.18292e-039   8.42583e-040   [0.000008,0.000011,]
[8,13,]   268   0.00413604   1.31348e-039   6.60403e-040   [0.000015,0.000008,]
[9,13,]   269   0.00480406   1.3502e-039   5.69313e-040   [0.000019,0.000001,]
[10,13,]   270   0.00501693   1.38886e-039   5.69314e-040   [0.000019,-0.000004,]
[11,13,]   271   0.00464466   1.40821e-039   6.60411e-040   [0.000015,-0.000007,]
[12,13,]   272   0.0035659   1.33168e-039   8.42613e-040   [0.000008,-0.000010,]
[13,13,]   273   0.00214103   1.02335e-039   1.11594e-039   [-0.000000,-0.000011,]
[14,13,]   274   0.000955739   5.14529e-040   1.48042e-039   [-0.000012,-0.000010,]
[15,13,]   275   0.00029461   -7.44681e-040   1.93603e-039   [-0.000033,-0.000007,]
[16,13,]   276   7.14524e-005   -3.2185e-039   2.48271e-039   [-0.000067,0.000006,]
[17,13,]   277   3.2728e-005   -1.20953e-039   3.12037e-039   [-0.000073,0.000034,]
[18,13,]   278   1.89878e-005   5.01386e-040   3.84901e-039   [-0.000042,0.000021,]
[19,13,]   279   6.41777e-006   2.28871e-040   4.66866e-039   [-0.000022,0.000027,]
[0,14,]   280   1.99388e-005   -1.52171e-039   5.03272e-039   [-0.000005,0.000000,]
[1,14,]   281   3.47335e-005   -1.18641e-039   4.21291e-039   [-0.000029,-0.000008,]
[2,14,]   282   7.17182e-005   -7.89742e-040   3.48419e-039   [-0.000033,-0.000006,]
[3,14,]   283   0.00015473   -6.07718e-040   2.84656e-039   [-0.000030,-0.000003,]
[4,14,]   284   0.000352267   -3.83049e-040   2.30002e-039   [-0.000021,0.000002,]
[5,14,]   285   0.000785412   1.96952e-040   1.84457e-039   [-0.000011,0.000005,]
[6,14,]   286   0.00152066   5.91131e-040   1.48021e-039   [-0.000001,0.000007,]
[7,14,]   287   0.00247551   8.45976e-040   1.20694e-039   [0.000007,0.000006,]
[8,14,]   288   0.00340843   1.02902e-039   1.02476e-039   [0.000012,0.000004,]
[9,14,]   289   0.00401569   1.03754e-039   9.33673e-040   [0.000015,0.000002,]
[10,14,]   290   0.00416461   1.10628e-039   9.33673e-040   [0.000015,-0.000002,]
[11,14,]   291   0.0037287   1.10043e-039   1.02476e-039   [0.000011,-0.000005,]
[12,14,]   292   0.00277229   9.41946e-040   1.20695e-039   [0.000006,-0.000006,]
[13,14,]   293   0.001656   6.87453e-040   1.48022e-039   [-0.000000,-0.000007,]
[14,14,]   294   0.000763508   2.41344e-040   1.84459e-039   [-0.000010,-0.000006,]
[15,14,]   295   0.000260627   -5.85563e-040   2.30006e-039   [-0.000026,-0.000003,]
[16,14,]   296   6.88263e-005   -2.25526e-039   2.84662e-039   [-0.000049,0.000004,]
[17,14,]   297   2.24898e-005   -2.48729e-039   3.48425e-039   [-0.000065,0.000022,]
[18,14,]   298   1.04403e-005   -1.25489e-040   4.21296e-039   [-0.000044,0.000021,]
[19,14,]   299   2.69463e-006   -8.12791e-040   5.03275e-039   [-0.000017,0.000028,]
[0,15,]   300   9.84725e-006   -2.46918e-039   5.48817e-039   [-0.000007,-0.000001,]
[1,15,]   301   1.72142e-005   -1.97025e-039   4.66836e-039   [-0.000032,-0.000007,]
[2,15,]   302   3.88912e-005   -1.37698e-039   3.93964e-039   [-0.000030,-0.000005,]
[3,15,]   303   9.17347e-005   -1.07955e-039   3.30201e-039   [-0.000026,-0.000002,]
[4,15,]   304   0.000217321   -6.87212e-040   2.75547e-039   [-0.000018,0.000001,]
[5,15,]   305   0.000483872   -2.2073e-040   2.30002e-039   [-0.000009,0.000004,]
[6,15,]   306   0.000938077   1.65786e-040   1.93566e-039   [-0.000001,0.000005,]
[7,15,]   307   0.00153953   4.31972e-040   1.66239e-039   [0.000006,0.000004,]
[8,15,]   308   0.00213891   5.73685e-040   1.48021e-039   [0.000010,0.000003,]
[9,15,]   309   0.00254814   6.75864e-040   1.38912e-039   [0.000012,0.000001,]
[10,15,]   310   0.00261895   7.01425e-040   1.38912e-039   [0.000012,-0.000001,]
[11,15,]   311   0.0022949   6.25644e-040   1.48021e-039   [0.000010,-0.000003,]
[12,15,]   312   0.00168203   4.98155e-040   1.66239e-039   [0.000005,-0.000005,]
[13,15,]   313   0.00100089   2.28537e-040   1.93566e-039   [-0.000000,-0.000005,]
[14,15,]   314   0.000470072   -2.04865e-040   2.30002e-039   [-0.000009,-0.000004,]
[15,15,]   315   0.000169847   -8.702e-040   2.75548e-039   [-0.000021,-0.000002,]
[16,15,]   316   4.77587e-005   -2.08467e-039   3.30202e-039   [-0.000039,0.000003,]
[17,15,]   317   1.33499e-005   -3.10843e-039   3.93965e-039   [-0.000056,0.000014,]
[18,15,]   318   5.061e-006   -1.06652e-039   4.66837e-039   [-0.000039,0.000019,]
[19,15,]   319   1.09569e-006   -2.29509e-039   5.48818e-039   [-0.000010,0.000027,]
[0,16,]   320   4.01572e-006   -3.39845e-039   6.03471e-039   [-0.000009,-0.000001,]
[1,16,]   321   7.11541e-006   -2.74237e-039   5.2149e-039   [-0.000034,-0.000005,]
[2,16,]   322   1.72767e-005   -2.01109e-039   4.48618e-039   [-0.000028,-0.000004,]
[3,16,]   323   4.34042e-005   -1.60122e-039   3.84855e-039   [-0.000022,-0.000001,]
[4,16,]   324   0.000105746   -1.1874e-039   3.30201e-039   [-0.000015,0.000001,]
[5,16,]   325   0.000236816   -7.15374e-040   2.84656e-039   [-0.000008,0.000003,]
[6,16,]   326   0.000460136   -3.392e-040   2.4822e-039   [-0.000001,0.000003,]
[7,16,]   327   0.000758414   -7.99276e-041   2.20893e-039   [0.000005,0.000003,]
[8,16,]   328   0.00105944   7.98713e-041   2.02675e-039   [0.000009,0.000002,]
[9,16,]   329   0.00126263   1.50851e-040   1.93566e-039   [0.000011,0.000001,]
[10,16,]   330   0.00128907   1.60643e-040   1.93566e-039   [0.000010,-0.000001,]
[11,16,]   331   0.00111948   1.15634e-040   2.02675e-039   [0.000008,-0.000002,]
[12,16,]   332   0.000812736   -3.18813e-041   2.20893e-039   [0.000005,-0.000003,]
[13,16,]   333   0.000482913   -2.93938e-040   2.4822e-039   [-0.000001,-0.000003,]
[14,16,]   334   0.000229559   -7.11075e-040   2.84656e-039   [-0.000008,-0.000003,]
[15,16,]   335   8.56061e-005   -1.34614e-039   3.30201e-039   [-0.000018,-0.000001,]
[16,16,]   336   2.52097e-005   -2.2814e-039   3.84855e-039   [-0.000032,0.000002,]
[17,16,]   337   6.62016e-006   -3.51487e-039   4.48618e-039   [-0.000048,0.000009,]
[18,16,]   338   2.13193e-006   -2.09603e-039   5.2149e-039   [-0.000032,0.000016,]
[19,16,]   339   4.15254e-007   -4.08209e-039   6.03471e-039   [-0.000003,0.000024,]
[0,17,]   340   1.34576e-006   -4.45441e-039   6.67234e-039   [-0.000010,-0.000000,]
[1,17,]   341   2.43023e-006   -3.64428e-039   5.85253e-039   [-0.000035,-0.000004,]
[2,17,]   342   6.26847e-006   -2.77412e-039   5.12381e-039   [-0.000025,-0.000002,]
[3,17,]   343   1.65113e-005   -2.29182e-039   4.48618e-039   [-0.000020,-0.000000,]
[4,17,]   344   4.11497e-005   -1.84412e-039   3.93964e-039   [-0.000013,0.000002,]
[5,17,]   345   9.26944e-005   -1.38789e-039   3.48419e-039   [-0.000007,0.000003,]
[6,17,]   346   0.000180607   -1.01454e-039   3.11983e-039   [-0.000001,0.000003,]
[7,17,]   347   0.000298643   -7.50101e-040   2.84656e-039   [0.000004,0.000003,]
[8,17,]   348   0.000418164   -5.9263e-040   2.66438e-039   [0.000008,0.000002,]
[9,17,]   349   0.000498358   -5.10944e-040   2.57329e-039   [0.000009,0.000001,]
[10,17,]   350   0.000506324   -5.02925e-040   2.57329e-039   [0.000009,-0.000000,]
[11,17,]   351   0.000436119   -5.72697e-040   2.66438e-039   [0.000007,-0.000001,]
[12,17,]   352   0.000314585   -7.22722e-040   2.84656e-039   [0.000004,-0.000002,]
[13,17,]   353   0.000186673   -9.89498e-040   3.11983e-039   [-0.000001,-0.000002,]
[14,17,]   354   8.95124e-005   -1.39403e-039   3.48419e-039   [-0.000007,-0.000002,]
[15,17,]   355   3.41679e-005   -1.97184e-039   3.93964e-039   [-0.000016,-0.000000,]
[16,17,]   356   1.03961e-005   -2.78722e-039   4.48618e-039   [-0.000027,0.000003,]
[17,17,]   357   2.68552e-006   -3.97741e-039   5.12381e-039   [-0.000041,0.000008,]
[18,17,]   358   7.65311e-007   -3.23344e-039   5.85253e-039   [-0.000025,0.000015,]
[19,17,]   359   1.41284e-007   -5.95157e-039   6.67234e-039   [0.000003,0.000022,]
[0,18,]   360   3.80565e-007   -5.8067e-039   7.40106e-039   [-0.000010,0.000013,]
[1,18,]   361   6.97594e-007   -4.78965e-039   6.58125e-039   [-0.000036,0.000009,]
[2,18,]   362   1.88741e-006   -3.77445e-039   5.85253e-039   [-0.000024,0.000008,]
[3,18,]   363   5.16527e-006   -3.21249e-039   5.2149e-039   [-0.000018,0.000008,]
[4,18,]   364   1.31249e-005   -2.75891e-039   4.66836e-039   [-0.000012,0.000009,]
[5,18,]   365   2.97871e-005   -2.31221e-039   4.21291e-039   [-0.000006,0.000010,]
[6,18,]   366   5.82168e-005   -1.94701e-039   3.84855e-039   [-0.000001,0.000010,]
[7,18,]   367   9.64617e-005   -1.67621e-039   3.57528e-039   [0.000004,0.000010,]
[8,18,]   368   0.000135197   -1.49725e-039   3.3931e-039   [0.000007,0.000009,]
[9,18,]   369   0.000160791   -1.40504e-039   3.30201e-039   [0.000008,0.000008,]
[10,18,]   370   0.000162554   -1.38981e-039   3.30201e-039   [0.000008,0.000007,]
[11,18,]   371   0.000139156   -1.45037e-039   3.3931e-039   [0.000006,0.000007,]
[12,18,]   372   9.98301e-005   -1.60631e-039   3.57528e-039   [0.000003,0.000006,]
[13,18,]   373   5.91877e-005   -1.86834e-039   3.84855e-039   [-0.000001,0.000006,]
[14,18,]   374   2.85783e-005   -2.25622e-039   4.21291e-039   [-0.000006,0.000006,]
[15,18,]   375   1.11018e-005   -2.80771e-039   4.66836e-039   [-0.000014,0.000007,]
[16,18,]   376   3.47654e-006   -3.53875e-039   5.2149e-039   [-0.000023,0.000008,]
[17,18,]   377   9.0405e-007   -4.73946e-039   5.85253e-039   [-0.000035,0.000012,]
[18,18,]   378   2.38119e-007   -4.71486e-039   6.58125e-039   [-0.000018,0.000020,]
[19,18,]   379   4.36268e-008   -8.07141e-039   7.40106e-039   [0.000010,0.000025,]
[0,19,]   380   1.15822e-007   -8.01456e-039   8.22087e-039   [-0.000010,0.000026,]
[1,19,]   381   1.99493e-007   -7.04323e-039   7.40106e-039   [-0.000041,0.000021,]
[2,19,]   382   5.37641e-007   -5.79727e-039   6.67234e-039   [-0.000026,0.000017,]
[3,19,]   383   1.5055e-006   -5.0134e-039   6.03471e-039   [-0.000019,0.000016,]
[4,19,]   384   3.93464e-006   -4.40161e-039   5.48817e-039   [-0.000012,0.000015,]
[5,19,]   385   9.10778e-006   -3.87017e-039   5.03272e-039   [-0.000006,0.000016,]
[6,19,]   386   1.79403e-005   -3.4669e-039   4.66836e-039   [-0.000001,0.000016,]
[7,19,]   387   2.96424e-005   -3.18429e-039   4.39509e-039   [0.000003,0.000015,]
[8,19,]   388   4.11006e-005   -3.01527e-039   4.21291e-039   [0.000006,0.000015,]
[9,19,]   389   4.81542e-005   -2.95376e-039   4.12182e-039   [0.000007,0.000014,]
[10,19,]   390   4.79313e-005   -2.9823e-039   4.12182e-039   [0.000007,0.000014,]
[11,19,]   391   4.05046e-005   -3.08677e-039   4.21291e-039   [0.000006,0.000014,]
[12,19,]   392   2.88274e-005   -3.27048e-039   4.39509e-039   [0.000003,0.000014,]
[13,19,]   393   1.70415e-005   -3.53418e-039   4.66836e-039   [-0.000001,0.000014,]
[14,19,]   394   8.25514e-006   -3.88548e-039   5.03272e-039   [-0.000006,0.000014,]
[15,19,]   395   3.25686e-006   -4.33636e-039   5.48817e-039   [-0.000014,0.000013,]
[16,19,]   396   1.06536e-006   -4.83721e-039   6.03471e-039   [-0.000021,0.000013,]
[17,19,]   397   3.0281e-007   -5.69392e-039   6.67234e-039   [-0.000028,0.000016,]
[18,19,]   398   8.66311e-008   -5.99633e-039   7.40106e-039   [-0.000012,0.000025,]
[19,19,]   399   1.80451e-008   -8.5613e-039   8.22087e-039   [0.000011,0.000027,]
