coordinates  index   rho      Q      V    velocities 
[0,0,]   0   3.95492e-008   -7.67713e-039   8.22087e-039   [0.000039,0.000006,]
[1,0,]   1   1.35602e-007   -5.56627e-039   7.40106e-039   [0.000018,0.000006,]
[2,0,]   2   4.29986e-007   -5.34518e-039   6.67234e-039   [0.000027,0.000007,]
[3,0,]   3   1.46032e-006   -4.46449e-039   6.03471e-039   [0.000020,0.000009,]
[4,0,]   4   4.41136e-006   -3.9038e-039   5.48817e-039   [0.000013,0.000011,]
[5,0,]   5   1.10774e-005   -3.45695e-039   5.03272e-039   [0.000006,0.000012,]
[6,0,]   6   2.26035e-005   -3.13959e-039   4.66838e-039   [0.000001,0.000012,]
[7,0,]   7   3.77024e-005   -2.92443e-039   4.39524e-039   [-0.000003,0.000012,]
[8,0,]   8   5.21681e-005   -2.79458e-039   4.21386e-039   [-0.000006,0.000012,]
[9,0,]   9   6.07869e-005   -2.74123e-039   4.1265e-039   [-0.000007,0.000011,]
[10,0,]   10   6.02073e-005   -2.7597e-039   4.13986e-039   [-0.000007,0.000010,]
[11,0,]   11   5.07491e-005   -2.86055e-039   4.26709e-039   [-0.000006,0.000009,]
[12,0,]   12   3.61942e-005   -3.06036e-039   4.52183e-039   [-0.000003,0.000009,]
[13,0,]   13   2.16783e-005   -3.36894e-039   4.89923e-039   [0.000001,0.000009,]
[14,0,]   14   1.08933e-005   -3.79211e-039   5.36026e-039   [0.000006,0.000010,]
[15,0,]   15   4.66354e-006   -4.32358e-039   5.85006e-039   [0.000012,0.000012,]
[16,0,]   16   1.77462e-006   -4.90495e-039   6.34612e-039   [0.000018,0.000014,]
[17,0,]   17   6.36847e-007   -5.48056e-039   6.88103e-039   [0.000025,0.000017,]
[18,0,]   18   2.26582e-007   -6.48674e-039   7.50998e-039   [0.000036,0.000019,]
[19,0,]   19   1.05257e-007   -7.82494e-039   8.26514e-039   [0.000042,0.000020,]
[0,1,]   20   8.43836e-008   -7.21329e-039   7.40106e-039   [0.000039,-0.000026,]
[1,1,]   21   3.19582e-007   -4.63167e-039   6.58125e-039   [0.000023,-0.000023,]
[2,1,]   22   1.1055e-006   -4.57094e-039   5.85253e-039   [0.000034,-0.000016,]
[3,1,]   23   4.06384e-006   -3.43571e-039   5.2149e-039   [0.000023,-0.000012,]
[4,1,]   24   1.27476e-005   -2.70037e-039   4.66836e-039   [0.000014,-0.000010,]
[5,1,]   25   3.24579e-005   -2.16636e-039   4.21292e-039   [0.000006,-0.000009,]
[6,1,]   26   6.65712e-005   -1.80249e-039   3.8486e-039   [0.000001,-0.000009,]
[7,1,]   27   0.000111195   -1.56611e-039   3.57569e-039   [-0.000003,-0.000010,]
[8,1,]   28   0.000153538   -1.43471e-039   3.39567e-039   [-0.000006,-0.000010,]
[9,1,]   29   0.000177798   -1.39366e-039   3.31473e-039   [-0.000008,-0.000011,]
[10,1,]   30   0.000174481   -1.42785e-039   3.35105e-039   [-0.000008,-0.000012,]
[11,1,]   31   0.000145629   -1.53763e-039   3.54038e-039   [-0.000006,-0.000013,]
[12,1,]   32   0.000103134   -1.73241e-039   3.91978e-039   [-0.000003,-0.000013,]
[13,1,]   33   6.17282e-005   -2.01959e-039   4.47612e-039   [0.000001,-0.000013,]
[14,1,]   34   3.12749e-005   -2.40059e-039   5.10325e-039   [0.000007,-0.000012,]
[15,1,]   35   1.36273e-005   -2.85685e-039   5.65209e-039   [0.000013,-0.000010,]
[16,1,]   36   5.30087e-006   -3.31884e-039   6.06139e-039   [0.000019,-0.000008,]
[17,1,]   37   1.92608e-006   -3.76046e-039   6.41981e-039   [0.000024,-0.000006,]
[18,1,]   38   6.78788e-007   -4.63451e-039   6.87732e-039   [0.000034,-0.000006,]
[19,1,]   39   3.0259e-007   -5.9432e-039   7.52141e-039   [0.000037,-0.000009,]
[0,2,]   40   2.64321e-007   -5.19763e-039   6.67234e-039   [0.000037,-0.000023,]
[1,2,]   41   9.60574e-007   -3.14127e-039   5.85253e-039   [0.000028,-0.000019,]
[2,2,]   42   3.08406e-006   -3.67294e-039   5.12381e-039   [0.000039,-0.000013,]
[3,2,]   43   1.13439e-005   -2.59097e-039   4.48618e-039   [0.000027,-0.000009,]
[4,2,]   44   3.65746e-005   -1.77547e-039   3.93964e-039   [0.000016,-0.000006,]
[5,2,]   45   9.51216e-005   -1.19756e-039   3.4842e-039   [0.000007,-0.000005,]
[6,2,]   46   0.00019739   -8.11317e-040   3.11994e-039   [0.000001,-0.000005,]
[7,2,]   47   0.000331056   -5.71695e-040   2.84742e-039   [-0.000004,-0.000005,]
[8,2,]   48   0.000456887   -4.49138e-040   2.66982e-039   [-0.000007,-0.000006,]
[9,2,]   49   0.000528275   -4.09748e-040   2.60021e-039   [-0.000009,-0.000007,]
[10,2,]   50   0.000518266   -4.43887e-040   2.67711e-039   [-0.000009,-0.000008,]
[11,2,]   51   0.000433571   -5.48892e-040   2.97618e-039   [-0.000007,-0.000009,]
[12,2,]   52   0.000308485   -7.33782e-040   3.57587e-039   [-0.000003,-0.000010,]
[13,2,]   53   0.000185578   -1.02406e-039   4.44839e-039   [0.000002,-0.000009,]
[14,2,]   54   9.44845e-005   -1.424e-039   5.36903e-039   [0.000009,-0.000008,]
[15,2,]   55   4.14686e-005   -1.90569e-039   6.02219e-039   [0.000016,-0.000005,]
[16,2,]   56   1.64012e-005   -2.37877e-039   6.2782e-039   [0.000022,-0.000002,]
[17,2,]   57   6.16079e-006   -2.76955e-039   6.32474e-039   [0.000027,0.000001,]
[18,2,]   58   2.27164e-006   -3.53649e-039   6.47931e-039   [0.000034,0.000003,]
[19,2,]   59   1.04286e-006   -4.63494e-039   6.92711e-039   [0.000035,0.000001,]
[0,3,]   60   7.49028e-007   -3.5764e-039   6.03471e-039   [0.000035,-0.000022,]
[1,3,]   61   2.52546e-006   -2.13358e-039   5.2149e-039   [0.000033,-0.000018,]
[2,3,]   62   7.19198e-006   -3.25237e-039   4.48618e-039   [0.000044,-0.000013,]
[3,3,]   63   2.58296e-005   -2.20256e-039   3.84855e-039   [0.000031,-0.000007,]
[4,3,]   64   8.57194e-005   -1.28201e-039   3.30201e-039   [0.000018,-0.000004,]
[5,3,]   65   0.000228955   -6.27748e-040   2.84658e-039   [0.000008,-0.000002,]
[6,3,]   66   0.000482182   -2.07459e-040   2.48238e-039   [0.000001,-0.000002,]
[7,3,]   67   0.000813081   4.67906e-041   2.21034e-039   [-0.000005,-0.000003,]
[8,3,]   68   0.00112241   1.79527e-040   2.03572e-039   [-0.000008,-0.000004,]
[9,3,]   69   0.00129639   2.14053e-040   1.98005e-039   [-0.000010,-0.000005,]
[10,3,]   70   0.00127461   1.95139e-040   2.10682e-039   [-0.000010,-0.000007,]
[11,3,]   71   0.00107355   1.1683e-040   2.54082e-039   [-0.000008,-0.000008,]
[12,3,]   72   0.000770949   -4.69671e-041   3.41136e-039   [-0.000004,-0.000009,]
[13,3,]   73   0.000468096   -3.15121e-040   4.67262e-039   [0.000003,-0.000009,]
[14,3,]   74   0.000240074   -7.0556e-040   5.95413e-039   [0.000011,-0.000007,]
[15,3,]   75   0.000106242   -1.19509e-039   6.73555e-039   [0.000019,-0.000004,]
[16,3,]   76   4.29501e-005   -1.64643e-039   6.80309e-039   [0.000026,-0.000001,]
[17,3,]   77   1.68901e-005   -1.96699e-039   6.46617e-039   [0.000030,0.000003,]
[18,3,]   78   6.62995e-006   -2.61172e-039   6.24829e-039   [0.000033,0.000005,]
[19,3,]   79   3.16446e-006   -3.51035e-039   6.45475e-039   [0.000031,0.000002,]
[0,4,]   80   1.83604e-006   -2.1359e-039   5.48817e-039   [0.000032,-0.000022,]
[1,4,]   81   5.68747e-006   -1.30084e-039   4.66836e-039   [0.000037,-0.000018,]
[2,4,]   82   1.3902e-005   -2.98928e-039   3.93964e-039   [0.000051,-0.000013,]
[3,4,]   83   4.69882e-005   -2.12961e-039   3.30201e-039   [0.000037,-0.000005,]
[4,4,]   84   0.000161729   -9.95893e-040   2.75547e-039   [0.000021,0.000000,]
[5,4,]   85   0.000445681   -2.98328e-040   2.30004e-039   [0.000008,0.000003,]
[6,4,]   86   0.000953914   1.60245e-040   1.93588e-039   [0.000000,0.000003,]
[7,4,]   87   0.00161473   4.38718e-040   1.6642e-039   [-0.000006,0.000002,]
[8,4,]   88   0.00222117   5.73323e-040   1.49172e-039   [-0.000010,0.000001,]
[9,4,]   89   0.00255737   6.49403e-040   1.44611e-039   [-0.000012,-0.000001,]
[10,4,]   90   0.00251297   6.37826e-040   1.6089e-039   [-0.000012,-0.000003,]
[11,4,]   91   0.0021292   5.56882e-040   2.14028e-039   [-0.000010,-0.000005,]
[12,4,]   92   0.00154552   4.31111e-040   3.20634e-039   [-0.000004,-0.000007,]
[13,4,]   93   0.00094717   1.81181e-040   4.74821e-039   [0.000004,-0.000007,]
[14,4,]   94   0.000488639   -2.03577e-040   6.29022e-039   [0.000013,-0.000006,]
[15,4,]   95   0.000217857   -6.85103e-040   7.16422e-039   [0.000023,-0.000003,]
[16,4,]   96   9.05422e-005   -1.11205e-039   7.09571e-039   [0.000030,0.000001,]
[17,4,]   97   3.78576e-005   -1.3408e-039   6.482e-039   [0.000034,0.000005,]
[18,4,]   98   1.60432e-005   -1.85853e-039   5.99526e-039   [0.000032,0.000007,]
[19,4,]   99   7.9566e-006   -2.55384e-039   6.02751e-039   [0.000027,0.000002,]
[0,5,]   100   4.01942e-006   -8.28278e-040   5.03272e-039   [0.000030,-0.000021,]
[1,5,]   101   1.13901e-005   -4.31593e-040   4.21291e-039   [0.000040,-0.000017,]
[2,5,]   102   2.32208e-005   -2.5033e-039   3.48419e-039   [0.000058,-0.000016,]
[3,5,]   103   6.86034e-005   -2.19644e-039   2.84656e-039   [0.000046,-0.000002,]
[4,5,]   104   0.000247109   -7.65123e-040   2.30002e-039   [0.000025,0.000005,]
[5,5,]   105   0.000715156   7.41171e-041   1.84459e-039   [0.000010,0.000009,]
[6,5,]   106   0.00155848   5.54068e-040   1.48043e-039   [0.000000,0.000010,]
[7,5,]   107   0.00263347   8.3367e-040   1.20875e-039   [-0.000007,0.000009,]
[8,5,]   108   0.00358004   9.9946e-040   1.03627e-039   [-0.000012,0.000007,]
[9,5,]   109   0.00404972   1.02505e-039   9.90661e-040   [-0.000015,0.000004,]
[10,5,]   110   0.0039519   9.94724e-040   1.15345e-039   [-0.000015,0.000001,]
[11,5,]   111   0.00338204   9.83565e-040   1.68483e-039   [-0.000012,-0.000002,]
[12,5,]   112   0.00247908   8.35434e-040   2.75089e-039   [-0.000005,-0.000004,]
[13,5,]   113   0.00153171   5.99015e-040   4.29276e-039   [0.000004,-0.000005,]
[14,5,]   114   0.000791161   2.10884e-040   5.83477e-039   [0.000015,-0.000004,]
[15,5,]   115   0.000352267   -3.59149e-040   6.70877e-039   [0.000026,-0.000001,]
[16,5,]   116   0.000151995   -6.62539e-040   6.64026e-039   [0.000035,0.000003,]
[17,5,]   117   6.94307e-005   -7.64678e-040   6.02655e-039   [0.000037,0.000007,]
[18,5,]   118   3.2407e-005   -1.11366e-039   5.53981e-039   [0.000030,0.000008,]
[19,5,]   119   1.66464e-005   -1.58273e-039   5.57206e-039   [0.000021,0.000002,]
[0,6,]   120   8.1393e-006   2.2759e-040   4.66836e-039   [0.000028,-0.000020,]
[1,6,]   121   2.05193e-005   3.5054e-040   3.84855e-039   [0.000040,-0.000017,]
[2,6,]   122   3.44022e-005   -1.35989e-039   3.11983e-039   [0.000066,-0.000025,]
[3,6,]   123   7.60061e-005   -2.80208e-039   2.4822e-039   [0.000062,-0.000002,]
[4,6,]   124   0.000292649   -6.86658e-040   1.93566e-039   [0.000032,0.000012,]
[5,6,]   125   0.000920298   4.22775e-040   1.48023e-039   [0.000012,0.000015,]
[6,6,]   126   0.00205948   9.48561e-040   1.11603e-039   [0.000000,0.000016,]
[7,6,]   127   0.00345339   1.26271e-039   8.43992e-040   [-0.000008,0.000016,]
[8,6,]   128   0.00454982   1.36681e-039   6.69365e-040   [-0.000015,0.000013,]
[9,6,]   129   0.00498355   1.40679e-039   6.13695e-040   [-0.000019,0.000010,]
[10,6,]   130   0.004801   1.35192e-039   7.40472e-040   [-0.000019,0.000005,]
[11,6,]   131   0.00415408   1.29573e-039   1.17447e-039   [-0.000015,-0.000002,]
[12,6,]   132   0.00310707   1.1784e-039   2.04501e-039   [-0.000007,-0.000005,]
[13,6,]   133   0.00193718   8.97167e-040   3.30627e-039   [0.000004,-0.000006,]
[14,6,]   134   0.000993978   4.49218e-040   4.58778e-039   [0.000017,-0.000005,]
[15,6,]   135   0.000439462   -1.54724e-040   5.3692e-039   [0.000030,0.000001,]
[16,6,]   136   0.00019701   -5.32341e-040   5.43674e-039   [0.000041,0.000006,]
[17,6,]   137   0.000104035   -1.01312e-040   5.09982e-039   [0.000038,0.000010,]
[18,6,]   138   5.46364e-005   -3.49051e-040   4.88194e-039   [0.000025,0.000010,]
[19,6,]   139   2.88387e-005   -6.11959e-040   5.0884e-039   [0.000013,0.000001,]
[0,7,]   140   1.54923e-005   1.20501e-039   4.39509e-039   [0.000025,-0.000019,]
[1,7,]   141   3.32461e-005   1.01535e-039   3.57528e-039   [0.000033,-0.000016,]
[2,7,]   142   4.49086e-005   1.93733e-040   2.84656e-039   [0.000070,-0.000036,]
[3,7,]   143   5.80626e-005   -4.99017e-039   2.20893e-039   [0.000089,-0.000009,]
[4,7,]   144   0.000242679   -1.33435e-039   1.66239e-039   [0.000044,0.000024,]
[5,7,]   145   0.000900813   6.58311e-040   1.20695e-039   [0.000014,0.000025,]
[6,7,]   146   0.00210623   1.29886e-039   8.42687e-040   [0.000000,0.000025,]
[7,7,]   147   0.003452   1.56776e-039   5.70167e-040   [-0.000010,0.000023,]
[8,7,]   148   0.00429175   1.70906e-039   3.92569e-040   [-0.000018,0.000021,]
[9,7,]   149   0.00432009   1.39537e-039   3.22962e-040   [-0.000024,0.000016,]
[10,7,]   150   0.00408314   1.09899e-039   3.99856e-040   [-0.000028,0.000003,]
[11,7,]   151   0.00371375   1.50621e-039   6.98927e-040   [-0.000022,-0.000007,]
[12,7,]   152   0.00291026   1.37407e-039   1.29862e-039   [-0.000009,-0.000013,]
[13,7,]   153   0.0018644   1.12736e-039   2.17114e-039   [0.000004,-0.000015,]
[14,7,]   154   0.000941564   5.46839e-040   3.09178e-039   [0.000022,-0.000011,]
[15,7,]   155   0.000402107   -4.63363e-040   3.74494e-039   [0.000038,-0.000003,]
[16,7,]   156   0.000192558   -4.67707e-040   4.00095e-039   [0.000051,0.000014,]
[17,7,]   157   0.000125622   4.80472e-040   4.04749e-039   [0.000038,0.000014,]
[18,7,]   158   7.61543e-005   4.06542e-040   4.20206e-039   [0.000018,0.000012,]
[19,7,]   159   4.11152e-005   2.9437e-040   4.64986e-039   [0.000004,0.000001,]
[0,8,]   160   2.63838e-005   2.04113e-039   4.21291e-039   [0.000021,-0.000017,]
[1,8,]   161   4.81271e-005   1.27828e-039   3.3931e-039   [0.000021,-0.000018,]
[2,8,]   162   5.39004e-005   1.75272e-039   2.66438e-039   [0.000063,-0.000034,]
[3,8,]   163   3.26223e-005   -8.76133e-039   2.02675e-039   [0.000134,-0.000044,]
[4,8,]   164   0.000120512   -5.28628e-039   1.48021e-039   [0.000073,0.000040,]
[5,8,]   165   0.000625445   1.22663e-040   1.02477e-039   [0.000010,0.000042,]
[6,8,]   166   0.0015729   1.17716e-039   6.60452e-040   [-0.000002,0.000040,]
[7,8,]   167   0.00247537   1.56934e-039   3.87536e-040   [-0.000011,0.000038,]
[8,8,]   168   0.00268002   1.10433e-039   2.0752e-040   [-0.000022,0.000032,]
[9,8,]   169   0.00229233   -2.89781e-040   1.26578e-040   [-0.000041,0.000028,]
[10,8,]   170   0.00231701   9.22497e-040   1.62901e-040   [-0.000047,-0.000000,]
[11,8,]   171   0.00215531   6.19321e-040   3.52234e-040   [-0.000032,-0.000026,]
[12,8,]   172   0.0019169   8.97819e-040   7.31633e-040   [-0.000014,-0.000038,]
[13,8,]   173   0.00130282   6.93339e-040   1.28797e-039   [0.000006,-0.000039,]
[14,8,]   174   0.000636645   -5.94251e-041   1.9151e-039   [0.000026,-0.000032,]
[15,8,]   175   0.000262696   -5.76525e-040   2.46394e-039   [0.000061,-0.000013,]
[16,8,]   176   0.000127072   -2.68292e-039   2.87324e-039   [0.000071,0.000015,]
[17,8,]   177   0.000124264   1.47295e-039   3.23166e-039   [0.000026,0.000023,]
[18,8,]   178   8.67401e-005   8.36126e-040   3.68917e-039   [0.000010,0.000014,]
[19,8,]   179   4.86904e-005   1.04185e-039   4.33326e-039   [-0.000006,0.000002,]
[0,9,]   180   3.61905e-005   2.39357e-039   4.12182e-039   [0.000016,-0.000009,]
[1,9,]   181   6.48422e-005   1.70694e-039   3.30201e-039   [0.000017,-0.000017,]
[2,9,]   182   6.25391e-005   7.70658e-040   2.57329e-039   [0.000027,-0.000034,]
[3,9,]   183   2.60662e-005   -1.09216e-038   1.93566e-039   [0.000137,-0.000124,]
[4,9,]   184   5.06975e-005   -1.39379e-038   1.38912e-039   [0.000145,0.000113,]
[5,9,]   185   0.000356526   -1.67507e-039   9.33674e-040   [-0.000005,0.000088,]
[6,9,]   186   0.000920194   -2.88481e-040   5.69331e-040   [-0.000004,0.000073,]
[7,9,]   187   0.00129872   -4.743e-040   2.96191e-040   [-0.000011,0.000080,]
[8,9,]   188   0.00119482   -1.01885e-039   1.14807e-040   [-0.000014,0.000105,]
[9,9,]   189   0.000792689   -5.12139e-039   2.74504e-041   [-0.000083,0.000112,]
[10,9,]   190   0.00073242   -5.3671e-039   4.08126e-041   [-0.000108,-0.000093,]
[11,9,]   191   0.000791435   -5.89495e-039   1.68044e-040   [-0.000045,-0.000105,]
[12,9,]   192   0.00103832   -1.24958e-039   4.22777e-040   [-0.000016,-0.000081,]
[13,9,]   193   0.000788768   -8.82192e-040   8.0018e-040   [0.000009,-0.000075,]
[14,9,]   194   0.000330715   -3.02121e-039   1.26121e-039   [0.000029,-0.000085,]
[15,9,]   195   9.61481e-005   -6.84225e-039   1.75101e-039   [0.000100,-0.000097,]
[16,9,]   196   7.76802e-005   -6.48562e-040   2.24707e-039   [0.000062,0.000091,]
[17,9,]   197   0.000102115   2.09512e-039   2.78198e-039   [0.000020,0.000036,]
[18,9,]   198   8.32849e-005   1.41976e-039   3.41093e-039   [-0.000002,0.000016,]
[19,9,]   199   4.69798e-005   1.62092e-039   4.16609e-039   [-0.000017,0.000003,]
[0,10,]   200   4.51177e-005   1.64547e-039   4.12182e-039   [0.000011,-0.000003,]
[1,10,]   201   8.27471e-005   1.45345e-039   3.30201e-039   [0.000001,-0.000015,]
[2,10,]   202   0.000102709   2.14536e-039   2.57329e-039   [-0.000020,-0.000035,]
[3,10,]   203   7.77493e-005   -6.8945e-040   1.93566e-039   [-0.000062,-0.000091,]
[4,10,]   204   9.5547e-005   -7.02674e-039   1.38912e-039   [-0.000101,0.000101,]
[5,10,]   205   0.000332902   -3.02174e-039   9.33673e-040   [-0.000028,0.000089,]
[6,10,]   206   0.000794854   -8.83608e-040   5.69318e-040   [-0.000008,0.000079,]
[7,10,]   207   0.00104311   -1.25766e-039   2.96085e-040   [0.000016,0.000085,]
[8,10,]   208   0.00078812   -5.92907e-039   1.14133e-040   [0.000045,0.000109,]
[9,10,]   209   0.00071475   -5.57088e-039   2.41127e-041   [0.000110,0.000097,]
[10,10,]   210   0.000763292   -5.38276e-039   2.79411e-041   [0.000085,-0.000110,]
[11,10,]   211   0.00115523   -1.12429e-039   1.29386e-040   [0.000014,-0.000102,]
[12,10,]   212   0.00125944   -5.56575e-040   3.32353e-040   [0.000011,-0.000076,]
[13,10,]   213   0.000893788   -3.64614e-040   6.35457e-040   [0.000005,-0.000070,]
[14,10,]   214   0.000346759   -1.73886e-039   1.02751e-039   [0.000005,-0.000085,]
[15,10,]   215   4.90973e-005   -1.40783e-038   1.49281e-039   [-0.000148,-0.000109,]
[16,10,]   216   2.50776e-005   -1.11858e-038   2.02488e-039   [-0.000139,0.000127,]
[17,10,]   217   6.1858e-005   7.32898e-040   2.63308e-039   [-0.000025,0.000035,]
[18,10,]   218   6.57504e-005   1.72235e-039   3.33322e-039   [-0.000018,0.000019,]
[19,10,]   219   3.84779e-005   2.42554e-039   4.13451e-039   [-0.000027,0.000010,]
[0,11,]   220   4.82869e-005   1.0656e-039   4.21291e-039   [0.000006,-0.000002,]
[1,11,]   221   8.67894e-005   8.56583e-040   3.3931e-039   [-0.000010,-0.000013,]
[2,11,]   222   0.000124405   1.48621e-039   2.66438e-039   [-0.000026,-0.000022,]
[3,11,]   223   0.000126594   -2.69664e-039   2.02675e-039   [-0.000070,-0.000013,]
[4,11,]   224   0.000261435   -5.63151e-040   1.48021e-039   [-0.000061,0.000017,]
[5,11,]   225   0.000633295   -6.97171e-041   1.02476e-039   [-0.000025,0.000036,]
[6,11,]   226   0.00129431   6.78385e-040   6.60404e-040   [-0.000005,0.000044,]
[7,11,]   227   0.00189569   8.69066e-040   3.87142e-040   [0.000014,0.000043,]
[8,11,]   228   0.00211287   5.50359e-040   2.05013e-040   [0.000032,0.000031,]
[9,11,]   229   0.00225476   8.55255e-040   1.14162e-040   [0.000048,0.000006,]
[10,11,]   230   0.00221735   -3.84371e-040   1.15016e-040   [0.000042,-0.000024,]
[11,11,]   231   0.00259759   1.02514e-039   2.08416e-040   [0.000023,-0.000028,]
[12,11,]   232   0.00240911   1.50586e-039   3.95234e-040   [0.000011,-0.000034,]
[13,11,]   233   0.00153476   1.11122e-039   6.75161e-040   [0.000003,-0.000035,]
[14,11,]   234   0.00061019   4.76356e-041   1.0457e-039   [-0.000009,-0.000037,]
[15,11,]   235   0.000115663   -5.53616e-039   1.50335e-039   [-0.000074,-0.000036,]
[16,11,]   236   3.05015e-005   -9.36039e-039   2.04666e-039   [-0.000137,0.000050,]
[17,11,]   237   5.32019e-005   1.79118e-039   2.67772e-039   [-0.000064,0.000037,]
[18,11,]   238   4.83362e-005   1.22674e-039   3.40007e-039   [-0.000021,0.000021,]
[19,11,]   239   2.74176e-005   2.01508e-039   4.21574e-039   [-0.000029,0.000019,]
[0,12,]   240   4.2214e-005   3.07697e-040   4.39509e-039   [0.000001,-0.000000,]
[1,12,]   241   7.66993e-005   4.04114e-040   3.57528e-039   [-0.000018,-0.000011,]
[2,12,]   242   0.000125371   4.72494e-040   2.84656e-039   [-0.000037,-0.000013,]
[3,12,]   243   0.000191442   -4.64353e-040   2.20893e-039   [-0.000049,-0.000012,]
[4,12,]   244   0.000399041   -4.5992e-040   1.66239e-039   [-0.000036,0.000006,]
[5,12,]   245   0.000933782   5.39571e-040   1.20694e-039   [-0.000020,0.000016,]
[6,12,]   246   0.0018498   1.11929e-039   8.42583e-040   [-0.000003,0.000021,]
[7,12,]   247   0.00288574   1.36233e-039   5.69314e-040   [0.000010,0.000020,]
[8,12,]   248   0.00367501   1.48643e-039   3.87143e-040   [0.000022,0.000014,]
[9,12,]   249   0.00403151   1.07042e-039   2.96094e-040   [0.000029,0.000003,]
[10,12,]   250   0.0042565   1.33653e-039   2.96243e-040   [0.000025,-0.000009,]
[11,12,]   251   0.00424401   1.66336e-039   3.87734e-040   [0.000019,-0.000015,]
[12,12,]   252   0.00343281   1.53374e-039   5.7072e-040   [0.000011,-0.000017,]
[13,12,]   253   0.00210595   1.27137e-039   8.45147e-040   [0.000000,-0.000019,]
[14,12,]   254   0.000903794   6.3384e-040   1.21058e-039   [-0.000014,-0.000019,]
[15,12,]   255   0.000241545   -1.43292e-039   1.66641e-039   [-0.000045,-0.000019,]
[16,12,]   256   5.63169e-005   -5.36025e-039   2.21239e-039   [-0.000092,0.000015,]
[17,12,]   257   4.48248e-005   2.42977e-040   2.84888e-039   [-0.000072,0.000041,]
[18,12,]   258   3.33343e-005   1.03853e-039   3.57649e-039   [-0.000034,0.000021,]
[19,12,]   259   1.53299e-005   1.25033e-039   4.39558e-039   [-0.000026,0.000023,]
[0,13,]   260   3.06861e-005   -5.77039e-040   4.66836e-039   [-0.000003,-0.000000,]
[1,13,]   261   5.5371e-005   -3.69174e-040   3.84855e-039   [-0.000024,-0.000009,]
[2,13,]   262   0.000103495   -1.30506e-040   3.11983e-039   [-0.000036,-0.000009,]
[3,13,]   263   0.000195252   -5.3305e-040   2.4822e-039   [-0.000038,-0.000004,]
[4,13,]   264   0.000434566   -1.72603e-040   1.93566e-039   [-0.000027,0.000002,]
[5,13,]   265   0.000984669   4.33332e-040   1.48021e-039   [-0.000014,0.000009,]
[6,13,]   266   0.00192691   8.90959e-040   1.11585e-039   [-0.000002,0.000011,]
[7,13,]   267   0.00310426   1.18254e-039   8.42583e-040   [0.000008,0.000011,]
[8,13,]   268   0.00416605   1.30749e-039   6.60404e-040   [0.000016,0.000008,]
[9,13,]   269   0.00482934   1.36021e-039   5.6932e-040   [0.000019,0.000001,]
[10,13,]   270   0.00503423   1.42102e-039   5.6934e-040   [0.000019,-0.000004,]
[11,13,]   271   0.00462837   1.39779e-039   6.60484e-040   [0.000015,-0.000007,]
[12,13,]   272   0.0035425   1.30838e-039   8.42773e-040   [0.000008,-0.000010,]
[13,13,]   273   0.00213207   1.01338e-039   1.1162e-039   [-0.000000,-0.000011,]
[14,13,]   274   0.000960775   5.07221e-040   1.4807e-039   [-0.000013,-0.000010,]
[15,13,]   275   0.000306011   -6.12068e-040   1.93621e-039   [-0.000033,-0.000007,]
[16,13,]   276   7.82971e-005   -2.85148e-039   2.48267e-039   [-0.000064,0.000007,]
[17,13,]   277   3.53072e-005   -1.30542e-039   3.12015e-039   [-0.000068,0.000031,]
[18,13,]   278   2.06943e-005   4.88274e-040   3.84872e-039   [-0.000041,0.000021,]
[19,13,]   279   7.44831e-006   3.11945e-040   4.66843e-039   [-0.000022,0.000025,]
[0,14,]   280   1.82764e-005   -1.52854e-039   5.03272e-039   [-0.000006,-0.000001,]
[1,14,]   281   3.29958e-005   -1.15624e-039   4.21291e-039   [-0.000029,-0.000008,]
[2,14,]   282   6.88748e-005   -8.11152e-040   3.48419e-039   [-0.000034,-0.000007,]
[3,14,]   283   0.000150249   -6.69187e-040   2.84656e-039   [-0.000031,-0.000003,]
[4,14,]   284   0.000347665   -3.81706e-040   2.30002e-039   [-0.000022,0.000002,]
[5,14,]   285   0.000783402   1.91804e-040   1.84457e-039   [-0.000011,0.000006,]
[6,14,]   286   0.00152679   5.959e-040   1.48021e-039   [-0.000001,0.000007,]
[7,14,]   287   0.00249083   8.53498e-040   1.20694e-039   [0.000007,0.000007,]
[8,14,]   288   0.00342485   1.02124e-039   1.02476e-039   [0.000012,0.000005,]
[9,14,]   289   0.00403172   1.04956e-039   9.33673e-040   [0.000015,0.000002,]
[10,14,]   290   0.00416324   1.09468e-039   9.33675e-040   [0.000015,-0.000002,]
[11,14,]   291   0.00371264   1.08422e-039   1.02477e-039   [0.000012,-0.000005,]
[12,14,]   292   0.00275839   9.38178e-040   1.20696e-039   [0.000007,-0.000007,]
[13,14,]   293   0.00165043   6.8004e-040   1.48025e-039   [-0.000000,-0.000007,]
[14,14,]   294   0.000766124   2.29119e-040   1.84462e-039   [-0.000010,-0.000007,]
[15,14,]   295   0.000267003   -5.7847e-040   2.30008e-039   [-0.000026,-0.000003,]
[16,14,]   296   7.37615e-005   -2.04286e-039   2.84661e-039   [-0.000048,0.000005,]
[17,14,]   297   2.44629e-005   -2.40422e-039   3.48423e-039   [-0.000061,0.000020,]
[18,14,]   298   1.14767e-005   -2.47964e-040   4.21293e-039   [-0.000042,0.000020,]
[19,14,]   299   3.35086e-006   -8.29307e-040   5.03273e-039   [-0.000017,0.000025,]
[0,15,]   300   8.97303e-006   -2.47486e-039   5.48817e-039   [-0.000009,-0.000001,]
[1,15,]   301   1.63992e-005   -1.9193e-039   4.66836e-039   [-0.000032,-0.000007,]
[2,15,]   302   3.75058e-005   -1.39503e-039   3.93964e-039   [-0.000031,-0.000005,]
[3,15,]   303   8.9421e-005   -1.11554e-039   3.30201e-039   [-0.000026,-0.000002,]
[4,15,]   304   0.000214796   -7.03781e-040   2.75547e-039   [-0.000018,0.000001,]
[5,15,]   305   0.000483052   -2.21749e-040   2.30002e-039   [-0.000009,0.000004,]
[6,15,]   306   0.000941722   1.72377e-040   1.93566e-039   [-0.000001,0.000005,]
[7,15,]   307   0.00154779   4.37069e-040   1.66239e-039   [0.000006,0.000004,]
[8,15,]   308   0.00214815   5.78034e-040   1.48021e-039   [0.000010,0.000003,]
[9,15,]   309   0.00255287   6.70471e-040   1.38912e-039   [0.000013,0.000001,]
[10,15,]   310   0.00261542   6.91464e-040   1.38912e-039   [0.000012,-0.000001,]
[11,15,]   311   0.00228737   6.22692e-040   1.48021e-039   [0.000010,-0.000003,]
[12,15,]   312   0.00167552   4.93992e-040   1.66239e-039   [0.000005,-0.000005,]
[13,15,]   313   0.00099868   2.26762e-040   1.93567e-039   [-0.000000,-0.000005,]
[14,15,]   314   0.000471528   -2.09602e-040   2.30003e-039   [-0.000009,-0.000005,]
[15,15,]   315   0.000172896   -8.69623e-040   2.75548e-039   [-0.000021,-0.000002,]
[16,15,]   316   5.03178e-005   -1.98223e-039   3.30202e-039   [-0.000038,0.000003,]
[17,15,]   317   1.45469e-005   -2.92283e-039   3.93965e-039   [-0.000053,0.000013,]
[18,15,]   318   5.58335e-006   -1.19785e-039   4.66836e-039   [-0.000038,0.000018,]
[19,15,]   319   1.39133e-006   -2.38235e-039   5.48817e-039   [-0.000012,0.000024,]
[0,16,]   320   3.64808e-006   -3.40912e-039   6.03471e-039   [-0.000010,-0.000002,]
[1,16,]   321   6.80101e-006   -2.68505e-039   5.2149e-039   [-0.000034,-0.000006,]
[2,16,]   322   1.67407e-005   -2.01784e-039   4.48618e-039   [-0.000028,-0.000004,]
[3,16,]   323   4.24531e-005   -1.63616e-039   3.84855e-039   [-0.000023,-0.000001,]
[4,16,]   324   0.000104716   -1.19941e-039   3.30201e-039   [-0.000016,0.000001,]
[5,16,]   325   0.00023653   -7.19212e-040   2.84656e-039   [-0.000008,0.000003,]
[6,16,]   326   0.000461765   -3.37444e-040   2.4822e-039   [-0.000001,0.000004,]
[7,16,]   327   0.000762145   -7.64164e-041   2.20893e-039   [0.000005,0.000003,]
[8,16,]   328   0.00106363   8.04659e-041   2.02675e-039   [0.000009,0.000002,]
[9,16,]   329   0.00126511   1.50928e-040   1.93566e-039   [0.000011,0.000001,]
[10,16,]   330   0.00128848   1.58935e-040   1.93566e-039   [0.000010,-0.000001,]
[11,16,]   331   0.00111696   1.10815e-040   2.02675e-039   [0.000008,-0.000002,]
[12,16,]   332   0.000810584   -3.54094e-041   2.20893e-039   [0.000005,-0.000003,]
[13,16,]   333   0.000482253   -2.98863e-040   2.4822e-039   [-0.000000,-0.000004,]
[14,16,]   334   0.00023027   -7.16341e-040   2.84656e-039   [-0.000008,-0.000003,]
[15,16,]   335   8.68789e-005   -1.34462e-039   3.30201e-039   [-0.000018,-0.000001,]
[16,16,]   336   2.62782e-005   -2.22906e-039   3.84855e-039   [-0.000032,0.000002,]
[17,16,]   337   7.18327e-006   -3.31229e-039   4.48618e-039   [-0.000046,0.000009,]
[18,16,]   338   2.3533e-006   -2.1757e-039   5.2149e-039   [-0.000032,0.000015,]
[19,16,]   339   5.20104e-007   -4.10191e-039   6.03471e-039   [-0.000006,0.000021,]
[0,17,]   340   1.22211e-006   -4.45911e-039   6.67234e-039   [-0.000011,-0.000001,]
[1,17,]   341   2.33351e-006   -3.57072e-039   5.85253e-039   [-0.000035,-0.000004,]
[2,17,]   342   6.10654e-006   -2.76897e-039   5.12381e-039   [-0.000026,-0.000003,]
[3,17,]   343   1.62254e-005   -2.30719e-039   4.48618e-039   [-0.000021,-0.000001,]
[4,17,]   344   4.08604e-005   -1.84683e-039   3.93964e-039   [-0.000014,0.000001,]
[5,17,]   345   9.27376e-005   -1.3805e-039   3.48419e-039   [-0.000007,0.000003,]
[6,17,]   346   0.000181411   -1.00367e-039   3.11983e-039   [-0.000001,0.000003,]
[7,17,]   347   0.000300312   -7.395e-040   2.84656e-039   [0.000004,0.000003,]
[8,17,]   348   0.000420234   -5.81645e-040   2.66438e-039   [0.000008,0.000002,]
[9,17,]   349   0.000499948   -5.03493e-040   2.57329e-039   [0.000009,0.000001,]
[10,17,]   350   0.000506994   -4.96867e-040   2.57329e-039   [0.000009,-0.000000,]
[11,17,]   351   0.000436159   -5.65201e-040   2.66438e-039   [0.000007,-0.000001,]
[12,17,]   352   0.00031449   -7.16815e-040   2.84656e-039   [0.000004,-0.000002,]
[13,17,]   353   0.000186842   -9.82894e-040   3.11983e-039   [-0.000000,-0.000002,]
[14,17,]   354   8.99402e-005   -1.38693e-039   3.48419e-039   [-0.000007,-0.000002,]
[15,17,]   355   3.46571e-005   -1.96182e-039   3.93964e-039   [-0.000016,-0.000001,]
[16,17,]   356   1.07745e-005   -2.74538e-039   4.48618e-039   [-0.000027,0.000002,]
[17,17,]   357   2.89263e-006   -3.80151e-039   5.12381e-039   [-0.000040,0.000007,]
[18,17,]   358   8.44092e-007   -3.21761e-039   5.85253e-039   [-0.000026,0.000013,]
[19,17,]   359   1.71583e-007   -5.82457e-039   6.67234e-039   [-0.000001,0.000019,]
[0,18,]   360   3.44748e-007   -5.76164e-039   7.40106e-039   [-0.000012,0.000012,]
[1,18,]   361   6.71551e-007   -4.65613e-039   6.58125e-039   [-0.000036,0.000007,]
[2,18,]   362   1.84526e-006   -3.71813e-039   5.85253e-039   [-0.000024,0.000006,]
[3,18,]   363   5.08944e-006   -3.18573e-039   5.2149e-039   [-0.000018,0.000007,]
[4,18,]   364   1.30448e-005   -2.72592e-039   4.66836e-039   [-0.000012,0.000008,]
[5,18,]   365   2.97851e-005   -2.27595e-039   4.21291e-039   [-0.000006,0.000009,]
[6,18,]   366   5.8402e-005   -1.90905e-039   3.84855e-039   [-0.000000,0.000009,]
[7,18,]   367   9.68671e-005   -1.63864e-039   3.57528e-039   [0.000004,0.000009,]
[8,18,]   368   0.000135714   -1.46106e-039   3.3931e-039   [0.000007,0.000008,]
[9,18,]   369   0.000161237   -1.36835e-039   3.30201e-039   [0.000008,0.000007,]
[10,18,]   370   0.00016281   -1.35195e-039   3.30201e-039   [0.000008,0.000006,]
[11,18,]   371   0.000139245   -1.41266e-039   3.3931e-039   [0.000006,0.000006,]
[12,18,]   372   9.98783e-005   -1.56696e-039   3.57528e-039   [0.000004,0.000005,]
[13,18,]   373   5.92814e-005   -1.82896e-039   3.84855e-039   [-0.000000,0.000005,]
[14,18,]   374   2.87186e-005   -2.21871e-039   4.21291e-039   [-0.000006,0.000005,]
[15,18,]   375   1.12445e-005   -2.76961e-039   4.66836e-039   [-0.000014,0.000006,]
[16,18,]   376   3.58041e-006   -3.49424e-039   5.2149e-039   [-0.000023,0.000007,]
[17,18,]   377   9.62378e-007   -4.58588e-039   5.85253e-039   [-0.000034,0.000012,]
[18,18,]   378   2.60365e-007   -4.58941e-039   6.58125e-039   [-0.000020,0.000019,]
[19,18,]   379   5.06448e-008   -7.83455e-039   7.40106e-039   [0.000004,0.000024,]
[0,19,]   380   1.00155e-007   -8.07681e-039   8.22087e-039   [-0.000012,0.000024,]
[1,19,]   381   1.84834e-007   -6.95181e-039   7.40106e-039   [-0.000040,0.000018,]
[2,19,]   382   5.10499e-007   -5.74851e-039   6.67234e-039   [-0.000026,0.000015,]
[3,19,]   383   1.44756e-006   -4.98061e-039   6.03471e-039   [-0.000019,0.000014,]
[4,19,]   384   3.81929e-006   -4.36915e-039   5.48817e-039   [-0.000012,0.000014,]
[5,19,]   385   8.8887e-006   -3.84461e-039   5.03272e-039   [-0.000006,0.000014,]
[6,19,]   386   1.75572e-005   -3.44559e-039   4.66836e-039   [-0.000001,0.000014,]
[7,19,]   387   2.90461e-005   -3.16375e-039   4.39509e-039   [0.000003,0.000014,]
[8,19,]   388   4.02915e-005   -2.99216e-039   4.21291e-039   [0.000006,0.000014,]
[9,19,]   389   4.71901e-005   -2.92513e-039   4.12182e-039   [0.000007,0.000013,]
[10,19,]   390   4.69282e-005   -2.94927e-039   4.12182e-039   [0.000008,0.000012,]
[11,19,]   391   3.96129e-005   -3.05322e-039   4.21291e-039   [0.000006,0.000012,]
[12,19,]   392   2.81729e-005   -3.23718e-039   4.39509e-039   [0.000003,0.000012,]
[13,19,]   393   1.66707e-005   -3.50176e-039   4.66836e-039   [-0.000001,0.000012,]
[14,19,]   394   8.10817e-006   -3.85358e-039   5.03272e-039   [-0.000006,0.000012,]
[15,19,]   395   3.22753e-006   -4.30358e-039   5.48817e-039   [-0.000013,0.000012,]
[16,19,]   396   1.07182e-006   -4.81773e-039   6.03471e-039   [-0.000021,0.000012,]
[17,19,]   397   3.11214e-007   -5.64659e-039   6.67234e-039   [-0.000028,0.000016,]
[18,19,]   398   8.99452e-008   -6.01136e-039   7.40106e-039   [-0.000014,0.000024,]
[19,19,]   399   1.93739e-008   -8.79509e-039   8.22087e-039   [0.000007,0.000028,]
