coordinates  index   rho      Q      V    velocities 
[0,0,]   0   3.65318e-008   -8.00883e-039   8.22087e-039   [0.000037,0.000004,]
[1,0,]   1   1.29515e-007   -5.66719e-039   7.40106e-039   [0.000019,0.000004,]
[2,0,]   2   4.14776e-007   -5.33101e-039   6.67234e-039   [0.000027,0.000005,]
[3,0,]   3   1.38095e-006   -4.49072e-039   6.03472e-039   [0.000020,0.000007,]
[4,0,]   4   4.09389e-006   -3.93886e-039   5.4882e-039   [0.000013,0.000009,]
[5,0,]   5   1.01525e-005   -3.50345e-039   5.03294e-039   [0.000006,0.000010,]
[6,0,]   6   2.05907e-005   -3.18789e-039   4.66969e-039   [0.000001,0.000010,]
[7,0,]   7   3.42859e-005   -2.97017e-039   4.40134e-039   [-0.000003,0.000010,]
[8,0,]   8   4.7476e-005   -2.83721e-039   4.23584e-039   [-0.000006,0.000010,]
[9,0,]   9   5.54109e-005   -2.78242e-039   4.18734e-039   [-0.000007,0.000009,]
[10,0,]   10   5.49779e-005   -2.80329e-039   4.26759e-039   [-0.000007,0.000008,]
[11,0,]   11   4.64162e-005   -2.90579e-039   4.46551e-039   [-0.000006,0.000008,]
[12,0,]   12   3.31596e-005   -3.09913e-039   4.73598e-039   [-0.000003,0.000008,]
[13,0,]   13   1.9895e-005   -3.39046e-039   5.02664e-039   [0.000001,0.000009,]
[14,0,]   14   1.00034e-005   -3.7889e-039   5.32598e-039   [0.000006,0.000010,]
[15,0,]   15   4.26989e-006   -4.29968e-039   5.67511e-039   [0.000012,0.000011,]
[16,0,]   16   1.60951e-006   -4.88344e-039   6.12752e-039   [0.000018,0.000013,]
[17,0,]   17   5.68456e-007   -5.48838e-039   6.70823e-039   [0.000025,0.000015,]
[18,0,]   18   1.98262e-007   -6.4833e-039   7.41187e-039   [0.000036,0.000017,]
[19,0,]   19   8.78757e-008   -7.94883e-039   8.22341e-039   [0.000041,0.000018,]
[0,1,]   20   8.77175e-008   -7.07317e-039   7.40106e-039   [0.000037,-0.000024,]
[1,1,]   21   3.37162e-007   -4.48395e-039   6.58125e-039   [0.000024,-0.000021,]
[2,1,]   22   1.15125e-006   -4.39738e-039   5.85253e-039   [0.000033,-0.000015,]
[3,1,]   23   4.09149e-006   -3.38404e-039   5.21491e-039   [0.000023,-0.000011,]
[4,1,]   24   1.25775e-005   -2.66855e-039   4.66844e-039   [0.000014,-0.000009,]
[5,1,]   25   3.16946e-005   -2.13798e-039   4.21351e-039   [0.000006,-0.000009,]
[6,1,]   26   6.47161e-005   -1.77091e-039   3.85216e-039   [0.000001,-0.000008,]
[7,1,]   27   0.000107949   -1.53233e-039   3.59228e-039   [-0.000003,-0.000009,]
[8,1,]   28   0.000149115   -1.40039e-039   3.45544e-039   [-0.000006,-0.000009,]
[9,1,]   29   0.000172927   -1.35842e-039   3.4801e-039   [-0.000008,-0.000010,]
[10,1,]   30   0.000170034   -1.39239e-039   3.69826e-039   [-0.000008,-0.000010,]
[11,1,]   31   0.000142226   -1.49988e-039   4.07973e-039   [-0.000006,-0.000011,]
[12,1,]   32   0.00010093   -1.68759e-039   4.5019e-039   [-0.000003,-0.000011,]
[13,1,]   33   6.04854e-005   -1.96424e-039   4.82244e-039   [0.000001,-0.000010,]
[14,1,]   34   3.06223e-005   -2.33506e-039   5.01006e-039   [0.000007,-0.000009,]
[15,1,]   35   1.32864e-005   -2.78736e-039   5.17652e-039   [0.000013,-0.000007,]
[16,1,]   36   5.12586e-006   -3.25538e-039   5.46718e-039   [0.000019,-0.000005,]
[17,1,]   37   1.84554e-006   -3.69456e-039   5.95008e-039   [0.000024,-0.000004,]
[18,1,]   38   6.45353e-007   -4.49423e-039   6.61062e-039   [0.000033,-0.000004,]
[19,1,]   39   2.77294e-007   -5.84886e-039   7.40795e-039   [0.000036,-0.000007,]
[0,2,]   40   2.87939e-007   -5.14093e-039   6.67234e-039   [0.000035,-0.000020,]
[1,2,]   41   1.04076e-006   -3.08607e-039   5.85253e-039   [0.000028,-0.000017,]
[2,2,]   42   3.3031e-006   -3.49082e-039   5.12381e-039   [0.000038,-0.000013,]
[3,2,]   43   1.16817e-005   -2.54612e-039   4.4862e-039   [0.000027,-0.000009,]
[4,2,]   44   3.67304e-005   -1.77714e-039   3.93981e-039   [0.000016,-0.000006,]
[5,2,]   45   9.43571e-005   -1.21336e-039   3.48546e-039   [0.000007,-0.000005,]
[6,2,]   46   0.000194749   -8.3315e-040   3.12747e-039   [0.000001,-0.000004,]
[7,2,]   47   0.000326038   -5.97242e-040   2.88254e-039   [-0.000004,-0.000005,]
[8,2,]   48   0.000450135   -4.75796e-040   2.79635e-039   [-0.000007,-0.000005,]
[9,2,]   49   0.000521325   -4.3874e-040   2.95031e-039   [-0.000009,-0.000006,]
[10,2,]   50   0.000512694   -4.7213e-040   3.41215e-039   [-0.000008,-0.000007,]
[11,2,]   51   0.000429937   -5.72976e-040   4.11798e-039   [-0.000006,-0.000008,]
[12,2,]   52   0.000306309   -7.52204e-040   4.80822e-039   [-0.000002,-0.000007,]
[13,2,]   53   0.000184179   -1.03169e-039   5.18155e-039   [0.000003,-0.000006,]
[14,2,]   54   9.34486e-005   -1.42072e-039   5.17176e-039   [0.000009,-0.000005,]
[15,2,]   55   4.07123e-005   -1.89948e-039   5.01542e-039   [0.000015,-0.000002,]
[16,2,]   56   1.59316e-005   -2.37795e-039   5.02026e-039   [0.000022,0.000000,]
[17,2,]   57   5.92923e-006   -2.76433e-039   5.33031e-039   [0.000027,0.000003,]
[18,2,]   58   2.17416e-006   -3.45577e-039   5.91471e-039   [0.000033,0.000004,]
[19,2,]   59   9.66134e-007   -4.59074e-039   6.68692e-039   [0.000033,0.000002,]
[0,3,]   60   8.37759e-007   -3.6264e-039   6.03471e-039   [0.000033,-0.000020,]
[1,3,]   61   2.7616e-006   -2.15395e-039   5.2149e-039   [0.000032,-0.000017,]
[2,3,]   62   7.83004e-006   -3.04369e-039   4.48618e-039   [0.000043,-0.000013,]
[3,3,]   63   2.70024e-005   -2.14402e-039   3.84858e-039   [0.000031,-0.000008,]
[4,3,]   64   8.70257e-005   -1.28187e-039   3.30228e-039   [0.000018,-0.000004,]
[5,3,]   65   0.000229233   -6.46181e-040   2.84864e-039   [0.000008,-0.000003,]
[6,3,]   66   0.000480088   -2.30626e-040   2.49479e-039   [0.000001,-0.000002,]
[7,3,]   67   0.000808345   2.24331e-041   2.26824e-039   [-0.000005,-0.000003,]
[8,3,]   68   0.00111683   1.54153e-040   2.24433e-039   [-0.000008,-0.000004,]
[9,3,]   69   0.00129327   1.93098e-040   2.55726e-039   [-0.000010,-0.000005,]
[10,3,]   70   0.00127558   1.76529e-040   3.31871e-039   [-0.000009,-0.000007,]
[11,3,]   71   0.00107688   1.00072e-040   4.42333e-039   [-0.000006,-0.000007,]
[12,3,]   72   0.000773458   -6.095e-041   5.44316e-039   [-0.000002,-0.000007,]
[13,3,]   73   0.00046799   -3.30582e-040   5.8814e-039   [0.000004,-0.000006,]
[14,3,]   74   0.000238148   -7.25669e-040   5.6289e-039   [0.000011,-0.000005,]
[15,3,]   75   0.000104137   -1.22223e-039   5.07566e-039   [0.000018,-0.000002,]
[16,3,]   76   4.14881e-005   -1.68841e-039   4.7291e-039   [0.000025,0.000001,]
[17,3,]   77   1.61472e-005   -1.99467e-039   4.82664e-039   [0.000029,0.000004,]
[18,3,]   78   6.30805e-006   -2.5615e-039   5.31742e-039   [0.000032,0.000006,]
[19,3,]   79   2.9228e-006   -3.49149e-039   6.05875e-039   [0.000030,0.000003,]
[0,4,]   80   2.09638e-006   -2.24469e-039   5.48817e-039   [0.000030,-0.000020,]
[1,4,]   81   6.24986e-006   -1.363e-039   4.66836e-039   [0.000035,-0.000017,]
[2,4,]   82   1.53087e-005   -2.76593e-039   3.93965e-039   [0.000048,-0.000013,]
[3,4,]   83   4.99285e-005   -2.01479e-039   3.30205e-039   [0.000036,-0.000005,]
[4,4,]   84   0.000165813   -9.82913e-040   2.75582e-039   [0.000021,0.000000,]
[5,4,]   85   0.000449915   -2.91601e-040   2.3027e-039   [0.000009,0.000002,]
[6,4,]   86   0.000957561   1.67111e-040   1.95183e-039   [0.000000,0.000003,]
[7,4,]   87   0.00161882   4.44926e-040   1.73855e-039   [-0.000005,0.000002,]
[8,4,]   88   0.00222995   5.83845e-040   1.75958e-039   [-0.000010,0.000001,]
[9,4,]   89   0.00257494   6.55109e-040   2.18727e-039   [-0.000011,-0.000001,]
[10,4,]   90   0.0025409   6.50916e-040   3.16499e-039   [-0.000011,-0.000003,]
[11,4,]   91   0.00215893   5.81822e-040   4.55748e-039   [-0.000007,-0.000005,]
[12,4,]   92   0.0015659   4.51124e-040   5.81522e-039   [-0.000001,-0.000006,]
[13,4,]   93   0.000954165   1.90804e-040   6.30032e-039   [0.000005,-0.000006,]
[14,4,]   94   0.000486562   -2.14924e-040   5.87261e-039   [0.000013,-0.000005,]
[15,4,]   95   0.000213415   -7.2338e-040   5.03289e-039   [0.000021,-0.000002,]
[16,4,]   96   8.70807e-005   -1.1708e-039   4.43266e-039   [0.000029,0.000002,]
[17,4,]   97   3.59867e-005   -1.38224e-039   4.3768e-039   [0.000032,0.000006,]
[18,4,]   98   1.51935e-005   -1.81373e-039   4.8e-039   [0.000031,0.000007,]
[19,4,]   99   7.3412e-006   -2.53341e-039   5.51904e-039   [0.000026,0.000003,]
[0,5,]   100   4.63276e-006   -9.12932e-040   5.03272e-039   [0.000028,-0.000019,]
[1,5,]   101   1.25021e-005   -5.14768e-040   4.21291e-039   [0.000038,-0.000016,]
[2,5,]   102   2.55969e-005   -2.34472e-039   3.4842e-039   [0.000055,-0.000015,]
[3,5,]   103   7.41432e-005   -1.9948e-039   2.8466e-039   [0.000045,-0.000003,]
[4,5,]   104   0.000255201   -7.43022e-040   2.30037e-039   [0.000025,0.000005,]
[5,5,]   105   0.000723416   8.1835e-041   1.84725e-039   [0.000010,0.000009,]
[6,5,]   106   0.0015661   5.68663e-040   1.49638e-039   [0.000000,0.000010,]
[7,5,]   107   0.00264271   8.53132e-040   1.2831e-039   [-0.000007,0.000009,]
[8,5,]   108   0.00359698   1.00921e-039   1.30413e-039   [-0.000011,0.000007,]
[9,5,]   109   0.004088   1.04092e-039   1.73182e-039   [-0.000014,0.000004,]
[10,5,]   110   0.00401072   1.03122e-039   2.70954e-039   [-0.000013,0.000001,]
[11,5,]   111   0.00343784   1.00683e-039   4.10203e-039   [-0.000009,-0.000002,]
[12,5,]   112   0.00251968   8.68249e-040   5.35977e-039   [-0.000002,-0.000005,]
[13,5,]   113   0.00154684   6.15553e-040   5.84487e-039   [0.000006,-0.000006,]
[14,5,]   114   0.000788428   1.97738e-040   5.41716e-039   [0.000015,-0.000005,]
[15,5,]   115   0.000344908   -3.8284e-040   4.57744e-039   [0.000025,-0.000002,]
[16,5,]   116   0.000145638   -7.48171e-040   3.97721e-039   [0.000034,0.000003,]
[17,5,]   117   6.57095e-005   -8.11181e-040   3.92135e-039   [0.000035,0.000007,]
[18,5,]   118   3.05791e-005   -1.08212e-039   4.34455e-039   [0.000029,0.000009,]
[19,5,]   119   1.53766e-005   -1.56873e-039   5.06359e-039   [0.000020,0.000003,]
[0,6,]   120   9.234e-006   2.46542e-040   4.66836e-039   [0.000026,-0.000018,]
[1,6,]   121   2.23712e-005   3.1919e-040   3.84855e-039   [0.000038,-0.000016,]
[2,6,]   122   3.74764e-005   -1.40832e-039   3.11983e-039   [0.000062,-0.000021,]
[3,6,]   123   8.38386e-005   -2.44039e-039   2.48223e-039   [0.000059,-0.000003,]
[4,6,]   124   0.000304881   -5.75038e-040   1.93593e-039   [0.000033,0.000011,]
[5,6,]   125   0.000928102   4.23069e-040   1.48229e-039   [0.000013,0.000016,]
[6,6,]   126   0.00205759   9.5315e-040   1.12844e-039   [0.000000,0.000017,]
[7,6,]   127   0.00344106   1.25528e-039   9.01894e-040   [-0.000008,0.000016,]
[8,6,]   128   0.00454487   1.36479e-039   8.77978e-040   [-0.000015,0.000013,]
[9,6,]   129   0.00501221   1.43115e-039   1.19091e-039   [-0.000019,0.000009,]
[10,6,]   130   0.00485023   1.36878e-039   1.95236e-039   [-0.000018,0.000004,]
[11,6,]   131   0.0042081   1.29983e-039   3.05698e-039   [-0.000013,-0.000003,]
[12,6,]   132   0.00314839   1.18978e-039   4.07681e-039   [-0.000005,-0.000007,]
[13,6,]   133   0.00195261   9.10287e-040   4.51505e-039   [0.000005,-0.000008,]
[14,6,]   134   0.00098888   4.42034e-040   4.26255e-039   [0.000017,-0.000007,]
[15,6,]   135   0.000428319   -1.90705e-040   3.70931e-039   [0.000030,-0.000001,]
[16,6,]   136   0.00018884   -5.31276e-040   3.36275e-039   [0.000041,0.000004,]
[17,6,]   137   9.81105e-005   -1.76756e-040   3.46029e-039   [0.000038,0.000010,]
[18,6,]   138   5.14724e-005   -3.35254e-040   3.95107e-039   [0.000025,0.000010,]
[19,6,]   139   2.67622e-005   -6.06989e-040   4.6924e-039   [0.000013,0.000002,]
[0,7,]   140   1.68221e-005   1.22675e-039   4.39509e-039   [0.000023,-0.000017,]
[1,7,]   141   3.57074e-005   1.02166e-039   3.57528e-039   [0.000032,-0.000016,]
[2,7,]   142   4.83605e-005   6.82084e-041   2.84656e-039   [0.000065,-0.000032,]
[3,7,]   143   6.5497e-005   -4.23287e-039   2.20895e-039   [0.000084,-0.000008,]
[4,7,]   144   0.000252562   -1.20645e-039   1.66256e-039   [0.000046,0.000021,]
[5,7,]   145   0.000901773   6.44783e-040   1.20821e-039   [0.000015,0.000025,]
[6,7,]   146   0.00208484   1.26688e-039   8.5022e-040   [0.000000,0.000025,]
[7,7,]   147   0.00340989   1.54243e-039   6.05286e-040   [-0.000010,0.000024,]
[8,7,]   148   0.00424533   1.66871e-039   5.19099e-040   [-0.000019,0.000021,]
[9,7,]   149   0.0043022   1.37938e-039   6.73062e-040   [-0.000025,0.000014,]
[10,7,]   150   0.0040908   1.12402e-039   1.1349e-039   [-0.000027,0.000003,]
[11,7,]   151   0.00375495   1.52376e-039   1.84073e-039   [-0.000020,-0.000009,]
[12,7,]   152   0.00294306   1.36788e-039   2.53097e-039   [-0.000008,-0.000015,]
[13,7,]   153   0.00187284   1.10678e-039   2.9043e-039   [0.000004,-0.000017,]
[14,7,]   154   0.000933016   5.4437e-040   2.89451e-039   [0.000021,-0.000014,]
[15,7,]   155   0.00038691   -5.37625e-040   2.73817e-039   [0.000038,-0.000004,]
[16,7,]   156   0.00018211   -5.51077e-040   2.74301e-039   [0.000052,0.000011,]
[17,7,]   157   0.000118476   4.55642e-040   3.05306e-039   [0.000038,0.000014,]
[18,7,]   158   7.19722e-005   3.89402e-040   3.63746e-039   [0.000018,0.000012,]
[19,7,]   159   3.85659e-005   3.11951e-040   4.40967e-039   [0.000005,0.000002,]
[0,8,]   160   2.7409e-005   1.9778e-039   4.21291e-039   [0.000019,-0.000016,]
[1,8,]   161   5.0646e-005   1.37389e-039   3.3931e-039   [0.000021,-0.000018,]
[2,8,]   162   5.69811e-005   1.74958e-039   2.66438e-039   [0.000059,-0.000035,]
[3,8,]   163   3.57822e-005   -8.09518e-039   2.02676e-039   [0.000125,-0.000038,]
[4,8,]   164   0.000123804   -5.12709e-039   1.48029e-039   [0.000073,0.000041,]
[5,8,]   165   0.000621446   1.31556e-040   1.02536e-039   [0.000013,0.000042,]
[6,8,]   166   0.00155067   1.15411e-039   6.6401e-040   [-0.000002,0.000040,]
[7,8,]   167   0.00243482   1.53636e-039   4.04125e-040   [-0.000012,0.000039,]
[8,8,]   168   0.00264302   1.16299e-039   2.67289e-040   [-0.000024,0.000034,]
[9,8,]   169   0.00226853   -1.22847e-040   2.91954e-040   [-0.000041,0.000030,]
[10,8,]   170   0.00226068   7.68972e-040   5.10113e-040   [-0.000046,0.000002,]
[11,8,]   171   0.00218404   7.40529e-040   8.91583e-040   [-0.000031,-0.000029,]
[12,8,]   172   0.00195167   9.47529e-040   1.31375e-039   [-0.000013,-0.000039,]
[13,8,]   173   0.00131582   7.09631e-040   1.63429e-039   [0.000006,-0.000040,]
[14,8,]   174   0.000628216   -6.59403e-041   1.82191e-039   [0.000026,-0.000035,]
[15,8,]   175   0.00024576   -9.05253e-040   1.98837e-039   [0.000061,-0.000013,]
[16,8,]   176   0.000118831   -2.68918e-039   2.27903e-039   [0.000073,0.000018,]
[17,8,]   177   0.000117562   1.49082e-039   2.76193e-039   [0.000029,0.000024,]
[18,8,]   178   8.32493e-005   9.34591e-040   3.42247e-039   [0.000011,0.000015,]
[19,8,]   179   4.62694e-005   1.09303e-039   4.2198e-039   [-0.000004,0.000003,]
[0,9,]   180   3.74798e-005   2.43152e-039   4.12182e-039   [0.000014,-0.000010,]
[1,9,]   181   6.5691e-005   1.6942e-039   3.30201e-039   [0.000014,-0.000017,]
[2,9,]   182   6.3648e-005   1.01403e-039   2.57329e-039   [0.000028,-0.000035,]
[3,9,]   183   2.59341e-005   -1.08384e-038   1.93567e-039   [0.000136,-0.000118,]
[4,9,]   184   4.97076e-005   -1.38977e-038   1.38915e-039   [0.000141,0.000118,]
[5,9,]   185   0.000347568   -1.84656e-039   9.33892e-040   [-0.000005,0.000088,]
[6,9,]   186   0.000908155   -3.47913e-040   5.7064e-040   [-0.000004,0.000074,]
[7,9,]   187   0.00127964   -4.75721e-040   3.02294e-040   [-0.000010,0.000079,]
[8,9,]   188   0.0011368   -1.35793e-039   1.36795e-040   [-0.000013,0.000103,]
[9,9,]   189   0.000725052   -5.7118e-039   8.82886e-041   [-0.000083,0.000116,]
[10,9,]   190   0.000669477   -6.08869e-039   1.68545e-040   [-0.000112,-0.000091,]
[11,9,]   191   0.000798791   -5.49801e-039   3.6646e-040   [-0.000047,-0.000103,]
[12,9,]   192   0.00106242   -1.08518e-039   6.36928e-040   [-0.000013,-0.000081,]
[13,9,]   193   0.000804361   -7.00959e-040   9.27586e-040   [0.000008,-0.000076,]
[14,9,]   194   0.000325134   -3.08932e-039   1.22693e-039   [0.000030,-0.000085,]
[15,9,]   195   8.82996e-005   -7.45126e-039   1.57606e-039   [0.000107,-0.000098,]
[16,9,]   196   7.04351e-005   -1.12682e-039   2.02847e-039   [0.000064,0.000097,]
[17,9,]   197   9.6281e-005   1.93502e-039   2.60918e-039   [0.000017,0.000035,]
[18,9,]   198   8.04782e-005   1.38375e-039   3.31282e-039   [-0.000001,0.000017,]
[19,9,]   199   4.59622e-005   1.67083e-039   4.12436e-039   [-0.000014,0.000005,]
[0,10,]   200   4.46211e-005   1.68344e-039   4.12182e-039   [0.000009,-0.000005,]
[1,10,]   201   8.01678e-005   1.40425e-039   3.30201e-039   [0.000001,-0.000016,]
[2,10,]   202   9.68322e-005   1.96869e-039   2.57329e-039   [-0.000017,-0.000034,]
[3,10,]   203   7.06102e-005   -1.17061e-039   1.93566e-039   [-0.000064,-0.000097,]
[4,10,]   204   8.8215e-005   -7.57452e-039   1.38913e-039   [-0.000107,0.000101,]
[5,10,]   205   0.00032754   -3.09055e-039   9.33735e-040   [-0.000029,0.000088,]
[6,10,]   206   0.000810339   -7.0557e-040   5.69693e-040   [-0.000007,0.000078,]
[7,10,]   207   0.00106799   -1.09344e-039   2.97834e-040   [0.000013,0.000084,]
[8,10,]   208   0.000798507   -5.5193e-039   1.20433e-040   [0.000047,0.000107,]
[9,10,]   209   0.000659734   -6.22069e-039   4.15432e-041   [0.000113,0.000095,]
[10,10,]   210   0.00070604   -5.90091e-039   6.4537e-041   [0.000084,-0.000113,]
[11,10,]   211   0.00110936   -1.4336e-039   1.86233e-040   [0.000013,-0.000100,]
[12,10,]   212   0.00125121   -5.28403e-040   3.93708e-040   [0.000010,-0.000076,]
[13,10,]   213   0.000888135   -4.02346e-040   6.71959e-040   [0.000005,-0.000070,]
[14,10,]   214   0.000339669   -1.90597e-039   1.01769e-039   [0.000006,-0.000085,]
[15,10,]   215   4.84105e-005   -1.399e-038   1.44268e-039   [-0.000143,-0.000115,]
[16,10,]   216   2.50958e-005   -1.10459e-038   1.96225e-039   [-0.000137,0.000121,]
[17,10,]   217   6.29216e-005   9.7778e-040   2.58357e-039   [-0.000027,0.000037,]
[18,10,]   218   6.6164e-005   1.69845e-039   3.30511e-039   [-0.000015,0.000019,]
[19,10,]   219   3.90772e-005   2.45092e-039   4.12255e-039   [-0.000023,0.000011,]
[0,11,]   220   4.60013e-005   1.1116e-039   4.21291e-039   [0.000004,-0.000003,]
[1,11,]   221   8.33466e-005   9.48704e-040   3.3931e-039   [-0.000011,-0.000014,]
[2,11,]   222   0.000117784   1.49484e-039   2.66438e-039   [-0.000029,-0.000023,]
[3,11,]   223   0.000118774   -2.69956e-039   2.02675e-039   [-0.000072,-0.000018,]
[4,11,]   224   0.000245652   -8.94551e-040   1.48021e-039   [-0.000060,0.000014,]
[5,11,]   225   0.000627709   -6.86702e-041   1.02478e-039   [-0.000026,0.000037,]
[6,11,]   226   0.00131353   7.06753e-040   6.60487e-040   [-0.000005,0.000043,]
[7,11,]   227   0.00194294   9.39788e-040   3.87532e-040   [0.000014,0.000043,]
[8,11,]   228   0.00216243   7.12951e-040   2.06419e-040   [0.000032,0.000033,]
[9,11,]   229   0.00222433   7.33193e-040   1.18051e-040   [0.000046,0.000004,]
[10,11,]   230   0.00221913   -1.82547e-040   1.23181e-040   [0.000042,-0.000026,]
[11,11,]   231   0.00258516   1.10653e-039   2.211e-040   [0.000025,-0.000030,]
[12,11,]   232   0.00238618   1.48572e-039   4.08925e-040   [0.000012,-0.000034,]
[13,11,]   233   0.00152155   1.09874e-039   6.83306e-040   [0.000002,-0.000036,]
[14,11,]   234   0.000609334   6.68523e-041   1.04351e-039   [-0.000013,-0.000038,]
[15,11,]   235   0.000119732   -5.34412e-039   1.49216e-039   [-0.000074,-0.000037,]
[16,11,]   236   3.38897e-005   -8.58215e-039   2.03269e-039   [-0.000128,0.000044,]
[17,11,]   237   5.62883e-005   1.77705e-039   2.66668e-039   [-0.000060,0.000038,]
[18,11,]   238   5.06743e-005   1.33322e-039   3.39379e-039   [-0.000022,0.000021,]
[19,11,]   239   2.80628e-005   1.9573e-039   4.21307e-039   [-0.000025,0.000019,]
[0,12,]   240   3.93553e-005   3.17634e-040   4.39509e-039   [-0.000001,-0.000002,]
[1,12,]   241   7.24178e-005   3.8416e-040   3.57528e-039   [-0.000018,-0.000012,]
[2,12,]   242   0.000118487   4.45391e-040   2.84656e-039   [-0.000038,-0.000014,]
[3,12,]   243   0.000181833   -5.49354e-040   2.20893e-039   [-0.000051,-0.000010,]
[4,12,]   244   0.000385944   -5.29077e-040   1.66239e-039   [-0.000037,0.000005,]
[5,12,]   245   0.000929301   5.44775e-040   1.20694e-039   [-0.000019,0.000016,]
[6,12,]   246   0.00186403   1.10547e-039   8.42597e-040   [-0.000002,0.000020,]
[7,12,]   247   0.00292721   1.36519e-039   5.69382e-040   [0.000010,0.000020,]
[8,12,]   248   0.00373034   1.5183e-039   3.87387e-040   [0.000022,0.000014,]
[9,12,]   249   0.00405652   1.10843e-039   2.9677e-040   [0.000028,0.000004,]
[10,12,]   250   0.00425897   1.34167e-039   2.97662e-040   [0.000026,-0.000008,]
[11,12,]   251   0.00421166   1.63451e-039   3.89939e-040   [0.000019,-0.000014,]
[12,12,]   252   0.00339653   1.51418e-039   5.73099e-040   [0.000011,-0.000017,]
[13,12,]   253   0.0020859   1.24269e-039   8.46563e-040   [0.000000,-0.000019,]
[14,12,]   254   0.000905351   6.24208e-040   1.2102e-039   [-0.000015,-0.000019,]
[15,12,]   255   0.000252347   -1.28013e-039   1.66447e-039   [-0.000047,-0.000016,]
[16,12,]   256   6.42719e-005   -4.49142e-039   2.20996e-039   [-0.000087,0.000015,]
[17,12,]   257   4.83511e-005   9.05042e-041   2.84696e-039   [-0.000067,0.000038,]
[18,12,]   258   3.58245e-005   1.04754e-039   3.5754e-039   [-0.000034,0.000021,]
[19,12,]   259   1.66638e-005   1.27099e-039   4.39512e-039   [-0.000024,0.000021,]
[0,13,]   260   2.80799e-005   -5.8503e-040   4.66836e-039   [-0.000005,-0.000002,]
[1,13,]   261   5.20688e-005   -3.53723e-040   3.84855e-039   [-0.000025,-0.000010,]
[2,13,]   262   9.79936e-005   -2.00291e-040   3.11983e-039   [-0.000038,-0.000010,]
[3,13,]   263   0.000188318   -5.2472e-040   2.4822e-039   [-0.000040,-0.000004,]
[4,13,]   264   0.000426109   -1.92807e-040   1.93566e-039   [-0.000028,0.000002,]
[5,13,]   265   0.000982374   4.34783e-040   1.48021e-039   [-0.000014,0.000009,]
[6,13,]   266   0.00194019   9.01332e-040   1.11585e-039   [-0.000002,0.000011,]
[7,13,]   267   0.00313418   1.18467e-039   8.42592e-040   [0.000008,0.000011,]
[8,13,]   268   0.00420121   1.30128e-039   6.60437e-040   [0.000016,0.000008,]
[9,13,]   269   0.00485768   1.37143e-039   5.69411e-040   [0.000019,0.000002,]
[10,13,]   270   0.0050413   1.43899e-039   5.69532e-040   [0.000019,-0.000003,]
[11,13,]   271   0.00460027   1.38554e-039   6.60782e-040   [0.000015,-0.000007,]
[12,13,]   272   0.00350983   1.28931e-039   8.43095e-040   [0.000008,-0.000010,]
[13,13,]   273   0.0021171   1.0049e-039   1.11639e-039   [-0.000000,-0.000011,]
[14,13,]   274   0.000963318   4.95408e-040   1.48065e-039   [-0.000013,-0.000010,]
[15,13,]   275   0.000317736   -5.02565e-040   1.93594e-039   [-0.000034,-0.000006,]
[16,13,]   276   8.66167e-005   -2.44709e-039   2.48234e-039   [-0.000061,0.000008,]
[17,13,]   277   3.85145e-005   -1.36526e-039   3.11989e-039   [-0.000064,0.000027,]
[18,13,]   278   2.26574e-005   4.28562e-040   3.84857e-039   [-0.000040,0.000020,]
[19,13,]   279   8.71363e-006   3.18929e-040   4.66837e-039   [-0.000021,0.000023,]
[0,14,]   280   1.65335e-005   -1.53416e-039   5.03272e-039   [-0.000008,-0.000002,]
[1,14,]   281   3.10647e-005   -1.11746e-039   4.21291e-039   [-0.000029,-0.000009,]
[2,14,]   282   6.55707e-005   -8.43495e-040   3.48419e-039   [-0.000035,-0.000007,]
[3,14,]   283   0.000145086   -7.41694e-040   2.84656e-039   [-0.000032,-0.000003,]
[4,14,]   284   0.000342639   -3.85577e-040   2.30002e-039   [-0.000022,0.000002,]
[5,14,]   285   0.000782   1.86603e-040   1.84457e-039   [-0.000011,0.000006,]
[6,14,]   286   0.00153547   6.0208e-040   1.48021e-039   [-0.000001,0.000007,]
[7,14,]   287   0.0025101   8.62085e-040   1.20694e-039   [0.000007,0.000007,]
[8,14,]   288   0.00344465   1.01541e-039   1.02477e-039   [0.000012,0.000005,]
[9,14,]   289   0.00404729   1.05766e-039   9.33683e-040   [0.000015,0.000002,]
[10,14,]   290   0.00415848   1.08531e-039   9.33696e-040   [0.000015,-0.000002,]
[11,14,]   291   0.00369195   1.07074e-039   1.0248e-039   [0.000012,-0.000005,]
[12,14,]   292   0.0027399   9.35111e-040   1.207e-039   [0.000007,-0.000007,]
[13,14,]   293   0.00164184   6.73495e-040   1.48027e-039   [-0.000000,-0.000007,]
[14,14,]   294   0.000767521   2.16359e-040   1.84462e-039   [-0.000010,-0.000007,]
[15,14,]   295   0.000273526   -5.73199e-040   2.30005e-039   [-0.000026,-0.000003,]
[16,14,]   296   7.93953e-005   -1.84203e-039   2.84658e-039   [-0.000047,0.000005,]
[17,14,]   297   2.69554e-005   -2.24987e-039   3.4842e-039   [-0.000058,0.000018,]
[18,14,]   298   1.26912e-005   -3.82845e-040   4.21291e-039   [-0.000040,0.000019,]
[19,14,]   299   4.1188e-006   -9.26688e-040   5.03272e-039   [-0.000018,0.000023,]
[0,15,]   300   8.0582e-006   -2.48312e-039   5.48817e-039   [-0.000011,-0.000003,]
[1,15,]   301   1.54852e-005   -1.86413e-039   4.66836e-039   [-0.000032,-0.000007,]
[2,15,]   302   3.5897e-005   -1.42017e-039   3.93964e-039   [-0.000032,-0.000006,]
[3,15,]   303   8.67397e-005   -1.16204e-039   3.30201e-039   [-0.000027,-0.000002,]
[4,15,]   304   0.000211979   -7.2316e-040   2.75547e-039   [-0.000019,0.000001,]
[5,15,]   305   0.000482406   -2.22661e-040   2.30002e-039   [-0.000009,0.000004,]
[6,15,]   306   0.000946304   1.78485e-040   1.93566e-039   [-0.000001,0.000005,]
[7,15,]   307   0.00155768   4.42276e-040   1.66239e-039   [0.000006,0.000004,]
[8,15,]   308   0.00215896   5.83403e-040   1.48021e-039   [0.000010,0.000003,]
[9,15,]   309   0.00255781   6.65692e-040   1.38912e-039   [0.000013,0.000001,]
[10,15,]   310   0.00261089   6.82366e-040   1.38912e-039   [0.000012,-0.000001,]
[11,15,]   311   0.00227823   6.21296e-040   1.48022e-039   [0.000010,-0.000003,]
[12,15,]   312   0.00166725   4.90875e-040   1.6624e-039   [0.000006,-0.000005,]
[13,15,]   313   0.000995244   2.24971e-040   1.93567e-039   [-0.000000,-0.000005,]
[14,15,]   314   0.000472583   -2.13009e-040   2.30003e-039   [-0.000009,-0.000004,]
[15,15,]   315   0.000176038   -8.70657e-040   2.75547e-039   [-0.000021,-0.000002,]
[16,15,]   316   5.31937e-005   -1.88178e-039   3.30201e-039   [-0.000038,0.000004,]
[17,15,]   317   1.60186e-005   -2.70027e-039   3.93964e-039   [-0.000051,0.000012,]
[18,15,]   318   6.2101e-006   -1.31069e-039   4.66836e-039   [-0.000036,0.000016,]
[19,15,]   319   1.73924e-006   -2.4708e-039   5.48817e-039   [-0.000014,0.000021,]
[0,16,]   320   3.26252e-006   -3.42586e-039   6.03471e-039   [-0.000012,-0.000003,]
[1,16,]   321   6.44472e-006   -2.62383e-039   5.2149e-039   [-0.000033,-0.000006,]
[2,16,]   322   1.61087e-005   -2.03471e-039   4.48618e-039   [-0.000029,-0.000004,]
[3,16,]   323   4.13536e-005   -1.67567e-039   3.84855e-039   [-0.000024,-0.000002,]
[4,16,]   324   0.000103539   -1.21432e-039   3.30201e-039   [-0.000016,0.000001,]
[5,16,]   325   0.000236248   -7.2344e-040   2.84656e-039   [-0.000008,0.000003,]
[6,16,]   326   0.000463645   -3.36257e-040   2.4822e-039   [-0.000001,0.000004,]
[7,16,]   327   0.000766317   -7.3959e-041   2.20893e-039   [0.000005,0.000003,]
[8,16,]   328   0.00106824   8.05847e-041   2.02675e-039   [0.000009,0.000002,]
[9,16,]   329   0.00126763   1.50263e-040   1.93566e-039   [0.000011,0.000001,]
[10,16,]   330   0.00128759   1.57482e-040   1.93566e-039   [0.000011,-0.000001,]
[11,16,]   331   0.00111386   1.06017e-040   2.02675e-039   [0.000008,-0.000002,]
[12,16,]   332   0.000807803   -3.94814e-041   2.20893e-039   [0.000005,-0.000003,]
[13,16,]   333   0.00048121   -3.03726e-040   2.4822e-039   [-0.000000,-0.000004,]
[14,16,]   334   0.000230887   -7.21262e-040   2.84656e-039   [-0.000008,-0.000003,]
[15,16,]   335   8.82343e-005   -1.3407e-039   3.30201e-039   [-0.000018,-0.000001,]
[16,16,]   336   2.74734e-005   -2.17737e-039   3.84855e-039   [-0.000032,0.000003,]
[17,16,]   337   7.85486e-006   -3.10037e-039   4.48618e-039   [-0.000044,0.000008,]
[18,16,]   338   2.62298e-006   -2.22783e-039   5.2149e-039   [-0.000032,0.000013,]
[19,16,]   339   6.47814e-007   -4.06607e-039   6.03471e-039   [-0.000010,0.000018,]
[0,17,]   340   1.09218e-006   -4.46855e-039   6.67234e-039   [-0.000013,-0.000002,]
[1,17,]   341   2.22293e-006   -3.49052e-039   5.85253e-039   [-0.000034,-0.000005,]
[2,17,]   342   5.91208e-006   -2.77126e-039   5.12381e-039   [-0.000026,-0.000003,]
[3,17,]   343   1.58865e-005   -2.328e-039   4.48618e-039   [-0.000021,-0.000001,]
[4,17,]   344   4.05181e-005   -1.85052e-039   3.93964e-039   [-0.000014,0.000001,]
[5,17,]   345   9.2769e-005   -1.3734e-039   3.48419e-039   [-0.000007,0.000003,]
[6,17,]   346   0.00018228   -9.93029e-040   3.11983e-039   [-0.000001,0.000003,]
[7,17,]   347   0.000302112   -7.29006e-040   2.84656e-039   [0.000004,0.000003,]
[8,17,]   348   0.000422434   -5.71144e-040   2.66438e-039   [0.000008,0.000002,]
[9,17,]   349   0.000501612   -4.95582e-040   2.57329e-039   [0.000009,0.000001,]
[10,17,]   350   0.000507648   -4.90208e-040   2.57329e-039   [0.000009,-0.000000,]
[11,17,]   351   0.000436096   -5.57476e-040   2.66438e-039   [0.000007,-0.000001,]
[12,17,]   352   0.000314292   -7.10011e-040   2.84656e-039   [0.000004,-0.000002,]
[13,17,]   353   0.000186957   -9.75483e-040   3.11983e-039   [-0.000000,-0.000002,]
[14,17,]   354   9.03761e-005   -1.37888e-039   3.48419e-039   [-0.000007,-0.000002,]
[15,17,]   355   3.519e-005   -1.94994e-039   3.93964e-039   [-0.000016,-0.000001,]
[16,17,]   356   1.1199e-005   -2.70241e-039   4.48618e-039   [-0.000027,0.000002,]
[17,17,]   357   3.1358e-006   -3.62257e-039   5.12381e-039   [-0.000039,0.000007,]
[18,17,]   358   9.40603e-007   -3.18562e-039   5.85253e-039   [-0.000027,0.000012,]
[19,17,]   359   2.10417e-007   -5.62433e-039   6.67234e-039   [-0.000006,0.000017,]
[0,18,]   360   3.07314e-007   -5.70974e-039   7.40106e-039   [-0.000014,0.000009,]
[1,18,]   361   6.41964e-007   -4.50761e-039   6.58125e-039   [-0.000035,0.000005,]
[2,18,]   362   1.79445e-006   -3.66424e-039   5.85253e-039   [-0.000024,0.000005,]
[3,18,]   363   4.99895e-006   -3.16045e-039   5.2149e-039   [-0.000019,0.000005,]
[4,18,]   364   1.29496e-005   -2.69033e-039   4.66836e-039   [-0.000012,0.000007,]
[5,18,]   365   2.97794e-005   -2.23496e-039   4.21291e-039   [-0.000006,0.000008,]
[6,18,]   366   5.86059e-005   -1.86586e-039   3.84855e-039   [-0.000000,0.000008,]
[7,18,]   367   9.73139e-005   -1.59624e-039   3.57528e-039   [0.000004,0.000008,]
[8,18,]   368   0.000136284   -1.42064e-039   3.3931e-039   [0.000007,0.000007,]
[9,18,]   369   0.000161731   -1.32858e-039   3.30201e-039   [0.000008,0.000006,]
[10,18,]   370   0.000163101   -1.31196e-039   3.30201e-039   [0.000008,0.000005,]
[11,18,]   371   0.000139359   -1.37285e-039   3.3931e-039   [0.000006,0.000005,]
[12,18,]   372   9.99466e-005   -1.52584e-039   3.57528e-039   [0.000004,0.000004,]
[13,18,]   373   5.93944e-005   -1.78784e-039   3.84855e-039   [-0.000000,0.000004,]
[14,18,]   374   2.88783e-005   -2.17953e-039   4.21291e-039   [-0.000006,0.000004,]
[15,18,]   375   1.14052e-005   -2.7296e-039   4.66836e-039   [-0.000014,0.000005,]
[16,18,]   376   3.69854e-006   -3.44496e-039   5.2149e-039   [-0.000023,0.000007,]
[17,18,]   377   1.0308e-006   -4.42083e-039   5.85253e-039   [-0.000034,0.000011,]
[18,18,]   378   2.87806e-007   -4.44531e-039   6.58125e-039   [-0.000022,0.000017,]
[19,18,]   379   6.02237e-008   -7.4756e-039   7.40106e-039   [-0.000002,0.000022,]
[0,19,]   380   8.45319e-008   -8.15185e-039   8.22087e-039   [-0.000014,0.000021,]
[1,19,]   381   1.69527e-007   -6.84046e-039   7.40106e-039   [-0.000039,0.000015,]
[2,19,]   382   4.81542e-007   -5.69309e-039   6.67234e-039   [-0.000026,0.000013,]
[3,19,]   383   1.38559e-006   -4.94193e-039   6.03471e-039   [-0.000019,0.000012,]
[4,19,]   384   3.69454e-006   -4.33129e-039   5.48817e-039   [-0.000012,0.000012,]
[5,19,]   385   8.64779e-006   -3.81504e-039   5.03272e-039   [-0.000005,0.000013,]
[6,19,]   386   1.71321e-005   -3.42098e-039   4.66836e-039   [-0.000001,0.000013,]
[7,19,]   387   2.83881e-005   -3.14009e-039   4.39509e-039   [0.000003,0.000012,]
[8,19,]   388   3.94156e-005   -2.96571e-039   4.21291e-039   [0.000006,0.000012,]
[9,19,]   389   4.61804e-005   -2.89273e-039   4.12182e-039   [0.000007,0.000011,]
[10,19,]   390   4.59148e-005   -2.9117e-039   4.12182e-039   [0.000007,0.000011,]
[11,19,]   391   3.87383e-005   -3.0139e-039   4.21291e-039   [0.000006,0.000010,]
[12,19,]   392   2.75461e-005   -3.19727e-039   4.39509e-039   [0.000003,0.000010,]
[13,19,]   393   1.63223e-005   -3.46242e-039   4.66836e-039   [-0.000001,0.000010,]
[14,19,]   394   7.97365e-006   -3.8152e-039   5.03272e-039   [-0.000006,0.000010,]
[15,19,]   395   3.20335e-006   -4.26599e-039   5.48817e-039   [-0.000013,0.000010,]
[16,19,]   396   1.07983e-006   -4.79794e-039   6.03471e-039   [-0.000021,0.000011,]
[17,19,]   397   3.20394e-007   -5.60137e-039   6.67234e-039   [-0.000028,0.000015,]
[18,19,]   398   9.36857e-008   -6.0178e-039   7.40106e-039   [-0.000016,0.000022,]
[19,19,]   399   2.10036e-008   -8.91276e-039   8.22087e-039   [0.000003,0.000027,]
