coordinates  index   rho      Q      V    velocities 
[0,0,]   0   4.23528e-008   -7.35672e-039   8.22087e-039   [0.000041,0.000007,]
[1,0,]   1   1.40679e-007   -5.47362e-039   7.40106e-039   [0.000018,0.000007,]
[2,0,]   2   4.41976e-007   -5.36234e-039   6.67234e-039   [0.000028,0.000009,]
[3,0,]   3   1.52649e-006   -4.44718e-039   6.03471e-039   [0.000020,0.000011,]
[4,0,]   4   4.68636e-006   -3.87416e-039   5.48817e-039   [0.000013,0.000013,]
[5,0,]   5   1.18923e-005   -3.41497e-039   5.03272e-039   [0.000007,0.000013,]
[6,0,]   6   2.43903e-005   -3.09502e-039   4.66836e-039   [0.000001,0.000014,]
[7,0,]   7   4.07432e-005   -2.88194e-039   4.3951e-039   [-0.000003,0.000014,]
[8,0,]   8   5.63431e-005   -2.75547e-039   4.21295e-039   [-0.000006,0.000013,]
[9,0,]   9   6.55675e-005   -2.70474e-039   4.12209e-039   [-0.000007,0.000012,]
[10,0,]   10   6.48645e-005   -2.72167e-039   4.12339e-039   [-0.000007,0.000012,]
[11,0,]   11   5.46375e-005   -2.81866e-039   4.22011e-039   [-0.000006,0.000011,]
[12,0,]   12   3.89649e-005   -3.01665e-039   4.42085e-039   [-0.000003,0.000010,]
[13,0,]   13   2.33479e-005   -3.32871e-039   4.74014e-039   [0.000001,0.000010,]
[14,0,]   14   1.17485e-005   -3.76324e-039   5.18848e-039   [0.000006,0.000011,]
[15,0,]   15   5.04794e-006   -4.31044e-039   5.7514e-039   [0.000012,0.000012,]
[16,0,]   16   1.93512e-006   -4.89958e-039   6.38117e-039   [0.000018,0.000014,]
[17,0,]   17   7.01896e-007   -5.46719e-039   7.02749e-039   [0.000025,0.000017,]
[18,0,]   18   2.52931e-007   -6.48584e-039   7.68458e-039   [0.000037,0.000020,]
[19,0,]   19   1.21204e-007   -7.7418e-039   8.39714e-039   [0.000043,0.000021,]
[0,1,]   20   8.31404e-008   -7.24085e-039   7.40106e-039   [0.000040,-0.000027,]
[1,1,]   21   3.071e-007   -4.74016e-039   6.58125e-039   [0.000023,-0.000024,]
[2,1,]   22   1.07013e-006   -4.71139e-039   5.85253e-039   [0.000034,-0.000016,]
[3,1,]   23   4.04079e-006   -3.47741e-039   5.2149e-039   [0.000023,-0.000012,]
[4,1,]   24   1.28845e-005   -2.72538e-039   4.66836e-039   [0.000014,-0.000010,]
[5,1,]   25   3.30853e-005   -2.18731e-039   4.21291e-039   [0.000006,-0.000010,]
[6,1,]   26   6.81071e-005   -1.82581e-039   3.84855e-039   [0.000001,-0.000010,]
[7,1,]   27   0.000113893   -1.59155e-039   3.57529e-039   [-0.000003,-0.000010,]
[8,1,]   28   0.000157231   -1.46102e-039   3.3932e-039   [-0.000006,-0.000011,]
[9,1,]   29   0.000181902   -1.42151e-039   3.30273e-039   [-0.000008,-0.000012,]
[10,1,]   30   0.000178307   -1.45541e-039   3.30627e-039   [-0.000008,-0.000012,]
[11,1,]   31   0.000148679   -1.56483e-039   3.41267e-039   [-0.000007,-0.000013,]
[12,1,]   32   0.000105244   -1.76096e-039   3.6453e-039   [-0.000004,-0.000014,]
[13,1,]   33   6.30161e-005   -2.05077e-039   4.04365e-039   [0.000001,-0.000014,]
[14,1,]   34   3.19852e-005   -2.43634e-039   4.63629e-039   [0.000006,-0.000014,]
[15,1,]   35   1.39914e-005   -2.89801e-039   5.38389e-039   [0.000013,-0.000012,]
[16,1,]   36   5.47538e-006   -3.36366e-039   6.15668e-039   [0.000019,-0.000010,]
[17,1,]   37   2.00119e-006   -3.81623e-039   6.81791e-039   [0.000024,-0.000009,]
[18,1,]   38   7.08609e-007   -4.74726e-039   7.35193e-039   [0.000034,-0.000008,]
[19,1,]   39   3.24151e-007   -6.02375e-039   7.88022e-039   [0.000038,-0.000011,]
[0,2,]   40   2.48466e-007   -5.20853e-039   6.67234e-039   [0.000039,-0.000025,]
[1,2,]   41   9.00881e-007   -3.19052e-039   5.85253e-039   [0.000028,-0.000020,]
[2,2,]   42   2.91466e-006   -3.83425e-039   5.12381e-039   [0.000040,-0.000014,]
[3,2,]   43   1.10652e-005   -2.63633e-039   4.48618e-039   [0.000027,-0.000009,]
[4,2,]   44   3.64068e-005   -1.78059e-039   3.93964e-039   [0.000016,-0.000006,]
[5,2,]   45   9.56183e-005   -1.19143e-039   3.48419e-039   [0.000007,-0.000005,]
[6,2,]   46   0.000199283   -8.00202e-040   3.11983e-039   [0.000001,-0.000005,]
[7,2,]   47   0.000334751   -5.57393e-040   2.84658e-039   [-0.000004,-0.000005,]
[8,2,]   48   0.000461938   -4.34343e-040   2.66458e-039   [-0.000007,-0.000006,]
[9,2,]   49   0.000533598   -3.92288e-040   2.57482e-039   [-0.000009,-0.000007,]
[10,2,]   50   0.000522687   -4.25862e-040   2.58231e-039   [-0.000009,-0.000008,]
[11,2,]   51   0.000436641   -5.31787e-040   2.70581e-039   [-0.000007,-0.000010,]
[12,2,]   52   0.00031051   -7.15192e-040   2.99479e-039   [-0.000004,-0.000010,]
[13,2,]   53   0.000186975   -1.00676e-039   3.53286e-039   [0.000001,-0.000011,]
[14,2,]   54   9.55168e-005   -1.40889e-039   4.38049e-039   [0.000008,-0.000010,]
[15,2,]   55   4.21948e-005   -1.89027e-039   5.45442e-039   [0.000015,-0.000007,]
[16,2,]   56   1.68354e-005   -2.364e-039   6.47993e-039   [0.000022,-0.000004,]
[17,2,]   57   6.36792e-006   -2.76759e-039   7.16752e-039   [0.000027,-0.000001,]
[18,2,]   58   2.35615e-006   -3.59955e-039   7.48406e-039   [0.000035,0.000001,]
[19,2,]   59   1.10677e-006   -4.67672e-039   7.68671e-039   [0.000036,-0.000000,]
[0,3,]   60   6.8317e-007   -3.51823e-039   6.03471e-039   [0.000036,-0.000024,]
[1,3,]   61   2.34967e-006   -2.11375e-039   5.2149e-039   [0.000034,-0.000019,]
[2,3,]   62   6.71507e-006   -3.43143e-039   4.48618e-039   [0.000046,-0.000013,]
[3,3,]   63   2.49133e-005   -2.25606e-039   3.84855e-039   [0.000031,-0.000007,]
[4,3,]   64   8.4659e-005   -1.2839e-039   3.30201e-039   [0.000018,-0.000003,]
[5,3,]   65   0.000228616   -6.16048e-040   2.84656e-039   [0.000007,-0.000002,]
[6,3,]   66   0.000483576   -1.9222e-040   2.48221e-039   [0.000001,-0.000002,]
[7,3,]   67   0.000816475   6.26029e-041   2.20897e-039   [-0.000005,-0.000002,]
[8,3,]   68   0.00112663   1.97053e-040   2.02709e-039   [-0.000008,-0.000004,]
[9,3,]   69   0.00129898   2.28918e-040   1.93818e-039   [-0.000010,-0.000005,]
[10,3,]   70   0.00127418   2.08826e-040   1.95053e-039   [-0.000011,-0.000007,]
[11,3,]   71   0.00107108   1.30732e-040   2.09506e-039   [-0.000009,-0.000008,]
[12,3,]   72   0.00076847   -3.50879e-041   2.45332e-039   [-0.000005,-0.000010,]
[13,3,]   73   0.000467339   -3.01428e-040   3.16317e-039   [0.000001,-0.000010,]
[14,3,]   74   0.000240989   -6.86527e-040   4.32431e-039   [0.000009,-0.000009,]
[15,3,]   75   0.000107699   -1.16713e-039   5.79945e-039   [0.000018,-0.000007,]
[16,3,]   76   4.41211e-005   -1.59915e-039   7.13569e-039   [0.000026,-0.000003,]
[17,3,]   77   1.75176e-005   -1.93447e-039   7.85569e-039   [0.000031,0.000001,]
[18,3,]   78   6.90551e-006   -2.64444e-039   7.90483e-039   [0.000035,0.000003,]
[19,3,]   79   3.36811e-006   -3.52157e-039   7.70712e-039   [0.000033,0.000001,]
[0,4,]   80   1.63554e-006   -2.05829e-039   5.48817e-039   [0.000034,-0.000023,]
[1,4,]   81   5.26821e-006   -1.2481e-039   4.66836e-039   [0.000039,-0.000019,]
[2,4,]   82   1.28938e-005   -3.15923e-039   3.93964e-039   [0.000053,-0.000014,]
[3,4,]   83   4.47746e-005   -2.22718e-039   3.30201e-039   [0.000037,-0.000004,]
[4,4,]   84   0.000158618   -1.00586e-039   2.75547e-039   [0.000020,0.000001,]
[5,4,]   85   0.000442529   -3.01934e-040   2.30002e-039   [0.000008,0.000003,]
[6,4,]   86   0.000951302   1.55005e-040   1.93567e-039   [0.000000,0.000003,]
[7,4,]   87   0.00161212   4.34763e-040   1.66244e-039   [-0.000006,0.000002,]
[8,4,]   88   0.00221552   5.66283e-040   1.48064e-039   [-0.000010,0.000001,]
[9,4,]   89   0.00254553   6.47107e-040   1.39236e-039   [-0.000012,-0.000001,]
[10,4,]   90   0.00249303   6.30751e-040   1.40821e-039   [-0.000013,-0.000003,]
[11,4,]   91   0.00210639   5.39643e-040   1.56792e-039   [-0.000010,-0.000005,]
[12,4,]   92   0.00152708   4.12812e-040   1.9762e-039   [-0.000006,-0.000007,]
[13,4,]   93   0.000937629   1.62667e-040   2.81005e-039   [0.000002,-0.000007,]
[14,4,]   94   0.000487186   -2.09677e-040   4.19748e-039   [0.000011,-0.000006,]
[15,4,]   95   0.00022004   -6.65043e-040   5.96225e-039   [0.000021,-0.000003,]
[16,4,]   96   9.2996e-005   -1.06481e-039   7.52277e-039   [0.000030,0.000000,]
[17,4,]   97   3.93684e-005   -1.29461e-039   8.26617e-039   [0.000035,0.000004,]
[18,4,]   98   1.67627e-005   -1.8832e-039   8.1223e-039   [0.000034,0.000006,]
[19,4,]   99   8.48169e-006   -2.55692e-039   7.63559e-039   [0.000029,0.000001,]
[0,5,]   100   3.54695e-006   -8.15447e-040   5.03272e-039   [0.000031,-0.000022,]
[1,5,]   101   1.05484e-005   -3.75061e-040   4.21291e-039   [0.000042,-0.000018,]
[2,5,]   102   2.15643e-005   -2.58864e-039   3.48419e-039   [0.000061,-0.000018,]
[3,5,]   103   6.44914e-005   -2.37801e-039   2.84656e-039   [0.000047,-0.000002,]
[4,5,]   104   0.000241001   -7.78635e-040   2.30002e-039   [0.000025,0.000005,]
[5,5,]   105   0.000709076   7.10474e-041   1.84457e-039   [0.000010,0.000009,]
[6,5,]   106   0.00155327   5.45e-040   1.48022e-039   [0.000000,0.000009,]
[7,5,]   107   0.00262743   8.19611e-040   1.20699e-039   [-0.000007,0.000009,]
[8,5,]   108   0.00356891   9.95495e-040   1.02519e-039   [-0.000012,0.000007,]
[9,5,]   109   0.00402249   1.01764e-039   9.36909e-040   [-0.000015,0.000004,]
[10,5,]   110   0.00390839   9.65995e-040   9.52765e-040   [-0.000015,0.000001,]
[11,5,]   111   0.00333948   9.69746e-040   1.11247e-039   [-0.000012,-0.000002,]
[12,5,]   112   0.00244344   8.06248e-040   1.52075e-039   [-0.000007,-0.000004,]
[13,5,]   113   0.0015131   5.73272e-040   2.3546e-039   [0.000002,-0.000004,]
[14,5,]   114   0.000787873   2.01381e-040   3.74203e-039   [0.000013,-0.000003,]
[15,5,]   115   0.000355612   -3.60099e-040   5.5068e-039   [0.000025,0.000000,]
[16,5,]   116   0.000156389   -5.95797e-040   7.06732e-039   [0.000034,0.000004,]
[17,5,]   117   7.23429e-005   -7.21188e-040   7.81072e-039   [0.000038,0.000007,]
[18,5,]   118   3.3937e-005   -1.12465e-039   7.66685e-039   [0.000032,0.000008,]
[19,5,]   119   1.77337e-005   -1.57769e-039   7.18014e-039   [0.000023,0.000001,]
[0,6,]   120   7.33325e-006   1.53191e-040   4.66836e-039   [0.000029,-0.000021,]
[1,6,]   121   1.90845e-005   3.43598e-040   3.84855e-039   [0.000041,-0.000017,]
[2,6,]   122   3.2207e-005   -1.2924e-039   3.11983e-039   [0.000069,-0.000028,]
[3,6,]   123   7.04267e-005   -3.08726e-039   2.4822e-039   [0.000064,-0.000001,]
[4,6,]   124   0.000283038   -8.01045e-040   1.93566e-039   [0.000032,0.000012,]
[5,6,]   125   0.000913966   4.20574e-040   1.48021e-039   [0.000012,0.000015,]
[6,6,]   126   0.00206087   9.45829e-040   1.11586e-039   [0.000000,0.000016,]
[7,6,]   127   0.00346305   1.2712e-039   8.42617e-040   [-0.000008,0.000015,]
[8,6,]   128   0.00455181   1.36503e-039   6.60735e-040   [-0.000015,0.000013,]
[9,6,]   129   0.00495722   1.37297e-039   5.71833e-040   [-0.000019,0.000010,]
[10,6,]   130   0.00476549   1.339e-039   5.84181e-040   [-0.000019,0.000005,]
[11,6,]   131   0.00411241   1.2949e-039   7.2871e-040   [-0.000015,-0.000002,]
[12,6,]   132   0.00307255   1.17089e-039   1.08697e-039   [-0.000008,-0.000004,]
[13,6,]   133   0.0019202   8.82198e-040   1.79682e-039   [0.000002,-0.000005,]
[14,6,]   134   0.000993614   4.418e-040   2.95796e-039   [0.000015,-0.000003,]
[15,6,]   135   0.000446682   -1.2744e-040   4.4331e-039   [0.000029,0.000004,]
[16,6,]   136   0.000202674   -5.56404e-040   5.76934e-039   [0.000040,0.000008,]
[17,6,]   137   0.000108603   -4.59693e-041   6.48934e-039   [0.000039,0.000011,]
[18,6,]   138   5.72252e-005   -3.55984e-040   6.53848e-039   [0.000027,0.000010,]
[19,6,]   139   3.06134e-005   -6.03971e-040   6.34077e-039   [0.000014,0.000001,]
[0,7,]   140   1.45828e-005   1.18053e-039   4.39509e-039   [0.000026,-0.000020,]
[1,7,]   141   3.13315e-005   9.87377e-040   3.57528e-039   [0.000033,-0.000016,]
[2,7,]   142   4.2221e-005   2.4674e-040   2.84656e-039   [0.000074,-0.000038,]
[3,7,]   143   5.30487e-005   -5.54714e-039   2.20893e-039   [0.000094,-0.000010,]
[4,7,]   144   0.000235768   -1.44969e-039   1.66239e-039   [0.000043,0.000026,]
[5,7,]   145   0.000899721   6.62293e-040   1.20694e-039   [0.000013,0.000025,]
[6,7,]   146   0.00212166   1.32681e-039   8.42584e-040   [-0.000000,0.000024,]
[7,7,]   147   0.00348246   1.58825e-039   5.69333e-040   [-0.000010,0.000023,]
[8,7,]   148   0.00432759   1.74149e-039   3.87334e-040   [-0.000018,0.000021,]
[9,7,]   149   0.00433884   1.40726e-039   2.97571e-040   [-0.000024,0.000017,]
[10,7,]   150   0.00408748   1.10156e-039   3.05061e-040   [-0.000028,0.000003,]
[11,7,]   151   0.00367916   1.47347e-039   4.28563e-040   [-0.000023,-0.000006,]
[12,7,]   152   0.00288471   1.38165e-039   7.17543e-040   [-0.000010,-0.000013,]
[13,7,]   153   0.00185726   1.14807e-039   1.25561e-039   [0.000003,-0.000014,]
[14,7,]   154   0.000947465   5.45993e-040   2.10324e-039   [0.000021,-0.000009,]
[15,7,]   155   0.000414734   -3.77242e-040   3.17717e-039   [0.000037,-0.000001,]
[16,7,]   156   0.000201116   -4.0611e-040   4.20268e-039   [0.000049,0.000017,]
[17,7,]   157   0.000131264   4.90925e-040   4.89027e-039   [0.000038,0.000015,]
[18,7,]   158   7.95729e-005   4.26379e-040   5.20681e-039   [0.000019,0.000013,]
[19,7,]   159   4.32631e-005   2.8063e-040   5.40946e-039   [0.000004,0.000001,]
[0,8,]   160   2.56978e-005   2.12628e-039   4.21291e-039   [0.000023,-0.000017,]
[1,8,]   161   4.62298e-005   1.2018e-039   3.3931e-039   [0.000021,-0.000018,]
[2,8,]   162   5.1443e-005   1.70247e-039   2.66438e-039   [0.000065,-0.000032,]
[3,8,]   163   3.03443e-005   -9.39033e-039   2.02675e-039   [0.000141,-0.000050,]
[4,8,]   164   0.000120194   -5.12943e-039   1.48021e-039   [0.000073,0.000038,]
[5,8,]   165   0.000628937   1.1665e-040   1.02476e-039   [0.000007,0.000041,]
[6,8,]   166   0.00158632   1.17151e-039   6.60403e-040   [-0.000003,0.000039,]
[7,8,]   167   0.00250001   1.56979e-039   3.87142e-040   [-0.000010,0.000038,]
[8,8,]   168   0.00270597   1.05092e-039   2.05048e-040   [-0.000021,0.000030,]
[9,8,]   169   0.00232007   -3.55917e-040   1.14585e-040   [-0.000042,0.000027,]
[10,8,]   170   0.00236555   1.05507e-039   1.18123e-040   [-0.000047,-0.000002,]
[11,8,]   171   0.00213542   5.0877e-040   2.24523e-040   [-0.000032,-0.000024,]
[12,8,]   172   0.00189205   8.57782e-040   4.57152e-040   [-0.000015,-0.000038,]
[13,8,]   173   0.00129363   6.81736e-040   8.55504e-040   [0.000005,-0.000038,]
[14,8,]   174   0.000644531   -3.89161e-041   1.44814e-039   [0.000025,-0.000031,]
[15,8,]   175   0.000276273   -3.48558e-040   2.19574e-039   [0.000061,-0.000013,]
[16,8,]   176   0.000134822   -2.54504e-039   2.96853e-039   [0.000069,0.000013,]
[17,8,]   177   0.000129585   1.4276e-039   3.62976e-039   [0.000024,0.000023,]
[18,8,]   178   8.94738e-005   7.35182e-040   4.16378e-039   [0.000010,0.000014,]
[19,8,]   179   5.07769e-005   9.94984e-040   4.69207e-039   [-0.000008,0.000001,]
[0,9,]   180   3.49369e-005   2.31935e-039   4.12182e-039   [0.000018,-0.000009,]
[1,9,]   181   6.43063e-005   1.71948e-039   3.30201e-039   [0.000019,-0.000017,]
[2,9,]   182   6.21473e-005   6.83675e-040   2.57329e-039   [0.000025,-0.000032,]
[3,9,]   183   2.59071e-005   -1.10872e-038   1.93566e-039   [0.000139,-0.000128,]
[4,9,]   184   5.07606e-005   -1.4225e-038   1.38912e-039   [0.000149,0.000109,]
[5,9,]   185   0.000362822   -1.57755e-039   9.33673e-040   [-0.000005,0.000088,]
[6,9,]   186   0.000932067   -2.01835e-040   5.69313e-040   [-0.000004,0.000074,]
[7,9,]   187   0.00131633   -4.41935e-040   2.96046e-040   [-0.000013,0.000080,]
[8,9,]   188   0.00123676   -8.12904e-040   1.13898e-040   [-0.000015,0.000106,]
[9,9,]   189   0.000838183   -4.79578e-039   2.30382e-041   [-0.000082,0.000109,]
[10,9,]   190   0.000774465   -4.99349e-039   2.43397e-041   [-0.000104,-0.000094,]
[11,9,]   191   0.00079523   -5.99539e-039   1.21062e-040   [-0.000043,-0.000107,]
[12,9,]   192   0.00102339   -1.37809e-039   3.21801e-040   [-0.000018,-0.000081,]
[13,9,]   193   0.00077674   -1.05866e-039   6.41086e-040   [0.000009,-0.000075,]
[14,9,]   194   0.000336458   -2.89971e-039   1.08943e-039   [0.000028,-0.000085,]
[15,9,]   195   0.000101426   -6.52737e-039   1.65235e-039   [0.000096,-0.000096,]
[16,9,]   196   8.28124e-005   -4.11497e-040   2.28212e-039   [0.000060,0.000087,]
[17,9,]   197   0.000107005   2.22869e-039   2.92844e-039   [0.000022,0.000037,]
[18,9,]   198   8.58808e-005   1.47657e-039   3.58553e-039   [-0.000002,0.000015,]
[19,9,]   199   4.79042e-005   1.61907e-039   4.29809e-039   [-0.000019,0.000001,]
[0,10,]   200   4.55666e-005   1.65913e-039   4.12182e-039   [0.000013,-0.000002,]
[1,10,]   201   8.50833e-005   1.5243e-039   3.30201e-039   [0.000002,-0.000014,]
[2,10,]   202   0.000107516   2.29553e-039   2.57329e-039   [-0.000021,-0.000035,]
[3,10,]   203   8.26045e-005   -4.49574e-040   1.93566e-039   [-0.000060,-0.000086,]
[4,10,]   204   0.000100038   -6.78892e-039   1.38912e-039   [-0.000097,0.000101,]
[5,10,]   205   0.000337882   -2.90635e-039   9.33673e-040   [-0.000027,0.000090,]
[6,10,]   206   0.000782368   -1.05627e-039   5.69313e-040   [-0.000009,0.000079,]
[7,10,]   207   0.0010275   -1.38122e-039   2.96044e-040   [0.000017,0.000086,]
[8,10,]   208   0.000789748   -6.02894e-039   1.13873e-040   [0.000043,0.000112,]
[9,10,]   209   0.000750174   -5.25162e-039   2.28486e-041   [0.000107,0.000099,]
[10,10,]   210   0.000800668   -5.10765e-039   2.32215e-041   [0.000085,-0.000107,]
[11,10,]   211   0.00118807   -9.35056e-040   1.15925e-040   [0.000015,-0.000104,]
[12,10,]   212   0.00126859   -5.49545e-040   3.03422e-040   [0.000012,-0.000077,]
[13,10,]   213   0.000900823   -2.96216e-040   5.89876e-040   [0.000005,-0.000070,]
[14,10,]   214   0.000351813   -1.6437e-039   9.78296e-040   [0.000005,-0.000085,]
[15,10,]   215   4.88607e-005   -1.44714e-038   1.46454e-039   [-0.000153,-0.000105,]
[16,10,]   216   2.48738e-005   -1.13697e-038   2.03493e-039   [-0.000141,0.000131,]
[17,10,]   217   6.16106e-005   6.49966e-040   2.67504e-039   [-0.000024,0.000034,]
[18,10,]   218   6.56465e-005   1.74188e-039   3.38324e-039   [-0.000020,0.000019,]
[19,10,]   219   3.78179e-005   2.35786e-039   4.17232e-039   [-0.000030,0.000009,]
[0,11,]   220   5.01799e-005   1.02065e-039   4.21291e-039   [0.000007,-0.000001,]
[1,11,]   221   8.93826e-005   7.60341e-040   3.3931e-039   [-0.000009,-0.000013,]
[2,11,]   222   0.00012951   1.44959e-039   2.66438e-039   [-0.000023,-0.000020,]
[3,11,]   223   0.000133713   -2.56925e-039   2.02675e-039   [-0.000068,-0.000010,]
[4,11,]   224   0.000273488   -3.42877e-040   1.48021e-039   [-0.000061,0.000018,]
[5,11,]   225   0.00063798   -6.31707e-041   1.02476e-039   [-0.000025,0.000036,]
[6,11,]   226   0.00127862   6.49417e-040   6.60403e-040   [-0.000005,0.000044,]
[7,11,]   227   0.00185914   8.063e-040   3.87133e-040   [0.000015,0.000043,]
[8,11,]   228   0.0020754   4.02968e-040   2.04955e-040   [0.000032,0.000030,]
[9,11,]   229   0.00228226   9.65368e-040   1.13879e-040   [0.000048,0.000009,]
[10,11,]   230   0.00222556   -4.7495e-040   1.13963e-040   [0.000042,-0.000023,]
[11,11,]   231   0.00260518   9.53731e-040   2.05413e-040   [0.000021,-0.000026,]
[12,11,]   232   0.00242096   1.49722e-039   3.88779e-040   [0.000011,-0.000034,]
[13,11,]   233   0.00154193   1.09851e-039   6.64991e-040   [0.000004,-0.000035,]
[14,11,]   234   0.000611633   3.46375e-041   1.03472e-039   [-0.000006,-0.000037,]
[15,11,]   235   0.000114874   -5.38138e-039   1.49704e-039   [-0.000075,-0.000034,]
[16,11,]   236   2.80931e-005   -1.00988e-038   2.0489e-039   [-0.000144,0.000056,]
[17,11,]   237   5.0797e-005   1.74794e-039   2.68709e-039   [-0.000066,0.000034,]
[18,11,]   238   4.66587e-005   1.14488e-039   3.41123e-039   [-0.000021,0.000021,]
[19,11,]   239   2.71233e-005   2.09936e-039   4.22418e-039   [-0.000032,0.000020,]
[0,12,]   240   4.45844e-005   3.0152e-040   4.39509e-039   [0.000002,0.000001,]
[1,12,]   241   8.01229e-005   4.26705e-040   3.57528e-039   [-0.000017,-0.000011,]
[2,12,]   242   0.000130681   4.8284e-040   2.84656e-039   [-0.000035,-0.000012,]
[3,12,]   243   0.000199225   -4.07605e-040   2.20893e-039   [-0.000047,-0.000012,]
[4,12,]   244   0.000410278   -3.79731e-040   1.66239e-039   [-0.000035,0.000007,]
[5,12,]   245   0.000937436   5.31754e-040   1.20694e-039   [-0.000020,0.000016,]
[6,12,]   246   0.00183869   1.13216e-039   8.42583e-040   [-0.000003,0.000021,]
[7,12,]   247   0.00285222   1.35929e-039   5.69313e-040   [0.000010,0.000020,]
[8,12,]   248   0.00362708   1.43929e-039   3.87133e-040   [0.000023,0.000013,]
[9,12,]   249   0.00402141   1.06463e-039   2.96045e-040   [0.000029,0.000003,]
[10,12,]   250   0.00425943   1.33311e-039   2.9606e-040   [0.000024,-0.000011,]
[11,12,]   251   0.00426944   1.68769e-039   3.87212e-040   [0.000018,-0.000015,]
[12,12,]   252   0.00345956   1.55049e-039   5.69599e-040   [0.000011,-0.000017,]
[13,12,]   253   0.00212101   1.29759e-039   8.4338e-040   [0.000000,-0.000019,]
[14,12,]   254   0.000902548   6.3537e-040   1.20867e-039   [-0.000013,-0.000020,]
[15,12,]   255   0.000234082   -1.56483e-039   1.66532e-039   [-0.000044,-0.000022,]
[16,12,]   256   5.09534e-005   -6.01764e-039   2.21278e-039   [-0.000097,0.000016,]
[17,12,]   257   4.20877e-005   3.17135e-040   2.85051e-039   [-0.000076,0.000043,]
[18,12,]   258   3.14066e-005   1.00228e-039   3.57843e-039   [-0.000034,0.000020,]
[19,12,]   259   1.445e-005   1.22161e-039   4.39705e-039   [-0.000027,0.000024,]
[0,13,]   260   3.28815e-005   -5.65705e-040   4.66836e-039   [-0.000002,0.000001,]
[1,13,]   261   5.80008e-005   -3.81205e-040   3.84855e-039   [-0.000024,-0.000009,]
[2,13,]   262   0.000107659   -8.51915e-041   3.11983e-039   [-0.000035,-0.000008,]
[3,13,]   263   0.000200255   -5.66394e-040   2.4822e-039   [-0.000037,-0.000004,]
[4,13,]   264   0.000441488   -1.50097e-040   1.93566e-039   [-0.000026,0.000002,]
[5,13,]   265   0.00098655   4.30314e-040   1.48021e-039   [-0.000014,0.000009,]
[6,13,]   266   0.00191708   8.85145e-040   1.11585e-039   [-0.000002,0.000012,]
[7,13,]   267   0.00308114   1.18302e-039   8.42583e-040   [0.000008,0.000011,]
[8,13,]   268   0.00413736   1.31223e-039   6.60403e-040   [0.000016,0.000008,]
[9,13,]   269   0.00480731   1.35041e-039   5.69313e-040   [0.000019,0.000001,]
[10,13,]   270   0.00502277   1.39251e-039   5.69315e-040   [0.000019,-0.000004,]
[11,13,]   271   0.00464765   1.40455e-039   6.60413e-040   [0.000015,-0.000007,]
[12,13,]   272   0.00356791   1.32637e-039   8.42621e-040   [0.000008,-0.000010,]
[13,13,]   273   0.00214362   1.02115e-039   1.11596e-039   [-0.000000,-0.000011,]
[14,13,]   274   0.000958338   5.13948e-040   1.48045e-039   [-0.000012,-0.000010,]
[15,13,]   275   0.000296627   -7.25939e-040   1.93606e-039   [-0.000033,-0.000007,]
[16,13,]   276   7.22953e-005   -3.17879e-039   2.48272e-039   [-0.000067,0.000006,]
[17,13,]   277   3.29868e-005   -1.22976e-039   3.12037e-039   [-0.000072,0.000034,]
[18,13,]   278   1.91568e-005   5.00908e-040   3.84898e-039   [-0.000042,0.000021,]
[19,13,]   279   6.51948e-006   2.37627e-040   4.66863e-039   [-0.000022,0.000026,]
[0,14,]   280   1.97521e-005   -1.52003e-039   5.03272e-039   [-0.000005,0.000000,]
[1,14,]   281   3.45473e-005   -1.18148e-039   4.21291e-039   [-0.000028,-0.000008,]
[2,14,]   282   7.1398e-005   -7.90314e-040   3.48419e-039   [-0.000033,-0.000006,]
[3,14,]   283   0.000154146   -6.13883e-040   2.84656e-039   [-0.000030,-0.000003,]
[4,14,]   284   0.000351463   -3.82742e-040   2.30002e-039   [-0.000021,0.000002,]
[5,14,]   285   0.000784533   1.96345e-040   1.84457e-039   [-0.000011,0.000005,]
[6,14,]   286   0.00152029   5.91738e-040   1.48021e-039   [-0.000001,0.000007,]
[7,14,]   287   0.00247613   8.47183e-040   1.20694e-039   [0.000007,0.000007,]
[8,14,]   288   0.00340968   1.02834e-039   1.02476e-039   [0.000012,0.000005,]
[9,14,]   289   0.00401838   1.04042e-039   9.33673e-040   [0.000015,0.000002,]
[10,14,]   290   0.00416598   1.10443e-039   9.33673e-040   [0.000015,-0.000002,]
[11,14,]   291   0.00372863   1.09703e-039   1.02476e-039   [0.000012,-0.000005,]
[12,14,]   292   0.00277274   9.40589e-040   1.20695e-039   [0.000007,-0.000006,]
[13,14,]   293   0.00165711   6.85949e-040   1.48022e-039   [-0.000000,-0.000007,]
[14,14,]   294   0.000764905   2.40074e-040   1.8446e-039   [-0.000010,-0.000007,]
[15,14,]   295   0.000261807   -5.83136e-040   2.30006e-039   [-0.000026,-0.000003,]
[16,14,]   296   6.94616e-005   -2.22967e-039   2.84662e-039   [-0.000049,0.000004,]
[17,14,]   297   2.2694e-005   -2.48702e-039   3.48425e-039   [-0.000064,0.000022,]
[18,14,]   298   1.05449e-005   -1.42475e-040   4.21296e-039   [-0.000043,0.000021,]
[19,14,]   299   2.76518e-006   -8.15363e-040   5.03275e-039   [-0.000017,0.000027,]
[0,15,]   300   9.75022e-006   -2.46742e-039   5.48817e-039   [-0.000007,-0.000001,]
[1,15,]   301   1.71282e-005   -1.96296e-039   4.66836e-039   [-0.000032,-0.000007,]
[2,15,]   302   3.87369e-005   -1.37789e-039   3.93964e-039   [-0.000030,-0.000005,]
[3,15,]   303   9.14457e-005   -1.08275e-039   3.30201e-039   [-0.000026,-0.000002,]
[4,15,]   304   0.000216921   -6.89023e-040   2.75547e-039   [-0.000018,0.000001,]
[5,15,]   305   0.000483533   -2.2066e-040   2.30002e-039   [-0.000009,0.000004,]
[6,15,]   306   0.000938136   1.66926e-040   1.93566e-039   [-0.000001,0.000005,]
[7,15,]   307   0.00154014   4.32965e-040   1.66239e-039   [0.000006,0.000004,]
[8,15,]   308   0.00213984   5.74496e-040   1.48021e-039   [0.000010,0.000003,]
[9,15,]   309   0.0025488   6.74701e-040   1.38912e-039   [0.000012,0.000001,]
[10,15,]   310   0.00261879   6.99223e-040   1.38912e-039   [0.000012,-0.000001,]
[11,15,]   311   0.00229444   6.24187e-040   1.48021e-039   [0.000010,-0.000003,]
[12,15,]   312   0.00168187   4.96584e-040   1.66239e-039   [0.000005,-0.000005,]
[13,15,]   313   0.00100125   2.27621e-040   1.93566e-039   [-0.000000,-0.000005,]
[14,15,]   314   0.000470664   -2.05886e-040   2.30002e-039   [-0.000009,-0.000005,]
[15,15,]   315   0.000170395   -8.6961e-040   2.75548e-039   [-0.000021,-0.000002,]
[16,15,]   316   4.80948e-005   -2.07167e-039   3.30202e-039   [-0.000038,0.000003,]
[17,15,]   317   1.34784e-005   -3.09252e-039   3.93965e-039   [-0.000055,0.000013,]
[18,15,]   318   5.11407e-006   -1.08812e-039   4.66837e-039   [-0.000039,0.000019,]
[19,15,]   319   1.12882e-006   -2.31243e-039   5.48817e-039   [-0.000010,0.000026,]
[0,16,]   320   3.97542e-006   -3.39732e-039   6.03471e-039   [-0.000009,-0.000001,]
[1,16,]   321   7.08287e-006   -2.73456e-039   5.2149e-039   [-0.000034,-0.000005,]
[2,16,]   322   1.72186e-005   -2.01079e-039   4.48618e-039   [-0.000028,-0.000004,]
[3,16,]   323   4.32902e-005   -1.60469e-039   3.84855e-039   [-0.000022,-0.000001,]
[4,16,]   324   0.0001056   -1.18842e-039   3.30201e-039   [-0.000015,0.000001,]
[5,16,]   325   0.000236722   -7.15553e-040   2.84656e-039   [-0.000008,0.000003,]
[6,16,]   326   0.000460249   -3.38582e-040   2.4822e-039   [-0.000001,0.000004,]
[7,16,]   327   0.000758807   -7.90052e-041   2.20893e-039   [0.000005,0.000003,]
[8,16,]   328   0.00105995   8.03082e-041   2.02675e-039   [0.000009,0.000002,]
[9,16,]   329   0.001263   1.51149e-040   1.93566e-039   [0.000011,0.000001,]
[10,16,]   330   0.00128907   1.60293e-040   1.93566e-039   [0.000010,-0.000001,]
[11,16,]   331   0.00111926   1.14564e-040   2.02675e-039   [0.000008,-0.000002,]
[12,16,]   332   0.000812616   -3.28731e-041   2.20893e-039   [0.000005,-0.000003,]
[13,16,]   333   0.000482991   -2.9516e-040   2.4822e-039   [-0.000000,-0.000004,]
[14,16,]   334   0.000229764   -7.12093e-040   2.84656e-039   [-0.000007,-0.000003,]
[15,16,]   335   8.58161e-005   -1.34598e-039   3.30201e-039   [-0.000018,-0.000001,]
[16,16,]   336   2.53492e-005   -2.27456e-039   3.84855e-039   [-0.000032,0.000002,]
[17,16,]   337   6.68227e-006   -3.49371e-039   4.48618e-039   [-0.000047,0.000009,]
[18,16,]   338   2.1545e-006   -2.11343e-039   5.2149e-039   [-0.000032,0.000016,]
[19,16,]   339   4.27274e-007   -4.09635e-039   6.03471e-039   [-0.000004,0.000024,]
[0,17,]   340   1.33239e-006   -4.45272e-039   6.67234e-039   [-0.000010,-0.000000,]
[1,17,]   341   2.42053e-006   -3.6348e-039   5.85253e-039   [-0.000035,-0.000004,]
[2,17,]   342   6.25168e-006   -2.7727e-039   5.12381e-039   [-0.000025,-0.000002,]
[3,17,]   343   1.64793e-005   -2.29297e-039   4.48618e-039   [-0.000020,-0.000000,]
[4,17,]   344   4.11136e-005   -1.84412e-039   3.93964e-039   [-0.000013,0.000002,]
[5,17,]   345   9.26938e-005   -1.38667e-039   3.48419e-039   [-0.000007,0.000003,]
[6,17,]   346   0.000180701   -1.01284e-039   3.11983e-039   [-0.000001,0.000004,]
[7,17,]   347   0.000298855   -7.48445e-040   2.84656e-039   [0.000004,0.000003,]
[8,17,]   348   0.00041844   -5.91009e-040   2.66438e-039   [0.000008,0.000002,]
[9,17,]   349   0.00049857   -5.10104e-040   2.57329e-039   [0.000009,0.000001,]
[10,17,]   350   0.000506404   -5.0249e-040   2.57329e-039   [0.000009,-0.000000,]
[11,17,]   351   0.000436111   -5.72283e-040   2.66438e-039   [0.000007,-0.000001,]
[12,17,]   352   0.00031457   -7.22766e-040   2.84656e-039   [0.000004,-0.000002,]
[13,17,]   353   0.000186707   -9.89506e-040   3.11983e-039   [-0.000000,-0.000002,]
[14,17,]   354   8.9582e-005   -1.39388e-039   3.48419e-039   [-0.000007,-0.000002,]
[15,17,]   355   3.42376e-005   -1.971e-039   3.93964e-039   [-0.000016,-0.000001,]
[16,17,]   356   1.04437e-005   -2.78211e-039   4.48618e-039   [-0.000027,0.000002,]
[17,17,]   357   2.70855e-006   -3.95805e-039   5.12381e-039   [-0.000041,0.000008,]
[18,17,]   358   7.73382e-007   -3.23941e-039   5.85253e-039   [-0.000025,0.000015,]
[19,17,]   359   1.44799e-007   -5.94933e-039   6.67234e-039   [0.000003,0.000022,]
[0,18,]   360   3.76739e-007   -5.80122e-039   7.40106e-039   [-0.000010,0.000013,]
[1,18,]   361   6.9508e-007   -4.77512e-039   6.58125e-039   [-0.000036,0.000009,]
[2,18,]   362   1.88336e-006   -3.76865e-039   5.85253e-039   [-0.000024,0.000008,]
[3,18,]   363   5.15774e-006   -3.21003e-039   5.2149e-039   [-0.000018,0.000008,]
[4,18,]   364   1.31175e-005   -2.7558e-039   4.66836e-039   [-0.000012,0.000009,]
[5,18,]   365   2.97909e-005   -2.30866e-039   4.21291e-039   [-0.000006,0.000009,]
[6,18,]   366   5.82479e-005   -1.94314e-039   3.84855e-039   [-0.000000,0.000010,]
[7,18,]   367   9.65261e-005   -1.67228e-039   3.57528e-039   [0.000004,0.000010,]
[8,18,]   368   0.000135277   -1.49345e-039   3.3931e-039   [0.000007,0.000009,]
[9,18,]   369   0.000160855   -1.4011e-039   3.30201e-039   [0.000008,0.000008,]
[10,18,]   370   0.00016258   -1.38571e-039   3.30201e-039   [0.000008,0.000007,]
[11,18,]   371   0.00013915   -1.44635e-039   3.3931e-039   [0.000006,0.000006,]
[12,18,]   372   9.9819e-005   -1.60209e-039   3.57528e-039   [0.000004,0.000006,]
[13,18,]   373   5.91896e-005   -1.86407e-039   3.84855e-039   [-0.000000,0.000006,]
[14,18,]   374   2.85927e-005   -2.25197e-039   4.21291e-039   [-0.000006,0.000006,]
[15,18,]   375   1.11189e-005   -2.80303e-039   4.66836e-039   [-0.000014,0.000006,]
[16,18,]   376   3.48885e-006   -3.53287e-039   5.2149e-039   [-0.000023,0.000008,]
[17,18,]   377   9.10486e-007   -4.72142e-039   5.85253e-039   [-0.000035,0.000012,]
[18,18,]   378   2.40402e-007   -4.7065e-039   6.58125e-039   [-0.000018,0.000020,]
[19,18,]   379   4.4454e-008   -8.05481e-039   7.40106e-039   [0.000009,0.000025,]
[0,19,]   380   1.14208e-007   -8.01824e-039   8.22087e-039   [-0.000011,0.000026,]
[1,19,]   381   1.98159e-007   -7.03151e-039   7.40106e-039   [-0.000041,0.000020,]
[2,19,]   382   5.35308e-007   -5.79084e-039   6.67234e-039   [-0.000026,0.000017,]
[3,19,]   383   1.50067e-006   -5.00886e-039   6.03471e-039   [-0.000019,0.000015,]
[4,19,]   384   3.92559e-006   -4.39715e-039   5.48817e-039   [-0.000012,0.000015,]
[5,19,]   385   9.09187e-006   -3.86644e-039   5.03272e-039   [-0.000006,0.000016,]
[6,19,]   386   1.79136e-005   -3.46367e-039   4.66836e-039   [-0.000001,0.000016,]
[7,19,]   387   2.95994e-005   -3.1813e-039   4.39509e-039   [0.000003,0.000015,]
[8,19,]   388   4.10349e-005   -3.01226e-039   4.21291e-039   [0.000006,0.000015,]
[9,19,]   389   4.80611e-005   -2.95046e-039   4.12182e-039   [0.000008,0.000014,]
[10,19,]   390   4.78166e-005   -2.97896e-039   4.12182e-039   [0.000008,0.000014,]
[11,19,]   391   4.03883e-005   -3.08398e-039   4.21291e-039   [0.000006,0.000014,]
[12,19,]   392   2.87338e-005   -3.26829e-039   4.39509e-039   [0.000003,0.000014,]
[13,19,]   393   1.69849e-005   -3.53253e-039   4.66836e-039   [-0.000001,0.000014,]
[14,19,]   394   8.23093e-006   -3.88405e-039   5.03272e-039   [-0.000006,0.000013,]
[15,19,]   395   3.25076e-006   -4.33459e-039   5.48817e-039   [-0.000014,0.000013,]
[16,19,]   396   1.06533e-006   -4.83596e-039   6.03471e-039   [-0.000021,0.000013,]
[17,19,]   397   3.03552e-007   -5.68783e-039   6.67234e-039   [-0.000028,0.000016,]
[18,19,]   398   8.69348e-008   -6.0011e-039   7.40106e-039   [-0.000012,0.000025,]
[19,19,]   399   1.82188e-008   -8.59449e-039   8.22087e-039   [0.000011,0.000027,]
