coordinates  index   rho      Q      V    velocities 
[0,0,]   0   4.75863e-008   -6.73852e-039   8.22087e-039   [0.000043,0.000010,]
[1,0,]   1   1.49295e-007   -5.29156e-039   7.40106e-039   [0.000018,0.000010,]
[2,0,]   2   4.61029e-007   -5.40213e-039   6.67234e-039   [0.000028,0.000011,]
[3,0,]   3   1.63926e-006   -4.42705e-039   6.03471e-039   [0.000020,0.000013,]
[4,0,]   4   5.17816e-006   -3.82175e-039   5.48817e-039   [0.000014,0.000015,]
[5,0,]   5   1.33796e-005   -3.33636e-039   5.03272e-039   [0.000007,0.000016,]
[6,0,]   6   2.76807e-005   -3.00932e-039   4.66836e-039   [0.000001,0.000016,]
[7,0,]   7   4.63618e-005   -2.79882e-039   4.39509e-039   [-0.000003,0.000016,]
[8,0,]   8   6.40527e-005   -2.67829e-039   4.21291e-039   [-0.000006,0.000015,]
[9,0,]   9   7.43747e-005   -2.63316e-039   4.12182e-039   [-0.000007,0.000015,]
[10,0,]   10   7.34097e-005   -2.64892e-039   4.12183e-039   [-0.000007,0.000014,]
[11,0,]   11   6.1752e-005   -2.74074e-039   4.21298e-039   [-0.000006,0.000013,]
[12,0,]   12   4.40499e-005   -2.93478e-039   4.39556e-039   [-0.000003,0.000013,]
[13,0,]   13   2.64486e-005   -3.24652e-039   4.6709e-039   [0.000001,0.000013,]
[14,0,]   14   1.33744e-005   -3.68553e-039   5.04356e-039   [0.000006,0.000013,]
[15,0,]   15   5.80246e-006   -4.23659e-039   5.52413e-039   [0.000011,0.000014,]
[16,0,]   16   2.25815e-006   -4.82197e-039   6.12767e-039   [0.000017,0.000016,]
[17,0,]   17   8.33392e-007   -5.38285e-039   6.8595e-039   [0.000024,0.000018,]
[18,0,]   18   3.0559e-007   -6.43545e-039   7.69451e-039   [0.000037,0.000021,]
[19,0,]   19   1.52508e-007   -7.59397e-039   8.5792e-039   [0.000043,0.000022,]
[0,1,]   20   8.33542e-008   -7.11184e-039   7.40106e-039   [0.000043,-0.000028,]
[1,1,]   21   2.89604e-007   -4.88322e-039   6.58125e-039   [0.000022,-0.000025,]
[2,1,]   22   1.01508e-006   -4.94169e-039   5.85253e-039   [0.000034,-0.000017,]
[3,1,]   23   4.00151e-006   -3.54805e-039   5.2149e-039   [0.000022,-0.000013,]
[4,1,]   24   1.31138e-005   -2.76465e-039   4.66836e-039   [0.000014,-0.000011,]
[5,1,]   25   3.41603e-005   -2.21617e-039   4.21291e-039   [0.000006,-0.000011,]
[6,1,]   26   7.07611e-005   -1.85717e-039   3.84855e-039   [0.000001,-0.000011,]
[7,1,]   27   0.000118572   -1.62655e-039   3.57528e-039   [-0.000003,-0.000011,]
[8,1,]   28   0.000163645   -1.49757e-039   3.3931e-039   [-0.000006,-0.000012,]
[9,1,]   29   0.000189035   -1.46162e-039   3.30201e-039   [-0.000008,-0.000013,]
[10,1,]   30   0.000184976   -1.49489e-039   3.30203e-039   [-0.000008,-0.000014,]
[11,1,]   31   0.000154039   -1.60301e-039   3.39328e-039   [-0.000007,-0.000014,]
[12,1,]   32   0.000109022   -1.80023e-039   3.57655e-039   [-0.000004,-0.000015,]
[13,1,]   33   6.53985e-005   -2.09045e-039   3.85546e-039   [0.000001,-0.000016,]
[14,1,]   34   3.33532e-005   -2.47646e-039   4.24236e-039   [0.000006,-0.000015,]
[15,1,]   35   1.47143e-005   -2.93853e-039   4.76612e-039   [0.000012,-0.000014,]
[16,1,]   36   5.82518e-006   -3.40514e-039   5.4676e-039   [0.000017,-0.000013,]
[17,1,]   37   2.15145e-006   -3.87755e-039   6.36128e-039   [0.000024,-0.000012,]
[18,1,]   38   7.6818e-007   -4.89483e-039   7.37892e-039   [0.000035,-0.000012,]
[19,1,]   39   3.64795e-007   -6.12304e-039   8.3751e-039   [0.000039,-0.000014,]
[0,2,]   40   2.26339e-007   -5.14889e-039   6.67234e-039   [0.000041,-0.000028,]
[1,2,]   41   8.10949e-007   -3.27174e-039   5.85253e-039   [0.000029,-0.000022,]
[2,2,]   42   2.65117e-006   -4.12232e-039   5.12381e-039   [0.000041,-0.000014,]
[3,2,]   43   1.05962e-005   -2.72875e-039   4.48618e-039   [0.000026,-0.000009,]
[4,2,]   44   3.60577e-005   -1.80042e-039   3.93964e-039   [0.000015,-0.000006,]
[5,2,]   45   9.62317e-005   -1.19251e-039   3.48419e-039   [0.000007,-0.000005,]
[6,2,]   46   0.000201992   -7.92914e-040   3.11983e-039   [0.000001,-0.000005,]
[7,2,]   47   0.000340209   -5.44067e-040   2.84656e-039   [-0.000004,-0.000005,]
[8,2,]   48   0.000469453   -4.20867e-040   2.66438e-039   [-0.000007,-0.000006,]
[9,2,]   49   0.000541552   -3.73244e-040   2.5733e-039   [-0.000009,-0.000007,]
[10,2,]   50   0.000529237   -4.05702e-040   2.57333e-039   [-0.000009,-0.000009,]
[11,2,]   51   0.000441184   -5.14071e-040   2.66476e-039   [-0.000007,-0.000010,]
[12,2,]   52   0.000313641   -6.91906e-040   2.84924e-039   [-0.000004,-0.000011,]
[13,2,]   53   0.000189283   -9.79984e-040   3.13446e-039   [0.000001,-0.000011,]
[14,2,]   54   9.73013e-005   -1.37492e-039   3.54654e-039   [0.000007,-0.000011,]
[15,2,]   55   4.34653e-005   -1.84162e-039   4.14659e-039   [0.000013,-0.000009,]
[16,2,]   56   1.75999e-005   -2.30702e-039   5.02114e-039   [0.000020,-0.000007,]
[17,2,]   57   6.73944e-006   -2.72548e-039   6.20082e-039   [0.000026,-0.000005,]
[18,2,]   58   2.51267e-006   -3.65662e-039   7.5412e-039   [0.000035,-0.000003,]
[19,2,]   59   1.22211e-006   -4.70713e-039   8.73437e-039   [0.000037,-0.000005,]
[0,3,]   60   5.79398e-007   -3.40206e-039   6.03471e-039   [0.000039,-0.000027,]
[1,3,]   61   2.0813e-006   -2.07148e-039   5.2149e-039   [0.000036,-0.000021,]
[2,3,]   62   5.99971e-006   -3.73437e-039   4.48618e-039   [0.000049,-0.000013,]
[3,3,]   63   2.34506e-005   -2.35986e-039   3.84855e-039   [0.000031,-0.000006,]
[4,3,]   64   8.28869e-005   -1.28864e-039   3.30201e-039   [0.000017,-0.000003,]
[5,3,]   65   0.000227823   -6.02173e-040   2.84656e-039   [0.000007,-0.000002,]
[6,3,]   66   0.00048529   -1.72989e-040   2.4822e-039   [0.000000,-0.000002,]
[7,3,]   67   0.000821101   8.18383e-041   2.20893e-039   [-0.000004,-0.000002,]
[8,3,]   68   0.00113253   2.21174e-040   2.02675e-039   [-0.000008,-0.000003,]
[9,3,]   69   0.00130228   2.50015e-040   1.93567e-039   [-0.000010,-0.000005,]
[10,3,]   70   0.0012726   2.25726e-040   1.93573e-039   [-0.000011,-0.000007,]
[11,3,]   71   0.00106669   1.49919e-040   2.02738e-039   [-0.000009,-0.000008,]
[12,3,]   72   0.000764162   -1.91942e-041   2.21334e-039   [-0.000005,-0.000010,]
[13,3,]   73   0.000465695   -2.79521e-040   2.50632e-039   [0.000001,-0.000010,]
[14,3,]   74   0.000241881   -6.5385e-040   2.94935e-039   [0.000008,-0.000009,]
[15,3,]   75   0.000109521   -1.12287e-039   3.6432e-039   [0.000015,-0.000008,]
[16,3,]   76   4.57537e-005   -1.51404e-039   4.73056e-039   [0.000022,-0.000005,]
[17,3,]   77   1.84577e-005   -1.86935e-039   6.26188e-039   [0.000029,-0.000003,]
[18,3,]   78   7.35604e-006   -2.6635e-039   7.99905e-039   [0.000035,-0.000001,]
[19,3,]   79   3.71833e-006   -3.50539e-039   9.43442e-039   [0.000034,-0.000003,]
[0,4,]   80   1.31242e-006   -2.00125e-039   5.48817e-039   [0.000036,-0.000025,]
[1,4,]   81   4.61891e-006   -1.1666e-039   4.66836e-039   [0.000042,-0.000020,]
[2,4,]   82   1.14436e-005   -3.4004e-039   3.93964e-039   [0.000057,-0.000015,]
[3,4,]   83   4.13933e-005   -2.3971e-039   3.30201e-039   [0.000037,-0.000003,]
[4,4,]   84   0.000153706   -1.02617e-039   2.75547e-039   [0.000020,0.000001,]
[5,4,]   85   0.000437692   -3.04248e-040   2.30002e-039   [0.000008,0.000003,]
[6,4,]   86   0.000947436   1.46793e-040   1.93566e-039   [0.000000,0.000003,]
[7,4,]   87   0.00160866   4.30813e-040   1.66239e-039   [-0.000005,0.000003,]
[8,4,]   88   0.00220748   5.57648e-040   1.48021e-039   [-0.000010,0.000001,]
[9,4,]   89   0.00252732   6.44132e-040   1.38913e-039   [-0.000012,-0.000001,]
[10,4,]   90   0.00246236   6.21357e-040   1.38921e-039   [-0.000013,-0.000003,]
[11,4,]   91   0.00207184   5.1588e-040   1.48102e-039   [-0.000010,-0.000005,]
[12,4,]   92   0.00149852   3.86085e-040   1.66805e-039   [-0.000006,-0.000006,]
[13,4,]   93   0.000921372   1.31585e-040   1.96663e-039   [0.000001,-0.000007,]
[14,4,]   94   0.000482539   -2.28374e-040   2.43201e-039   [0.000009,-0.000006,]
[15,4,]   95   0.000221314   -6.56499e-040   3.19357e-039   [0.000018,-0.000004,]
[16,4,]   96   9.5605e-005   -1.02809e-039   4.43453e-039   [0.000026,-0.000001,]
[17,4,]   97   4.13237e-005   -1.23393e-039   6.21968e-039   [0.000032,0.000002,]
[18,4,]   98   1.7831e-005   -1.91146e-039   8.24327e-039   [0.000034,0.000004,]
[19,4,]   99   9.35384e-006   -2.53719e-039   9.85349e-039   [0.000030,-0.000001,]
[0,5,]   100   2.80742e-006   -9.68492e-040   5.03272e-039   [0.000034,-0.000024,]
[1,5,]   101   9.21917e-006   -3.25056e-040   4.21291e-039   [0.000045,-0.000019,]
[2,5,]   102   1.9216e-005   -2.63991e-039   3.48419e-039   [0.000067,-0.000022,]
[3,5,]   103   5.83469e-005   -2.70631e-039   2.84656e-039   [0.000049,-0.000001,]
[4,5,]   104   0.000231545   -8.00949e-040   2.30002e-039   [0.000024,0.000006,]
[5,5,]   105   0.000699875   7.02557e-041   1.84457e-039   [0.000009,0.000009,]
[6,5,]   106   0.00154629   5.36592e-040   1.48021e-039   [0.000000,0.000009,]
[7,5,]   107   0.00261965   8.0132e-040   1.20694e-039   [-0.000007,0.000009,]
[8,5,]   108   0.00355326   9.96973e-040   1.02476e-039   [-0.000012,0.000007,]
[9,5,]   109   0.00398053   1.01333e-039   9.3368e-040   [-0.000015,0.000004,]
[10,5,]   110   0.00384075   9.16818e-040   9.33762e-040   [-0.000015,0.000001,]
[11,5,]   111   0.00327525   9.54299e-040   1.02557e-039   [-0.000013,-0.000002,]
[12,5,]   112   0.00238916   7.64023e-040   1.2126e-039   [-0.000007,-0.000004,]
[13,5,]   113   0.0014826   5.3376e-040   1.51118e-039   [0.000001,-0.000004,]
[14,5,]   114   0.000778731   1.73316e-040   1.97656e-039   [0.000011,-0.000003,]
[15,5,]   115   0.00035709   -3.98619e-040   2.73812e-039   [0.000021,0.000001,]
[16,5,]   116   0.000161009   -5.30219e-040   3.97908e-039   [0.000029,0.000005,]
[17,5,]   117   7.59737e-005   -6.84626e-040   5.76423e-039   [0.000034,0.000008,]
[18,5,]   118   3.61697e-005   -1.13228e-039   7.78782e-039   [0.000031,0.000009,]
[19,5,]   119   1.95224e-005   -1.55204e-039   9.39804e-039   [0.000024,0.000001,]
[0,6,]   120   6.17423e-006   -6.50469e-041   4.66836e-039   [0.000032,-0.000023,]
[1,6,]   121   1.67987e-005   2.6445e-040   3.84855e-039   [0.000042,-0.000017,]
[2,6,]   122   2.88661e-005   -1.18563e-039   3.11983e-039   [0.000075,-0.000033,]
[3,6,]   123   6.25192e-005   -3.51893e-039   2.4822e-039   [0.000069,-0.000000,]
[4,6,]   124   0.000268033   -1.01996e-039   1.93566e-039   [0.000030,0.000013,]
[5,6,]   125   0.000903328   4.10014e-040   1.48021e-039   [0.000011,0.000015,]
[6,6,]   126   0.00206268   9.42225e-040   1.11585e-039   [-0.000000,0.000015,]
[7,6,]   127   0.00347749   1.28843e-039   8.42583e-040   [-0.000008,0.000015,]
[8,6,]   128   0.00454851   1.35182e-039   6.60403e-040   [-0.000015,0.000012,]
[9,6,]   129   0.00490501   1.2921e-039   5.69318e-040   [-0.000019,0.000010,]
[10,6,]   130   0.00471183   1.32047e-039   5.69382e-040   [-0.000019,0.000005,]
[11,6,]   131   0.00404509   1.28908e-039   6.6103e-040   [-0.000015,-0.000002,]
[12,6,]   132   0.0030198   1.1655e-039   8.4699e-040   [-0.000008,-0.000004,]
[13,6,]   133   0.00189332   8.64851e-040   1.13997e-039   [0.000002,-0.000005,]
[14,6,]   134   0.000989885   4.17002e-040   1.583e-039   [0.000013,-0.000002,]
[15,6,]   135   0.000455827   -8.59482e-041   2.27685e-039   [0.000026,0.000005,]
[16,6,]   136   0.000209297   -6.51655e-040   3.36421e-039   [0.000035,0.000009,]
[17,6,]   137   0.000114734   7.44571e-042   4.89553e-039   [0.000035,0.000013,]
[18,6,]   138   6.10708e-005   -3.79207e-040   6.6327e-039   [0.000026,0.000013,]
[19,6,]   139   3.35876e-005   -5.83952e-040   8.06807e-039   [0.000014,0.000002,]
[0,7,]   140   1.33977e-005   1.16838e-039   4.39509e-039   [0.000029,-0.000022,]
[1,7,]   141   2.83354e-005   9.16256e-040   3.57528e-039   [0.000032,-0.000016,]
[2,7,]   142   3.77656e-005   1.79773e-040   2.84656e-039   [0.000081,-0.000041,]
[3,7,]   143   4.62837e-005   -6.29316e-039   2.20893e-039   [0.000101,-0.000013,]
[4,7,]   144   0.000226313   -1.64818e-039   1.66239e-039   [0.000041,0.000029,]
[5,7,]   145   0.000897549   6.53814e-040   1.20694e-039   [0.000011,0.000026,]
[6,7,]   146   0.00214437   1.37959e-039   8.42583e-040   [-0.000000,0.000024,]
[7,7,]   147   0.0035273   1.62486e-039   5.69313e-040   [-0.000010,0.000022,]
[8,7,]   148   0.00438487   1.79545e-039   3.87133e-040   [-0.000017,0.000022,]
[9,7,]   149   0.00437454   1.41841e-039   2.96046e-040   [-0.000023,0.000019,]
[10,7,]   150   0.00411012   1.14967e-039   2.96085e-040   [-0.000028,0.000003,]
[11,7,]   151   0.00361759   1.38231e-039   3.87513e-040   [-0.000023,-0.000005,]
[12,7,]   152   0.0028436   1.39297e-039   5.71985e-040   [-0.000010,-0.000013,]
[13,7,]   153   0.00184591   1.18306e-039   8.57211e-040   [0.000003,-0.000014,]
[14,7,]   154   0.000956792   5.44489e-040   1.26929e-039   [0.000020,-0.000008,]
[15,7,]   155   0.000435752   -2.01313e-040   1.86934e-039   [0.000034,-0.000001,]
[16,7,]   156   0.000214991   -3.1869e-040   2.74389e-039   [0.000044,0.000020,]
[17,7,]   157   0.000140053   5.00103e-040   3.92357e-039   [0.000035,0.000017,]
[18,7,]   158   8.50749e-005   4.65007e-040   5.26395e-039   [0.000018,0.000016,]
[19,7,]   159   4.6918e-005   2.51921e-040   6.45712e-039   [0.000003,0.000002,]
[0,8,]   160   2.47572e-005   2.32704e-039   4.21291e-039   [0.000025,-0.000018,]
[1,8,]   161   4.34157e-005   1.0922e-039   3.3931e-039   [0.000021,-0.000018,]
[2,8,]   162   4.76301e-005   1.62131e-039   2.66438e-039   [0.000068,-0.000028,]
[3,8,]   163   2.63297e-005   -1.10439e-038   2.02675e-039   [0.000151,-0.000059,]
[4,8,]   164   0.000123278   -4.43617e-039   1.48021e-039   [0.000075,0.000037,]
[5,8,]   165   0.000636094   1.34994e-040   1.02476e-039   [0.000003,0.000040,]
[6,8,]   166   0.00159965   1.11198e-039   6.60403e-040   [-0.000004,0.000039,]
[7,8,]   167   0.00252586   1.51998e-039   3.87133e-040   [-0.000009,0.000037,]
[8,8,]   168   0.00274794   9.84169e-040   2.04953e-040   [-0.000018,0.000027,]
[9,8,]   169   0.00238404   -3.33158e-040   1.13864e-040   [-0.000042,0.000024,]
[10,8,]   170   0.00244391   1.2492e-039   1.13882e-040   [-0.000048,-0.000006,]
[11,8,]   171   0.00210935   3.30045e-040   2.05132e-040   [-0.000031,-0.000022,]
[12,8,]   172   0.00185491   7.87084e-040   3.88395e-040   [-0.000016,-0.000038,]
[13,8,]   173   0.00127871   6.4951e-040   6.67312e-040   [0.000006,-0.000038,]
[14,8,]   174   0.000658829   2.67962e-041   1.05421e-039   [0.000023,-0.000030,]
[15,8,]   175   0.000297303   -7.96198e-041   1.57797e-039   [0.000060,-0.000014,]
[16,8,]   176   0.00014981   -2.09853e-039   2.27945e-039   [0.000066,0.000009,]
[17,8,]   177   0.000138542   1.33793e-039   3.17313e-039   [0.000020,0.000022,]
[18,8,]   178   9.39515e-005   5.43561e-040   4.19077e-039   [0.000009,0.000016,]
[19,8,]   179   5.45275e-005   9.07007e-040   5.18695e-039   [-0.000010,0.000001,]
[0,9,]   180   3.24337e-005   2.09092e-039   4.12182e-039   [0.000020,-0.000007,]
[1,9,]   181   6.3632e-005   1.73289e-039   3.30201e-039   [0.000023,-0.000017,]
[2,9,]   182   6.25195e-005   7.80722e-040   2.57329e-039   [0.000023,-0.000031,]
[3,9,]   183   2.50163e-005   -1.16588e-038   1.93566e-039   [0.000141,-0.000132,]
[4,9,]   184   5.02126e-005   -1.48919e-038   1.38912e-039   [0.000155,0.000104,]
[5,9,]   185   0.000371256   -1.50821e-039   9.33673e-040   [-0.000005,0.000088,]
[6,9,]   186   0.000955424   8.32588e-042   5.69313e-040   [-0.000004,0.000074,]
[7,9,]   187   0.00134752   -3.39092e-040   2.96043e-040   [-0.000015,0.000080,]
[8,9,]   188   0.00129082   -6.49939e-040   1.13863e-040   [-0.000016,0.000108,]
[9,9,]   189   0.000898487   -4.42946e-039   2.27731e-041   [-0.000081,0.000104,]
[10,9,]   190   0.000827222   -4.6806e-039   2.27798e-041   [-0.000100,-0.000095,]
[11,9,]   191   0.000816596   -5.79847e-039   1.13929e-040   [-0.000040,-0.000112,]
[12,9,]   192   0.00100544   -1.57987e-039   2.96507e-040   [-0.000020,-0.000082,]
[13,9,]   193   0.000757922   -1.38422e-039   5.71854e-040   [0.000009,-0.000076,]
[14,9,]   194   0.00034687   -2.63637e-039   9.44507e-040   [0.000026,-0.000086,]
[15,9,]   195   0.000108426   -6.21868e-039   1.42508e-039   [0.000089,-0.000095,]
[16,9,]   196   9.0087e-005   -2.13695e-040   2.02862e-039   [0.000055,0.000079,]
[17,9,]   197   0.000115232   2.41223e-039   2.76045e-039   [0.000024,0.000039,]
[18,9,]   198   9.082e-005   1.61656e-039   3.59546e-039   [-0.000002,0.000014,]
[19,9,]   199   4.97393e-005   1.70296e-039   4.48015e-039   [-0.000021,0.000000,]
[0,10,]   200   4.64506e-005   1.77466e-039   4.12182e-039   [0.000015,0.000000,]
[1,10,]   201   8.9342e-005   1.68858e-039   3.30201e-039   [0.000002,-0.000012,]
[2,10,]   202   0.000115268   2.50748e-039   2.57329e-039   [-0.000023,-0.000036,]
[3,10,]   203   8.90378e-005   -2.51074e-040   1.93566e-039   [-0.000057,-0.000078,]
[4,10,]   204   0.000105277   -6.64021e-039   1.38912e-039   [-0.000091,0.000100,]
[5,10,]   205   0.000346561   -2.659e-039   9.33673e-040   [-0.000026,0.000091,]
[6,10,]   206   0.000763164   -1.36732e-039   5.69313e-040   [-0.000009,0.000081,]
[7,10,]   207   0.00100982   -1.55964e-039   2.96043e-040   [0.000019,0.000087,]
[8,10,]   208   0.000808464   -5.813e-039   1.13863e-040   [0.000040,0.000117,]
[9,10,]   209   0.000791619   -5.03692e-039   2.27727e-041   [0.000103,0.000101,]
[10,10,]   210   0.000847663   -4.82696e-039   2.27746e-041   [0.000085,-0.000102,]
[11,10,]   211   0.00122878   -7.87123e-040   1.13881e-040   [0.000016,-0.000105,]
[12,10,]   212   0.00128643   -4.84189e-040   2.96176e-040   [0.000015,-0.000077,]
[13,10,]   213   0.000916449   -1.13829e-040   5.70041e-040   [0.000005,-0.000070,]
[14,10,]   214   0.000358399   -1.5781e-039   9.36777e-040   [0.000005,-0.000084,]
[15,10,]   215   4.76336e-005   -1.54606e-038   1.39943e-039   [-0.000160,-0.000100,]
[16,10,]   216   2.41172e-005   -1.18671e-038   1.9623e-039   [-0.000143,0.000136,]
[17,10,]   217   6.24766e-005   7.60609e-040   2.62691e-039   [-0.000021,0.000033,]
[18,10,]   218   6.58653e-005   1.76019e-039   3.38609e-039   [-0.000025,0.000019,]
[19,10,]   219   3.63119e-005   2.12833e-039   4.22448e-039   [-0.000034,0.000008,]
[0,11,]   220   5.33876e-005   9.24095e-040   4.21291e-039   [0.000010,0.000001,]
[1,11,]   221   9.34069e-005   5.6849e-040   3.3931e-039   [-0.000008,-0.000012,]
[2,11,]   222   0.000137816   1.36478e-039   2.66438e-039   [-0.000019,-0.000017,]
[3,11,]   223   0.000147227   -2.15237e-039   2.02675e-039   [-0.000066,-0.000005,]
[4,11,]   224   0.000291247   -1.02098e-040   1.48021e-039   [-0.000061,0.000020,]
[5,11,]   225   0.00064621   -2.58099e-041   1.02476e-039   [-0.000023,0.000036,]
[6,11,]   226   0.0012522   5.82155e-040   6.60403e-040   [-0.000006,0.000044,]
[7,11,]   227   0.00180311   6.95008e-040   3.87133e-040   [0.000016,0.000044,]
[8,11,]   228   0.00202248   1.66437e-040   2.04953e-040   [0.000032,0.000028,]
[9,11,]   229   0.00232693   1.12476e-039   1.13863e-040   [0.000049,0.000013,]
[10,11,]   230   0.00225929   -4.84101e-040   1.13863e-040   [0.000044,-0.000021,]
[11,11,]   231   0.00261929   8.57005e-040   2.04957e-040   [0.000019,-0.000024,]
[12,11,]   232   0.00242821   1.43376e-039   3.87162e-040   [0.000010,-0.000033,]
[13,11,]   233   0.00154666   1.02982e-039   6.60565e-040   [0.000005,-0.000035,]
[14,11,]   234   0.0006161   4.48576e-041   1.02546e-039   [-0.000002,-0.000036,]
[15,11,]   235   0.000117369   -4.64904e-039   1.48251e-039   [-0.000077,-0.000032,]
[16,11,]   236   2.39553e-005   -1.20335e-038   2.0327e-039   [-0.000155,0.000067,]
[17,11,]   237   4.72053e-005   1.68028e-039   2.67635e-039   [-0.000069,0.000030,]
[18,11,]   238   4.43883e-005   1.03731e-039   3.41186e-039   [-0.000022,0.000021,]
[19,11,]   239   2.70335e-005   2.31003e-039   4.23582e-039   [-0.000039,0.000021,]
[0,12,]   240   4.86493e-005   2.89842e-040   4.39509e-039   [0.000005,0.000002,]
[1,12,]   241   8.57557e-005   4.69328e-040   3.57528e-039   [-0.000016,-0.000010,]
[2,12,]   242   0.000139203   4.87418e-040   2.84656e-039   [-0.000033,-0.000011,]
[3,12,]   243   0.00021235   -3.30905e-040   2.20893e-039   [-0.000044,-0.000014,]
[4,12,]   244   0.000429919   -2.10846e-040   1.66239e-039   [-0.000034,0.000008,]
[5,12,]   245   0.000943813   5.18638e-040   1.20694e-039   [-0.000020,0.000015,]
[6,12,]   246   0.00182001   1.15061e-039   8.42583e-040   [-0.000003,0.000021,]
[7,12,]   247   0.00279641   1.35048e-039   5.69313e-040   [0.000010,0.000020,]
[8,12,]   248   0.00354345   1.32267e-039   3.87133e-040   [0.000023,0.000012,]
[9,12,]   249   0.00402264   1.10393e-039   2.96043e-040   [0.000029,0.000004,]
[10,12,]   250   0.00427273   1.32322e-039   2.96043e-040   [0.000024,-0.000013,]
[11,12,]   251   0.00431215   1.72986e-039   3.87133e-040   [0.000018,-0.000016,]
[12,12,]   252   0.0034998   1.58122e-039   5.69318e-040   [0.000011,-0.000017,]
[13,12,]   253   0.00214403   1.34801e-039   8.42611e-040   [0.000001,-0.000018,]
[14,12,]   254   0.000900622   6.24138e-040   1.20706e-039   [-0.000011,-0.000020,]
[15,12,]   255   0.000224074   -1.77995e-039   1.66279e-039   [-0.000042,-0.000025,]
[16,12,]   256   4.37167e-005   -6.94784e-039   2.20997e-039   [-0.000106,0.000019,]
[17,12,]   257   3.75762e-005   2.81527e-040   2.84864e-039   [-0.000083,0.000046,]
[18,12,]   258   2.84283e-005   9.0408e-040   3.57854e-039   [-0.000033,0.000020,]
[19,12,]   259   1.33954e-005   1.19147e-039   4.39907e-039   [-0.000030,0.000027,]
[0,13,]   260   3.67172e-005   -5.43467e-040   4.66836e-039   [0.000001,0.000003,]
[1,13,]   261   6.2278e-005   -4.07248e-040   3.84855e-039   [-0.000023,-0.000008,]
[2,13,]   262   0.000114048   -3.68185e-041   3.11983e-039   [-0.000033,-0.000007,]
[3,13,]   263   0.000207714   -6.56887e-040   2.4822e-039   [-0.000034,-0.000003,]
[4,13,]   264   0.000453454   -9.58095e-041   1.93566e-039   [-0.000026,0.000001,]
[5,13,]   265   0.000989669   4.19541e-040   1.48021e-039   [-0.000014,0.000009,]
[6,13,]   266   0.00190227   8.81839e-040   1.11585e-039   [-0.000002,0.000012,]
[7,13,]   267   0.00304403   1.1876e-039   8.42583e-040   [0.000008,0.000011,]
[8,13,]   268   0.00408711   1.31225e-039   6.60403e-040   [0.000016,0.000008,]
[9,13,]   269   0.0047741   1.33794e-039   5.69313e-040   [0.000019,0.000001,]
[10,13,]   270   0.00499432   1.32184e-039   5.69313e-040   [0.000019,-0.000004,]
[11,13,]   271   0.00467211   1.40569e-039   6.60403e-040   [0.000015,-0.000007,]
[12,13,]   272   0.00360758   1.35909e-039   8.42583e-040   [0.000008,-0.000010,]
[13,13,]   273   0.00216145   1.0346e-039   1.11586e-039   [0.000000,-0.000011,]
[14,13,]   274   0.00095349   5.1636e-040   1.48023e-039   [-0.000011,-0.000010,]
[15,13,]   275   0.000281759   -9.454e-040   1.93572e-039   [-0.000031,-0.000009,]
[16,13,]   276   6.36849e-005   -3.69228e-039   2.48234e-039   [-0.000072,0.000004,]
[17,13,]   277   2.94062e-005   -1.11605e-039   3.12011e-039   [-0.000078,0.000039,]
[18,13,]   278   1.66886e-005   4.43528e-040   3.84899e-039   [-0.000043,0.000021,]
[19,13,]   279   5.19771e-006   2.6829e-042   4.6689e-039   [-0.000022,0.000029,]
[0,14,]   280   2.23546e-005   -1.49593e-039   5.03272e-039   [-0.000002,0.000002,]
[1,14,]   281   3.71355e-005   -1.20737e-039   4.21291e-039   [-0.000028,-0.000007,]
[2,14,]   282   7.53304e-005   -7.64639e-040   3.48419e-039   [-0.000032,-0.000005,]
[3,14,]   283   0.000160128   -5.32505e-040   2.84656e-039   [-0.000029,-0.000003,]
[4,14,]   284   0.000357449   -3.89037e-040   2.30002e-039   [-0.000020,0.000002,]
[5,14,]   285   0.000786393   2.03362e-040   1.84457e-039   [-0.000011,0.000005,]
[6,14,]   286   0.00151051   5.87231e-040   1.48021e-039   [-0.000001,0.000007,]
[7,14,]   287   0.00245314   8.38694e-040   1.20694e-039   [0.000007,0.000007,]
[8,14,]   288   0.00338528   1.04351e-039   1.02476e-039   [0.000012,0.000005,]
[9,14,]   289   0.00399529   1.0213e-039   9.33673e-040   [0.000015,0.000002,]
[10,14,]   290   0.00416844   1.12371e-039   9.33673e-040   [0.000015,-0.000002,]
[11,14,]   291   0.0037539   1.12245e-039   1.02476e-039   [0.000012,-0.000005,]
[12,14,]   292   0.00279579   9.45996e-040   1.20694e-039   [0.000007,-0.000006,]
[13,14,]   293   0.00166787   6.98302e-040   1.48021e-039   [-0.000000,-0.000007,]
[14,14,]   294   0.000762579   2.57768e-040   1.84457e-039   [-0.000010,-0.000007,]
[15,14,]   295   0.000253277   -5.99531e-040   2.30003e-039   [-0.000025,-0.000004,]
[16,14,]   296   6.2858e-005   -2.5768e-039   2.84658e-039   [-0.000051,0.000004,]
[17,14,]   297   2.01346e-005   -2.53632e-039   3.48422e-039   [-0.000070,0.000026,]
[18,14,]   298   9.0564e-006   9.15985e-042   4.21296e-039   [-0.000046,0.000022,]
[19,14,]   299   1.8672e-006   -1.03269e-039   5.03278e-039   [-0.000015,0.000030,]
[0,15,]   300   1.11279e-005   -2.45116e-039   5.48817e-039   [-0.000005,0.000001,]
[1,15,]   301   1.83353e-005   -2.03256e-039   4.66836e-039   [-0.000032,-0.000006,]
[2,15,]   302   4.06683e-005   -1.35248e-039   3.93964e-039   [-0.000029,-0.000004,]
[3,15,]   303   9.45323e-005   -1.04021e-039   3.30201e-039   [-0.000025,-0.000002,]
[4,15,]   304   0.000220196   -6.66405e-040   2.75547e-039   [-0.000017,0.000001,]
[5,15,]   305   0.000484259   -2.18323e-040   2.30002e-039   [-0.000009,0.000004,]
[6,15,]   306   0.000932387   1.56842e-040   1.93566e-039   [-0.000001,0.000005,]
[7,15,]   307   0.00152802   4.26536e-040   1.66239e-039   [0.000006,0.000004,]
[8,15,]   308   0.00212681   5.71308e-040   1.48021e-039   [0.000010,0.000003,]
[9,15,]   309   0.00254172   6.8163e-040   1.38912e-039   [0.000012,0.000001,]
[10,15,]   310   0.00262345   7.11187e-040   1.38912e-039   [0.000012,-0.000001,]
[11,15,]   311   0.00230568   6.27901e-040   1.48021e-039   [0.000010,-0.000003,]
[12,15,]   312   0.001692   5.01502e-040   1.66239e-039   [0.000005,-0.000005,]
[13,15,]   313   0.00100518   2.2795e-040   1.93566e-039   [-0.000000,-0.000005,]
[14,15,]   314   0.000469166   -1.97529e-040   2.30002e-039   [-0.000009,-0.000005,]
[15,15,]   315   0.000166231   -8.76337e-040   2.75547e-039   [-0.000021,-0.000002,]
[16,15,]   316   4.45984e-005   -2.23613e-039   3.30201e-039   [-0.000039,0.000003,]
[17,15,]   317   1.19217e-005   -3.3305e-039   3.93964e-039   [-0.000059,0.000015,]
[18,15,]   318   4.38587e-006   -8.64495e-040   4.66837e-039   [-0.000041,0.000021,]
[19,15,]   319   7.21494e-007   -2.2824e-039   5.48818e-039   [-0.000008,0.000030,]
[0,16,]   320   4.55483e-006   -3.37899e-039   6.03471e-039   [-0.000007,0.000000,]
[1,16,]   321   7.54554e-006   -2.81544e-039   5.2149e-039   [-0.000034,-0.000005,]
[2,16,]   322   1.7958e-005   -2.00976e-039   4.48618e-039   [-0.000027,-0.000003,]
[3,16,]   323   4.45922e-005   -1.55172e-039   3.84855e-039   [-0.000022,-0.000001,]
[4,16,]   324   0.00010694   -1.1732e-039   3.30201e-039   [-0.000015,0.000001,]
[5,16,]   325   0.000236975   -7.08978e-040   2.84656e-039   [-0.000008,0.000003,]
[6,16,]   326   0.000457721   -3.41086e-040   2.4822e-039   [-0.000001,0.000004,]
[7,16,]   327   0.000753291   -8.48458e-041   2.20893e-039   [0.000005,0.000003,]
[8,16,]   328   0.00105395   8.0071e-041   2.02675e-039   [0.000009,0.000002,]
[9,16,]   329   0.00125928   1.50399e-040   1.93566e-039   [0.000011,0.000001,]
[10,16,]   330   0.00128983   1.63754e-040   1.93566e-039   [0.000010,-0.000001,]
[11,16,]   331   0.00112276   1.20602e-040   2.02675e-039   [0.000008,-0.000002,]
[12,16,]   332   0.00081561   -3.05891e-041   2.20893e-039   [0.000005,-0.000003,]
[13,16,]   333   0.000484028   -2.89575e-040   2.4822e-039   [-0.000000,-0.000003,]
[14,16,]   334   0.000228899   -7.04528e-040   2.84656e-039   [-0.000007,-0.000003,]
[15,16,]   335   8.40935e-005   -1.34424e-039   3.30201e-039   [-0.000018,-0.000001,]
[16,16,]   336   2.38661e-005   -2.36318e-039   3.84855e-039   [-0.000032,0.000002,]
[17,16,]   337   5.93171e-006   -3.79934e-039   4.48618e-039   [-0.000050,0.000010,]
[18,16,]   338   1.85515e-006   -1.95258e-039   5.2149e-039   [-0.000032,0.000018,]
[19,16,]   339   2.87617e-007   -4.00391e-039   6.03471e-039   [0.000001,0.000028,]
[0,17,]   340   1.52766e-006   -4.44208e-039   6.67234e-039   [-0.000007,0.000001,]
[1,17,]   341   2.56272e-006   -3.73906e-039   5.85253e-039   [-0.000036,-0.000003,]
[2,17,]   342   6.47342e-006   -2.78773e-039   5.12381e-039   [-0.000025,-0.000002,]
[3,17,]   343   1.68673e-005   -2.27415e-039   4.48618e-039   [-0.000019,0.000000,]
[4,17,]   344   4.14953e-005   -1.83986e-039   3.93964e-039   [-0.000013,0.000002,]
[5,17,]   345   9.25931e-005   -1.39752e-039   3.48419e-039   [-0.000007,0.000003,]
[6,17,]   346   0.000179508   -1.02915e-039   3.11983e-039   [-0.000001,0.000004,]
[7,17,]   347   0.000296438   -7.64075e-040   2.84656e-039   [0.000004,0.000004,]
[8,17,]   348   0.000415441   -6.08183e-040   2.66438e-039   [0.000008,0.000003,]
[9,17,]   349   0.000496244   -5.21189e-040   2.57329e-039   [0.000009,0.000002,]
[10,17,]   350   0.000505343   -5.12135e-040   2.57329e-039   [0.000009,0.000000,]
[11,17,]   351   0.000435884   -5.85589e-040   2.66438e-039   [0.000007,-0.000001,]
[12,17,]   352   0.000314581   -7.33345e-040   2.84656e-039   [0.000004,-0.000002,]
[13,17,]   353   0.000186415   -1.00164e-039   3.11983e-039   [-0.000000,-0.000002,]
[14,17,]   354   8.89786e-005   -1.40596e-039   3.48419e-039   [-0.000007,-0.000002,]
[15,17,]   355   3.35571e-005   -1.9857e-039   3.93964e-039   [-0.000015,-0.000000,]
[16,17,]   356   9.91394e-006   -2.84939e-039   4.48618e-039   [-0.000027,0.000003,]
[17,17,]   357   2.42723e-006   -4.23729e-039   5.12381e-039   [-0.000042,0.000008,]
[18,17,]   358   6.68836e-007   -3.25148e-039   5.85253e-039   [-0.000023,0.000017,]
[19,17,]   359   1.07103e-007   -6.01491e-039   6.67234e-039   [0.000009,0.000026,]
[0,18,]   360   4.33882e-007   -5.85722e-039   7.40106e-039   [-0.000008,0.000016,]
[1,18,]   361   7.34234e-007   -4.9653e-039   6.58125e-039   [-0.000037,0.000011,]
[2,18,]   362   1.94239e-006   -3.86167e-039   5.85253e-039   [-0.000023,0.000010,]
[3,18,]   363   5.2643e-006   -3.25488e-039   5.2149e-039   [-0.000018,0.000009,]
[4,18,]   364   1.32334e-005   -2.80606e-039   4.66836e-039   [-0.000011,0.000010,]
[5,18,]   365   2.98074e-005   -2.3609e-039   4.21291e-039   [-0.000006,0.000011,]
[6,18,]   366   5.80179e-005   -1.99705e-039   3.84855e-039   [-0.000000,0.000011,]
[7,18,]   367   9.60052e-005   -1.72593e-039   3.57528e-039   [0.000004,0.000011,]
[8,18,]   368   0.000134607   -1.54564e-039   3.3931e-039   [0.000007,0.000010,]
[9,18,]   369   0.00016027   -1.45551e-039   3.30201e-039   [0.000008,0.000009,]
[10,18,]   370   0.00016223   -1.44318e-039   3.30201e-039   [0.000008,0.000008,]
[11,18,]   371   0.000139014   -1.50355e-039   3.3931e-039   [0.000006,0.000008,]
[12,18,]   372   9.97324e-005   -1.66233e-039   3.57528e-039   [0.000004,0.000007,]
[13,18,]   373   5.90478e-005   -1.92399e-039   3.84855e-039   [-0.000000,0.000007,]
[14,18,]   374   2.83934e-005   -2.30862e-039   4.21291e-039   [-0.000006,0.000007,]
[15,18,]   375   1.09178e-005   -2.85959e-039   4.66836e-039   [-0.000014,0.000008,]
[16,18,]   376   3.34289e-006   -3.59651e-039   5.2149e-039   [-0.000023,0.000009,]
[17,18,]   377   8.30686e-007   -4.94962e-039   5.85253e-039   [-0.000035,0.000013,]
[18,18,]   378   2.11317e-007   -4.88594e-039   6.58125e-039   [-0.000015,0.000022,]
[19,18,]   379   3.65426e-008   -8.19878e-039   7.40106e-039   [0.000016,0.000026,]
[0,19,]   380   1.40524e-007   -7.92402e-039   8.22087e-039   [-0.000008,0.000029,]
[1,19,]   381   2.22138e-007   -7.14372e-039   7.40106e-039   [-0.000042,0.000024,]
[2,19,]   382   5.7908e-007   -5.85477e-039   6.67234e-039   [-0.000026,0.000020,]
[3,19,]   383   1.59441e-006   -5.04773e-039   6.03471e-039   [-0.000019,0.000018,]
[4,19,]   384   4.112e-006   -4.43675e-039   5.48817e-039   [-0.000012,0.000017,]
[5,19,]   385   9.44325e-006   -3.89736e-039   5.03272e-039   [-0.000006,0.000017,]
[6,19,]   386   1.8525e-005   -3.48897e-039   4.66836e-039   [-0.000001,0.000017,]
[7,19,]   387   3.05499e-005   -3.20627e-039   4.39509e-039   [0.000003,0.000017,]
[8,19,]   388   4.23233e-005   -3.04217e-039   4.21291e-039   [0.000006,0.000017,]
[9,19,]   389   4.95981e-005   -2.98942e-039   4.12182e-039   [0.000008,0.000016,]
[10,19,]   390   4.94109e-005   -3.02524e-039   4.12182e-039   [0.000008,0.000016,]
[11,19,]   391   4.17931e-005   -3.13139e-039   4.21291e-039   [0.000006,0.000016,]
[12,19,]   392   2.97588e-005   -3.31581e-039   4.39509e-039   [0.000004,0.000016,]
[13,19,]   393   1.75618e-005   -3.57954e-039   4.66836e-039   [-0.000001,0.000016,]
[14,19,]   394   8.45814e-006   -3.93156e-039   5.03272e-039   [-0.000006,0.000016,]
[15,19,]   395   3.29478e-006   -4.38496e-039   5.48817e-039   [-0.000014,0.000015,]
[16,19,]   396   1.05366e-006   -4.87213e-039   6.03471e-039   [-0.000021,0.000014,]
[17,19,]   397   2.90266e-007   -5.76852e-039   6.67234e-039   [-0.000029,0.000017,]
[18,19,]   398   8.19915e-008   -5.95783e-039   7.40106e-039   [-0.000010,0.000026,]
[19,19,]   399   1.65475e-008   -7.98553e-039   8.22087e-039   [0.000015,0.000025,]
