coordinates  index   rho      Q      V    velocities 
[0,0,]   0   3.2484e-008   -8.41341e-039   8.22099e-039   [0.000033,-0.000000,]
[1,0,]   1   1.18875e-007   -5.8372e-039   7.40186e-039   [0.000022,-0.000000,]
[2,0,]   2   3.85399e-007   -5.32759e-039   6.67637e-039   [0.000027,0.000001,]
[3,0,]   3   1.23855e-006   -4.55984e-039   6.05065e-039   [0.000020,0.000003,]
[4,0,]   4   3.55556e-006   -4.01365e-039   5.53726e-039   [0.000013,0.000005,]
[5,0,]   5   8.63117e-006   -3.595e-039   5.15045e-039   [0.000006,0.000006,]
[6,0,]   6   1.73426e-005   -3.28449e-039   4.88825e-039   [0.000001,0.000007,]
[7,0,]   7   2.8872e-005   -3.06095e-039   4.71495e-039   [-0.000003,0.000007,]
[8,0,]   8   4.02121e-005   -2.91162e-039   4.57527e-039   [-0.000006,0.000007,]
[9,0,]   9   4.73441e-005   -2.83223e-039   4.44152e-039   [-0.000007,0.000007,]
[10,0,]   10   4.74012e-005   -2.82708e-039   4.34149e-039   [-0.000007,0.000007,]
[11,0,]   11   4.03253e-005   -2.90604e-039   4.33046e-039   [-0.000006,0.000006,]
[12,0,]   12   2.89612e-005   -3.07915e-039   4.44408e-039   [-0.000003,0.000006,]
[13,0,]   13   1.74183e-005   -3.3542e-039   4.68426e-039   [0.000000,0.000006,]
[14,0,]   14   8.74231e-006   -3.73887e-039   5.03674e-039   [0.000005,0.000006,]
[15,0,]   15   3.69663e-006   -4.24068e-039   5.48896e-039   [0.000012,0.000007,]
[16,0,]   16   1.36205e-006   -4.84347e-039   6.03483e-039   [0.000019,0.000009,]
[17,0,]   17   4.63355e-007   -5.50427e-039   6.67236e-039   [0.000026,0.000011,]
[18,0,]   18   1.54164e-007   -6.43518e-039   7.40106e-039   [0.000034,0.000013,]
[19,0,]   19   6.0542e-008   -8.21579e-039   8.22087e-039   [0.000037,0.000014,]
[0,1,]   20   1.01507e-007   -6.54016e-039   7.40139e-039   [0.000033,-0.000020,]
[1,1,]   21   3.78449e-007   -4.19371e-039   6.58341e-039   [0.000026,-0.000017,]
[2,1,]   22   1.24587e-006   -4.06852e-039   5.86349e-039   [0.000032,-0.000013,]
[3,1,]   23   4.14286e-006   -3.2841e-039   5.25823e-039   [0.000023,-0.000009,]
[4,1,]   24   1.22429e-005   -2.61323e-039   4.8018e-039   [0.000014,-0.000007,]
[5,1,]   25   3.02525e-005   -2.09211e-039   4.53293e-039   [0.000007,-0.000006,]
[6,1,]   26   6.13191e-005   -1.72276e-039   4.44627e-039   [0.000001,-0.000006,]
[7,1,]   27   0.000102264   -1.48059e-039   4.44474e-039   [-0.000003,-0.000005,]
[8,1,]   28   0.000141898   -1.34173e-039   4.37808e-039   [-0.000005,-0.000005,]
[9,1,]   29   0.000165806   -1.28594e-039   4.17104e-039   [-0.000007,-0.000005,]
[10,1,]   30   0.000164504   -1.30108e-039   3.89913e-039   [-0.000007,-0.000005,]
[11,1,]   31   0.000138805   -1.38731e-039   3.71264e-039   [-0.000006,-0.000005,]
[12,1,]   32   9.91533e-005   -1.55583e-039   3.70845e-039   [-0.000004,-0.000006,]
[13,1,]   33   5.95606e-005   -1.82219e-039   3.89178e-039   [0.000001,-0.000006,]
[14,1,]   34   3.00224e-005   -2.19668e-039   4.22384e-039   [0.000006,-0.000006,]
[15,1,]   35   1.28484e-005   -2.66918e-039   4.67051e-039   [0.000013,-0.000004,]
[16,1,]   36   4.83928e-006   -3.17461e-039   5.21523e-039   [0.000020,-0.000003,]
[17,1,]   37   1.69647e-006   -3.62007e-039   5.85257e-039   [0.000026,-0.000001,]
[18,1,]   38   5.80784e-007   -4.23519e-039   6.58126e-039   [0.000032,-0.000001,]
[19,1,]   39   2.28496e-007   -5.69533e-039   7.40106e-039   [0.000033,-0.000003,]
[0,2,]   40   3.52756e-007   -4.93645e-039   6.67304e-039   [0.000031,-0.000016,]
[1,2,]   41   1.21846e-006   -3.02281e-039   5.8571e-039   [0.000029,-0.000015,]
[2,2,]   42   3.75335e-006   -3.20631e-039   5.14701e-039   [0.000035,-0.000012,]
[3,2,]   43   1.23109e-005   -2.50164e-039   4.57791e-039   [0.000026,-0.000009,]
[4,2,]   44   3.68782e-005   -1.81725e-039   4.22213e-039   [0.000016,-0.000006,]
[5,2,]   45   9.25186e-005   -1.28285e-039   4.16167e-039   [0.000008,-0.000004,]
[6,2,]   46   0.000189215   -9.11779e-040   4.3852e-039   [0.000002,-0.000003,]
[7,2,]   47   0.000316388   -6.75063e-040   4.68721e-039   [-0.000002,-0.000002,]
[8,2,]   48   0.000438337   -5.42739e-040   4.74958e-039   [-0.000005,-0.000002,]
[9,2,]   49   0.000510782   -4.88547e-040   4.41302e-039   [-0.000007,-0.000002,]
[10,2,]   50   0.000506009   -4.97784e-040   3.8374e-039   [-0.000008,-0.000002,]
[11,2,]   51   0.000427262   -5.7198e-040   3.34084e-039   [-0.000007,-0.000002,]
[12,2,]   52   0.000305824   -7.28537e-040   3.12848e-039   [-0.000004,-0.000003,]
[13,2,]   53   0.000183978   -9.91652e-040   3.21134e-039   [0.000001,-0.000003,]
[14,2,]   54   9.27419e-005   -1.37778e-039   3.50732e-039   [0.000007,-0.000002,]
[15,2,]   55   3.97353e-005   -1.87518e-039   3.9442e-039   [0.000014,-0.000001,]
[16,2,]   56   1.51281e-005   -2.39598e-039   4.48688e-039   [0.000022,0.000001,]
[17,2,]   57   5.47477e-006   -2.79879e-039   5.1239e-039   [0.000028,0.000004,]
[18,2,]   58   1.97129e-006   -3.31851e-039   5.85254e-039   [0.000033,0.000006,]
[19,2,]   59   8.09437e-007   -4.55748e-039   6.67234e-039   [0.000031,0.000004,]
[0,3,]   60   1.05268e-006   -3.65379e-039   6.03587e-039   [0.000029,-0.000017,]
[1,3,]   61   3.29623e-006   -2.19874e-039   5.22244e-039   [0.000030,-0.000016,]
[2,3,]   62   9.23201e-006   -2.69987e-039   4.52443e-039   [0.000039,-0.000013,]
[3,3,]   63   2.94556e-005   -2.05547e-039   3.99979e-039   [0.000030,-0.000008,]
[4,3,]   64   8.97318e-005   -1.29963e-039   3.76775e-039   [0.000018,-0.000005,]
[5,3,]   65   0.000230059   -7.00466e-040   3.96353e-039   [0.000009,-0.000003,]
[6,3,]   66   0.000477006   -2.89767e-040   4.56845e-039   [0.000003,-0.000002,]
[7,3,]   67   0.000801559   -3.20865e-041   5.24364e-039   [-0.000001,-0.000001,]
[8,3,]   68   0.00110941   1.07343e-040   5.46467e-039   [-0.000005,-0.000001,]
[9,3,]   69   0.00128904   1.59576e-040   4.96885e-039   [-0.000007,-0.000001,]
[10,3,]   70   0.00127566   1.50056e-040   4.01982e-039   [-0.000008,-0.000002,]
[11,3,]   71   0.0010794   7.97663e-041   3.14204e-039   [-0.000007,-0.000003,]
[12,3,]   72   0.000775449   -7.2465e-041   2.67374e-039   [-0.000004,-0.000003,]
[13,3,]   73   0.000467573   -3.35772e-040   2.63307e-039   [0.000001,-0.000004,]
[14,3,]   74   0.000235566   -7.31757e-040   2.8847e-039   [0.000008,-0.000003,]
[15,3,]   75   0.000100937   -1.24638e-039   3.30952e-039   [0.000017,-0.000001,]
[16,3,]   76   3.89562e-005   -1.76066e-039   3.8497e-039   [0.000025,0.000002,]
[17,3,]   77   1.47164e-005   -2.08018e-039   4.48632e-039   [0.000031,0.000005,]
[18,3,]   78   5.65422e-006   -2.47818e-039   5.21492e-039   [0.000033,0.000007,]
[19,3,]   79   2.43885e-006   -3.49988e-039   6.03471e-039   [0.000029,0.000005,]
[0,4,]   80   2.68612e-006   -2.43061e-039   5.48966e-039   [0.000026,-0.000016,]
[1,4,]   81   7.55128e-006   -1.46577e-039   4.67804e-039   [0.000032,-0.000015,]
[2,4,]   82   1.86407e-005   -2.33492e-039   3.98876e-039   [0.000044,-0.000012,]
[3,4,]   83   5.65066e-005   -1.81053e-039   3.49621e-039   [0.000036,-0.000006,]
[4,4,]   84   0.000175296   -9.49318e-040   3.35349e-039   [0.000022,-0.000001,]
[5,4,]   85   0.000461377   -2.71642e-040   3.73423e-039   [0.000011,0.000002,]
[6,4,]   86   0.000971171   1.89829e-040   4.61445e-039   [0.000004,0.000003,]
[7,4,]   87   0.00163706   4.73398e-040   5.55904e-039   [-0.000001,0.000003,]
[8,4,]   88   0.00225567   6.19062e-040   5.89458e-039   [-0.000005,0.000002,]
[9,4,]   89   0.00260605   6.74333e-040   5.28382e-039   [-0.000008,0.000000,]
[10,4,]   90   0.00257407   6.63723e-040   4.06524e-039   [-0.000010,-0.000001,]
[11,4,]   91   0.00218596   5.95297e-040   2.91227e-039   [-0.000009,-0.000003,]
[12,4,]   92   0.00158027   4.51797e-040   2.25922e-039   [-0.000005,-0.000005,]
[13,4,]   93   0.000956317   1.87716e-040   2.12937e-039   [0.000001,-0.000005,]
[14,4,]   94   0.000481022   -2.24405e-040   2.34899e-039   [0.000009,-0.000004,]
[15,4,]   95   0.00020579   -7.63481e-040   2.76511e-039   [0.000019,-0.000001,]
[16,4,]   96   8.08906e-005   -1.26824e-039   3.30349e-039   [0.000029,0.000003,]
[17,4,]   97   3.24106e-005   -1.47655e-039   3.93982e-039   [0.000034,0.000007,]
[18,4,]   98   1.35055e-005   -1.73246e-039   4.66838e-039   [0.000032,0.000008,]
[19,4,]   99   6.13547e-006   -2.52236e-039   5.48817e-039   [0.000025,0.000005,]
[0,5,]   100   5.97325e-006   -1.17082e-039   5.03421e-039   [0.000024,-0.000015,]
[1,5,]   101   1.50526e-005   -6.78363e-040   4.22259e-039   [0.000033,-0.000014,]
[2,5,]   102   3.15629e-005   -1.92714e-039   3.53331e-039   [0.000049,-0.000012,]
[3,5,]   103   8.67393e-005   -1.66576e-039   3.04076e-039   [0.000044,-0.000003,]
[4,5,]   104   0.000273889   -6.74667e-040   2.89804e-039   [0.000026,0.000005,]
[5,5,]   105   0.000745477   1.14292e-040   3.27878e-039   [0.000012,0.000009,]
[6,5,]   106   0.00159237   6.14957e-040   4.159e-039   [0.000004,0.000009,]
[7,5,]   107   0.00267649   9.07833e-040   5.10359e-039   [-0.000002,0.000008,]
[8,5,]   108   0.00364102   1.04882e-039   5.43913e-039   [-0.000007,0.000006,]
[9,5,]   109   0.00415064   1.08004e-039   4.82837e-039   [-0.000011,0.000003,]
[10,5,]   110   0.00408373   1.06822e-039   3.60979e-039   [-0.000012,-0.000001,]
[11,5,]   111   0.00349457   1.01528e-039   2.45682e-039   [-0.000011,-0.000004,]
[12,5,]   112   0.00255453   8.79104e-040   1.80377e-039   [-0.000006,-0.000007,]
[13,5,]   113   0.00155537   6.14995e-040   1.67392e-039   [0.000001,-0.000007,]
[14,5,]   114   0.000779378   1.79068e-040   1.89354e-039   [0.000011,-0.000006,]
[15,5,]   115   0.000331348   -4.13659e-040   2.30966e-039   [0.000023,-0.000002,]
[16,5,]   116   0.00013374   -8.92403e-040   2.84804e-039   [0.000035,0.000003,]
[17,5,]   117   5.84342e-005   -9.21308e-040   3.48437e-039   [0.000037,0.000009,]
[18,5,]   118   2.69893e-005   -1.01129e-039   4.21293e-039   [0.000030,0.000010,]
[19,5,]   119   1.29301e-005   -1.54696e-039   5.03272e-039   [0.000021,0.000005,]
[0,6,]   120   1.16647e-005   7.58111e-041   4.66952e-039   [0.000021,-0.000014,]
[1,6,]   121   2.64218e-005   1.63693e-040   3.85609e-039   [0.000033,-0.000014,]
[2,6,]   122   4.53671e-005   -1.30051e-039   3.15808e-039   [0.000054,-0.000016,]
[3,6,]   123   0.000102223   -1.79501e-039   2.63344e-039   [0.000056,-0.000003,]
[4,6,]   124   0.000330182   -4.65283e-040   2.4014e-039   [0.000034,0.000011,]
[5,6,]   125   0.00094671   4.2587e-040   2.59718e-039   [0.000015,0.000016,]
[6,6,]   126   0.00206079   9.69819e-040   3.2021e-039   [0.000003,0.000016,]
[7,6,]   127   0.00342674   1.25854e-039   3.87729e-039   [-0.000005,0.000015,]
[8,6,]   128   0.00453477   1.36367e-039   4.09832e-039   [-0.000011,0.000011,]
[9,6,]   129   0.00504207   1.42433e-039   3.6025e-039   [-0.000016,0.000005,]
[10,6,]   130   0.00492193   1.37906e-039   2.65347e-039   [-0.000017,-0.000001,]
[11,6,]   131   0.00428055   1.30218e-039   1.77569e-039   [-0.000014,-0.000007,]
[12,6,]   132   0.00320177   1.1974e-039   1.30739e-039   [-0.000008,-0.000011,]
[13,6,]   133   0.00197091   9.26347e-040   1.26672e-039   [0.000002,-0.000011,]
[14,6,]   134   0.000978248   4.3716e-040   1.51835e-039   [0.000014,-0.000009,]
[15,6,]   135   0.000408775   -2.30012e-040   1.94317e-039   [0.000029,-0.000003,]
[16,6,]   136   0.000171821   -6.38837e-040   2.48335e-039   [0.000044,0.000005,]
[17,6,]   137   8.60815e-005   -3.55398e-040   3.11997e-039   [0.000041,0.000012,]
[18,6,]   138   4.52418e-005   -2.96886e-040   3.84857e-039   [0.000026,0.000012,]
[19,6,]   139   2.28125e-005   -5.76586e-040   4.66836e-039   [0.000015,0.000005,]
[0,7,]   140   2.00151e-005   1.15789e-039   4.39579e-039   [0.000019,-0.000014,]
[1,7,]   141   4.08621e-005   9.30895e-040   3.57985e-039   [0.000030,-0.000015,]
[2,7,]   142   5.63754e-005   -1.9567e-040   2.86976e-039   [0.000056,-0.000025,]
[3,7,]   143   8.45596e-005   -2.80542e-039   2.30066e-039   [0.000077,-0.000009,]
[4,7,]   144   0.000276892   -9.76337e-040   1.94488e-039   [0.000047,0.000016,]
[5,7,]   145   0.000903456   5.90972e-040   1.88442e-039   [0.000017,0.000025,]
[6,7,]   146   0.00203934   1.20537e-039   2.10795e-039   [0.000002,0.000025,]
[7,7,]   147   0.00331912   1.48728e-039   2.40996e-039   [-0.000008,0.000023,]
[8,7,]   148   0.00415136   1.58396e-039   2.47233e-039   [-0.000017,0.000017,]
[9,7,]   149   0.00429515   1.37822e-039   2.13577e-039   [-0.000025,0.000008,]
[10,7,]   150   0.00415218   1.25914e-039   1.56015e-039   [-0.000026,-0.000003,]
[11,7,]   151   0.00383036   1.50595e-039   1.06359e-039   [-0.000020,-0.000014,]
[12,7,]   152   0.00301103   1.37216e-039   8.51232e-040   [-0.000010,-0.000019,]
[13,7,]   153   0.00189598   1.09511e-039   9.34085e-040   [0.000002,-0.000020,]
[14,7,]   154   0.000920346   5.32082e-040   1.23007e-039   [0.000018,-0.000016,]
[15,7,]   155   0.000362775   -5.65392e-040   1.66695e-039   [0.000040,-0.000006,]
[16,7,]   156   0.000162394   -7.65224e-040   2.20963e-039   [0.000057,0.000010,]
[17,7,]   157   0.000103506   3.21793e-040   2.84665e-039   [0.000041,0.000017,]
[18,7,]   158   6.37219e-005   3.93917e-040   3.57529e-039   [0.000020,0.000014,]
[19,7,]   159   3.37095e-005   3.67e-040   4.39509e-039   [0.000007,0.000005,]
[0,8,]   160   3.00974e-005   1.93156e-039   4.21324e-039   [0.000015,-0.000014,]
[1,8,]   161   5.58321e-005   1.48192e-039   3.39526e-039   [0.000021,-0.000017,]
[2,8,]   162   6.32126e-005   1.42744e-039   2.67534e-039   [0.000050,-0.000035,]
[3,8,]   163   4.55641e-005   -6.30475e-039   2.07008e-039   [0.000110,-0.000030,]
[4,8,]   164   0.000139191   -3.89816e-039   1.61365e-039   [0.000074,0.000043,]
[5,8,]   165   0.000612672   9.0468e-041   1.34478e-039   [0.000020,0.000042,]
[6,8,]   166   0.00149404   1.03408e-039   1.25812e-039   [0.000000,0.000040,]
[7,8,]   167   0.00233102   1.37997e-039   1.25659e-039   [-0.000011,0.000038,]
[8,8,]   168   0.00255165   1.1855e-039   1.18993e-039   [-0.000026,0.000034,]
[9,8,]   169   0.00225389   4.11427e-040   9.82887e-040   [-0.000042,0.000029,]
[10,8,]   170   0.00219707   6.64648e-040   7.10984e-040   [-0.000044,-0.000000,]
[11,8,]   171   0.00226133   9.1188e-040   5.24489e-040   [-0.000030,-0.000035,]
[12,8,]   172   0.0020375   1.04553e-039   5.20302e-040   [-0.000013,-0.000041,]
[13,8,]   173   0.00135087   7.5948e-040   7.03625e-040   [0.000004,-0.000041,]
[14,8,]   174   0.000616912   -6.80818e-041   1.03569e-039   [0.000025,-0.000037,]
[15,8,]   175   0.000214686   -1.56924e-039   1.48236e-039   [0.000062,-0.000010,]
[16,8,]   176   0.000104914   -2.32007e-039   2.02708e-039   [0.000080,0.000027,]
[17,8,]   177   0.000103119   1.3296e-039   2.66442e-039   [0.000035,0.000026,]
[18,8,]   178   7.58512e-005   1.04696e-039   3.39311e-039   [0.000012,0.000016,]
[19,8,]   179   4.18876e-005   1.2119e-039   4.21291e-039   [-0.000000,0.000006,]
[0,9,]   180   3.93092e-005   2.38982e-039   4.12194e-039   [0.000010,-0.000011,]
[1,9,]   181   6.7982e-005   1.69795e-039   3.30281e-039   [0.000010,-0.000018,]
[2,9,]   182   6.74468e-005   1.72957e-039   2.57732e-039   [0.000027,-0.000038,]
[3,9,]   183   2.52883e-005   -1.06226e-038   1.9516e-039   [0.000129,-0.000105,]
[4,9,]   184   4.33511e-005   -1.56426e-038   1.43821e-039   [0.000135,0.000126,]
[5,9,]   185   0.00032883   -2.21547e-039   1.0514e-039   [-0.000004,0.000087,]
[6,9,]   186   0.000892265   -3.45716e-040   7.89201e-040   [-0.000003,0.000074,]
[7,9,]   187   0.00125516   -3.73652e-040   6.15899e-040   [-0.000008,0.000079,]
[8,9,]   188   0.00102769   -2.03942e-039   4.76216e-040   [-0.000012,0.000100,]
[9,9,]   189   0.000565311   -7.76837e-039   3.42469e-040   [-0.000084,0.000118,]
[10,9,]   190   0.000525407   -8.49305e-039   2.42441e-040   [-0.000116,-0.000091,]
[11,9,]   191   0.000853096   -4.02513e-039   2.31413e-040   [-0.000047,-0.000102,]
[12,9,]   192   0.00113179   -7.30741e-040   3.45033e-040   [-0.000009,-0.000082,]
[13,9,]   193   0.000836606   -4.95726e-040   5.85213e-040   [0.000005,-0.000076,]
[14,9,]   194   0.00031985   -2.90871e-039   9.37692e-040   [0.000031,-0.000085,]
[15,9,]   195   6.80389e-005   -9.90728e-039   1.38991e-039   [0.000119,-0.000098,]
[16,9,]   196   5.34946e-005   -2.91877e-039   1.93578e-039   [0.000069,0.000104,]
[17,9,]   197   8.61396e-005   1.803e-039   2.57331e-039   [0.000013,0.000035,]
[18,9,]   198   7.62782e-005   1.43728e-039   3.30201e-039   [0.000001,0.000018,]
[19,9,]   199   4.41534e-005   1.88002e-039   4.12182e-039   [-0.000008,0.000008,]
[0,10,]   200   4.36447e-005   1.88458e-039   4.12186e-039   [0.000005,-0.000008,]
[1,10,]   201   7.62551e-005   1.44445e-039   3.30224e-039   [-0.000001,-0.000018,]
[2,10,]   202   8.64664e-005   1.81714e-039   2.57445e-039   [-0.000013,-0.000034,]
[3,10,]   203   5.35814e-005   -2.95404e-039   1.94023e-039   [-0.000069,-0.000103,]
[4,10,]   204   6.80655e-005   -9.96437e-039   1.40319e-039   [-0.000120,0.000100,]
[5,10,]   205   0.000320753   -2.91459e-039   9.67402e-040   [-0.000031,0.000086,]
[6,10,]   206   0.000838705   -5.00744e-040   6.32312e-040   [-0.000005,0.000077,]
[7,10,]   207   0.00113387   -7.36344e-040   3.87683e-040   [0.000010,0.000083,]
[8,10,]   208   0.000854005   -4.02921e-039   2.17679e-040   [0.000047,0.000103,]
[9,10,]   209   0.000524933   -8.50224e-039   1.14367e-040   [0.000116,0.000091,]
[10,10,]   210   0.000562862   -7.79621e-039   8.57087e-041   [0.000085,-0.000117,]
[11,10,]   211   0.00102242   -2.05146e-039   1.47541e-040   [0.000013,-0.000099,]
[12,10,]   212   0.00124789   -3.8433e-040   3.10078e-040   [0.000009,-0.000077,]
[13,10,]   213   0.00088596   -3.63811e-040   5.73868e-040   [0.000003,-0.000072,]
[14,10,]   214   0.000325793   -2.24909e-039   9.34824e-040   [0.000005,-0.000084,]
[15,10,]   215   4.2674e-005   -1.57659e-038   1.38935e-039   [-0.000136,-0.000123,]
[16,10,]   216   2.48111e-005   -1.07482e-038   1.9357e-039   [-0.000130,0.000107,]
[17,10,]   217   6.69203e-005   1.71329e-039   2.5733e-039   [-0.000027,0.000040,]
[18,10,]   218   6.79497e-005   1.68833e-039   3.30201e-039   [-0.000010,0.000020,]
[19,10,]   219   3.98463e-005   2.38809e-039   4.12182e-039   [-0.000015,0.000013,]
[0,11,]   220   4.17704e-005   1.21813e-039   4.21292e-039   [-0.000001,-0.000006,]
[1,11,]   221   7.59138e-005   1.05135e-039   3.39315e-039   [-0.000012,-0.000016,]
[2,11,]   222   0.000103259   1.33008e-039   2.66464e-039   [-0.000035,-0.000026,]
[3,11,]   223   0.000104954   -2.32513e-039   2.02777e-039   [-0.000080,-0.000027,]
[4,11,]   224   0.000214787   -1.56953e-039   1.48335e-039   [-0.000062,0.000011,]
[5,11,]   225   0.000617329   -7.02176e-041   1.03229e-039   [-0.000025,0.000037,]
[6,11,]   226   0.0013516   7.57888e-040   6.7446e-040   [-0.000004,0.000041,]
[7,11,]   227   0.0020378   1.04454e-039   4.0758e-040   [0.000013,0.000041,]
[8,11,]   228   0.0022603   9.12468e-040   2.28117e-040   [0.000031,0.000036,]
[9,11,]   229   0.00219363   6.66989e-040   1.343e-040   [0.000045,0.000001,]
[10,11,]   230   0.00224618   4.09557e-040   1.27905e-040   [0.000043,-0.000028,]
[11,11,]   231   0.00253914   1.17638e-039   2.12467e-040   [0.000027,-0.000032,]
[12,11,]   232   0.00231783   1.36425e-039   3.90264e-040   [0.000012,-0.000035,]
[13,11,]   233   0.00148496   1.01011e-039   6.61419e-040   [0.000001,-0.000036,]
[14,11,]   234   0.000608506   5.65109e-041   1.02502e-039   [-0.000019,-0.000038,]
[15,11,]   235   0.000137462   -3.99184e-039   1.48026e-039   [-0.000075,-0.000039,]
[16,11,]   236   4.44712e-005   -6.54406e-039   2.02676e-039   [-0.000111,0.000035,]
[17,11,]   237   6.27313e-005   1.42202e-039   2.66438e-039   [-0.000050,0.000039,]
[18,11,]   238   5.57396e-005   1.46327e-039   3.3931e-039   [-0.000021,0.000021,]
[19,11,]   239   3.02905e-005   1.92406e-039   4.21291e-039   [-0.000018,0.000017,]
[0,12,]   240   3.39984e-005   3.68761e-040   4.39509e-039   [-0.000005,-0.000005,]
[1,12,]   241   6.38973e-005   3.90474e-040   3.57529e-039   [-0.000020,-0.000014,]
[2,12,]   242   0.000103549   3.15566e-040   2.84661e-039   [-0.000041,-0.000017,]
[3,12,]   243   0.000162418   -7.67272e-040   2.20911e-039   [-0.000057,-0.000010,]
[4,12,]   244   0.000362906   -5.63632e-040   1.66294e-039   [-0.000040,0.000006,]
[5,12,]   245   0.000920567   5.32635e-040   1.20825e-039   [-0.000018,0.000017,]
[6,12,]   246   0.00189601   1.09573e-039   8.45025e-040   [-0.000002,0.000020,]
[7,12,]   247   0.00300995   1.37325e-039   5.72866e-040   [0.000010,0.000019,]
[8,12,]   248   0.00382684   1.50789e-039   3.91158e-040   [0.000021,0.000014,]
[9,12,]   249   0.00414464   1.26008e-039   2.99594e-040   [0.000028,0.000004,]
[10,12,]   250   0.00428298   1.37427e-039   2.98483e-040   [0.000027,-0.000006,]
[11,12,]   251   0.00413898   1.57535e-039   3.88438e-040   [0.000020,-0.000014,]
[12,12,]   252   0.00331365   1.47627e-039   5.69857e-040   [0.000010,-0.000018,]
[13,12,]   253   0.0020418   1.19479e-039   8.42759e-040   [-0.000000,-0.000019,]
[14,12,]   254   0.000908059   5.84326e-040   1.20699e-039   [-0.000016,-0.000019,]
[15,12,]   255   0.000278765   -9.94473e-040   1.6624e-039   [-0.000047,-0.000010,]
[16,12,]   256   8.46164e-005   -2.89452e-039   2.20893e-039   [-0.000078,0.000016,]
[17,12,]   257   5.65644e-005   -2.14913e-040   2.84656e-039   [-0.000058,0.000031,]
[18,12,]   258   4.10444e-005   9.43556e-040   3.57528e-039   [-0.000031,0.000020,]
[19,12,]   259   1.99616e-005   1.18094e-039   4.39509e-039   [-0.000020,0.000018,]
[0,13,]   260   2.32979e-005   -5.6869e-040   4.66836e-039   [-0.000009,-0.000005,]
[1,13,]   261   4.54729e-005   -3.06282e-040   3.84855e-039   [-0.000026,-0.000012,]
[2,13,]   262   8.60808e-005   -3.68014e-040   3.11984e-039   [-0.000041,-0.000012,]
[3,13,]   263   0.000171835   -6.38499e-040   2.48223e-039   [-0.000044,-0.000005,]
[4,13,]   264   0.000408797   -2.30227e-040   1.93574e-039   [-0.000029,0.000003,]
[5,13,]   265   0.000978205   4.37604e-040   1.48039e-039   [-0.000014,0.000009,]
[6,13,]   266   0.0019703   9.27083e-040   1.11618e-039   [-0.000001,0.000011,]
[7,13,]   267   0.00319927   1.19813e-039   8.43063e-040   [0.000008,0.000011,]
[8,13,]   268   0.00427436   1.30206e-039   6.60947e-040   [0.000016,0.000008,]
[9,13,]   269   0.00491159   1.37673e-039   5.69793e-040   [0.000020,0.000003,]
[10,13,]   270   0.00503178   1.41967e-039   5.69643e-040   [0.000020,-0.000003,]
[11,13,]   271   0.00453418   1.36033e-039   6.60579e-040   [0.000015,-0.000007,]
[12,13,]   272   0.00344207   1.26351e-039   8.42656e-040   [0.000008,-0.000010,]
[13,13,]   273   0.00208545   9.91464e-040   1.11588e-039   [-0.000001,-0.000011,]
[14,13,]   274   0.000967257   4.71427e-040   1.48022e-039   [-0.000013,-0.000010,]
[15,13,]   275   0.000340338   -4.00463e-040   1.93566e-039   [-0.000034,-0.000005,]
[16,13,]   276   0.000105499   -1.7506e-039   2.4822e-039   [-0.000057,0.000009,]
[17,13,]   277   4.65523e-005   -1.27541e-039   3.11983e-039   [-0.000056,0.000021,]
[18,13,]   278   2.68461e-005   2.12497e-040   3.84855e-039   [-0.000036,0.000019,]
[19,13,]   279   1.15055e-005   1.04013e-040   4.66836e-039   [-0.000020,0.000019,]
[0,14,]   280   1.33549e-005   -1.53359e-039   5.03272e-039   [-0.000013,-0.000005,]
[1,14,]   281   2.71802e-005   -1.0279e-039   4.21291e-039   [-0.000030,-0.000010,]
[2,14,]   282   5.84222e-005   -9.37887e-040   3.48419e-039   [-0.000037,-0.000009,]
[3,14,]   283   0.000133741   -8.91994e-040   2.84657e-039   [-0.000035,-0.000003,]
[4,14,]   284   0.000331335   -4.13427e-040   2.30003e-039   [-0.000023,0.000002,]
[5,14,]   285   0.00077925   1.79803e-040   1.84459e-039   [-0.000011,0.000006,]
[6,14,]   286   0.00155462   6.1599e-040   1.48025e-039   [-0.000001,0.000007,]
[7,14,]   287   0.00255183   8.79574e-040   1.20699e-039   [0.000007,0.000007,]
[8,14,]   288   0.00348825   1.01386e-039   1.02482e-039   [0.000012,0.000005,]
[9,14,]   289   0.00407437   1.06409e-039   9.33723e-040   [0.000015,0.000002,]
[10,14,]   290   0.00414448   1.07529e-039   9.33707e-040   [0.000015,-0.000002,]
[11,14,]   291   0.00364804   1.05033e-039   1.02478e-039   [0.000012,-0.000005,]
[12,14,]   292   0.0027003   9.26308e-040   1.20695e-039   [0.000007,-0.000007,]
[13,14,]   293   0.00162349   6.60928e-040   1.48022e-039   [-0.000001,-0.000007,]
[14,14,]   294   0.000770171   1.96311e-040   1.84457e-039   [-0.000011,-0.000006,]
[15,14,]   295   0.000286798   -5.52558e-040   2.30002e-039   [-0.000026,-0.000003,]
[16,14,]   296   9.14137e-005   -1.53585e-039   2.84656e-039   [-0.000045,0.000006,]
[17,14,]   297   3.29923e-005   -1.84602e-039   3.48419e-039   [-0.000051,0.000015,]
[18,14,]   298   1.53931e-005   -6.24538e-040   4.21291e-039   [-0.000036,0.000016,]
[19,14,]   299   5.78909e-006   -1.20036e-039   5.03272e-039   [-0.000019,0.000018,]
[0,15,]   300   6.39753e-006   -2.5025e-039   5.48817e-039   [-0.000015,-0.000005,]
[1,15,]   301   1.36206e-005   -1.75594e-039   4.66836e-039   [-0.000032,-0.000008,]
[2,15,]   302   3.2401e-005   -1.49559e-039   3.93964e-039   [-0.000034,-0.000007,]
[3,15,]   303   8.08905e-005   -1.26749e-039   3.30201e-039   [-0.000030,-0.000003,]
[4,15,]   304   0.000205779   -7.63102e-040   2.75547e-039   [-0.000019,0.000001,]
[5,15,]   305   0.000480939   -2.23398e-040   2.30002e-039   [-0.000009,0.000004,]
[6,15,]   306   0.000955842   1.89082e-040   1.93567e-039   [-0.000001,0.000005,]
[7,15,]   307   0.00157854   4.52731e-040   1.6624e-039   [0.000006,0.000004,]
[8,15,]   308   0.00218183   5.94322e-040   1.48022e-039   [0.000010,0.000003,]
[9,15,]   309   0.00256781   6.59885e-040   1.38913e-039   [0.000013,0.000001,]
[10,15,]   310   0.00260145   6.69295e-040   1.38913e-039   [0.000012,-0.000001,]
[11,15,]   311   0.00225853   6.18169e-040   1.48021e-039   [0.000010,-0.000003,]
[12,15,]   312   0.00164922   4.84049e-040   1.66239e-039   [0.000006,-0.000005,]
[13,15,]   313   0.00098749   2.19143e-040   1.93566e-039   [-0.000001,-0.000005,]
[14,15,]   314   0.000474663   -2.17403e-040   2.30002e-039   [-0.000009,-0.000004,]
[15,15,]   315   0.000182583   -8.65235e-040   2.75547e-039   [-0.000021,-0.000002,]
[16,15,]   316   5.92862e-005   -1.71006e-039   3.30201e-039   [-0.000037,0.000004,]
[17,15,]   317   1.94075e-005   -2.27498e-039   3.93964e-039   [-0.000046,0.000010,]
[18,15,]   318   7.63864e-006   -1.46641e-039   4.66836e-039   [-0.000035,0.000014,]
[19,15,]   319   2.52865e-006   -2.57608e-039   5.48817e-039   [-0.000018,0.000016,]
[0,16,]   320   2.56304e-006   -3.47234e-039   6.03471e-039   [-0.000017,-0.000005,]
[1,16,]   321   5.70819e-006   -2.50725e-039   5.2149e-039   [-0.000033,-0.000007,]
[2,16,]   322   1.47114e-005   -2.10044e-039   4.48618e-039   [-0.000031,-0.000005,]
[3,16,]   323   3.89565e-005   -1.75957e-039   3.84855e-039   [-0.000025,-0.000002,]
[4,16,]   324   0.000100934   -1.24581e-039   3.30201e-039   [-0.000017,0.000001,]
[5,16,]   325   0.000235537   -7.30561e-040   2.84656e-039   [-0.000008,0.000003,]
[6,16,]   326   0.00046739   -3.33975e-040   2.4822e-039   [-0.000001,0.000004,]
[7,16,]   327   0.000774738   -7.04419e-041   2.20893e-039   [0.000005,0.000003,]
[8,16,]   328   0.00107755   8.08487e-041   2.02675e-039   [0.000009,0.000002,]
[9,16,]   329   0.00127238   1.48526e-040   1.93566e-039   [0.000011,0.000001,]
[10,16,]   330   0.0012852   1.53926e-040   1.93566e-039   [0.000011,-0.000001,]
[11,16,]   331   0.00110683   9.64995e-041   2.02675e-039   [0.000008,-0.000002,]
[12,16,]   332   0.000801402   -4.9133e-041   2.20893e-039   [0.000005,-0.000003,]
[13,16,]   333   0.000478699   -3.13663e-040   2.4822e-039   [-0.000001,-0.000004,]
[14,16,]   334   0.000232088   -7.29521e-040   2.84656e-039   [-0.000008,-0.000003,]
[15,16,]   335   9.1071e-005   -1.32765e-039   3.30201e-039   [-0.000018,-0.000001,]
[16,16,]   336   3.00025e-005   -2.07984e-039   3.84855e-039   [-0.000031,0.000003,]
[17,16,]   337   9.33989e-006   -2.74114e-039   4.48618e-039   [-0.000041,0.000008,]
[18,16,]   338   3.24096e-006   -2.2847e-039   5.2149e-039   [-0.000032,0.000011,]
[19,16,]   339   9.55466e-007   -3.90437e-039   6.03471e-039   [-0.000016,0.000014,]
[0,17,]   340   8.56009e-007   -4.50334e-039   6.67234e-039   [-0.000018,-0.000004,]
[1,17,]   341   1.99106e-006   -3.33564e-039   5.85253e-039   [-0.000033,-0.000006,]
[2,17,]   342   5.47174e-006   -2.80464e-039   5.12381e-039   [-0.000028,-0.000004,]
[3,17,]   343   1.51267e-005   -2.38017e-039   4.48618e-039   [-0.000022,-0.000001,]
[4,17,]   344   3.97317e-005   -1.86012e-039   3.93964e-039   [-0.000014,0.000001,]
[5,17,]   345   9.27296e-005   -1.36198e-039   3.48419e-039   [-0.000007,0.000002,]
[6,17,]   346   0.00018392   -9.74977e-040   3.11983e-039   [-0.000001,0.000003,]
[7,17,]   347   0.000305604   -7.10991e-040   2.84656e-039   [0.000004,0.000003,]
[8,17,]   348   0.000426631   -5.5428e-040   2.66438e-039   [0.000008,0.000002,]
[9,17,]   349   0.000504648   -4.82014e-040   2.57329e-039   [0.000009,0.000001,]
[10,17,]   350   0.000508533   -4.78931e-040   2.57329e-039   [0.000009,-0.000001,]
[11,17,]   351   0.000435443   -5.45965e-040   2.66438e-039   [0.000007,-0.000002,]
[12,17,]   352   0.000313477   -6.99285e-040   2.84656e-039   [0.000004,-0.000002,]
[13,17,]   353   0.000186958   -9.64003e-040   3.11983e-039   [-0.000000,-0.000003,]
[14,17,]   354   9.11937e-005   -1.36557e-039   3.48419e-039   [-0.000007,-0.000002,]
[15,17,]   355   3.62887e-005   -1.9251e-039   3.93964e-039   [-0.000016,-0.000001,]
[16,17,]   356   1.20915e-005   -2.62147e-039   4.48618e-039   [-0.000027,0.000002,]
[17,17,]   357   3.6629e-006   -3.32105e-039   5.12381e-039   [-0.000036,0.000006,]
[18,17,]   358   1.16104e-006   -3.13411e-039   5.85253e-039   [-0.000029,0.000010,]
[19,17,]   359   3.1023e-007   -5.19197e-039   6.67234e-039   [-0.000014,0.000012,]
[0,18,]   360   2.39912e-007   -5.62486e-039   7.40106e-039   [-0.000018,0.000004,]
[1,18,]   361   5.80294e-007   -4.23401e-039   6.58125e-039   [-0.000033,0.000001,]
[2,18,]   362   1.67874e-006   -3.60263e-039   5.85253e-039   [-0.000026,0.000001,]
[3,18,]   363   4.79545e-006   -3.13453e-039   5.2149e-039   [-0.000020,0.000003,]
[4,18,]   364   1.27354e-005   -2.63043e-039   4.66836e-039   [-0.000013,0.000004,]
[5,18,]   365   2.97571e-005   -2.15777e-039   4.21291e-039   [-0.000006,0.000006,]
[6,18,]   366   5.90259e-005   -1.78264e-039   3.84855e-039   [-0.000000,0.000006,]
[7,18,]   367   9.82392e-005   -1.515e-039   3.57528e-039   [0.000004,0.000006,]
[8,18,]   368   0.000137449   -1.34484e-039   3.3931e-039   [0.000007,0.000005,]
[9,18,]   369   0.000162699   -1.25761e-039   3.30201e-039   [0.000008,0.000004,]
[10,18,]   370   0.000163608   -1.24412e-039   3.30201e-039   [0.000008,0.000003,]
[11,18,]   371   0.000139491   -1.30674e-039   3.3931e-039   [0.000007,0.000002,]
[12,18,]   372   9.99999e-005   -1.45927e-039   3.57528e-039   [0.000004,0.000002,]
[13,18,]   373   5.95766e-005   -1.72153e-039   3.84855e-039   [-0.000000,0.000002,]
[14,18,]   374   2.91918e-005   -2.11489e-039   4.21291e-039   [-0.000006,0.000002,]
[15,18,]   375   1.17379e-005   -2.65886e-039   4.66836e-039   [-0.000014,0.000003,]
[16,18,]   376   3.94918e-006   -3.3425e-039   5.2149e-039   [-0.000023,0.000005,]
[17,18,]   377   1.17918e-006   -4.1102e-039   5.85253e-039   [-0.000032,0.000009,]
[18,18,]   378   3.50738e-007   -4.19477e-039   6.58125e-039   [-0.000026,0.000013,]
[19,18,]   379   8.67032e-008   -6.67906e-039   7.40106e-039   [-0.000012,0.000017,]
[0,19,]   380   5.94686e-008   -8.30835e-039   8.22087e-039   [-0.000018,0.000012,]
[1,19,]   381   1.43629e-007   -6.58689e-039   7.40106e-039   [-0.000036,0.000008,]
[2,19,]   382   4.31121e-007   -5.58316e-039   6.67234e-039   [-0.000026,0.000007,]
[3,19,]   383   1.27773e-006   -4.86129e-039   6.03471e-039   [-0.000019,0.000007,]
[4,19,]   384   3.47618e-006   -4.25331e-039   5.48817e-039   [-0.000012,0.000008,]
[5,19,]   385   8.22163e-006   -3.75415e-039   5.03272e-039   [-0.000005,0.000009,]
[6,19,]   386   1.63771e-005   -3.37055e-039   4.66836e-039   [-0.000000,0.000009,]
[7,19,]   387   2.72296e-005   -3.0924e-039   4.39509e-039   [0.000003,0.000009,]
[8,19,]   388   3.79052e-005   -2.91378e-039   4.21291e-039   [0.000006,0.000008,]
[9,19,]   389   4.44934e-005   -2.83144e-039   4.12182e-039   [0.000007,0.000007,]
[10,19,]   390   4.4279e-005   -2.84148e-039   4.12182e-039   [0.000007,0.000007,]
[11,19,]   391   3.73671e-005   -2.93925e-039   4.21291e-039   [0.000006,0.000006,]
[12,19,]   392   2.65872e-005   -3.12157e-039   4.39509e-039   [0.000003,0.000006,]
[13,19,]   393   1.58018e-005   -3.38856e-039   4.66836e-039   [-0.000000,0.000006,]
[14,19,]   394   7.78218e-006   -3.74503e-039   5.03272e-039   [-0.000006,0.000006,]
[15,19,]   395   3.17726e-006   -4.20187e-039   5.48817e-039   [-0.000013,0.000006,]
[16,19,]   396   1.09838e-006   -4.76811e-039   6.03471e-039   [-0.000020,0.000008,]
[17,19,]   397   3.38131e-007   -5.52838e-039   6.67234e-039   [-0.000027,0.000011,]
[18,19,]   398   1.01166e-007   -6.03951e-039   7.40106e-039   [-0.000021,0.000017,]
[19,19,]   399   2.50413e-008   -8.86834e-039   8.22087e-039   [-0.000008,0.000022,]
