coordinates  index   rho      Q      V    velocities 
[0,0,]   0   3.29999e-008   -8.36557e-039   8.22089e-039   [0.000034,0.000000,]
[1,0,]   1   1.20616e-007   -5.80763e-039   7.40121e-039   [0.000021,0.000000,]
[2,0,]   2   3.90532e-007   -5.32518e-039   6.67329e-039   [0.000027,0.000002,]
[3,0,]   3   1.26266e-006   -4.54418e-039   6.03939e-039   [0.000020,0.000004,]
[4,0,]   4   3.6439e-006   -3.99657e-039   5.50621e-039   [0.000013,0.000006,]
[5,0,]   5   8.87477e-006   -3.57451e-039   5.0869e-039   [0.000006,0.000007,]
[6,0,]   6   1.78498e-005   -3.26357e-039   4.7951e-039   [0.000001,0.000007,]
[7,0,]   7   2.96903e-005   -3.04415e-039   4.62596e-039   [-0.000003,0.000007,]
[8,0,]   8   4.12672e-005   -2.90308e-039   4.54045e-039   [-0.000006,0.000007,]
[9,0,]   9   4.84736e-005   -2.83289e-039   4.48371e-039   [-0.000007,0.000007,]
[10,0,]   10   4.84445e-005   -2.83384e-039   4.43323e-039   [-0.000007,0.000007,]
[11,0,]   11   4.11742e-005   -2.91442e-039   4.4216e-039   [-0.000006,0.000007,]
[12,0,]   12   2.95658e-005   -3.08648e-039   4.50401e-039   [-0.000003,0.000007,]
[13,0,]   13   1.77881e-005   -3.36054e-039   4.71263e-039   [0.000001,0.000007,]
[14,0,]   14   8.93557e-006   -3.74609e-039   5.04674e-039   [0.000005,0.000007,]
[15,0,]   15   3.78566e-006   -4.25023e-039   5.49163e-039   [0.000012,0.000008,]
[16,0,]   16   1.40072e-006   -4.85148e-039   6.03538e-039   [0.000019,0.000010,]
[17,0,]   17   4.79855e-007   -5.50377e-039   6.67244e-039   [0.000026,0.000012,]
[18,0,]   18   1.61096e-007   -6.45054e-039   7.40107e-039   [0.000035,0.000014,]
[19,0,]   19   6.48692e-008   -8.16748e-039   8.22087e-039   [0.000038,0.000015,]
[0,1,]   20   9.81738e-008   -6.65381e-039   7.40111e-039   [0.000033,-0.000021,]
[1,1,]   21   3.70278e-007   -4.24339e-039   6.58166e-039   [0.000026,-0.000018,]
[2,1,]   22   1.22824e-006   -4.12598e-039   5.8551e-039   [0.000032,-0.000014,]
[3,1,]   23   4.13345e-006   -3.30115e-039   5.22762e-039   [0.000023,-0.000010,]
[4,1,]   24   1.23018e-005   -2.62064e-039   4.7174e-039   [0.000014,-0.000008,]
[5,1,]   25   3.04994e-005   -2.09686e-039   4.36019e-039   [0.000006,-0.000007,]
[6,1,]   26   6.18768e-005   -1.72783e-039   4.19305e-039   [0.000001,-0.000006,]
[7,1,]   27   0.000103136   -1.48772e-039   4.20285e-039   [-0.000003,-0.000006,]
[8,1,]   28   0.000142895   -1.35275e-039   4.28344e-039   [-0.000006,-0.000006,]
[9,1,]   29   0.000166651   -1.3019e-039   4.28574e-039   [-0.000007,-0.000006,]
[10,1,]   30   0.000165032   -1.32139e-039   4.1485e-039   [-0.000007,-0.000006,]
[11,1,]   31   0.000139048   -1.4104e-039   3.96038e-039   [-0.000006,-0.000006,]
[12,1,]   32   9.92486e-005   -1.58007e-039   3.87135e-039   [-0.000003,-0.000006,]
[13,1,]   33   5.96242e-005   -1.84611e-039   3.9689e-039   [0.000001,-0.000006,]
[14,1,]   34   3.00947e-005   -2.21863e-039   4.25101e-039   [0.000006,-0.000006,]
[15,1,]   35   1.29188e-005   -2.68681e-039   4.67775e-039   [0.000013,-0.000005,]
[16,1,]   36   4.89045e-006   -3.1846e-039   5.21671e-039   [0.000020,-0.000003,]
[17,1,]   37   1.72408e-006   -3.62804e-039   5.8528e-039   [0.000025,-0.000002,]
[18,1,]   38   5.92827e-007   -4.28005e-039   6.58128e-039   [0.000032,-0.000002,]
[19,1,]   39   2.37432e-007   -5.71883e-039   7.40107e-039   [0.000034,-0.000004,]
[0,2,]   40   3.38707e-007   -4.97857e-039   6.67245e-039   [0.000032,-0.000017,]
[1,2,]   41   1.18413e-006   -3.0278e-039   5.85339e-039   [0.000028,-0.000015,]
[2,2,]   42   3.66984e-006   -3.24938e-039   5.12925e-039   [0.000036,-0.000012,]
[3,2,]   43   1.21983e-005   -2.50403e-039   4.5131e-039   [0.000026,-0.000009,]
[4,2,]   44   3.68552e-005   -1.80458e-039   4.04346e-039   [0.000016,-0.000006,]
[5,2,]   45   9.28358e-005   -1.26519e-039   3.79599e-039   [0.000007,-0.000004,]
[6,2,]   46   0.000190118   -8.94105e-040   3.84914e-039   [0.000001,-0.000004,]
[7,2,]   47   0.000317865   -6.60442e-040   4.17512e-039   [-0.000003,-0.000003,]
[8,2,]   48   0.000439991   -5.33505e-040   4.54922e-039   [-0.000005,-0.000003,]
[9,2,]   49   0.000512037   -4.85379e-040   4.65584e-039   [-0.000007,-0.000003,]
[10,2,]   50   0.000506506   -5.0006e-040   4.36531e-039   [-0.000007,-0.000003,]
[11,2,]   51   0.000427112   -5.78006e-040   3.86531e-039   [-0.000006,-0.000003,]
[12,2,]   52   0.000305461   -7.36312e-040   3.47334e-039   [-0.000004,-0.000003,]
[13,2,]   53   0.000183774   -9.99608e-040   3.3746e-039   [0.000001,-0.000003,]
[14,2,]   54   9.27819e-005   -1.38414e-039   3.56484e-039   [0.000007,-0.000003,]
[15,2,]   55   3.98959e-005   -1.87709e-039   3.95953e-039   [0.000014,-0.000001,]
[16,2,]   56   1.52781e-005   -2.38918e-039   4.49e-039   [0.000022,0.000001,]
[17,2,]   57   5.56273e-006   -2.78805e-039   5.12438e-039   [0.000028,0.000004,]
[18,2,]   58   2.01083e-006   -3.3424e-039   5.8526e-039   [0.000033,0.000006,]
[19,2,]   59   8.39025e-007   -4.559e-039   6.67235e-039   [0.000032,0.000004,]
[0,3,]   60   1.00809e-006   -3.65396e-039   6.03489e-039   [0.000029,-0.000017,]
[1,3,]   61   3.191e-006   -2.18824e-039   5.21631e-039   [0.000030,-0.000016,]
[2,3,]   62   8.96115e-006   -2.75422e-039   4.49515e-039   [0.000040,-0.000013,]
[3,3,]   63   2.89839e-005   -2.06783e-039   3.89294e-039   [0.000030,-0.000008,]
[4,3,]   64   8.91725e-005   -1.29358e-039   3.47317e-039   [0.000018,-0.000005,]
[5,3,]   65   0.000229702   -6.89196e-040   3.36063e-039   [0.000008,-0.000003,]
[6,3,]   66   0.000477119   -2.79376e-040   3.68463e-039   [0.000002,-0.000002,]
[7,3,]   67   0.000802269   -2.37936e-041   4.39935e-039   [-0.000002,-0.000002,]
[8,3,]   68   0.00111065   1.13894e-040   5.13432e-039   [-0.000005,-0.000002,]
[9,3,]   69   0.00129034   1.64249e-040   5.3692e-039   [-0.000007,-0.000002,]
[10,3,]   70   0.00127629   1.53292e-040   4.8902e-039   [-0.000008,-0.000003,]
[11,3,]   71   0.00107904   8.1087e-041   4.00674e-039   [-0.000007,-0.000003,]
[12,3,]   72   0.00077466   -7.32195e-041   3.24232e-039   [-0.000004,-0.000004,]
[13,3,]   73   0.000467167   -3.37324e-040   2.90224e-039   [0.000001,-0.000004,]
[14,3,]   74   0.000235781   -7.31838e-040   2.97953e-039   [0.000008,-0.000003,]
[15,3,]   75   0.000101454   -1.24137e-039   3.33479e-039   [0.000017,-0.000001,]
[16,3,]   76   3.94205e-005   -1.74513e-039   3.85485e-039   [0.000025,0.000002,]
[17,3,]   77   1.49902e-005   -2.06015e-039   4.48712e-039   [0.000030,0.000005,]
[18,3,]   78   5.78014e-006   -2.49266e-039   5.21501e-039   [0.000033,0.000007,]
[19,3,]   79   2.52942e-006   -3.49477e-039   6.03472e-039   [0.000029,0.000004,]
[0,4,]   80   2.56727e-006   -2.4014e-039   5.48839e-039   [0.000027,-0.000017,]
[1,4,]   81   7.2902e-006   -1.44843e-039   4.67017e-039   [0.000032,-0.000015,]
[2,4,]   82   1.79706e-005   -2.40913e-039   3.95115e-039   [0.000044,-0.000012,]
[3,4,]   83   5.51952e-005   -1.84506e-039   3.359e-039   [0.000036,-0.000006,]
[4,4,]   84   0.000173274   -9.56823e-040   2.97525e-039   [0.000021,-0.000001,]
[5,4,]   85   0.000458547   -2.77685e-040   2.96009e-039   [0.000010,0.000002,]
[6,4,]   86   0.000967422   1.82075e-040   3.47961e-039   [0.000002,0.000003,]
[7,4,]   87   0.00163294   4.65404e-040   4.47494e-039   [-0.000002,0.000002,]
[8,4,]   88   0.00225264   6.13368e-040   5.47041e-039   [-0.000006,0.000001,]
[9,4,]   89   0.00260497   6.74468e-040   5.79787e-039   [-0.000008,0.000000,]
[10,4,]   90   0.00257331   6.66185e-040   5.18282e-039   [-0.000009,-0.000002,]
[11,4,]   91   0.00218409   5.95917e-040   4.02257e-039   [-0.000007,-0.000003,]
[12,4,]   92   0.00157803   4.5103e-040   2.98929e-039   [-0.000004,-0.000005,]
[13,4,]   93   0.000955214   1.85559e-040   2.475e-039   [0.000001,-0.000005,]
[14,4,]   94   0.000481489   -2.25277e-040   2.47075e-039   [0.000009,-0.000004,]
[15,4,]   95   0.000207021   -7.56917e-040   2.79756e-039   [0.000019,-0.000001,]
[16,4,]   96   8.20212e-005   -1.24838e-039   3.31009e-039   [0.000029,0.000003,]
[17,4,]   97   3.30895e-005   -1.45499e-039   3.94085e-039   [0.000033,0.000007,]
[18,4,]   98   1.38268e-005   -1.74681e-039   4.6685e-039   [0.000032,0.000008,]
[19,4,]   99   6.35906e-006   -2.52199e-039   5.48819e-039   [0.000025,0.000005,]
[0,5,]   100   5.70983e-006   -1.12146e-039   5.03294e-039   [0.000025,-0.000016,]
[1,5,]   101   1.45397e-005   -6.50225e-040   4.21472e-039   [0.000034,-0.000014,]
[2,5,]   102   3.03269e-005   -2.0078e-039   3.4957e-039   [0.000050,-0.000012,]
[3,5,]   103   8.42172e-005   -1.72023e-039   2.90355e-039   [0.000044,-0.000003,]
[4,5,]   104   0.000269967   -6.90198e-040   2.5198e-039   [0.000026,0.000005,]
[5,5,]   105   0.00074019   1.04401e-040   2.50464e-039   [0.000011,0.000009,]
[6,5,]   106   0.00158559   6.02218e-040   3.02416e-039   [0.000002,0.000010,]
[7,5,]   107   0.00266952   8.95686e-040   4.01949e-039   [-0.000004,0.000009,]
[8,5,]   108   0.00363653   1.0428e-039   5.01496e-039   [-0.000008,0.000007,]
[9,5,]   109   0.00414795   1.07815e-039   5.34242e-039   [-0.000011,0.000003,]
[10,5,]   110   0.00408018   1.06915e-039   4.72737e-039   [-0.000011,-0.000001,]
[11,5,]   111   0.00348963   1.01721e-039   3.56712e-039   [-0.000010,-0.000004,]
[12,5,]   112   0.00254913   8.7743e-040   2.53384e-039   [-0.000005,-0.000006,]
[13,5,]   113   0.00155277   6.12401e-040   2.01955e-039   [0.000002,-0.000007,]
[14,5,]   114   0.000780164   1.79186e-040   2.0153e-039   [0.000011,-0.000006,]
[15,5,]   115   0.00033362   -4.07295e-040   2.34211e-039   [0.000023,-0.000002,]
[16,5,]   116   0.000135942   -8.64636e-040   2.85464e-039   [0.000035,0.000003,]
[17,5,]   117   5.98134e-005   -8.96552e-040   3.4854e-039   [0.000037,0.000009,]
[18,5,]   118   2.76642e-005   -1.02468e-039   4.21305e-039   [0.000030,0.000010,]
[19,5,]   119   1.33794e-005   -1.55073e-039   5.03274e-039   [0.000021,0.000005,]
[0,6,]   120   1.11924e-005   1.22967e-040   4.66854e-039   [0.000022,-0.000015,]
[1,6,]   121   2.56245e-005   1.98202e-040   3.84996e-039   [0.000034,-0.000014,]
[2,6,]   122   4.36949e-005   -1.34137e-039   3.1288e-039   [0.000055,-0.000016,]
[3,6,]   123   9.85523e-005   -1.90008e-039   2.52659e-039   [0.000056,-0.000003,]
[4,6,]   124   0.000325222   -4.76151e-040   2.10682e-039   [0.000034,0.000011,]
[5,6,]   125   0.000942279   4.23148e-040   1.99428e-039   [0.000014,0.000016,]
[6,6,]   126   0.00205858   9.64479e-040   2.31828e-039   [0.000002,0.000017,]
[7,6,]   127   0.0034287   1.25573e-039   3.033e-039   [-0.000006,0.000015,]
[8,6,]   128   0.00453977   1.36429e-039   3.76797e-039   [-0.000012,0.000012,]
[9,6,]   129   0.00504428   1.43254e-039   4.00285e-039   [-0.000016,0.000006,]
[10,6,]   130   0.00491552   1.38214e-039   3.52385e-039   [-0.000016,-0.000001,]
[11,6,]   131   0.00427034   1.30166e-039   2.64039e-039   [-0.000013,-0.000007,]
[12,6,]   132   0.0031917   1.19472e-039   1.87597e-039   [-0.000007,-0.000010,]
[13,6,]   133   0.00196605   9.21318e-040   1.53589e-039   [0.000002,-0.000011,]
[14,6,]   134   0.000979216   4.35648e-040   1.61318e-039   [0.000014,-0.000009,]
[15,6,]   135   0.000412125   -2.21963e-040   1.96844e-039   [0.000029,-0.000003,]
[16,6,]   136   0.000175128   -6.05294e-040   2.4885e-039   [0.000043,0.000005,]
[17,6,]   137   8.83644e-005   -3.1974e-040   3.12077e-039   [0.000040,0.000012,]
[18,6,]   138   4.63972e-005   -3.06174e-040   3.84866e-039   [0.000026,0.000012,]
[19,6,]   139   2.35304e-005   -5.85258e-040   4.66837e-039   [0.000014,0.000005,]
[0,7,]   140   1.9382e-005   1.18518e-039   4.3952e-039   [0.000019,-0.000015,]
[1,7,]   141   3.98798e-005   9.57137e-040   3.57614e-039   [0.000030,-0.000016,]
[2,7,]   142   5.47173e-005   -1.57194e-040   2.852e-039   [0.000058,-0.000026,]
[3,7,]   143   8.06167e-005   -3.04208e-039   2.23585e-039   [0.000078,-0.000009,]
[4,7,]   144   0.00027185   -1.01982e-039   1.76621e-039   [0.000047,0.000017,]
[5,7,]   145   0.000902774   6.03098e-040   1.51874e-039   [0.000017,0.000025,]
[6,7,]   146   0.00204719   1.2163e-039   1.57189e-039   [0.000001,0.000025,]
[7,7,]   147   0.00333588   1.49762e-039   1.89787e-039   [-0.000009,0.000023,]
[8,7,]   148   0.00416916   1.59981e-039   2.27197e-039   [-0.000017,0.000019,]
[9,7,]   149   0.0042942   1.37286e-039   2.37859e-039   [-0.000024,0.000009,]
[10,7,]   150   0.00413704   1.22778e-039   2.08806e-039   [-0.000026,-0.000002,]
[11,7,]   151   0.00381635   1.51264e-039   1.58806e-039   [-0.000020,-0.000013,]
[12,7,]   152   0.00299706   1.36968e-039   1.19609e-039   [-0.000010,-0.000019,]
[13,7,]   153   0.00189006   1.09426e-039   1.09735e-039   [0.000002,-0.000020,]
[14,7,]   154   0.000921961   5.35859e-040   1.28759e-039   [0.000019,-0.000016,]
[15,7,]   155   0.000366737   -5.68546e-040   1.68228e-039   [0.000039,-0.000005,]
[16,7,]   156   0.000166054   -7.19788e-040   2.21275e-039   [0.000056,0.000010,]
[17,7,]   157   0.000106385   3.56342e-040   2.84713e-039   [0.000041,0.000017,]
[18,7,]   158   6.52402e-005   3.87506e-040   3.57535e-039   [0.000020,0.000014,]
[19,7,]   159   3.45863e-005   3.51913e-040   4.3951e-039   [0.000007,0.000005,]
[0,8,]   160   2.95405e-005   1.93912e-039   4.21296e-039   [0.000016,-0.000014,]
[1,8,]   161   5.4882e-005   1.47581e-039   3.39351e-039   [0.000021,-0.000018,]
[2,8,]   162   6.20161e-005   1.51483e-039   2.66695e-039   [0.000052,-0.000035,]
[3,8,]   163   4.32616e-005   -6.70887e-039   2.03947e-039   [0.000112,-0.000031,]
[4,8,]   164   0.000135665   -4.17379e-039   1.52925e-039   [0.000074,0.000043,]
[5,8,]   165   0.000614329   1.06888e-040   1.17204e-039   [0.000019,0.000043,]
[6,8,]   166   0.00150485   1.06108e-039   1.0049e-039   [-0.000000,0.000040,]
[7,8,]   167   0.00235096   1.4151e-039   1.0147e-039   [-0.000012,0.000039,]
[8,8,]   168   0.0025692   1.19195e-039   1.09529e-039   [-0.000026,0.000034,]
[9,8,]   169   0.00225335   3.0055e-040   1.09759e-039   [-0.000042,0.000030,]
[10,8,]   170   0.00220182   6.53902e-040   9.6035e-040   [-0.000044,0.000001,]
[11,8,]   171   0.00224521   8.88503e-040   7.72228e-040   [-0.000030,-0.000034,]
[12,8,]   172   0.00202051   1.03035e-039   6.83202e-040   [-0.000013,-0.000041,]
[13,8,]   173   0.00134365   7.49738e-040   7.80745e-040   [0.000004,-0.000041,]
[14,8,]   174   0.000618612   -6.52667e-041   1.06286e-039   [0.000025,-0.000037,]
[15,8,]   175   0.000220062   -1.4588e-039   1.4896e-039   [0.000061,-0.000011,]
[16,8,]   176   0.000107457   -2.40363e-039   2.02856e-039   [0.000078,0.000026,]
[17,8,]   177   0.000105915   1.37943e-039   2.66465e-039   [0.000034,0.000026,]
[18,8,]   178   7.72446e-005   1.03172e-039   3.39313e-039   [0.000012,0.000016,]
[19,8,]   179   4.26551e-005   1.18439e-039   4.21292e-039   [-0.000001,0.000006,]
[0,9,]   180   3.90294e-005   2.40474e-039   4.12184e-039   [0.000011,-0.000011,]
[1,9,]   181   6.75115e-005   1.6943e-039   3.30216e-039   [0.000010,-0.000018,]
[2,9,]   182   6.66338e-005   1.59401e-039   2.57424e-039   [0.000027,-0.000038,]
[3,9,]   183   2.53783e-005   -1.07047e-038   1.94034e-039   [0.000131,-0.000107,]
[4,9,]   184   4.49436e-005   -1.51036e-038   1.40716e-039   [0.000136,0.000125,]
[5,9,]   185   0.000332056   -2.15756e-039   9.87854e-040   [-0.000004,0.000087,]
[6,9,]   186   0.000894476   -3.52453e-040   6.96047e-040   [-0.000003,0.000074,]
[7,9,]   187   0.00125802   -3.98914e-040   5.2691e-040   [-0.000008,0.000079,]
[8,9,]   188   0.00104495   -1.9374e-039   4.41398e-040   [-0.000012,0.000100,]
[9,9,]   189   0.000595329   -7.29511e-039   3.84665e-040   [-0.000084,0.000118,]
[10,9,]   190   0.000551983   -7.9607e-039   3.34178e-040   [-0.000116,-0.000091,]
[11,9,]   191   0.000840221   -4.3283e-039   3.22552e-040   [-0.000047,-0.000103,]
[12,9,]   192   0.00111741   -7.97654e-040   4.04961e-040   [-0.000010,-0.000082,]
[13,9,]   193   0.000830829   -5.18559e-040   6.13584e-040   [0.000006,-0.000076,]
[14,9,]   194   0.000320388   -2.969e-039   9.47687e-040   [0.000031,-0.000085,]
[15,9,]   195   7.21656e-005   -9.29151e-039   1.39258e-039   [0.000117,-0.000098,]
[16,9,]   196   5.67681e-005   -2.49311e-039   1.93633e-039   [0.000067,0.000103,]
[17,9,]   197   8.78131e-005   1.79792e-039   2.57339e-039   [0.000014,0.000035,]
[18,9,]   198   7.69166e-005   1.41576e-039   3.30202e-039   [0.000001,0.000018,]
[19,9,]   199   4.44758e-005   1.83504e-039   4.12182e-039   [-0.000010,0.000008,]
[0,10,]   200   4.38379e-005   1.84025e-039   4.12183e-039   [0.000006,-0.000007,]
[1,10,]   201   7.68569e-005   1.42446e-039   3.30206e-039   [-0.000001,-0.000017,]
[2,10,]   202   8.81863e-005   1.81493e-039   2.57356e-039   [-0.000013,-0.000034,]
[3,10,]   203   5.68758e-005   -2.53142e-039   1.937e-039   [-0.000068,-0.000103,]
[4,10,]   204   7.22054e-005   -9.35876e-039   1.39429e-039   [-0.000118,0.000100,]
[5,10,]   205   0.000321612   -2.97566e-039   9.49196e-040   [-0.000031,0.000086,]
[6,10,]   206   0.00083375   -5.2478e-040   6.05623e-040   [-0.000006,0.000077,]
[7,10,]   207   0.0011204   -8.04584e-040   3.62187e-040   [0.000010,0.000083,]
[8,10,]   208   0.000841456   -4.33359e-039   2.07703e-040   [0.000047,0.000104,]
[9,10,]   209   0.000550844   -7.98179e-039   1.26456e-040   [0.000116,0.000092,]
[10,10,]   210   0.000590984   -7.34499e-039   1.11992e-040   [0.000084,-0.000117,]
[11,10,]   211   0.00103658   -1.95852e-039   1.73653e-040   [0.000013,-0.000099,]
[12,10,]   212   0.00124738   -4.15758e-040   3.27248e-040   [0.000009,-0.000077,]
[13,10,]   213   0.000885797   -3.76908e-040   5.81997e-040   [0.000004,-0.000071,]
[14,10,]   214   0.000328089   -2.1986e-039   9.37688e-040   [0.000005,-0.000084,]
[15,10,]   215   4.41375e-005   -1.52226e-038   1.39011e-039   [-0.000137,-0.000122,]
[16,10,]   216   2.48336e-005   -1.08407e-038   1.93585e-039   [-0.000132,0.000110,]
[17,10,]   217   6.60476e-005   1.57361e-039   2.57332e-039   [-0.000027,0.000039,]
[18,10,]   218   6.75325e-005   1.68566e-039   3.30202e-039   [-0.000011,0.000020,]
[19,10,]   219   3.97213e-005   2.40561e-039   4.12182e-039   [-0.000017,0.000012,]
[0,11,]   220   4.25143e-005   1.19266e-039   4.21291e-039   [0.000000,-0.000005,]
[1,11,]   221   7.73157e-005   1.03759e-039   3.39311e-039   [-0.000012,-0.000016,]
[2,11,]   222   0.000106076   1.37995e-039   2.66444e-039   [-0.000034,-0.000025,]
[3,11,]   223   0.000107503   -2.41e-039   2.02705e-039   [-0.000078,-0.000026,]
[4,11,]   224   0.000220206   -1.45826e-039   1.48137e-039   [-0.000061,0.000011,]
[5,11,]   225   0.000619141   -6.79198e-041   1.02823e-039   [-0.000025,0.000037,]
[6,11,]   226   0.00134453   7.47972e-040   6.68504e-040   [-0.000004,0.000042,]
[7,11,]   227   0.00202056   1.02945e-039   4.01891e-040   [0.000013,0.000042,]
[8,11,]   228   0.00224285   8.88863e-040   2.25891e-040   [0.000031,0.000035,]
[9,11,]   229   0.00219536   6.54864e-040   1.36997e-040   [0.000045,0.000001,]
[10,11,]   230   0.00224055   2.93183e-040   1.3377e-040   [0.000043,-0.000028,]
[11,11,]   231   0.0025502   1.17555e-039   2.18294e-040   [0.000027,-0.000031,]
[12,11,]   232   0.0023322   1.3923e-039   3.94095e-040   [0.000012,-0.000035,]
[13,11,]   233   0.00149241   1.02996e-039   6.63233e-040   [0.000001,-0.000036,]
[14,11,]   234   0.000608713   6.54632e-041   1.02566e-039   [-0.000018,-0.000038,]
[15,11,]   235   0.000133449   -4.29196e-039   1.48043e-039   [-0.000075,-0.000039,]
[16,11,]   236   4.19793e-005   -6.99758e-039   2.02679e-039   [-0.000114,0.000036,]
[17,11,]   237   6.14753e-005   1.51582e-039   2.66439e-039   [-0.000052,0.000039,]
[18,11,]   238   5.47908e-005   1.45386e-039   3.3931e-039   [-0.000021,0.000021,]
[19,11,]   239   2.97916e-005   1.92994e-039   4.21291e-039   [-0.000019,0.000017,]
[0,12,]   240   3.49489e-005   3.53955e-040   4.39509e-039   [-0.000005,-0.000004,]
[1,12,]   241   6.54574e-005   3.83459e-040   3.57528e-039   [-0.000020,-0.000013,]
[2,12,]   242   0.000106434   3.48875e-040   2.84657e-039   [-0.000041,-0.000017,]
[3,12,]   243   0.000166078   -7.2229e-040   2.20898e-039   [-0.000056,-0.000009,]
[4,12,]   244   0.000366891   -5.65865e-040   1.66259e-039   [-0.000039,0.000006,]
[5,12,]   245   0.00092212   5.36934e-040   1.20754e-039   [-0.000019,0.000017,]
[6,12,]   246   0.00188962   1.09539e-039   8.4399e-040   [-0.000002,0.000020,]
[7,12,]   247   0.00299453   1.37119e-039   5.71877e-040   [0.000010,0.000019,]
[8,12,]   248   0.00381   1.51495e-039   3.90771e-040   [0.000021,0.000014,]
[9,12,]   249   0.00412528   1.22759e-039   3.00063e-040   [0.000028,0.000004,]
[10,12,]   250   0.00427713   1.36497e-039   2.99502e-040   [0.000026,-0.000006,]
[11,12,]   251   0.00415364   1.58701e-039   3.89451e-040   [0.000020,-0.000014,]
[12,12,]   252   0.00332999   1.48337e-039   5.70522e-040   [0.000010,-0.000018,]
[13,12,]   253   0.00205032   1.20298e-039   8.43074e-040   [-0.000000,-0.000019,]
[14,12,]   254   0.000907632   5.93352e-040   1.2071e-039   [-0.000016,-0.000019,]
[15,12,]   255   0.000273449   -1.04825e-039   1.66243e-039   [-0.000047,-0.000011,]
[16,12,]   256   8.04362e-005   -3.15754e-039   2.20894e-039   [-0.000079,0.000016,]
[17,12,]   257   5.48652e-005   -1.71537e-040   2.84656e-039   [-0.000059,0.000032,]
[18,12,]   258   4.00509e-005   9.73491e-040   3.57528e-039   [-0.000032,0.000020,]
[19,12,]   259   1.9302e-005   1.21361e-039   4.39509e-039   [-0.000020,0.000019,]
[0,13,]   260   2.41385e-005   -5.75653e-040   4.66836e-039   [-0.000009,-0.000004,]
[1,13,]   261   4.66847e-005   -3.17516e-040   3.84855e-039   [-0.000026,-0.000012,]
[2,13,]   262   8.83617e-005   -3.34939e-040   3.11983e-039   [-0.000040,-0.000012,]
[3,13,]   263   0.000175139   -6.04588e-040   2.48221e-039   [-0.000043,-0.000005,]
[4,13,]   264   0.000412109   -2.2183e-040   1.93569e-039   [-0.000029,0.000003,]
[5,13,]   265   0.000978918   4.36647e-040   1.48029e-039   [-0.000014,0.000009,]
[6,13,]   266   0.00196439   9.22193e-040   1.11604e-039   [-0.000001,0.000011,]
[7,13,]   267   0.00318662   1.19478e-039   8.4293e-040   [0.000008,0.000011,]
[8,13,]   268   0.0042603   1.3001e-039   6.60895e-040   [0.000016,0.000008,]
[9,13,]   269   0.00490226   1.37811e-039   5.69857e-040   [0.000020,0.000002,]
[10,13,]   270   0.00503562   1.42773e-039   5.69781e-040   [0.000020,-0.000003,]
[11,13,]   271   0.00454715   1.36436e-039   6.60716e-040   [0.000015,-0.000007,]
[12,13,]   272   0.00345485   1.26719e-039   8.42746e-040   [0.000008,-0.000010,]
[13,13,]   273   0.00209148   9.93767e-040   1.11592e-039   [-0.000000,-0.000011,]
[14,13,]   274   0.000966601   4.75204e-040   1.48023e-039   [-0.000013,-0.000010,]
[15,13,]   275   0.000336265   -4.09305e-040   1.93567e-039   [-0.000034,-0.000005,]
[16,13,]   276   0.00010184   -1.86241e-039   2.4822e-039   [-0.000058,0.000009,]
[17,13,]   277   4.48736e-005   -1.31437e-039   3.11983e-039   [-0.000058,0.000022,]
[18,13,]   278   2.60341e-005   2.57781e-040   3.84855e-039   [-0.000036,0.000019,]
[19,13,]   279   1.09675e-005   1.5955e-040   4.66836e-039   [-0.000020,0.000019,]
[0,14,]   280   1.39118e-005   -1.53473e-039   5.03272e-039   [-0.000012,-0.000004,]
[1,14,]   281   2.79013e-005   -1.04492e-039   4.21291e-039   [-0.000030,-0.000010,]
[2,14,]   282   5.97972e-005   -9.16593e-040   3.48419e-039   [-0.000037,-0.000009,]
[3,14,]   283   0.000135938   -8.63776e-040   2.84656e-039   [-0.000035,-0.000003,]
[4,14,]   284   0.00033356   -4.06401e-040   2.30003e-039   [-0.000023,0.000002,]
[5,14,]   285   0.000779753   1.80623e-040   1.84458e-039   [-0.000011,0.000006,]
[6,14,]   286   0.00155092   6.13358e-040   1.48023e-039   [-0.000001,0.000007,]
[7,14,]   287   0.0025438   8.76434e-040   1.20698e-039   [0.000007,0.000007,]
[8,14,]   288   0.00347976   1.01327e-039   1.02481e-039   [0.000012,0.000005,]
[9,14,]   289   0.00406975   1.06362e-039   9.3373e-040   [0.000015,0.000002,]
[10,14,]   290   0.0041475   1.07646e-039   9.33722e-040   [0.000015,-0.000002,]
[11,14,]   291   0.00365641   1.05357e-039   1.0248e-039   [0.000012,-0.000005,]
[12,14,]   292   0.00270791   9.28279e-040   1.20696e-039   [0.000007,-0.000007,]
[13,14,]   293   0.00162702   6.63285e-040   1.48022e-039   [-0.000001,-0.000007,]
[14,14,]   294   0.000769681   1.99384e-040   1.84457e-039   [-0.000011,-0.000006,]
[15,14,]   295   0.000284317   -5.57691e-040   2.30002e-039   [-0.000026,-0.000003,]
[16,14,]   296   8.91252e-005   -1.58491e-039   2.84656e-039   [-0.000045,0.000006,]
[17,14,]   297   3.17709e-005   -1.92416e-039   3.48419e-039   [-0.000053,0.000015,]
[18,14,]   298   1.486e-005   -5.84629e-040   4.21291e-039   [-0.000037,0.000017,]
[19,14,]   299   5.46484e-006   -1.15098e-039   5.03272e-039   [-0.000019,0.000018,]
[0,15,]   300   6.68772e-006   -2.49824e-039   5.48817e-039   [-0.000014,-0.000004,]
[1,15,]   301   1.39696e-005   -1.77536e-039   4.66836e-039   [-0.000032,-0.000008,]
[2,15,]   302   3.30767e-005   -1.47809e-039   3.93964e-039   [-0.000034,-0.000007,]
[3,15,]   303   8.20179e-005   -1.24705e-039   3.30201e-039   [-0.000029,-0.000003,]
[4,15,]   304   0.00020698   -7.55783e-040   2.75547e-039   [-0.000019,0.000001,]
[5,15,]   305   0.000481229   -2.2333e-040   2.30002e-039   [-0.000009,0.000004,]
[6,15,]   306   0.000954042   1.87225e-040   1.93566e-039   [-0.000001,0.000005,]
[7,15,]   307   0.00157458   4.50805e-040   1.6624e-039   [0.000006,0.000004,]
[8,15,]   308   0.00217749   5.92448e-040   1.48022e-039   [0.000010,0.000003,]
[9,15,]   309   0.00256592   6.6048e-040   1.38913e-039   [0.000013,0.000001,]
[10,15,]   310   0.00260321   6.71079e-040   1.38913e-039   [0.000012,-0.000001,]
[11,15,]   311   0.00226234   6.18903e-040   1.48022e-039   [0.000010,-0.000003,]
[12,15,]   312   0.00165272   4.85419e-040   1.66239e-039   [0.000006,-0.000005,]
[13,15,]   313   0.000989017   2.20423e-040   1.93566e-039   [-0.000001,-0.000005,]
[14,15,]   314   0.000474281   -2.16714e-040   2.30002e-039   [-0.000009,-0.000004,]
[15,15,]   315   0.000181338   -8.67497e-040   2.75547e-039   [-0.000021,-0.000002,]
[16,15,]   316   5.81255e-005   -1.73963e-039   3.30201e-039   [-0.000037,0.000004,]
[17,15,]   317   1.87396e-005   -2.34861e-039   3.93964e-039   [-0.000047,0.000011,]
[18,15,]   318   7.3554e-006   -1.44362e-039   4.66836e-039   [-0.000035,0.000014,]
[19,15,]   319   2.37151e-006   -2.56552e-039   5.48817e-039   [-0.000017,0.000017,]
[0,16,]   320   2.68515e-006   -3.46194e-039   6.03471e-039   [-0.000016,-0.000004,]
[1,16,]   321   5.847e-006   -2.52789e-039   5.2149e-039   [-0.000033,-0.000007,]
[2,16,]   322   1.49835e-005   -2.08471e-039   4.48618e-039   [-0.000030,-0.000005,]
[3,16,]   323   3.94198e-005   -1.74335e-039   3.84855e-039   [-0.000025,-0.000002,]
[4,16,]   324   0.00010144   -1.23996e-039   3.30201e-039   [-0.000016,0.000001,]
[5,16,]   325   0.000235683   -7.29409e-040   2.84656e-039   [-0.000008,0.000003,]
[6,16,]   326   0.000466699   -3.34435e-040   2.4822e-039   [-0.000001,0.000004,]
[7,16,]   327   0.000773172   -7.10392e-041   2.20893e-039   [0.000005,0.000003,]
[8,16,]   328   0.00107582   8.07531e-041   2.02675e-039   [0.000009,0.000002,]
[9,16,]   329   0.00127152   1.48842e-040   1.93566e-039   [0.000011,0.000001,]
[10,16,]   330   0.0012857   1.54689e-040   1.93566e-039   [0.000011,-0.000001,]
[11,16,]   331   0.00110821   9.81973e-041   2.02675e-039   [0.000008,-0.000002,]
[12,16,]   332   0.000802669   -4.73044e-041   2.20893e-039   [0.000005,-0.000003,]
[13,16,]   333   0.000479206   -3.11854e-040   2.4822e-039   [-0.000000,-0.000004,]
[14,16,]   334   0.000231869   -7.28191e-040   2.84656e-039   [-0.000008,-0.000003,]
[15,16,]   335   9.0533e-005   -1.33047e-039   3.30201e-039   [-0.000018,-0.000001,]
[16,16,]   336   2.95204e-005   -2.09779e-039   3.84855e-039   [-0.000031,0.000003,]
[17,16,]   337   9.05243e-006   -2.80076e-039   4.48618e-039   [-0.000041,0.000008,]
[18,16,]   338   3.11884e-006   -2.27671e-039   5.2149e-039   [-0.000032,0.000012,]
[19,16,]   339   8.92644e-007   -3.93931e-039   6.03471e-039   [-0.000015,0.000015,]
[0,17,]   340   8.9731e-007   -4.49429e-039   6.67234e-039   [-0.000017,-0.000004,]
[1,17,]   341   2.03519e-006   -3.36306e-039   5.85253e-039   [-0.000033,-0.000006,]
[2,17,]   342   5.55861e-006   -2.79514e-039   5.12381e-039   [-0.000028,-0.000004,]
[3,17,]   343   1.52757e-005   -2.36947e-039   4.48618e-039   [-0.000022,-0.000001,]
[4,17,]   344   3.98882e-005   -1.85804e-039   3.93964e-039   [-0.000014,0.000001,]
[5,17,]   345   9.2749e-005   -1.36376e-039   3.48419e-039   [-0.000007,0.000002,]
[6,17,]   346   0.00018363   -9.77935e-040   3.11983e-039   [-0.000001,0.000003,]
[7,17,]   347   0.000304975   -7.13956e-040   2.84656e-039   [0.000004,0.000003,]
[8,17,]   348   0.000425883   -5.56963e-040   2.66438e-039   [0.000008,0.000002,]
[9,17,]   349   0.000504126   -4.84213e-040   2.57329e-039   [0.000009,0.000001,]
[10,17,]   350   0.000508423   -4.80737e-040   2.57329e-039   [0.000009,-0.000001,]
[11,17,]   351   0.000435625   -5.47677e-040   2.66438e-039   [0.000007,-0.000002,]
[12,17,]   352   0.000313676   -7.00911e-040   2.84656e-039   [0.000004,-0.000002,]
[13,17,]   353   0.000186985   -9.65736e-040   3.11983e-039   [-0.000000,-0.000003,]
[14,17,]   354   9.10496e-005   -1.3677e-039   3.48419e-039   [-0.000007,-0.000002,]
[15,17,]   355   3.60827e-005   -1.92973e-039   3.93964e-039   [-0.000016,-0.000001,]
[16,17,]   356   1.19221e-005   -2.63617e-039   4.48618e-039   [-0.000027,0.000002,]
[17,17,]   357   3.56181e-006   -3.37122e-039   5.12381e-039   [-0.000037,0.000006,]
[18,17,]   358   1.11771e-006   -3.14091e-039   5.85253e-039   [-0.000029,0.000010,]
[19,17,]   359   2.89359e-007   -5.26905e-039   6.67234e-039   [-0.000013,0.000013,]
[0,18,]   360   2.51645e-007   -5.63595e-039   7.40106e-039   [-0.000017,0.000005,]
[1,18,]   361   5.92044e-007   -4.28015e-039   6.58125e-039   [-0.000033,0.000002,]
[2,18,]   362   1.70173e-006   -3.60812e-039   5.85253e-039   [-0.000025,0.000002,]
[3,18,]   363   4.83558e-006   -3.13633e-039   5.2149e-039   [-0.000020,0.000003,]
[4,18,]   364   1.2778e-005   -2.63992e-039   4.66836e-039   [-0.000013,0.000005,]
[5,18,]   365   2.97636e-005   -2.17109e-039   4.21291e-039   [-0.000006,0.000006,]
[6,18,]   366   5.89494e-005   -1.79722e-039   3.84855e-039   [-0.000000,0.000006,]
[7,18,]   367   9.80688e-005   -1.5292e-039   3.57528e-039   [0.000004,0.000006,]
[8,18,]   368   0.000137237   -1.35789e-039   3.3931e-039   [0.000007,0.000005,]
[9,18,]   369   0.000162528   -1.26945e-039   3.30201e-039   [0.000008,0.000005,]
[10,18,]   370   0.000163528   -1.25503e-039   3.30201e-039   [0.000008,0.000004,]
[11,18,]   371   0.000139483   -1.31711e-039   3.3931e-039   [0.000007,0.000003,]
[12,18,]   372   0.000100003   -1.46948e-039   3.57528e-039   [0.000004,0.000002,]
[13,18,]   373   5.95503e-005   -1.73165e-039   3.84855e-039   [-0.000000,0.000002,]
[14,18,]   374   2.91357e-005   -2.12497e-039   4.21291e-039   [-0.000006,0.000002,]
[15,18,]   375   1.16756e-005   -2.67069e-039   4.66836e-039   [-0.000014,0.000003,]
[16,18,]   376   3.90142e-006   -3.36165e-039   5.2149e-039   [-0.000023,0.000005,]
[17,18,]   377   1.15071e-006   -4.16502e-039   5.85253e-039   [-0.000033,0.000009,]
[18,18,]   378   3.38372e-007   -4.23545e-039   6.58125e-039   [-0.000025,0.000014,]
[19,18,]   379   8.10255e-008   -6.82223e-039   7.40106e-039   [-0.000011,0.000018,]
[0,19,]   380   6.34849e-008   -8.27889e-039   8.22087e-039   [-0.000017,0.000014,]
[1,19,]   381   1.47914e-007   -6.63572e-039   7.40106e-039   [-0.000036,0.000010,]
[2,19,]   382   4.39626e-007   -5.60245e-039   6.67234e-039   [-0.000026,0.000008,]
[3,19,]   383   1.2959e-006   -4.87586e-039   6.03471e-039   [-0.000019,0.000008,]
[4,19,]   384   3.51297e-006   -4.2673e-039   5.48817e-039   [-0.000012,0.000009,]
[5,19,]   385   8.29356e-006   -3.76503e-039   5.03272e-039   [-0.000005,0.000009,]
[6,19,]   386   1.65044e-005   -3.37947e-039   4.66836e-039   [-0.000000,0.000010,]
[7,19,]   387   2.74234e-005   -3.10074e-039   4.39509e-039   [0.000003,0.000010,]
[8,19,]   388   3.8154e-005   -2.92277e-039   4.21291e-039   [0.000006,0.000009,]
[9,19,]   389   4.47651e-005   -2.84188e-039   4.12182e-039   [0.000007,0.000008,]
[10,19,]   390   4.45356e-005   -2.85341e-039   4.12182e-039   [0.000007,0.000008,]
[11,19,]   391   3.75769e-005   -2.95202e-039   4.21291e-039   [0.000006,0.000007,]
[12,19,]   392   2.67307e-005   -3.1345e-039   4.39509e-039   [0.000003,0.000007,]
[13,19,]   393   1.58778e-005   -3.40107e-039   4.66836e-039   [-0.000001,0.000007,]
[14,19,]   394   7.80851e-006   -3.75669e-039   5.03272e-039   [-0.000006,0.000007,]
[15,19,]   395   3.17931e-006   -4.21204e-039   5.48817e-039   [-0.000013,0.000007,]
[16,19,]   396   1.09445e-006   -4.77248e-039   6.03471e-039   [-0.000020,0.000008,]
[17,19,]   397   3.34843e-007   -5.54006e-039   6.67234e-039   [-0.000027,0.000012,]
[18,19,]   398   9.97673e-008   -6.03288e-039   7.40106e-039   [-0.000020,0.000018,]
[19,19,]   399   2.42032e-008   -8.89444e-039   8.22087e-039   [-0.000006,0.000024,]
