coordinates  index   rho      Q      V    velocities 
[0,0,]   0   2.83542e-008   -8.80814e-039   8.22087e-039   [0.000030,-0.000002,]
[1,0,]   1   1.05537e-007   -6.08828e-039   7.40106e-039   [0.000025,-0.000001,]
[2,0,]   2   3.54731e-007   -5.46376e-039   6.67234e-039   [0.000027,0.000001,]
[3,0,]   3   1.13814e-006   -4.73509e-039   6.03471e-039   [0.000020,0.000003,]
[4,0,]   4   3.24199e-006   -4.15748e-039   5.48817e-039   [0.000012,0.000004,]
[5,0,]   5   7.84456e-006   -3.69538e-039   5.03272e-039   [0.000006,0.000005,]
[6,0,]   6   1.5825e-005   -3.33508e-039   4.66836e-039   [0.000001,0.000006,]
[7,0,]   7   2.65648e-005   -3.067e-039   4.39509e-039   [-0.000003,0.000006,]
[8,0,]   8   3.7318e-005   -2.88672e-039   4.21291e-039   [-0.000006,0.000005,]
[9,0,]   9   4.41868e-005   -2.79354e-039   4.12182e-039   [-0.000007,0.000004,]
[10,0,]   10   4.43018e-005   -2.78912e-039   4.12182e-039   [-0.000007,0.000004,]
[11,0,]   11   3.76059e-005   -2.87569e-039   4.21291e-039   [-0.000006,0.000003,]
[12,0,]   12   2.6906e-005   -3.05497e-039   4.39509e-039   [-0.000003,0.000002,]
[13,0,]   13   1.61258e-005   -3.32912e-039   4.66836e-039   [0.000001,0.000002,]
[14,0,]   14   8.06924e-006   -3.70318e-039   5.03272e-039   [0.000006,0.000003,]
[15,0,]   15   3.39212e-006   -4.1869e-039   5.48817e-039   [0.000012,0.000003,]
[16,0,]   16   1.2281e-006   -4.78556e-039   6.03471e-039   [0.000019,0.000005,]
[17,0,]   17   4.01879e-007   -5.47729e-039   6.67234e-039   [0.000026,0.000007,]
[18,0,]   18   1.25713e-007   -6.34152e-039   7.40106e-039   [0.000033,0.000009,]
[19,0,]   19   4.25694e-008   -8.49895e-039   8.22087e-039   [0.000033,0.000010,]
[0,1,]   20   1.07487e-007   -6.40442e-039   7.40106e-039   [0.000030,-0.000012,]
[1,1,]   21   3.8895e-007   -4.15996e-039   6.58125e-039   [0.000028,-0.000010,]
[2,1,]   22   1.2876e-006   -3.91468e-039   5.85253e-039   [0.000031,-0.000007,]
[3,1,]   23   4.16538e-006   -3.25093e-039   5.2149e-039   [0.000023,-0.000003,]
[4,1,]   24   1.2034e-005   -2.6141e-039   4.66836e-039   [0.000014,-0.000001,]
[5,1,]   25   2.9408e-005   -2.09177e-039   4.21291e-039   [0.000006,-0.000000,]
[6,1,]   26   5.95455e-005   -1.70444e-039   3.84855e-039   [0.000001,0.000000,]
[7,1,]   27   9.98044e-005   -1.44128e-039   3.57528e-039   [-0.000004,-0.000000,]
[8,1,]   28   0.000139517   -1.28425e-039   3.3931e-039   [-0.000006,-0.000001,]
[9,1,]   29   0.000164174   -1.21553e-039   3.30201e-039   [-0.000008,-0.000001,]
[10,1,]   30   0.000163683   -1.22323e-039   3.30201e-039   [-0.000008,-0.000002,]
[11,1,]   31   0.000138415   -1.30592e-039   3.3931e-039   [-0.000007,-0.000003,]
[12,1,]   32   9.88518e-005   -1.47279e-039   3.57528e-039   [-0.000004,-0.000004,]
[13,1,]   33   5.9237e-005   -1.73859e-039   3.84855e-039   [0.000001,-0.000004,]
[14,1,]   34   2.96926e-005   -2.11541e-039   4.21291e-039   [0.000006,-0.000004,]
[15,1,]   35   1.25521e-005   -2.59908e-039   4.66836e-039   [0.000013,-0.000003,]
[16,1,]   36   4.61063e-006   -3.13905e-039   5.2149e-039   [0.000021,-0.000001,]
[17,1,]   37   1.55332e-006   -3.62454e-039   5.85253e-039   [0.000027,0.000001,]
[18,1,]   38   5.06243e-007   -4.12985e-039   6.58125e-039   [0.000032,0.000003,]
[19,1,]   39   1.77135e-007   -5.80577e-039   7.40106e-039   [0.000031,0.000002,]
[0,2,]   40   3.79533e-007   -5.18227e-039   6.67234e-039   [0.000029,-0.000010,]
[1,2,]   41   1.28198e-006   -3.23596e-039   5.85253e-039   [0.000030,-0.000008,]
[2,2,]   42   4.02601e-006   -3.1528e-039   5.12381e-039   [0.000034,-0.000006,]
[3,2,]   43   1.28176e-005   -2.53432e-039   4.48618e-039   [0.000026,-0.000002,]
[4,2,]   44   3.71777e-005   -1.89093e-039   3.93964e-039   [0.000016,0.000001,]
[5,2,]   45   9.14651e-005   -1.35716e-039   3.48419e-039   [0.000007,0.000002,]
[6,2,]   46   0.000185775   -9.6374e-040   3.11983e-039   [0.000001,0.000003,]
[7,2,]   47   0.000311081   -6.99235e-040   2.84656e-039   [-0.000004,0.000002,]
[8,2,]   48   0.000433473   -5.42481e-040   2.66438e-039   [-0.000007,0.000002,]
[9,2,]   49   0.000508545   -4.7197e-040   2.57329e-039   [-0.000009,0.000001,]
[10,2,]   50   0.000506499   -4.73559e-040   2.57329e-039   [-0.000009,-0.000001,]
[11,2,]   51   0.000428842   -5.46863e-040   2.66438e-039   [-0.000007,-0.000002,]
[12,2,]   52   0.000306954   -7.05347e-040   2.84656e-039   [-0.000004,-0.000003,]
[13,2,]   53   0.000184181   -9.69343e-040   3.11983e-039   [0.000001,-0.000003,]
[14,2,]   54   9.22524e-005   -1.35548e-039   3.48419e-039   [0.000007,-0.000002,]
[15,2,]   55   3.89638e-005   -1.85952e-039   3.93964e-039   [0.000015,-0.000001,]
[16,2,]   56   1.44084e-005   -2.41449e-039   4.48618e-039   [0.000024,0.000002,]
[17,2,]   57   4.98498e-006   -2.86778e-039   5.12381e-039   [0.000030,0.000005,]
[18,2,]   58   1.70482e-006   -3.29099e-039   5.85253e-039   [0.000033,0.000007,]
[19,2,]   59   6.26589e-007   -4.75582e-039   6.67234e-039   [0.000030,0.000006,]
[0,3,]   60   1.14334e-006   -4.0479e-039   6.03471e-039   [0.000028,-0.000011,]
[1,3,]   61   3.54586e-006   -2.44233e-039   5.2149e-039   [0.000032,-0.000010,]
[2,3,]   62   1.03379e-005   -2.54502e-039   4.48618e-039   [0.000038,-0.000007,]
[3,3,]   63   3.20628e-005   -1.96501e-039   3.84855e-039   [0.000030,-0.000003,]
[4,3,]   64   9.34213e-005   -1.28912e-039   3.30201e-039   [0.000018,0.000001,]
[5,3,]   65   0.000231991   -7.27533e-040   2.84656e-039   [0.000008,0.000003,]
[6,3,]   66   0.000473236   -3.22284e-040   2.4822e-039   [0.000001,0.000004,]
[7,3,]   67   0.000791314   -5.77374e-041   2.20893e-039   [-0.000005,0.000003,]
[8,3,]   68   0.00109762   9.28333e-041   2.02675e-039   [-0.000008,0.000002,]
[9,3,]   69   0.00128228   1.57011e-040   1.93566e-039   [-0.000010,0.000001,]
[10,3,]   70   0.00127555   1.54027e-040   1.93566e-039   [-0.000010,-0.000001,]
[11,3,]   71   0.00108233   8.47683e-041   2.02675e-039   [-0.000009,-0.000002,]
[12,3,]   72   0.00077745   -6.85628e-041   2.20893e-039   [-0.000005,-0.000003,]
[13,3,]   73   0.000467389   -3.32313e-040   2.4822e-039   [0.000001,-0.000004,]
[14,3,]   74   0.000233776   -7.27957e-040   2.84656e-039   [0.000008,-0.000003,]
[15,3,]   75   9.85359e-005   -1.2501e-039   3.30201e-039   [0.000017,-0.000001,]
[16,3,]   76   3.67583e-005   -1.80664e-039   3.84855e-039   [0.000027,0.000002,]
[17,3,]   77   1.31914e-005   -2.19001e-039   4.48618e-039   [0.000033,0.000006,]
[18,3,]   78   4.80035e-006   -2.49697e-039   5.2149e-039   [0.000033,0.000008,]
[19,3,]   79   1.86635e-006   -3.72988e-039   6.03471e-039   [0.000028,0.000007,]
[0,4,]   80   2.93494e-006   -2.87838e-039   5.48817e-039   [0.000027,-0.000012,]
[1,4,]   81   8.2305e-006   -1.68402e-039   4.66836e-039   [0.000033,-0.000012,]
[2,4,]   82   2.16202e-005   -2.04349e-039   3.93964e-039   [0.000042,-0.000010,]
[3,4,]   83   6.41868e-005   -1.5401e-039   3.30201e-039   [0.000035,-0.000004,]
[4,4,]   84   0.000188025   -8.14474e-040   2.75547e-039   [0.000021,0.000002,]
[5,4,]   85   0.000473381   -2.11438e-040   2.30002e-039   [0.000009,0.000004,]
[6,4,]   86   0.000971764   2.1114e-040   1.93566e-039   [0.000001,0.000005,]
[7,4,]   87   0.0016213   4.76079e-040   1.66239e-039   [-0.000005,0.000005,]
[8,4,]   88   0.00223336   6.17969e-040   1.48021e-039   [-0.000010,0.000003,]
[9,4,]   89   0.00259267   6.73593e-040   1.38912e-039   [-0.000012,0.000001,]
[10,4,]   90   0.00257507   6.68837e-040   1.38912e-039   [-0.000012,-0.000001,]
[11,4,]   91   0.00219323   6.05547e-040   1.48021e-039   [-0.000010,-0.000003,]
[12,4,]   92   0.00158454   4.60055e-040   1.66239e-039   [-0.000005,-0.000004,]
[13,4,]   93   0.000955422   1.96383e-040   1.93566e-039   [0.000001,-0.000005,]
[14,4,]   94   0.000476632   -2.14188e-040   2.30002e-039   [0.000009,-0.000004,]
[15,4,]   95   0.000200066   -7.65148e-040   2.75547e-039   [0.000020,-0.000001,]
[16,4,]   96   7.55448e-005   -1.32416e-039   3.30201e-039   [0.000032,0.000003,]
[17,4,]   97   2.8565e-005   -1.60231e-039   3.93964e-039   [0.000037,0.000008,]
[18,4,]   98   1.12651e-005   -1.76503e-039   4.66836e-039   [0.000033,0.000010,]
[19,4,]   99   4.66274e-006   -2.73803e-039   5.48817e-039   [0.000025,0.000007,]
[0,5,]   100   6.45062e-006   -1.63648e-039   5.03272e-039   [0.000024,-0.000014,]
[1,5,]   101   1.61693e-005   -9.1061e-040   4.21291e-039   [0.000034,-0.000014,]
[2,5,]   102   3.67227e-005   -1.61472e-039   3.48419e-039   [0.000047,-0.000013,]
[3,5,]   103   0.000100878   -1.27881e-039   2.84656e-039   [0.000043,-0.000006,]
[4,5,]   104   0.000297364   -4.74525e-040   2.30002e-039   [0.000026,0.000002,]
[5,5,]   105   0.000765427   1.98672e-040   1.84457e-039   [0.000011,0.000006,]
[6,5,]   106   0.00158702   6.48264e-040   1.48021e-039   [0.000001,0.000007,]
[7,5,]   107   0.00263776   9.1448e-040   1.20694e-039   [-0.000007,0.000007,]
[8,5,]   108   0.00359222   1.0441e-039   1.02476e-039   [-0.000012,0.000005,]
[9,5,]   109   0.00412693   1.08502e-039   9.33673e-040   [-0.000015,0.000002,]
[10,5,]   110   0.00409023   1.07882e-039   9.33673e-040   [-0.000015,-0.000002,]
[11,5,]   111   0.00350836   1.0266e-039   1.02476e-039   [-0.000012,-0.000005,]
[12,5,]   112   0.00256038   8.92535e-040   1.20694e-039   [-0.000007,-0.000007,]
[13,5,]   113   0.00155139   6.28422e-040   1.48021e-039   [0.000001,-0.000007,]
[14,5,]   114   0.00077004   1.93433e-040   1.84457e-039   [0.000011,-0.000006,]
[15,5,]   115   0.000320445   -4.07737e-040   2.30002e-039   [0.000024,-0.000002,]
[16,5,]   116   0.000123215   -9.68333e-040   2.84656e-039   [0.000038,0.000004,]
[17,5,]   117   5.04319e-005   -1.07181e-039   3.48419e-039   [0.000041,0.000010,]
[18,5,]   118   2.21e-005   -1.06067e-039   4.21291e-039   [0.000031,0.000011,]
[19,5,]   119   9.79648e-006   -1.74385e-039   5.03272e-039   [0.000021,0.000007,]
[0,6,]   120   1.21793e-005   -3.47904e-040   4.66836e-039   [0.000021,-0.000015,]
[1,6,]   121   2.72037e-005   -9.99213e-041   3.84855e-039   [0.000032,-0.000017,]
[2,6,]   122   5.0811e-005   -1.18404e-039   3.11983e-039   [0.000051,-0.000018,]
[3,6,]   123   0.000120202   -1.27181e-039   2.4822e-039   [0.000054,-0.000009,]
[4,6,]   124   0.000357029   -2.97814e-040   1.93566e-039   [0.000034,0.000004,]
[5,6,]   125   0.000956406   4.81383e-040   1.48021e-039   [0.000014,0.000010,]
[6,6,]   126   0.00201782   9.78652e-040   1.11585e-039   [0.000001,0.000011,]
[7,6,]   127   0.00332972   1.24904e-039   8.42583e-040   [-0.000008,0.000010,]
[8,6,]   128   0.00443944   1.35961e-039   6.60403e-040   [-0.000015,0.000007,]
[9,6,]   129   0.00500367   1.40006e-039   5.69313e-040   [-0.000019,0.000003,]
[10,6,]   130   0.00494179   1.38682e-039   5.69313e-040   [-0.000019,-0.000003,]
[11,6,]   131   0.00430023   1.33359e-039   6.60403e-040   [-0.000015,-0.000008,]
[12,6,]   132   0.00320088   1.22052e-039   8.42583e-040   [-0.000008,-0.000010,]
[13,6,]   133   0.00195682   9.53804e-040   1.11585e-039   [0.000001,-0.000011,]
[14,6,]   134   0.000960898   4.72139e-040   1.48021e-039   [0.000014,-0.000009,]
[15,6,]   135   0.000392253   -2.0888e-040   1.93566e-039   [0.000031,-0.000004,]
[16,6,]   136   0.000155446   -7.53041e-040   2.4822e-039   [0.000047,0.000006,]
[17,6,]   137   7.23736e-005   -5.54219e-040   3.11983e-039   [0.000044,0.000014,]
[18,6,]   138   3.64012e-005   -3.67115e-040   3.84855e-039   [0.000028,0.000013,]
[19,6,]   139   1.73506e-005   -7.39595e-040   4.66836e-039   [0.000016,0.000008,]
[0,7,]   140   1.98224e-005   8.73766e-040   4.39509e-039   [0.000017,-0.000016,]
[1,7,]   141   3.98043e-005   7.11404e-040   3.57528e-039   [0.000028,-0.000019,]
[2,7,]   142   5.86171e-005   -5.07696e-040   2.84656e-039   [0.000052,-0.000026,]
[3,7,]   143   0.000101445   -1.86562e-039   2.20893e-039   [0.000071,-0.000016,]
[4,7,]   144   0.000301684   -5.97966e-040   1.66239e-039   [0.000047,0.000008,]
[5,7,]   145   0.000886996   5.67159e-040   1.20694e-039   [0.000018,0.000018,]
[6,7,]   146   0.001937   1.15292e-039   8.42583e-040   [0.000001,0.000019,]
[7,7,]   147   0.00314699   1.43536e-039   5.69313e-040   [-0.000010,0.000018,]
[8,7,]   148   0.0040068   1.52873e-039   3.87133e-040   [-0.000020,0.000014,]
[9,7,]   149   0.00429718   1.47103e-039   2.96043e-040   [-0.000027,0.000005,]
[10,7,]   150   0.0042187   1.44187e-039   2.96043e-040   [-0.000027,-0.000005,]
[11,7,]   151   0.00382808   1.50162e-039   3.87133e-040   [-0.000020,-0.000014,]
[12,7,]   152   0.00297892   1.39701e-039   5.69313e-040   [-0.000010,-0.000018,]
[13,7,]   153   0.00185494   1.1196e-039   8.42583e-040   [0.000002,-0.000019,]
[14,7,]   154   0.000888315   5.57059e-040   1.20694e-039   [0.000018,-0.000017,]
[15,7,]   155   0.00034344   -4.00153e-040   1.66239e-039   [0.000042,-0.000007,]
[16,7,]   156   0.000143918   -8.70613e-040   2.20893e-039   [0.000063,0.000011,]
[17,7,]   157   8.46188e-005   7.23307e-041   2.84656e-039   [0.000045,0.000021,]
[18,7,]   158   5.07302e-005   3.16008e-040   3.57528e-039   [0.000022,0.000016,]
[19,7,]   159   2.60061e-005   2.62217e-040   4.39509e-039   [0.000010,0.000008,]
[0,8,]   160   2.79519e-005   1.82123e-039   4.21291e-039   [0.000012,-0.000015,]
[1,8,]   161   5.15062e-005   1.39512e-039   3.3931e-039   [0.000020,-0.000021,]
[2,8,]   162   6.00981e-005   7.93576e-040   2.66438e-039   [0.000044,-0.000036,]
[3,8,]   163   5.44302e-005   -4.52449e-039   2.02675e-039   [0.000100,-0.000031,]
[4,8,]   164   0.000154459   -2.41873e-039   1.48021e-039   [0.000074,0.000032,]
[5,8,]   165   0.000578701   5.63107e-041   1.02476e-039   [0.000022,0.000038,]
[6,8,]   166   0.00136395   9.16587e-040   6.60403e-040   [0.000001,0.000038,]
[7,8,]   167   0.0021331   1.23601e-039   3.87133e-040   [-0.000013,0.000037,]
[8,8,]   168   0.00240721   1.17803e-039   2.04953e-040   [-0.000028,0.000033,]
[9,8,]   169   0.00224916   9.62627e-040   1.13863e-040   [-0.000043,0.000024,]
[10,8,]   170   0.00218466   9.5749e-040   1.13863e-040   [-0.000043,-0.000004,]
[11,8,]   171   0.00222379   9.60844e-040   2.04953e-040   [-0.000029,-0.000033,]
[12,8,]   172   0.00196329   1.04274e-039   3.87133e-040   [-0.000013,-0.000038,]
[13,8,]   173   0.00127847   7.66656e-040   6.60403e-040   [0.000003,-0.000039,]
[14,8,]   174   0.000571155   -8.79241e-041   1.02476e-039   [0.000023,-0.000036,]
[15,8,]   175   0.000188701   -1.6557e-039   1.48021e-039   [0.000064,-0.000011,]
[16,8,]   176   9.02267e-005   -1.83028e-039   2.02675e-039   [0.000088,0.000033,]
[17,8,]   177   8.20838e-005   9.67064e-040   2.66438e-039   [0.000039,0.000029,]
[18,8,]   178   6.06759e-005   9.88127e-040   3.3931e-039   [0.000014,0.000018,]
[19,8,]   179   3.31926e-005   1.21285e-039   4.21291e-039   [0.000004,0.000009,]
[0,9,]   180   3.43215e-005   2.28688e-039   4.12182e-039   [0.000007,-0.000013,]
[1,9,]   181   5.95741e-005   1.66045e-039   3.30201e-039   [0.000008,-0.000021,]
[2,9,]   182   6.06936e-005   2.07393e-039   2.57329e-039   [0.000024,-0.000041,]
[3,9,]   183   2.23457e-005   -1.05161e-038   1.93566e-039   [0.000115,-0.000101,]
[4,9,]   184   3.40432e-005   -1.82246e-038   1.38912e-039   [0.000131,0.000124,]
[5,9,]   185   0.00028428   -2.54072e-039   9.33673e-040   [0.000005,0.000085,]
[6,9,]   186   0.000779947   -5.75558e-040   5.69313e-040   [-0.000001,0.000073,]
[7,9,]   187   0.00110864   -5.45499e-040   2.96043e-040   [-0.000009,0.000079,]
[8,9,]   188   0.000892439   -2.45467e-039   1.13863e-040   [-0.000018,0.000100,]
[9,9,]   189   0.00043536   -9.95423e-039   2.27725e-041   [-0.000089,0.000113,]
[10,9,]   190   0.000403815   -1.10483e-038   2.27725e-041   [-0.000109,-0.000092,]
[11,9,]   191   0.00079999   -3.48812e-039   1.13863e-040   [-0.000040,-0.000100,]
[12,9,]   192   0.00103518   -8.43799e-040   2.96043e-040   [-0.000009,-0.000080,]
[13,9,]   193   0.000742837   -7.79269e-040   5.69313e-040   [0.000003,-0.000074,]
[14,9,]   194   0.00027697   -3.00328e-039   9.33673e-040   [0.000027,-0.000084,]
[15,9,]   195   4.54813e-005   -1.38365e-038   1.38912e-039   [0.000126,-0.000103,]
[16,9,]   196   3.66022e-005   -5.13265e-039   1.93566e-039   [0.000078,0.000106,]
[17,9,]   197   6.91806e-005   1.77312e-039   2.57329e-039   [0.000013,0.000037,]
[18,9,]   198   6.32507e-005   1.49315e-039   3.30201e-039   [0.000003,0.000019,]
[19,9,]   199   3.64309e-005   2.01316e-039   4.12182e-039   [-0.000003,0.000011,]
[0,10,]   200   3.62735e-005   2.01233e-039   4.12182e-039   [0.000001,-0.000011,]
[1,10,]   201   6.31728e-005   1.49419e-039   3.30201e-039   [-0.000003,-0.000019,]
[2,10,]   202   6.91804e-005   1.77675e-039   2.57329e-039   [-0.000013,-0.000037,]
[3,10,]   203   3.66022e-005   -5.13263e-039   1.93566e-039   [-0.000078,-0.000106,]
[4,10,]   204   4.54814e-005   -1.38365e-038   1.38912e-039   [-0.000126,0.000103,]
[5,10,]   205   0.00027697   -3.00328e-039   9.33673e-040   [-0.000027,0.000084,]
[6,10,]   206   0.000742837   -7.79269e-040   5.69313e-040   [-0.000003,0.000074,]
[7,10,]   207   0.00103518   -8.43799e-040   2.96043e-040   [0.000009,0.000080,]
[8,10,]   208   0.00079999   -3.48812e-039   1.13863e-040   [0.000040,0.000100,]
[9,10,]   209   0.000403815   -1.10483e-038   2.27725e-041   [0.000109,0.000092,]
[10,10,]   210   0.00043536   -9.95423e-039   2.27725e-041   [0.000089,-0.000113,]
[11,10,]   211   0.000892439   -2.45467e-039   1.13863e-040   [0.000018,-0.000100,]
[12,10,]   212   0.00110864   -5.45499e-040   2.96043e-040   [0.000009,-0.000079,]
[13,10,]   213   0.000779947   -5.75558e-040   5.69313e-040   [0.000001,-0.000073,]
[14,10,]   214   0.00028428   -2.54071e-039   9.33673e-040   [-0.000005,-0.000085,]
[15,10,]   215   3.40431e-005   -1.82246e-038   1.38912e-039   [-0.000131,-0.000124,]
[16,10,]   216   2.23457e-005   -1.05162e-038   1.93566e-039   [-0.000115,0.000101,]
[17,10,]   217   6.06949e-005   2.06989e-039   2.57329e-039   [-0.000024,0.000041,]
[18,10,]   218   5.96573e-005   1.65967e-039   3.30201e-039   [-0.000008,0.000021,]
[19,10,]   219   3.4484e-005   2.28754e-039   4.12182e-039   [-0.000009,0.000013,]
[0,11,]   220   3.3148e-005   1.2133e-039   4.21291e-039   [-0.000004,-0.000009,]
[1,11,]   221   6.06554e-005   9.89116e-040   3.3931e-039   [-0.000014,-0.000018,]
[2,11,]   222   8.20841e-005   9.68025e-040   2.66438e-039   [-0.000039,-0.000029,]
[3,11,]   223   9.02267e-005   -1.83029e-039   2.02675e-039   [-0.000088,-0.000033,]
[4,11,]   224   0.000188701   -1.6557e-039   1.48021e-039   [-0.000064,0.000011,]
[5,11,]   225   0.000571155   -8.79246e-041   1.02476e-039   [-0.000023,0.000036,]
[6,11,]   226   0.00127847   7.66656e-040   6.60403e-040   [-0.000003,0.000039,]
[7,11,]   227   0.00196329   1.04274e-039   3.87133e-040   [0.000013,0.000038,]
[8,11,]   228   0.00222379   9.60844e-040   2.04953e-040   [0.000029,0.000033,]
[9,11,]   229   0.00218466   9.5749e-040   1.13863e-040   [0.000043,0.000004,]
[10,11,]   230   0.00224916   9.62627e-040   1.13863e-040   [0.000043,-0.000024,]
[11,11,]   231   0.00240721   1.17803e-039   2.04953e-040   [0.000028,-0.000033,]
[12,11,]   232   0.0021331   1.23601e-039   3.87133e-040   [0.000013,-0.000037,]
[13,11,]   233   0.00136395   9.16587e-040   6.60403e-040   [-0.000001,-0.000038,]
[14,11,]   234   0.000578701   5.63109e-041   1.02476e-039   [-0.000022,-0.000038,]
[15,11,]   235   0.000154459   -2.41874e-039   1.48021e-039   [-0.000074,-0.000032,]
[16,11,]   236   5.44302e-005   -4.52453e-039   2.02675e-039   [-0.000100,0.000031,]
[17,11,]   237   6.00991e-005   7.92003e-040   2.66438e-039   [-0.000044,0.000036,]
[18,11,]   238   5.15383e-005   1.39426e-039   3.3931e-039   [-0.000020,0.000021,]
[19,11,]   239   2.80118e-005   1.82027e-039   4.21291e-039   [-0.000013,0.000015,]
[0,12,]   240   2.60764e-005   2.63598e-040   4.39509e-039   [-0.000009,-0.000008,]
[1,12,]   241   5.07649e-005   3.15515e-040   3.57528e-039   [-0.000022,-0.000016,]
[2,12,]   242   8.4618e-005   7.06591e-041   2.84656e-039   [-0.000045,-0.000021,]
[3,12,]   243   0.000143918   -8.70589e-040   2.20893e-039   [-0.000063,-0.000011,]
[4,12,]   244   0.000343439   -4.00155e-040   1.66239e-039   [-0.000042,0.000007,]
[5,12,]   245   0.000888315   5.5706e-040   1.20694e-039   [-0.000018,0.000017,]
[6,12,]   246   0.00185494   1.1196e-039   8.42583e-040   [-0.000002,0.000019,]
[7,12,]   247   0.00297892   1.39701e-039   5.69313e-040   [0.000010,0.000018,]
[8,12,]   248   0.00382808   1.50162e-039   3.87133e-040   [0.000020,0.000014,]
[9,12,]   249   0.0042187   1.44187e-039   2.96043e-040   [0.000027,0.000005,]
[10,12,]   250   0.00429718   1.47103e-039   2.96043e-040   [0.000027,-0.000005,]
[11,12,]   251   0.0040068   1.52873e-039   3.87133e-040   [0.000020,-0.000014,]
[12,12,]   252   0.00314699   1.43536e-039   5.69313e-040   [0.000010,-0.000018,]
[13,12,]   253   0.001937   1.15292e-039   8.42583e-040   [-0.000001,-0.000019,]
[14,12,]   254   0.000886996   5.67159e-040   1.20694e-039   [-0.000018,-0.000018,]
[15,12,]   255   0.000301684   -5.97964e-040   1.66239e-039   [-0.000047,-0.000008,]
[16,12,]   256   0.000101445   -1.86559e-039   2.20893e-039   [-0.000071,0.000016,]
[17,12,]   257   5.86161e-005   -5.06478e-040   2.84656e-039   [-0.000052,0.000026,]
[18,12,]   258   3.97831e-005   7.11694e-040   3.57528e-039   [-0.000028,0.000019,]
[19,12,]   259   1.97811e-005   8.72758e-040   4.39509e-039   [-0.000016,0.000016,]
[0,13,]   260   1.74694e-005   -7.36303e-040   4.66836e-039   [-0.000013,-0.000008,]
[1,13,]   261   3.64578e-005   -3.69745e-040   3.84855e-039   [-0.000028,-0.000013,]
[2,13,]   262   7.23715e-005   -5.578e-040   3.11983e-039   [-0.000044,-0.000014,]
[3,13,]   263   0.000155446   -7.52978e-040   2.4822e-039   [-0.000047,-0.000006,]
[4,13,]   264   0.000392252   -2.08884e-040   1.93566e-039   [-0.000031,0.000004,]
[5,13,]   265   0.000960898   4.72141e-040   1.48021e-039   [-0.000014,0.000009,]
[6,13,]   266   0.00195682   9.53804e-040   1.11585e-039   [-0.000001,0.000011,]
[7,13,]   267   0.00320088   1.22052e-039   8.42583e-040   [0.000008,0.000010,]
[8,13,]   268   0.00430023   1.33359e-039   6.60403e-040   [0.000015,0.000008,]
[9,13,]   269   0.00494179   1.38682e-039   5.69313e-040   [0.000019,0.000003,]
[10,13,]   270   0.00500367   1.40006e-039   5.69313e-040   [0.000019,-0.000003,]
[11,13,]   271   0.00443944   1.35961e-039   6.60403e-040   [0.000015,-0.000007,]
[12,13,]   272   0.00332972   1.24904e-039   8.42583e-040   [0.000008,-0.000010,]
[13,13,]   273   0.00201782   9.78652e-040   1.11585e-039   [-0.000001,-0.000011,]
[14,13,]   274   0.000956406   4.81382e-040   1.48021e-039   [-0.000014,-0.000010,]
[15,13,]   275   0.000357029   -2.97809e-040   1.93566e-039   [-0.000034,-0.000004,]
[16,13,]   276   0.000120202   -1.27172e-039   2.4822e-039   [-0.000054,0.000009,]
[17,13,]   277   5.08082e-005   -1.18075e-039   3.11983e-039   [-0.000051,0.000018,]
[18,13,]   278   2.71585e-005   -9.79142e-041   3.84855e-039   [-0.000032,0.000017,]
[19,13,]   279   1.20943e-005   -3.51186e-040   4.66836e-039   [-0.000018,0.000015,]
[0,14,]   280   9.8989e-006   -1.73866e-039   5.03272e-039   [-0.000016,-0.000007,]
[1,14,]   281   2.2148e-005   -1.0657e-039   4.21291e-039   [-0.000032,-0.000011,]
[2,14,]   282   5.04295e-005   -1.07654e-039   3.48419e-039   [-0.000041,-0.000010,]
[3,14,]   283   0.000123215   -9.68243e-040   2.84656e-039   [-0.000038,-0.000004,]
[4,14,]   284   0.000320444   -4.07744e-040   2.30002e-039   [-0.000024,0.000002,]
[5,14,]   285   0.00077004   1.93432e-040   1.84457e-039   [-0.000011,0.000006,]
[6,14,]   286   0.00155139   6.2842e-040   1.48021e-039   [-0.000001,0.000007,]
[7,14,]   287   0.00256038   8.92533e-040   1.20694e-039   [0.000007,0.000007,]
[8,14,]   288   0.00350836   1.0266e-039   1.02476e-039   [0.000012,0.000005,]
[9,14,]   289   0.00409023   1.07882e-039   9.33673e-040   [0.000015,0.000002,]
[10,14,]   290   0.00412693   1.08502e-039   9.33673e-040   [0.000015,-0.000002,]
[11,14,]   291   0.00359222   1.0441e-039   1.02476e-039   [0.000012,-0.000005,]
[12,14,]   292   0.00263776   9.14478e-040   1.20694e-039   [0.000007,-0.000007,]
[13,14,]   293   0.00158702   6.48262e-040   1.48021e-039   [-0.000001,-0.000007,]
[14,14,]   294   0.000765427   1.98669e-040   1.84457e-039   [-0.000011,-0.000006,]
[15,14,]   295   0.000297364   -4.7452e-040   2.30002e-039   [-0.000026,-0.000002,]
[16,14,]   296   0.000100878   -1.27868e-039   2.84656e-039   [-0.000043,0.000006,]
[17,14,]   297   3.67198e-005   -1.61023e-039   3.48419e-039   [-0.000047,0.000013,]
[18,14,]   298   1.61287e-005   -9.06271e-040   4.21291e-039   [-0.000034,0.000014,]
[19,14,]   299   6.37539e-006   -1.64369e-039   5.03272e-039   [-0.000019,0.000014,]
[0,15,]   300   4.72533e-006   -2.73064e-039   5.48817e-039   [-0.000019,-0.000007,]
[1,15,]   301   1.12942e-005   -1.77222e-039   4.66836e-039   [-0.000033,-0.000010,]
[2,15,]   302   2.85634e-005   -1.60768e-039   3.93964e-039   [-0.000037,-0.000008,]
[3,15,]   303   7.55448e-005   -1.32404e-039   3.30201e-039   [-0.000032,-0.000003,]
[4,15,]   304   0.000200066   -7.65153e-040   2.75547e-039   [-0.000020,0.000001,]
[5,15,]   305   0.000476632   -2.14186e-040   2.30002e-039   [-0.000009,0.000004,]
[6,15,]   306   0.000955423   1.96384e-040   1.93566e-039   [-0.000001,0.000005,]
[7,15,]   307   0.00158454   4.60056e-040   1.66239e-039   [0.000005,0.000004,]
[8,15,]   308   0.00219323   6.05548e-040   1.48021e-039   [0.000010,0.000003,]
[9,15,]   309   0.00257507   6.68838e-040   1.38912e-039   [0.000012,0.000001,]
[10,15,]   310   0.00259267   6.73594e-040   1.38912e-039   [0.000012,-0.000001,]
[11,15,]   311   0.00223336   6.1797e-040   1.48021e-039   [0.000010,-0.000003,]
[12,15,]   312   0.00162131   4.7608e-040   1.66239e-039   [0.000005,-0.000005,]
[13,15,]   313   0.000971765   2.11141e-040   1.93566e-039   [-0.000001,-0.000005,]
[14,15,]   314   0.000473381   -2.11438e-040   2.30002e-039   [-0.000009,-0.000004,]
[15,15,]   315   0.000188026   -8.14467e-040   2.75547e-039   [-0.000021,-0.000002,]
[16,15,]   316   6.41868e-005   -1.53995e-039   3.30201e-039   [-0.000035,0.000004,]
[17,15,]   317   2.16183e-005   -2.03842e-039   3.93964e-039   [-0.000042,0.000010,]
[18,15,]   318   8.20541e-006   -1.67715e-039   4.66836e-039   [-0.000033,0.000012,]
[19,15,]   319   2.88881e-006   -2.89042e-039   5.48817e-039   [-0.000020,0.000012,]
[0,16,]   320   1.8959e-006   -3.71994e-039   6.03471e-039   [-0.000020,-0.000006,]
[1,16,]   321   4.81398e-006   -2.50593e-039   5.2149e-039   [-0.000033,-0.000008,]
[2,16,]   322   1.31906e-005   -2.19568e-039   4.48618e-039   [-0.000033,-0.000006,]
[3,16,]   323   3.67584e-005   -1.8065e-039   3.84855e-039   [-0.000027,-0.000002,]
[4,16,]   324   9.8536e-005   -1.25009e-039   3.30201e-039   [-0.000017,0.000001,]
[5,16,]   325   0.000233776   -7.27945e-040   2.84656e-039   [-0.000008,0.000003,]
[6,16,]   326   0.00046739   -3.32304e-040   2.4822e-039   [-0.000001,0.000004,]
[7,16,]   327   0.000777451   -6.85533e-041   2.20893e-039   [0.000005,0.000003,]
[8,16,]   328   0.00108233   8.478e-041   2.02675e-039   [0.000009,0.000002,]
[9,16,]   329   0.00127556   1.54042e-040   1.93566e-039   [0.000010,0.000001,]
[10,16,]   330   0.00128228   1.5703e-040   1.93566e-039   [0.000010,-0.000001,]
[11,16,]   331   0.00109763   9.28559e-041   2.02675e-039   [0.000008,-0.000002,]
[12,16,]   332   0.000791315   -5.77121e-041   2.20893e-039   [0.000005,-0.000003,]
[13,16,]   333   0.000473237   -3.22258e-040   2.4822e-039   [-0.000001,-0.000004,]
[14,16,]   334   0.000231992   -7.2751e-040   2.84656e-039   [-0.000008,-0.000003,]
[15,16,]   335   9.34215e-005   -1.28909e-039   3.30201e-039   [-0.000018,-0.000001,]
[16,16,]   336   3.20629e-005   -1.96483e-039   3.84855e-039   [-0.000030,0.000003,]
[17,16,]   337   1.03369e-005   -2.53972e-039   4.48618e-039   [-0.000038,0.000007,]
[18,16,]   338   3.53395e-006   -2.43316e-039   5.2149e-039   [-0.000032,0.000010,]
[19,16,]   339   1.12157e-006   -4.06492e-039   6.03471e-039   [-0.000020,0.000011,]
[0,17,]   340   6.37731e-007   -4.73804e-039   6.67234e-039   [-0.000021,-0.000006,]
[1,17,]   341   1.70992e-006   -3.2968e-039   5.85253e-039   [-0.000033,-0.000007,]
[2,17,]   342   4.98455e-006   -2.86946e-039   5.12381e-039   [-0.000030,-0.000005,]
[3,17,]   343   1.44083e-005   -2.41041e-039   4.48618e-039   [-0.000024,-0.000002,]
[4,17,]   344   3.89636e-005   -1.85562e-039   3.93964e-039   [-0.000015,0.000001,]
[5,17,]   345   9.22523e-005   -1.35155e-039   3.48419e-039   [-0.000007,0.000002,]
[6,17,]   346   0.000184181   -9.65386e-040   3.11983e-039   [-0.000001,0.000003,]
[7,17,]   347   0.000306954   -7.01401e-040   2.84656e-039   [0.000004,0.000003,]
[8,17,]   348   0.000428841   -5.4295e-040   2.66438e-039   [0.000007,0.000002,]
[9,17,]   349   0.000506497   -4.69675e-040   2.57329e-039   [0.000009,0.000001,]
[10,17,]   350   0.000508542   -4.68094e-040   2.57329e-039   [0.000009,-0.000001,]
[11,17,]   351   0.00043347   -5.38589e-040   2.66438e-039   [0.000007,-0.000002,]
[12,17,]   352   0.000311078   -6.95321e-040   2.84656e-039   [0.000004,-0.000002,]
[13,17,]   353   0.000185773   -9.5982e-040   3.11983e-039   [-0.000001,-0.000003,]
[14,17,]   354   9.14643e-005   -1.35326e-039   3.48419e-039   [-0.000007,-0.000002,]
[15,17,]   355   3.71775e-005   -1.88705e-039   3.93964e-039   [-0.000016,-0.000001,]
[16,17,]   356   1.28176e-005   -2.5302e-039   4.48618e-039   [-0.000026,0.000002,]
[17,17,]   357   4.02562e-006   -3.1431e-039   5.12381e-039   [-0.000034,0.000006,]
[18,17,]   358   1.27746e-006   -3.21983e-039   5.85253e-039   [-0.000030,0.000008,]
[19,17,]   359   3.71295e-007   -5.19823e-039   6.67234e-039   [-0.000020,0.000010,]
[0,18,]   360   1.79976e-007   -5.78214e-039   7.40106e-039   [-0.000022,-0.000001,]
[1,18,]   361   5.06347e-007   -4.12947e-039   6.58125e-039   [-0.000032,-0.000003,]
[2,18,]   362   1.54925e-006   -3.61894e-039   5.85253e-039   [-0.000027,-0.000001,]
[3,18,]   363   4.59991e-006   -3.12776e-039   5.2149e-039   [-0.000021,0.000001,]
[4,18,]   364   1.25236e-005   -2.58812e-039   4.66836e-039   [-0.000013,0.000003,]
[5,18,]   365   2.96249e-005   -2.1045e-039   4.21291e-039   [-0.000006,0.000004,]
[6,18,]   366   5.91014e-005   -1.72769e-039   3.84855e-039   [-0.000001,0.000004,]
[7,18,]   367   9.86262e-005   -1.46192e-039   3.57528e-039   [0.000004,0.000004,]
[8,18,]   368   0.000138101   -1.29509e-039   3.3931e-039   [0.000007,0.000003,]
[9,18,]   369   0.000163314   -1.21242e-039   3.30201e-039   [0.000008,0.000002,]
[10,18,]   370   0.000163803   -1.2047e-039   3.30201e-039   [0.000008,0.000001,]
[11,18,]   371   0.000139198   -1.27337e-039   3.3931e-039   [0.000006,0.000001,]
[12,18,]   372   9.95744e-005   -1.43034e-039   3.57528e-039   [0.000004,0.000000,]
[13,18,]   373   5.94079e-005   -1.69347e-039   3.84855e-039   [-0.000001,-0.000000,]
[14,18,]   374   2.93407e-005   -2.0808e-039   4.21291e-039   [-0.000006,0.000000,]
[15,18,]   375   1.20069e-005   -2.6031e-039   4.66836e-039   [-0.000014,0.000001,]
[16,18,]   376   4.1559e-006   -3.23958e-039   5.2149e-039   [-0.000023,0.000003,]
[17,18,]   377   1.28427e-006   -3.89766e-039   5.85253e-039   [-0.000031,0.000007,]
[18,18,]   378   3.86405e-007   -4.13347e-039   6.58125e-039   [-0.000028,0.000010,]
[19,18,]   379   1.04554e-007   -6.41164e-039   7.40106e-039   [-0.000019,0.000012,]
[0,19,]   380   4.24427e-008   -8.52012e-039   8.22087e-039   [-0.000022,0.000003,]
[1,19,]   381   1.2333e-007   -6.38055e-039   7.40106e-039   [-0.000033,0.000001,]
[2,19,]   382   3.94137e-007   -5.49545e-039   6.67234e-039   [-0.000026,0.000002,]
[3,19,]   383   1.20698e-006   -4.78831e-039   6.03471e-039   [-0.000019,0.000003,]
[4,19,]   384   3.33553e-006   -4.18884e-039   5.48817e-039   [-0.000012,0.000004,]
[5,19,]   385   7.93411e-006   -3.7063e-039   5.03272e-039   [-0.000006,0.000005,]
[6,19,]   386   1.58544e-005   -3.33295e-039   4.66836e-039   [-0.000001,0.000006,]
[7,19,]   387   2.64547e-005   -3.05861e-039   4.39509e-039   [0.000003,0.000005,]
[8,19,]   388   3.69799e-005   -2.87868e-039   4.21291e-039   [0.000006,0.000005,]
[9,19,]   389   4.35674e-005   -2.79163e-039   4.12182e-039   [0.000007,0.000004,]
[10,19,]   390   4.34508e-005   -2.79616e-039   4.12182e-039   [0.000007,0.000003,]
[11,19,]   391   3.66888e-005   -2.89004e-039   4.21291e-039   [0.000006,0.000003,]
[12,19,]   392   2.61112e-005   -3.07107e-039   4.39509e-039   [0.000003,0.000002,]
[13,19,]   393   1.55538e-005   -3.33926e-039   4.66836e-039   [-0.000001,0.000002,]
[14,19,]   394   7.71162e-006   -3.69846e-039   5.03272e-039   [-0.000006,0.000002,]
[15,19,]   395   3.18817e-006   -4.15838e-039   5.48817e-039   [-0.000012,0.000003,]
[16,19,]   396   1.11915e-006   -4.73503e-039   6.03471e-039   [-0.000020,0.000005,]
[17,19,]   397   3.48194e-007   -5.46435e-039   6.67234e-039   [-0.000027,0.000008,]
[18,19,]   398   1.02765e-007   -6.09618e-039   7.40106e-039   [-0.000025,0.000012,]
[19,19,]   399   2.67799e-008   -8.90961e-039   8.22087e-039   [-0.000017,0.000015,]
