coordinates  index   rho      Q      V    velocities 
[0,0,]   0   2.8409e-008   -8.80715e-039   8.22087e-039   [0.000030,-0.000002,]
[1,0,]   1   1.056e-007   -6.09031e-039   7.40106e-039   [0.000025,-0.000002,]
[2,0,]   2   3.54866e-007   -5.4632e-039   6.67234e-039   [0.000027,0.000000,]
[3,0,]   3   1.13795e-006   -4.73516e-039   6.03471e-039   [0.000020,0.000003,]
[4,0,]   4   3.24024e-006   -4.15716e-039   5.48817e-039   [0.000012,0.000004,]
[5,0,]   5   7.83842e-006   -3.69493e-039   5.03272e-039   [0.000006,0.000005,]
[6,0,]   6   1.58106e-005   -3.33454e-039   4.66836e-039   [0.000001,0.000006,]
[7,0,]   7   2.65388e-005   -3.06639e-039   4.39509e-039   [-0.000003,0.000005,]
[8,0,]   8   3.72801e-005   -2.88609e-039   4.21291e-039   [-0.000006,0.000005,]
[9,0,]   9   4.41402e-005   -2.79295e-039   4.12182e-039   [-0.000007,0.000004,]
[10,0,]   10   4.42529e-005   -2.78864e-039   4.12182e-039   [-0.000007,0.000003,]
[11,0,]   11   3.75621e-005   -2.87532e-039   4.21291e-039   [-0.000006,0.000003,]
[12,0,]   12   2.68728e-005   -3.05466e-039   4.39509e-039   [-0.000003,0.000002,]
[13,0,]   13   1.61047e-005   -3.32874e-039   4.66836e-039   [0.000001,0.000002,]
[14,0,]   14   8.05792e-006   -3.7026e-039   5.03272e-039   [0.000006,0.000002,]
[15,0,]   15   3.38675e-006   -4.186e-039   5.48817e-039   [0.000012,0.000003,]
[16,0,]   16   1.2257e-006   -4.78458e-039   6.03471e-039   [0.000019,0.000005,]
[17,0,]   17   4.00836e-007   -5.47679e-039   6.67234e-039   [0.000026,0.000007,]
[18,0,]   18   1.25281e-007   -6.3384e-039   7.40106e-039   [0.000033,0.000009,]
[19,0,]   19   4.22895e-008   -8.50358e-039   8.22087e-039   [0.000033,0.000010,]
[0,1,]   20   1.08096e-007   -6.39242e-039   7.40106e-039   [0.000030,-0.000012,]
[1,1,]   21   3.9023e-007   -4.15628e-039   6.58125e-039   [0.000028,-0.000010,]
[2,1,]   22   1.29061e-006   -3.90915e-039   5.85253e-039   [0.000031,-0.000007,]
[3,1,]   23   4.17022e-006   -3.24861e-039   5.2149e-039   [0.000023,-0.000003,]
[4,1,]   24   1.20393e-005   -2.61284e-039   4.66836e-039   [0.000014,-0.000001,]
[5,1,]   25   2.94097e-005   -2.09088e-039   4.21291e-039   [0.000006,-0.000000,]
[6,1,]   26   5.95388e-005   -1.70362e-039   3.84855e-039   [0.000001,0.000000,]
[7,1,]   27   9.97882e-005   -1.44043e-039   3.57528e-039   [-0.000004,0.000000,]
[8,1,]   28   0.000139496   -1.28333e-039   3.3931e-039   [-0.000006,-0.000001,]
[9,1,]   29   0.000164159   -1.21449e-039   3.30201e-039   [-0.000008,-0.000001,]
[10,1,]   30   0.000163679   -1.22202e-039   3.30201e-039   [-0.000008,-0.000002,]
[11,1,]   31   0.00013842   -1.30455e-039   3.3931e-039   [-0.000007,-0.000003,]
[12,1,]   32   9.88571e-005   -1.47128e-039   3.57528e-039   [-0.000004,-0.000004,]
[13,1,]   33   5.92372e-005   -1.73705e-039   3.84855e-039   [0.000001,-0.000004,]
[14,1,]   34   2.96877e-005   -2.11401e-039   4.21291e-039   [0.000006,-0.000004,]
[15,1,]   35   1.25455e-005   -2.59814e-039   4.66836e-039   [0.000013,-0.000003,]
[16,1,]   36   4.60534e-006   -3.13915e-039   5.2149e-039   [0.000021,-0.000001,]
[17,1,]   37   1.5503e-006   -3.62567e-039   5.85253e-039   [0.000027,0.000002,]
[18,1,]   38   5.04901e-007   -4.12727e-039   6.58125e-039   [0.000032,0.000003,]
[19,1,]   39   1.76227e-007   -5.80742e-039   7.40106e-039   [0.000031,0.000002,]
[0,2,]   40   3.81776e-007   -5.17523e-039   6.67234e-039   [0.000029,-0.000010,]
[1,2,]   41   1.28669e-006   -3.23504e-039   5.85253e-039   [0.000030,-0.000008,]
[2,2,]   42   4.03725e-006   -3.14809e-039   5.12381e-039   [0.000034,-0.000006,]
[3,2,]   43   1.28362e-005   -2.53268e-039   4.48618e-039   [0.000026,-0.000002,]
[4,2,]   44   3.71994e-005   -1.89032e-039   3.93964e-039   [0.000016,0.000001,]
[5,2,]   45   9.14773e-005   -1.35686e-039   3.48419e-039   [0.000007,0.000002,]
[6,2,]   46   0.000185764   -9.63503e-040   3.11983e-039   [0.000001,0.000003,]
[7,2,]   47   0.000311045   -6.99004e-040   2.84656e-039   [-0.000004,0.000002,]
[8,2,]   48   0.000433436   -5.42239e-040   2.66438e-039   [-0.000007,0.000002,]
[9,2,]   49   0.000508538   -4.71703e-040   2.57329e-039   [-0.000009,0.000001,]
[10,2,]   50   0.000506539   -4.73254e-040   2.57329e-039   [-0.000009,-0.000001,]
[11,2,]   51   0.00042891   -5.46518e-040   2.66438e-039   [-0.000007,-0.000002,]
[12,2,]   52   0.000307012   -7.04974e-040   2.84656e-039   [-0.000004,-0.000003,]
[13,2,]   53   0.000184206   -9.68975e-040   3.11983e-039   [0.000001,-0.000003,]
[14,2,]   54   9.22468e-005   -1.35522e-039   3.48419e-039   [0.000007,-0.000002,]
[15,2,]   55   3.89449e-005   -1.85962e-039   3.93964e-039   [0.000015,-0.000001,]
[16,2,]   56   1.4391e-005   -2.41557e-039   4.48618e-039   [0.000024,0.000002,]
[17,2,]   57   4.97452e-006   -2.86988e-039   5.12381e-039   [0.000030,0.000005,]
[18,2,]   58   1.7001e-006   -3.28925e-039   5.85253e-039   [0.000033,0.000007,]
[19,2,]   59   6.23444e-007   -4.75828e-039   6.67234e-039   [0.000030,0.000006,]
[0,3,]   60   1.14992e-006   -4.04368e-039   6.03471e-039   [0.000028,-0.000011,]
[1,3,]   61   3.5594e-006   -2.4423e-039   5.2149e-039   [0.000032,-0.000010,]
[2,3,]   62   1.03707e-005   -2.53956e-039   4.48618e-039   [0.000038,-0.000007,]
[3,3,]   63   3.2117e-005   -1.96315e-039   3.84855e-039   [0.000030,-0.000003,]
[4,3,]   64   9.34806e-005   -1.28876e-039   3.30201e-039   [0.000018,0.000001,]
[5,3,]   65   0.000232013   -7.27609e-040   2.84656e-039   [0.000008,0.000003,]
[6,3,]   66   0.000473173   -3.22441e-040   2.4822e-039   [0.000001,0.000004,]
[7,3,]   67   0.000791162   -5.79016e-041   2.20893e-039   [-0.000005,0.000003,]
[8,3,]   68   0.00109746   9.26965e-041   2.02675e-039   [-0.000008,0.000002,]
[9,3,]   69   0.00128221   1.56937e-040   1.93566e-039   [-0.000010,0.000001,]
[10,3,]   70   0.00127564   1.5402e-040   1.93566e-039   [-0.000010,-0.000001,]
[11,3,]   71   0.00108251   8.48181e-041   2.02675e-039   [-0.000009,-0.000002,]
[12,3,]   72   0.000777613   -6.84769e-041   2.20893e-039   [-0.000005,-0.000003,]
[13,3,]   73   0.000467459   -3.32239e-040   2.4822e-039   [0.000001,-0.000004,]
[14,3,]   74   0.000233757   -7.2802e-040   2.84656e-039   [0.000008,-0.000003,]
[15,3,]   75   9.84789e-005   -1.25063e-039   3.30201e-039   [0.000017,-0.000001,]
[16,3,]   76   3.67058e-005   -1.8084e-039   3.84855e-039   [0.000027,0.000002,]
[17,3,]   77   1.31596e-005   -2.19302e-039   4.48618e-039   [0.000033,0.000006,]
[18,3,]   78   4.78585e-006   -2.4959e-039   5.2149e-039   [0.000033,0.000008,]
[19,3,]   79   1.85702e-006   -3.73238e-039   6.03471e-039   [0.000028,0.000007,]
[0,4,]   80   2.95086e-006   -2.87766e-039   5.48817e-039   [0.000027,-0.000012,]
[1,4,]   81   8.26237e-006   -1.68492e-039   4.66836e-039   [0.000033,-0.000012,]
[2,4,]   82   2.16988e-005   -2.03651e-039   3.93964e-039   [0.000042,-0.000010,]
[3,4,]   83   6.43179e-005   -1.53736e-039   3.30201e-039   [0.000035,-0.000004,]
[4,4,]   84   0.000188165   -8.14011e-040   2.75547e-039   [0.000021,0.000002,]
[5,4,]   85   0.00047342   -2.11505e-040   2.30002e-039   [0.000009,0.000004,]
[6,4,]   86   0.000971583   2.10978e-040   1.93566e-039   [0.000001,0.000005,]
[7,4,]   87   0.00162089   4.75908e-040   1.66239e-039   [-0.000005,0.000005,]
[8,4,]   88   0.00223292   6.17839e-040   1.48021e-039   [-0.000010,0.000003,]
[9,4,]   89   0.00259247   6.73522e-040   1.38912e-039   [-0.000012,0.000001,]
[10,4,]   90   0.00257528   6.68876e-040   1.38912e-039   [-0.000012,-0.000001,]
[11,4,]   91   0.0021937   6.05701e-040   1.48021e-039   [-0.000010,-0.000003,]
[12,4,]   92   0.00158497   4.60247e-040   1.66239e-039   [-0.000005,-0.000004,]
[13,4,]   93   0.000955612   1.96555e-040   1.93566e-039   [0.000001,-0.000005,]
[14,4,]   94   0.000476596   -2.14192e-040   2.30002e-039   [0.000009,-0.000004,]
[15,4,]   95   0.000199932   -7.65785e-040   2.75547e-039   [0.000020,-0.000001,]
[16,4,]   96   7.54176e-005   -1.32639e-039   3.30201e-039   [0.000032,0.000003,]
[17,4,]   97   2.84867e-005   -1.60585e-039   3.93964e-039   [0.000037,0.000008,]
[18,4,]   98   1.12291e-005   -1.76399e-039   4.66836e-039   [0.000033,0.000010,]
[19,4,]   99   4.64035e-006   -2.73958e-039   5.48817e-039   [0.000025,0.000007,]
[0,5,]   100   6.48218e-006   -1.64031e-039   5.03272e-039   [0.000024,-0.000014,]
[1,5,]   101   1.62294e-005   -9.13354e-040   4.21291e-039   [0.000034,-0.000014,]
[2,5,]   102   3.68739e-005   -1.60612e-039   3.48419e-039   [0.000047,-0.000013,]
[3,5,]   103   0.000101137   -1.27469e-039   2.84656e-039   [0.000042,-0.000006,]
[4,5,]   104   0.000297633   -4.73879e-040   2.30002e-039   [0.000026,0.000002,]
[5,5,]   105   0.00076548   1.9851e-040   1.84457e-039   [0.000011,0.000006,]
[6,5,]   106   0.00158662   6.48025e-040   1.48021e-039   [0.000001,0.000007,]
[7,5,]   107   0.00263689   9.14233e-040   1.20694e-039   [-0.000007,0.000007,]
[8,5,]   108   0.00359127   1.04387e-039   1.02476e-039   [-0.000012,0.000005,]
[9,5,]   109   0.00412653   1.08495e-039   9.33673e-040   [-0.000015,0.000002,]
[10,5,]   110   0.00409066   1.07886e-039   9.33673e-040   [-0.000015,-0.000002,]
[11,5,]   111   0.00350932   1.02675e-039   1.02476e-039   [-0.000012,-0.000005,]
[12,5,]   112   0.00256127   8.92775e-040   1.20694e-039   [-0.000007,-0.000007,]
[13,5,]   113   0.0015518   6.28625e-040   1.48021e-039   [0.000001,-0.000007,]
[14,5,]   114   0.000769987   1.9338e-040   1.84457e-039   [0.000011,-0.000006,]
[15,5,]   115   0.000320188   -4.08611e-040   2.30002e-039   [0.000024,-0.000002,]
[16,5,]   116   0.000122965   -9.71384e-040   2.84656e-039   [0.000038,0.000004,]
[17,5,]   117   5.02743e-005   -1.07603e-039   3.48419e-039   [0.000041,0.000010,]
[18,5,]   118   2.20271e-005   -1.05955e-039   4.21291e-039   [0.000031,0.000011,]
[19,5,]   119   9.75295e-006   -1.74411e-039   5.03272e-039   [0.000021,0.000007,]
[0,6,]   120   1.22304e-005   -3.55694e-040   4.66836e-039   [0.000021,-0.000015,]
[1,6,]   121   2.72935e-005   -1.04928e-040   3.84855e-039   [0.000032,-0.000017,]
[2,6,]   122   5.10364e-005   -1.1752e-039   3.11983e-039   [0.000051,-0.000018,]
[3,6,]   123   0.000120618   -1.26409e-039   2.4822e-039   [0.000054,-0.000009,]
[4,6,]   124   0.000357448   -2.9777e-040   1.93566e-039   [0.000034,0.000004,]
[5,6,]   125   0.000956462   4.8114e-040   1.48021e-039   [0.000014,0.000010,]
[6,6,]   126   0.00201713   9.78357e-040   1.11585e-039   [0.000001,0.000011,]
[7,6,]   127   0.00332826   1.24871e-039   8.42583e-040   [-0.000008,0.000010,]
[8,6,]   128   0.0044379   1.35929e-039   6.60403e-040   [-0.000015,0.000007,]
[9,6,]   129   0.00500299   1.39908e-039   5.69313e-040   [-0.000019,0.000003,]
[10,6,]   130   0.00494257   1.38623e-039   5.69313e-040   [-0.000019,-0.000003,]
[11,6,]   131   0.00430188   1.3339e-039   6.60403e-040   [-0.000015,-0.000008,]
[12,6,]   132   0.00320236   1.22084e-039   8.42583e-040   [-0.000008,-0.000010,]
[13,6,]   133   0.00195752   9.54079e-040   1.11585e-039   [0.000001,-0.000011,]
[14,6,]   134   0.000960854   4.72179e-040   1.48021e-039   [0.000014,-0.000009,]
[15,6,]   135   0.000391873   -2.10495e-040   1.93566e-039   [0.000031,-0.000004,]
[16,6,]   136   0.000155055   -7.58393e-040   2.4822e-039   [0.000048,0.000006,]
[17,6,]   137   7.21168e-005   -5.59456e-040   3.11983e-039   [0.000044,0.000014,]
[18,6,]   138   3.6283e-005   -3.65649e-040   3.84855e-039   [0.000028,0.000013,]
[19,6,]   139   1.72837e-005   -7.37969e-040   4.66836e-039   [0.000016,0.000008,]
[0,7,]   140   1.98884e-005   8.65374e-040   4.39509e-039   [0.000017,-0.000016,]
[1,7,]   141   3.99087e-005   7.05477e-040   3.57528e-039   [0.000028,-0.000019,]
[2,7,]   142   5.88611e-005   -5.04782e-040   2.84656e-039   [0.000052,-0.000026,]
[3,7,]   143   0.00010197   -1.84613e-039   2.20893e-039   [0.000071,-0.000016,]
[4,7,]   144   0.000302279   -5.93099e-040   1.66239e-039   [0.000047,0.000008,]
[5,7,]   145   0.000887024   5.66462e-040   1.20694e-039   [0.000018,0.000018,]
[6,7,]   146   0.00193606   1.15246e-039   8.42583e-040   [0.000001,0.000019,]
[7,7,]   147   0.0031451   1.43489e-039   5.69313e-040   [-0.000010,0.000018,]
[8,7,]   148   0.00400492   1.52772e-039   3.87133e-040   [-0.000020,0.000014,]
[9,7,]   149   0.00429748   1.47215e-039   2.96043e-040   [-0.000027,0.000005,]
[10,7,]   150   0.00422083   1.44433e-039   2.96043e-040   [-0.000027,-0.000005,]
[11,7,]   151   0.00383023   1.50125e-039   3.87133e-040   [-0.000020,-0.000014,]
[12,7,]   152   0.00298085   1.39741e-039   5.69313e-040   [-0.000010,-0.000018,]
[13,7,]   153   0.00185586   1.11992e-039   8.42583e-040   [0.000002,-0.000019,]
[14,7,]   154   0.000888299   5.56737e-040   1.20694e-039   [0.000018,-0.000017,]
[15,7,]   155   0.000343073   -3.99882e-040   1.66239e-039   [0.000042,-0.000007,]
[16,7,]   156   0.000143491   -8.77094e-040   2.20893e-039   [0.000063,0.000011,]
[17,7,]   157   8.42894e-005   6.50821e-041   2.84656e-039   [0.000045,0.000021,]
[18,7,]   158   5.05827e-005   3.18437e-040   3.57528e-039   [0.000022,0.000016,]
[19,7,]   159   2.5928e-005   2.66257e-040   4.39509e-039   [0.000010,0.000008,]
[0,8,]   160   2.80131e-005   1.81652e-039   4.21291e-039   [0.000012,-0.000015,]
[1,8,]   161   5.15971e-005   1.39095e-039   3.3931e-039   [0.000020,-0.000021,]
[2,8,]   162   6.02726e-005   7.84119e-040   2.66438e-039   [0.000043,-0.000036,]
[3,8,]   163   5.48409e-005   -4.46561e-039   2.02675e-039   [0.000100,-0.000031,]
[4,8,]   164   0.000154925   -2.39622e-039   1.48021e-039   [0.000074,0.000032,]
[5,8,]   165   0.000578603   5.43863e-041   1.02476e-039   [0.000022,0.000038,]
[6,8,]   166   0.00136294   9.14567e-040   6.60403e-040   [0.000001,0.000038,]
[7,8,]   167   0.00213116   1.23309e-039   3.87133e-040   [-0.000013,0.000037,]
[8,8,]   168   0.00240534   1.17629e-039   2.04953e-040   [-0.000028,0.000033,]
[9,8,]   169   0.00224915   9.70218e-040   1.13863e-040   [-0.000043,0.000024,]
[10,8,]   170   0.00218563   9.6315e-040   1.13863e-040   [-0.000043,-0.000004,]
[11,8,]   171   0.00222592   9.63554e-040   2.04953e-040   [-0.000029,-0.000033,]
[12,8,]   172   0.00196524   1.04447e-039   3.87133e-040   [-0.000013,-0.000038,]
[13,8,]   173   0.00127942   7.68311e-040   6.60403e-040   [0.000003,-0.000039,]
[14,8,]   174   0.000571176   -8.71504e-041   1.02476e-039   [0.000023,-0.000036,]
[15,8,]   175   0.000188334   -1.65829e-039   1.48021e-039   [0.000065,-0.000011,]
[16,8,]   176   8.98927e-005   -1.83302e-039   2.02675e-039   [0.000088,0.000033,]
[17,8,]   177   8.17708e-005   9.56887e-040   2.66438e-039   [0.000039,0.000029,]
[18,8,]   178   6.05462e-005   9.9102e-040   3.3931e-039   [0.000014,0.000018,]
[19,8,]   179   3.31298e-005   1.21918e-039   4.21291e-039   [0.000004,0.000009,]
[0,9,]   180   3.43467e-005   2.28525e-039   4.12182e-039   [0.000007,-0.000013,]
[1,9,]   181   5.96277e-005   1.66145e-039   3.30201e-039   [0.000008,-0.000021,]
[2,9,]   182   6.07797e-005   2.08076e-039   2.57329e-039   [0.000024,-0.000041,]
[3,9,]   183   2.23863e-005   -1.04896e-038   1.93566e-039   [0.000114,-0.000101,]
[4,9,]   184   3.39687e-005   -1.82635e-038   1.38912e-039   [0.000131,0.000123,]
[5,9,]   185   0.000284072   -2.54495e-039   9.33673e-040   [0.000005,0.000085,]
[6,9,]   186   0.000779596   -5.76977e-040   5.69313e-040   [-0.000001,0.000073,]
[7,9,]   187   0.00110811   -5.45657e-040   2.96043e-040   [-0.000009,0.000079,]
[8,9,]   188   0.000891082   -2.46202e-039   1.13863e-040   [-0.000018,0.000100,]
[9,9,]   189   0.000433146   -1.00105e-038   2.27725e-041   [-0.000089,0.000113,]
[10,9,]   190   0.000402121   -1.10987e-038   2.27725e-041   [-0.000109,-0.000093,]
[11,9,]   191   0.000800902   -3.46699e-039   1.13863e-040   [-0.000040,-0.000100,]
[12,9,]   192   0.00103633   -8.36991e-040   2.96043e-040   [-0.000009,-0.000080,]
[13,9,]   193   0.000743303   -7.76773e-040   5.69313e-040   [0.000003,-0.000074,]
[14,9,]   194   0.000276942   -2.99681e-039   9.33673e-040   [0.000026,-0.000084,]
[15,9,]   195   4.51543e-005   -1.39352e-038   1.38912e-039   [0.000126,-0.000103,]
[16,9,]   196   3.63253e-005   -5.19937e-039   1.93566e-039   [0.000078,0.000106,]
[17,9,]   197   6.90558e-005   1.78003e-039   2.57329e-039   [0.000013,0.000037,]
[18,9,]   198   6.32103e-005   1.49706e-039   3.30201e-039   [0.000003,0.000019,]
[19,9,]   199   3.64062e-005   2.01821e-039   4.12182e-039   [-0.000003,0.000011,]
[0,10,]   200   3.62559e-005   2.01742e-039   4.12182e-039   [0.000001,-0.000011,]
[1,10,]   201   6.31358e-005   1.49806e-039   3.30201e-039   [-0.000003,-0.000019,]
[2,10,]   202   6.90557e-005   1.7835e-039   2.57329e-039   [-0.000013,-0.000037,]
[3,10,]   203   3.63253e-005   -5.19935e-039   1.93566e-039   [-0.000078,-0.000106,]
[4,10,]   204   4.51544e-005   -1.39352e-038   1.38912e-039   [-0.000126,0.000103,]
[5,10,]   205   0.000276942   -2.99681e-039   9.33673e-040   [-0.000026,0.000084,]
[6,10,]   206   0.000743303   -7.76773e-040   5.69313e-040   [-0.000003,0.000074,]
[7,10,]   207   0.00103633   -8.36991e-040   2.96043e-040   [0.000009,0.000080,]
[8,10,]   208   0.000800902   -3.46699e-039   1.13863e-040   [0.000040,0.000100,]
[9,10,]   209   0.000402121   -1.10987e-038   2.27725e-041   [0.000109,0.000093,]
[10,10,]   210   0.000433146   -1.00105e-038   2.27725e-041   [0.000089,-0.000113,]
[11,10,]   211   0.000891082   -2.46202e-039   1.13863e-040   [0.000018,-0.000100,]
[12,10,]   212   0.00110811   -5.45657e-040   2.96043e-040   [0.000009,-0.000079,]
[13,10,]   213   0.000779596   -5.76977e-040   5.69313e-040   [0.000001,-0.000073,]
[14,10,]   214   0.000284072   -2.54495e-039   9.33673e-040   [-0.000005,-0.000085,]
[15,10,]   215   3.39686e-005   -1.82635e-038   1.38912e-039   [-0.000131,-0.000123,]
[16,10,]   216   2.23863e-005   -1.04897e-038   1.93566e-039   [-0.000114,0.000101,]
[17,10,]   217   6.0781e-005   2.07691e-039   2.57329e-039   [-0.000024,0.000041,]
[18,10,]   218   5.9707e-005   1.66069e-039   3.30201e-039   [-0.000008,0.000021,]
[19,10,]   219   3.45018e-005   2.28586e-039   4.12182e-039   [-0.000009,0.000013,]
[0,11,]   220   3.3087e-005   1.21959e-039   4.21291e-039   [-0.000004,-0.000009,]
[1,11,]   221   6.05265e-005   9.91958e-040   3.3931e-039   [-0.000014,-0.000018,]
[2,11,]   222   8.1771e-005   9.57814e-040   2.66438e-039   [-0.000039,-0.000029,]
[3,11,]   223   8.98928e-005   -1.83302e-039   2.02675e-039   [-0.000088,-0.000033,]
[4,11,]   224   0.000188334   -1.65829e-039   1.48021e-039   [-0.000065,0.000011,]
[5,11,]   225   0.000571176   -8.71508e-041   1.02476e-039   [-0.000023,0.000036,]
[6,11,]   226   0.00127942   7.68311e-040   6.60403e-040   [-0.000003,0.000039,]
[7,11,]   227   0.00196524   1.04447e-039   3.87133e-040   [0.000013,0.000038,]
[8,11,]   228   0.00222592   9.63554e-040   2.04953e-040   [0.000029,0.000033,]
[9,11,]   229   0.00218563   9.6315e-040   1.13863e-040   [0.000043,0.000004,]
[10,11,]   230   0.00224915   9.70218e-040   1.13863e-040   [0.000043,-0.000024,]
[11,11,]   231   0.00240534   1.17629e-039   2.04953e-040   [0.000028,-0.000033,]
[12,11,]   232   0.00213116   1.23309e-039   3.87133e-040   [0.000013,-0.000037,]
[13,11,]   233   0.00136294   9.14567e-040   6.60403e-040   [-0.000001,-0.000038,]
[14,11,]   234   0.000578603   5.43866e-041   1.02476e-039   [-0.000022,-0.000038,]
[15,11,]   235   0.000154925   -2.39622e-039   1.48021e-039   [-0.000074,-0.000032,]
[16,11,]   236   5.48409e-005   -4.46566e-039   2.02675e-039   [-0.000100,0.000031,]
[17,11,]   237   6.02735e-005   7.8262e-040   2.66438e-039   [-0.000043,0.000036,]
[18,11,]   238   5.16277e-005   1.39013e-039   3.3931e-039   [-0.000020,0.000021,]
[19,11,]   239   2.80703e-005   1.81564e-039   4.21291e-039   [-0.000013,0.000015,]
[0,12,]   240   2.59948e-005   2.67583e-040   4.39509e-039   [-0.000009,-0.000008,]
[1,12,]   241   5.06158e-005   3.1797e-040   3.57528e-039   [-0.000022,-0.000016,]
[2,12,]   242   8.42886e-005   6.3488e-041   2.84656e-039   [-0.000045,-0.000021,]
[3,12,]   243   0.000143491   -8.77071e-040   2.20893e-039   [-0.000063,-0.000011,]
[4,12,]   244   0.000343073   -3.99884e-040   1.66239e-039   [-0.000042,0.000007,]
[5,12,]   245   0.000888299   5.56738e-040   1.20694e-039   [-0.000018,0.000017,]
[6,12,]   246   0.00185586   1.11992e-039   8.42583e-040   [-0.000002,0.000019,]
[7,12,]   247   0.00298085   1.39741e-039   5.69313e-040   [0.000010,0.000018,]
[8,12,]   248   0.00383023   1.50125e-039   3.87133e-040   [0.000020,0.000014,]
[9,12,]   249   0.00422083   1.44433e-039   2.96043e-040   [0.000027,0.000005,]
[10,12,]   250   0.00429748   1.47215e-039   2.96043e-040   [0.000027,-0.000005,]
[11,12,]   251   0.00400492   1.52772e-039   3.87133e-040   [0.000020,-0.000014,]
[12,12,]   252   0.0031451   1.43489e-039   5.69313e-040   [0.000010,-0.000018,]
[13,12,]   253   0.00193606   1.15246e-039   8.42583e-040   [-0.000001,-0.000019,]
[14,12,]   254   0.000887024   5.66461e-040   1.20694e-039   [-0.000018,-0.000018,]
[15,12,]   255   0.00030228   -5.93098e-040   1.66239e-039   [-0.000047,-0.000008,]
[16,12,]   256   0.00010197   -1.8461e-039   2.20893e-039   [-0.000071,0.000016,]
[17,12,]   257   5.88601e-005   -5.03612e-040   2.84656e-039   [-0.000052,0.000026,]
[18,12,]   258   3.98884e-005   7.05754e-040   3.57528e-039   [-0.000028,0.000019,]
[19,12,]   259   1.98486e-005   8.64402e-040   4.39509e-039   [-0.000016,0.000016,]
[0,13,]   260   1.73968e-005   -7.34816e-040   4.66836e-039   [-0.000013,-0.000008,]
[1,13,]   261   3.63369e-005   -3.68156e-040   3.84855e-039   [-0.000028,-0.000013,]
[2,13,]   262   7.21148e-005   -5.62877e-040   3.11983e-039   [-0.000044,-0.000014,]
[3,13,]   263   0.000155055   -7.58334e-040   2.4822e-039   [-0.000048,-0.000006,]
[4,13,]   264   0.000391873   -2.10499e-040   1.93566e-039   [-0.000031,0.000004,]
[5,13,]   265   0.000960854   4.72181e-040   1.48021e-039   [-0.000014,0.000009,]
[6,13,]   266   0.00195752   9.54079e-040   1.11585e-039   [-0.000001,0.000011,]
[7,13,]   267   0.00320236   1.22084e-039   8.42583e-040   [0.000008,0.000010,]
[8,13,]   268   0.00430188   1.3339e-039   6.60403e-040   [0.000015,0.000008,]
[9,13,]   269   0.00494257   1.38623e-039   5.69313e-040   [0.000019,0.000003,]
[10,13,]   270   0.00500299   1.39908e-039   5.69313e-040   [0.000019,-0.000003,]
[11,13,]   271   0.0044379   1.35929e-039   6.60403e-040   [0.000015,-0.000007,]
[12,13,]   272   0.00332826   1.24871e-039   8.42583e-040   [0.000008,-0.000010,]
[13,13,]   273   0.00201713   9.78357e-040   1.11585e-039   [-0.000001,-0.000011,]
[14,13,]   274   0.000956462   4.8114e-040   1.48021e-039   [-0.000014,-0.000010,]
[15,13,]   275   0.000357448   -2.97765e-040   1.93566e-039   [-0.000034,-0.000004,]
[16,13,]   276   0.000120618   -1.264e-039   2.4822e-039   [-0.000054,0.000009,]
[17,13,]   277   5.10339e-005   -1.17205e-039   3.11983e-039   [-0.000051,0.000018,]
[18,13,]   278   2.72502e-005   -1.03005e-040   3.84855e-039   [-0.000032,0.000017,]
[19,13,]   279   1.21488e-005   -3.58844e-040   4.66836e-039   [-0.000018,0.000015,]
[0,14,]   280   9.85046e-006   -1.73912e-039   5.03272e-039   [-0.000016,-0.000007,]
[1,14,]   281   2.20728e-005   -1.06435e-039   4.21291e-039   [-0.000032,-0.000011,]
[2,14,]   282   5.02721e-005   -1.08055e-039   3.48419e-039   [-0.000041,-0.000010,]
[3,14,]   283   0.000122965   -9.71299e-040   2.84656e-039   [-0.000038,-0.000004,]
[4,14,]   284   0.000320188   -4.08618e-040   2.30002e-039   [-0.000024,0.000002,]
[5,14,]   285   0.000769987   1.93379e-040   1.84457e-039   [-0.000011,0.000006,]
[6,14,]   286   0.0015518   6.28623e-040   1.48021e-039   [-0.000001,0.000007,]
[7,14,]   287   0.00256127   8.92773e-040   1.20694e-039   [0.000007,0.000007,]
[8,14,]   288   0.00350932   1.02674e-039   1.02476e-039   [0.000012,0.000005,]
[9,14,]   289   0.00409066   1.07885e-039   9.33673e-040   [0.000015,0.000002,]
[10,14,]   290   0.00412653   1.08495e-039   9.33673e-040   [0.000015,-0.000002,]
[11,14,]   291   0.00359127   1.04387e-039   1.02476e-039   [0.000012,-0.000005,]
[12,14,]   292   0.00263689   9.14231e-040   1.20694e-039   [0.000007,-0.000007,]
[13,14,]   293   0.00158662   6.48024e-040   1.48021e-039   [-0.000001,-0.000007,]
[14,14,]   294   0.00076548   1.98507e-040   1.84457e-039   [-0.000011,-0.000006,]
[15,14,]   295   0.000297633   -4.73875e-040   2.30002e-039   [-0.000026,-0.000002,]
[16,14,]   296   0.000101136   -1.27457e-039   2.84656e-039   [-0.000042,0.000006,]
[17,14,]   297   3.68712e-005   -1.60183e-039   3.48419e-039   [-0.000047,0.000013,]
[18,14,]   298   1.61906e-005   -9.09202e-040   4.21291e-039   [-0.000034,0.000014,]
[19,14,]   299   6.41005e-006   -1.64718e-039   5.03272e-039   [-0.000019,0.000014,]
[0,15,]   300   4.69993e-006   -2.73249e-039   5.48817e-039   [-0.000019,-0.000007,]
[1,15,]   301   1.12568e-005   -1.77086e-039   4.66836e-039   [-0.000033,-0.000010,]
[2,15,]   302   2.84851e-005   -1.61097e-039   3.93964e-039   [-0.000037,-0.000008,]
[3,15,]   303   7.54177e-005   -1.32629e-039   3.30201e-039   [-0.000032,-0.000003,]
[4,15,]   304   0.000199932   -7.6579e-040   2.75547e-039   [-0.000020,0.000001,]
[5,15,]   305   0.000476597   -2.1419e-040   2.30002e-039   [-0.000009,0.000004,]
[6,15,]   306   0.000955613   1.96556e-040   1.93566e-039   [-0.000001,0.000005,]
[7,15,]   307   0.00158497   4.60248e-040   1.66239e-039   [0.000005,0.000004,]
[8,15,]   308   0.0021937   6.05702e-040   1.48021e-039   [0.000010,0.000003,]
[9,15,]   309   0.00257528   6.68877e-040   1.38912e-039   [0.000012,0.000001,]
[10,15,]   310   0.00259248   6.73523e-040   1.38912e-039   [0.000012,-0.000001,]
[11,15,]   311   0.00223292   6.1784e-040   1.48021e-039   [0.000010,-0.000003,]
[12,15,]   312   0.0016209   4.75909e-040   1.66239e-039   [0.000005,-0.000005,]
[13,15,]   313   0.000971584   2.10979e-040   1.93566e-039   [-0.000001,-0.000005,]
[14,15,]   314   0.00047342   -2.11505e-040   2.30002e-039   [-0.000009,-0.000004,]
[15,15,]   315   0.000188165   -8.14004e-040   2.75547e-039   [-0.000021,-0.000002,]
[16,15,]   316   6.43179e-005   -1.53722e-039   3.30201e-039   [-0.000035,0.000004,]
[17,15,]   317   2.1697e-005   -2.03167e-039   3.93964e-039   [-0.000042,0.000010,]
[18,15,]   318   8.23836e-006   -1.67836e-039   4.66836e-039   [-0.000033,0.000012,]
[19,15,]   319   2.90664e-006   -2.8891e-039   5.48817e-039   [-0.000020,0.000012,]
[0,16,]   320   1.88516e-006   -3.72284e-039   6.03471e-039   [-0.000021,-0.000007,]
[1,16,]   321   4.79886e-006   -2.50446e-039   5.2149e-039   [-0.000033,-0.000008,]
[2,16,]   322   1.31588e-005   -2.19844e-039   4.48618e-039   [-0.000033,-0.000006,]
[3,16,]   323   3.67058e-005   -1.80827e-039   3.84855e-039   [-0.000027,-0.000002,]
[4,16,]   324   9.8479e-005   -1.25062e-039   3.30201e-039   [-0.000017,0.000001,]
[5,16,]   325   0.000233757   -7.28009e-040   2.84656e-039   [-0.000008,0.000003,]
[6,16,]   326   0.00046746   -3.32231e-040   2.4822e-039   [-0.000001,0.000004,]
[7,16,]   327   0.000777615   -6.84684e-041   2.20893e-039   [0.000005,0.000003,]
[8,16,]   328   0.00108251   8.48286e-041   2.02675e-039   [0.000009,0.000002,]
[9,16,]   329   0.00127564   1.54034e-040   1.93566e-039   [0.000010,0.000001,]
[10,16,]   330   0.00128221   1.56954e-040   1.93566e-039   [0.000010,-0.000001,]
[11,16,]   331   0.00109746   9.27173e-041   2.02675e-039   [0.000008,-0.000002,]
[12,16,]   332   0.000791163   -5.78782e-041   2.20893e-039   [0.000005,-0.000003,]
[13,16,]   333   0.000473174   -3.22417e-040   2.4822e-039   [-0.000001,-0.000004,]
[14,16,]   334   0.000232013   -7.27588e-040   2.84656e-039   [-0.000008,-0.000003,]
[15,16,]   335   9.34808e-005   -1.28874e-039   3.30201e-039   [-0.000018,-0.000001,]
[16,16,]   336   3.2117e-005   -1.96299e-039   3.84855e-039   [-0.000030,0.000003,]
[17,16,]   337   1.03698e-005   -2.53449e-039   4.48618e-039   [-0.000038,0.000007,]
[18,16,]   338   3.548e-006   -2.43354e-039   5.2149e-039   [-0.000032,0.000010,]
[19,16,]   339   1.12905e-006   -4.05983e-039   6.03471e-039   [-0.000020,0.000011,]
[0,17,]   340   6.34054e-007   -4.74124e-039   6.67234e-039   [-0.000022,-0.000006,]
[1,17,]   341   1.70496e-006   -3.29481e-039   5.85253e-039   [-0.000033,-0.000007,]
[2,17,]   342   4.97412e-006   -2.87148e-039   5.12381e-039   [-0.000030,-0.000005,]
[3,17,]   343   1.43909e-005   -2.41167e-039   4.48618e-039   [-0.000024,-0.000002,]
[4,17,]   344   3.89448e-005   -1.85591e-039   3.93964e-039   [-0.000015,0.000001,]
[5,17,]   345   9.22467e-005   -1.35146e-039   3.48419e-039   [-0.000007,0.000002,]
[6,17,]   346   0.000184206   -9.65196e-040   3.11983e-039   [-0.000001,0.000003,]
[7,17,]   347   0.000307012   -7.01206e-040   2.84656e-039   [0.000004,0.000003,]
[8,17,]   348   0.000428909   -5.42781e-040   2.66438e-039   [0.000007,0.000002,]
[9,17,]   349   0.000506537   -4.69546e-040   2.57329e-039   [0.000009,0.000001,]
[10,17,]   350   0.000508536   -4.68001e-040   2.57329e-039   [0.000009,-0.000001,]
[11,17,]   351   0.000433433   -5.38523e-040   2.66438e-039   [0.000007,-0.000002,]
[12,17,]   352   0.000311043   -6.95267e-040   2.84656e-039   [0.000004,-0.000002,]
[13,17,]   353   0.000185762   -9.59759e-040   3.11983e-039   [-0.000001,-0.000003,]
[14,17,]   354   9.14766e-005   -1.35314e-039   3.48419e-039   [-0.000007,-0.000002,]
[15,17,]   355   3.71993e-005   -1.88662e-039   3.93964e-039   [-0.000016,-0.000001,]
[16,17,]   356   1.28362e-005   -2.52874e-039   4.48618e-039   [-0.000026,0.000002,]
[17,17,]   357   4.0369e-006   -3.13883e-039   5.12381e-039   [-0.000034,0.000006,]
[18,17,]   358   1.28237e-006   -3.21964e-039   5.85253e-039   [-0.000030,0.000008,]
[19,17,]   359   3.73878e-007   -5.19034e-039   6.67234e-039   [-0.000020,0.000010,]
[0,18,]   360   1.78934e-007   -5.78476e-039   7.40106e-039   [-0.000022,-0.000002,]
[1,18,]   361   5.05003e-007   -4.1269e-039   6.58125e-039   [-0.000032,-0.000003,]
[2,18,]   362   1.54642e-006   -3.6203e-039   5.85253e-039   [-0.000027,-0.000001,]
[3,18,]   363   4.59513e-006   -3.12836e-039   5.2149e-039   [-0.000021,0.000001,]
[4,18,]   364   1.25183e-005   -2.58767e-039   4.66836e-039   [-0.000013,0.000003,]
[5,18,]   365   2.96231e-005   -2.10358e-039   4.21291e-039   [-0.000006,0.000004,]
[6,18,]   366   5.91078e-005   -1.72663e-039   3.84855e-039   [-0.000001,0.000004,]
[7,18,]   367   9.86417e-005   -1.46089e-039   3.57528e-039   [0.000004,0.000004,]
[8,18,]   368   0.00013812   -1.29419e-039   3.3931e-039   [0.000007,0.000003,]
[9,18,]   369   0.000163327   -1.21169e-039   3.30201e-039   [0.000008,0.000002,]
[10,18,]   370   0.000163805   -1.20413e-039   3.30201e-039   [0.000008,0.000001,]
[11,18,]   371   0.000139193   -1.27293e-039   3.3931e-039   [0.000006,0.000001,]
[12,18,]   372   9.95687e-005   -1.42998e-039   3.57528e-039   [0.000004,0.000000,]
[13,18,]   373   5.94075e-005   -1.69313e-039   3.84855e-039   [-0.000001,-0.000000,]
[14,18,]   374   2.93454e-005   -2.08039e-039   4.21291e-039   [-0.000006,0.000000,]
[15,18,]   375   1.20134e-005   -2.60233e-039   4.66836e-039   [-0.000014,0.000001,]
[16,18,]   376   4.16116e-006   -3.23777e-039   5.2149e-039   [-0.000023,0.000003,]
[17,18,]   377   1.28743e-006   -3.89288e-039   5.85253e-039   [-0.000031,0.000007,]
[18,18,]   378   3.87796e-007   -4.13097e-039   6.58125e-039   [-0.000028,0.000010,]
[19,18,]   379   1.05284e-007   -6.39905e-039   7.40106e-039   [-0.000019,0.000012,]
[0,19,]   380   4.217e-008   -8.5238e-039   8.22087e-039   [-0.000022,0.000003,]
[1,19,]   381   1.23011e-007   -6.37567e-039   7.40106e-039   [-0.000033,0.000001,]
[2,19,]   382   3.93458e-007   -5.49407e-039   6.67234e-039   [-0.000026,0.000001,]
[3,19,]   383   1.20555e-006   -4.78716e-039   6.03471e-039   [-0.000019,0.000003,]
[4,19,]   384   3.33275e-006   -4.18781e-039   5.48817e-039   [-0.000012,0.000004,]
[5,19,]   385   7.92893e-006   -3.70555e-039   5.03272e-039   [-0.000006,0.000005,]
[6,19,]   386   1.58456e-005   -3.33239e-039   4.66836e-039   [-0.000001,0.000005,]
[7,19,]   387   2.64419e-005   -3.05812e-039   4.39509e-039   [0.000003,0.000005,]
[8,19,]   388   3.69644e-005   -2.87816e-039   4.21291e-039   [0.000006,0.000005,]
[9,19,]   389   4.35517e-005   -2.79101e-039   4.12182e-039   [0.000007,0.000004,]
[10,19,]   390   4.34376e-005   -2.79544e-039   4.12182e-039   [0.000007,0.000003,]
[11,19,]   391   3.66794e-005   -2.88923e-039   4.21291e-039   [0.000006,0.000003,]
[12,19,]   392   2.61058e-005   -3.07026e-039   4.39509e-039   [0.000003,0.000002,]
[13,19,]   393   1.55516e-005   -3.3385e-039   4.66836e-039   [-0.000001,0.000002,]
[14,19,]   394   7.71147e-006   -3.69785e-039   5.03272e-039   [-0.000006,0.000002,]
[15,19,]   395   3.18882e-006   -4.15802e-039   5.48817e-039   [-0.000012,0.000003,]
[16,19,]   396   1.1198e-006   -4.73512e-039   6.03471e-039   [-0.000020,0.000005,]
[17,19,]   397   3.48612e-007   -5.46378e-039   6.67234e-039   [-0.000027,0.000008,]
[18,19,]   398   1.02947e-007   -6.09781e-039   7.40106e-039   [-0.000025,0.000011,]
[19,19,]   399   2.69006e-008   -8.90385e-039   8.22087e-039   [-0.000017,0.000015,]
