coordinates  index   rho      Q      V    velocities 
[0,0,]   0   2.96665e-008   -8.77697e-039   8.22087e-039   [0.000028,-0.000004,]
[1,0,]   1   1.07147e-007   -6.12848e-039   7.40106e-039   [0.000027,-0.000003,]
[2,0,]   2   3.58283e-007   -5.45675e-039   6.67234e-039   [0.000027,-0.000001,]
[3,0,]   3   1.13862e-006   -4.73819e-039   6.03471e-039   [0.000020,0.000001,]
[4,0,]   4   3.22213e-006   -4.15403e-039   5.48817e-039   [0.000012,0.000003,]
[5,0,]   5   7.76476e-006   -3.68894e-039   5.03272e-039   [0.000006,0.000004,]
[6,0,]   6   1.56291e-005   -3.32678e-039   4.66836e-039   [0.000001,0.000004,]
[7,0,]   7   2.6205e-005   -3.05747e-039   4.39509e-039   [-0.000003,0.000004,]
[8,0,]   8   3.67842e-005   -2.87686e-039   4.21291e-039   [-0.000006,0.000003,]
[9,0,]   9   4.35203e-005   -2.78459e-039   4.12182e-039   [-0.000007,0.000003,]
[10,0,]   10   4.35906e-005   -2.78203e-039   4.12182e-039   [-0.000007,0.000002,]
[11,0,]   11   3.69595e-005   -2.87049e-039   4.21291e-039   [-0.000006,0.000001,]
[12,0,]   12   2.64114e-005   -3.05057e-039   4.39509e-039   [-0.000003,0.000001,]
[13,0,]   13   1.58088e-005   -3.32355e-039   4.66836e-039   [0.000001,0.000001,]
[14,0,]   14   7.89687e-006   -3.69397e-039   5.03272e-039   [0.000006,0.000001,]
[15,0,]   15   3.30908e-006   -4.17207e-039   5.48817e-039   [0.000012,0.000002,]
[16,0,]   16   1.19024e-006   -4.76882e-039   6.03471e-039   [0.000019,0.000003,]
[17,0,]   17   3.85217e-007   -5.46833e-039   6.67234e-039   [0.000026,0.000006,]
[18,0,]   18   1.18768e-007   -6.28435e-039   7.40106e-039   [0.000031,0.000008,]
[19,0,]   19   3.80028e-008   -8.58039e-039   8.22087e-039   [0.000031,0.000008,]
[0,1,]   20   1.19191e-007   -6.20509e-039   7.40106e-039   [0.000028,-0.000010,]
[1,1,]   21   4.12296e-007   -4.10614e-039   6.58125e-039   [0.000029,-0.000008,]
[2,1,]   22   1.3419e-006   -3.8228e-039   5.85253e-039   [0.000030,-0.000006,]
[3,1,]   23   4.25335e-006   -3.21249e-039   5.2149e-039   [0.000022,-0.000003,]
[4,1,]   24   1.21307e-005   -2.59515e-039   4.66836e-039   [0.000014,-0.000000,]
[5,1,]   25   2.94438e-005   -2.07968e-039   4.21291e-039   [0.000006,0.000001,]
[6,1,]   26   5.94373e-005   -1.69391e-039   3.84855e-039   [0.000001,0.000001,]
[7,1,]   27   9.95327e-005   -1.43033e-039   3.57528e-039   [-0.000004,0.000001,]
[8,1,]   28   0.000139181   -1.27175e-039   3.3931e-039   [-0.000006,0.000000,]
[9,1,]   29   0.000163941   -1.20059e-039   3.30201e-039   [-0.000008,-0.000001,]
[10,1,]   30   0.00016365   -1.20526e-039   3.30201e-039   [-0.000008,-0.000002,]
[11,1,]   31   0.000138529   -1.28489e-039   3.3931e-039   [-0.000007,-0.000002,]
[12,1,]   32   9.89684e-005   -1.44941e-039   3.57528e-039   [-0.000004,-0.000003,]
[13,1,]   33   5.92539e-005   -1.71457e-039   3.84855e-039   [0.000001,-0.000003,]
[14,1,]   34   2.96112e-005   -2.09396e-039   4.21291e-039   [0.000006,-0.000003,]
[15,1,]   35   1.24365e-005   -2.58609e-039   4.66836e-039   [0.000013,-0.000002,]
[16,1,]   36   4.51638e-006   -3.14527e-039   5.2149e-039   [0.000021,0.000000,]
[17,1,]   37   1.49898e-006   -3.65217e-039   5.85253e-039   [0.000028,0.000003,]
[18,1,]   38   4.82056e-007   -4.09255e-039   6.58125e-039   [0.000031,0.000004,]
[19,1,]   39   1.61064e-007   -5.85156e-039   7.40106e-039   [0.000029,0.000004,]
[0,2,]   40   4.22209e-007   -5.06228e-039   6.67234e-039   [0.000028,-0.000009,]
[1,2,]   41   1.36748e-006   -3.2258e-039   5.85253e-039   [0.000031,-0.000008,]
[2,2,]   42   4.22759e-006   -3.07421e-039   5.12381e-039   [0.000033,-0.000006,]
[3,2,]   43   1.31518e-005   -2.50582e-039   4.48618e-039   [0.000025,-0.000002,]
[4,2,]   44   3.75638e-005   -1.88094e-039   3.93964e-039   [0.000015,0.000001,]
[5,2,]   45   9.16746e-005   -1.35277e-039   3.48419e-039   [0.000007,0.000002,]
[6,2,]   46   0.000185549   -9.60521e-040   3.11983e-039   [0.000001,0.000003,]
[7,2,]   47   0.000310401   -6.96139e-040   2.84656e-039   [-0.000004,0.000002,]
[8,2,]   48   0.000432745   -5.39155e-040   2.66438e-039   [-0.000007,0.000002,]
[9,2,]   49   0.000508376   -4.68167e-040   2.57329e-039   [-0.000009,0.000001,]
[10,2,]   50   0.000507167   -4.69092e-040   2.57329e-039   [-0.000009,-0.000001,]
[11,2,]   51   0.000430009   -5.41711e-040   2.66438e-039   [-0.000007,-0.000002,]
[12,2,]   52   0.000307962   -6.99711e-040   2.84656e-039   [-0.000004,-0.000002,]
[13,2,]   53   0.000184607   -9.63797e-040   3.11983e-039   [0.000001,-0.000003,]
[14,2,]   54   9.21399e-005   -1.35174e-039   3.48419e-039   [0.000007,-0.000002,]
[15,2,]   55   3.86195e-005   -1.86234e-039   3.93964e-039   [0.000015,-0.000001,]
[16,2,]   56   1.40923e-005   -2.43499e-039   4.48618e-039   [0.000024,0.000002,]
[17,2,]   57   4.79504e-006   -2.90896e-039   5.12381e-039   [0.000031,0.000005,]
[18,2,]   58   1.61916e-006   -3.26267e-039   5.85253e-039   [0.000032,0.000007,]
[19,2,]   59   5.70648e-007   -4.80802e-039   6.67234e-039   [0.000028,0.000007,]
[0,3,]   60   1.26815e-006   -3.97207e-039   6.03471e-039   [0.000027,-0.000010,]
[1,3,]   61   3.79316e-006   -2.44424e-039   5.2149e-039   [0.000032,-0.000009,]
[2,3,]   62   1.09276e-005   -2.45291e-039   4.48618e-039   [0.000037,-0.000007,]
[3,3,]   63   3.30349e-005   -1.93198e-039   3.84855e-039   [0.000029,-0.000003,]
[4,3,]   64   9.44841e-005   -1.28248e-039   3.30201e-039   [0.000018,0.000001,]
[5,3,]   65   0.00023238   -7.28649e-040   2.84656e-039   [0.000008,0.000003,]
[6,3,]   66   0.000472092   -3.24971e-040   2.4822e-039   [0.000001,0.000004,]
[7,3,]   67   0.000788564   -6.05523e-041   2.20893e-039   [-0.000005,0.000003,]
[8,3,]   68   0.0010946   9.05257e-041   2.02675e-039   [-0.000008,0.000002,]
[9,3,]   69   0.00128102   1.55773e-040   1.93566e-039   [-0.000010,0.000001,]
[10,3,]   70   0.00127705   1.54014e-040   1.93566e-039   [-0.000010,-0.000001,]
[11,3,]   71   0.00108557   8.57897e-041   2.02675e-039   [-0.000008,-0.000002,]
[12,3,]   72   0.000780374   -6.69136e-041   2.20893e-039   [-0.000005,-0.000003,]
[13,3,]   73   0.000468637   -3.30869e-040   2.4822e-039   [0.000001,-0.000004,]
[14,3,]   74   0.000233434   -7.28871e-040   2.84656e-039   [0.000008,-0.000003,]
[15,3,]   75   9.75057e-005   -1.2594e-039   3.30201e-039   [0.000017,-0.000001,]
[16,3,]   76   3.58095e-005   -1.83854e-039   3.84855e-039   [0.000028,0.000002,]
[17,3,]   77   1.26159e-005   -2.24691e-039   4.48618e-039   [0.000034,0.000006,]
[18,3,]   78   4.53925e-006   -2.47883e-039   5.2149e-039   [0.000033,0.000008,]
[19,3,]   79   1.70121e-006   -3.77925e-039   6.03471e-039   [0.000026,0.000007,]
[0,4,]   80   3.23531e-006   -2.85892e-039   5.48817e-039   [0.000025,-0.000011,]
[1,4,]   81   8.81573e-006   -1.69956e-039   4.66836e-039   [0.000033,-0.000011,]
[2,4,]   82   2.30393e-005   -1.92626e-039   3.93964e-039   [0.000041,-0.000009,]
[3,4,]   83   6.65388e-005   -1.49201e-039   3.30201e-039   [0.000034,-0.000004,]
[4,4,]   84   0.000190523   -8.05615e-040   2.75547e-039   [0.000021,0.000002,]
[5,4,]   85   0.000474074   -2.12526e-040   2.30002e-039   [0.000009,0.000004,]
[6,4,]   86   0.000968486   2.08198e-040   1.93566e-039   [0.000001,0.000005,]
[7,4,]   87   0.00161391   4.72954e-040   1.66239e-039   [-0.000005,0.000004,]
[8,4,]   88   0.00222531   6.15569e-040   1.48021e-039   [-0.000010,0.000003,]
[9,4,]   89   0.0025892   6.7247e-040   1.38912e-039   [-0.000012,0.000001,]
[10,4,]   90   0.0025788   6.69672e-040   1.38912e-039   [-0.000012,-0.000001,]
[11,4,]   91   0.0022016   6.0824e-040   1.48021e-039   [-0.000010,-0.000003,]
[12,4,]   92   0.00159218   4.63475e-040   1.66239e-039   [-0.000005,-0.000004,]
[13,4,]   93   0.000958822   1.99462e-040   1.93566e-039   [0.000001,-0.000005,]
[14,4,]   94   0.000475991   -2.14148e-040   2.30002e-039   [0.000009,-0.000004,]
[15,4,]   95   0.000197636   -7.76304e-040   2.75547e-039   [0.000020,-0.000002,]
[16,4,]   96   7.32494e-005   -1.36495e-039   3.30201e-039   [0.000032,0.000003,]
[17,4,]   97   2.71508e-005   -1.67003e-039   3.93964e-039   [0.000038,0.000008,]
[18,4,]   98   1.06199e-005   -1.74689e-039   4.66836e-039   [0.000033,0.000010,]
[19,4,]   99   4.26713e-006   -2.76761e-039   5.48817e-039   [0.000024,0.000008,]
[0,5,]   100   7.04052e-006   -1.69287e-039   5.03272e-039   [0.000023,-0.000012,]
[1,5,]   101   1.7281e-005   -9.54687e-040   4.21291e-039   [0.000033,-0.000014,]
[2,5,]   102   3.94709e-005   -1.46946e-039   3.48419e-039   [0.000045,-0.000012,]
[3,5,]   103   0.000105513   -1.20715e-039   2.84656e-039   [0.000042,-0.000005,]
[4,5,]   104   0.000302177   -4.62492e-040   2.30002e-039   [0.000026,0.000002,]
[5,5,]   105   0.000766377   1.9612e-040   1.84457e-039   [0.000011,0.000006,]
[6,5,]   106   0.00157975   6.43983e-040   1.48021e-039   [0.000001,0.000007,]
[7,5,]   107   0.00262203   9.09955e-040   1.20694e-039   [-0.000007,0.000007,]
[8,5,]   108   0.0035752   1.04005e-039   1.02476e-039   [-0.000012,0.000005,]
[9,5,]   109   0.00411959   1.08367e-039   9.33673e-040   [-0.000015,0.000002,]
[10,5,]   110   0.00409791   1.07968e-039   9.33673e-040   [-0.000015,-0.000002,]
[11,5,]   111   0.00352563   1.0295e-039   1.02476e-039   [-0.000012,-0.000005,]
[12,5,]   112   0.00257629   8.9689e-040   1.20694e-039   [-0.000007,-0.000007,]
[13,5,]   113   0.00155869   6.32176e-040   1.48021e-039   [0.000001,-0.000007,]
[14,5,]   114   0.000769096   1.9293e-040   1.84457e-039   [0.000011,-0.000006,]
[15,5,]   115   0.000315808   -4.23101e-040   2.30002e-039   [0.000025,-0.000002,]
[16,5,]   116   0.000118705   -1.02456e-039   2.84656e-039   [0.000039,0.000004,]
[17,5,]   117   4.75961e-005   -1.1533e-039   3.48419e-039   [0.000042,0.000011,]
[18,5,]   118   2.08031e-005   -1.0396e-039   4.21291e-039   [0.000032,0.000012,]
[19,5,]   119   9.03024e-006   -1.74592e-039   5.03272e-039   [0.000021,0.000008,]
[0,6,]   120   1.31197e-005   -4.76589e-040   4.66836e-039   [0.000019,-0.000013,]
[1,6,]   121   2.88717e-005   -1.82347e-040   3.84855e-039   [0.000031,-0.000016,]
[2,6,]   122   5.49668e-005   -1.0274e-039   3.11983e-039   [0.000049,-0.000017,]
[3,6,]   123   0.000127607   -1.14528e-039   2.4822e-039   [0.000052,-0.000009,]
[4,6,]   124   0.000364491   -2.93819e-040   1.93566e-039   [0.000033,0.000004,]
[5,6,]   125   0.000957407   4.77838e-040   1.48021e-039   [0.000014,0.000010,]
[6,6,]   126   0.00200535   9.73407e-040   1.11585e-039   [0.000001,0.000011,]
[7,6,]   127   0.00330358   1.24325e-039   8.42583e-040   [-0.000008,0.000010,]
[8,6,]   128   0.00441164   1.35417e-039   6.60403e-040   [-0.000015,0.000007,]
[9,6,]   129   0.00499124   1.38481e-039   5.69313e-040   [-0.000019,0.000003,]
[10,6,]   130   0.0049552   1.37793e-039   5.69313e-040   [-0.000019,-0.000003,]
[11,6,]   131   0.00432958   1.33913e-039   6.60403e-040   [-0.000015,-0.000008,]
[12,6,]   132   0.0032275   1.22637e-039   8.42583e-040   [-0.000008,-0.000010,]
[13,6,]   133   0.00196933   9.58757e-040   1.11585e-039   [0.000001,-0.000011,]
[14,6,]   134   0.000960089   4.73024e-040   1.48021e-039   [0.000014,-0.000010,]
[15,6,]   135   0.000385326   -2.37669e-040   1.93566e-039   [0.000031,-0.000004,]
[16,6,]   136   0.00014838   -8.50159e-040   2.4822e-039   [0.000049,0.000007,]
[17,6,]   137   6.77765e-005   -6.53827e-040   3.11983e-039   [0.000045,0.000015,]
[18,6,]   138   3.4318e-005   -3.36559e-040   3.84855e-039   [0.000029,0.000014,]
[19,6,]   139   1.61764e-005   -7.02823e-040   4.66836e-039   [0.000017,0.000009,]
[0,7,]   140   2.10137e-005   7.21612e-040   4.39509e-039   [0.000015,-0.000014,]
[1,7,]   141   4.17365e-005   6.06922e-040   3.57528e-039   [0.000026,-0.000018,]
[2,7,]   142   6.32288e-005   -4.32707e-040   2.84656e-039   [0.000050,-0.000025,]
[3,7,]   143   0.000110824   -1.55379e-039   2.20893e-039   [0.000070,-0.000016,]
[4,7,]   144   0.000312019   -5.18103e-040   1.66239e-039   [0.000046,0.000008,]
[5,7,]   145   0.000887406   5.56656e-040   1.20694e-039   [0.000018,0.000018,]
[6,7,]   146   0.00192001   1.14513e-039   8.42583e-040   [0.000001,0.000019,]
[7,7,]   147   0.00311283   1.42698e-039   5.69313e-040   [-0.000010,0.000018,]
[8,7,]   148   0.00397231   1.51257e-039   3.87133e-040   [-0.000020,0.000014,]
[9,7,]   149   0.00429924   1.48897e-039   2.96043e-040   [-0.000027,0.000005,]
[10,7,]   150   0.00425338   1.47804e-039   2.96043e-040   [-0.000027,-0.000005,]
[11,7,]   151   0.00386646   1.49656e-039   3.87133e-040   [-0.000020,-0.000014,]
[12,7,]   152   0.00301356   1.40426e-039   5.69313e-040   [-0.000010,-0.000018,]
[13,7,]   153   0.00187155   1.12561e-039   8.42583e-040   [0.000002,-0.000019,]
[14,7,]   154   0.000888064   5.52016e-040   1.20694e-039   [0.000018,-0.000017,]
[15,7,]   155   0.00033657   -4.02262e-040   1.66239e-039   [0.000043,-0.000007,]
[16,7,]   156   0.000136039   -9.95513e-040   2.20893e-039   [0.000065,0.000012,]
[17,7,]   157   7.87514e-005   -6.30138e-041   2.84656e-039   [0.000046,0.000022,]
[18,7,]   158   4.81632e-005   3.67842e-040   3.57528e-039   [0.000023,0.000016,]
[19,7,]   159   2.46386e-005   3.47383e-040   4.39509e-039   [0.000011,0.000010,]
[0,8,]   160   2.90425e-005   1.72195e-039   4.21291e-039   [0.000011,-0.000014,]
[1,8,]   161   5.31466e-005   1.31042e-039   3.3931e-039   [0.000018,-0.000020,]
[2,8,]   162   6.34997e-005   6.63809e-040   2.66438e-039   [0.000041,-0.000035,]
[3,8,]   163   6.2049e-005   -3.54769e-039   2.02675e-039   [0.000098,-0.000032,]
[4,8,]   164   0.000162494   -2.07836e-039   1.48021e-039   [0.000073,0.000028,]
[5,8,]   165   0.0005768   2.00597e-041   1.02476e-039   [0.000022,0.000038,]
[6,8,]   166   0.001346   8.81925e-040   6.60403e-040   [0.000001,0.000038,]
[7,8,]   167   0.0020982   1.18571e-039   3.87133e-040   [-0.000013,0.000037,]
[8,8,]   168   0.00237216   1.14199e-039   2.04953e-040   [-0.000028,0.000033,]
[9,8,]   169   0.00224546   1.07158e-039   1.13863e-040   [-0.000044,0.000021,]
[10,8,]   170   0.00220301   1.05055e-039   1.13863e-040   [-0.000044,-0.000008,]
[11,8,]   171   0.00226233   1.00916e-039   2.04953e-040   [-0.000028,-0.000033,]
[12,8,]   172   0.00199813   1.07391e-039   3.87133e-040   [-0.000013,-0.000038,]
[13,8,]   173   0.00129558   7.95867e-040   6.60403e-040   [0.000002,-0.000038,]
[14,8,]   174   0.000571876   -7.03474e-041   1.02476e-039   [0.000023,-0.000036,]
[15,8,]   175   0.000182217   -1.69898e-039   1.48021e-039   [0.000067,-0.000014,]
[16,8,]   176   8.3822e-005   -1.96317e-039   2.02675e-039   [0.000091,0.000034,]
[17,8,]   177   7.66015e-005   7.9701e-040   2.66438e-039   [0.000039,0.000030,]
[18,8,]   178   5.84545e-005   1.05017e-039   3.3931e-039   [0.000015,0.000018,]
[19,8,]   179   3.2092e-005   1.33699e-039   4.21291e-039   [0.000005,0.000010,]
[0,9,]   180   3.47671e-005   2.25489e-039   4.12182e-039   [0.000005,-0.000013,]
[1,9,]   181   6.04879e-005   1.66856e-039   3.30201e-039   [0.000007,-0.000021,]
[2,9,]   182   6.22378e-005   2.14756e-039   2.57329e-039   [0.000021,-0.000041,]
[3,9,]   183   2.34612e-005   -9.84834e-039   1.93566e-039   [0.000107,-0.000100,]
[4,9,]   184   3.3315e-005   -1.86158e-038   1.38912e-039   [0.000131,0.000121,]
[5,9,]   185   0.000281006   -2.61547e-039   9.33673e-040   [0.000009,0.000085,]
[6,9,]   186   0.00077337   -6.06021e-040   5.69313e-040   [-0.000000,0.000073,]
[7,9,]   187   0.0010983   -5.56964e-040   2.96043e-040   [-0.000009,0.000079,]
[8,9,]   188   0.000869549   -2.58393e-039   1.13863e-040   [-0.000022,0.000100,]
[9,9,]   189   0.000400647   -1.09187e-038   2.27725e-041   [-0.000093,0.000109,]
[10,9,]   190   0.000380184   -1.17544e-038   2.27725e-041   [-0.000106,-0.000096,]
[11,9,]   191   0.000816491   -3.14772e-039   1.13863e-040   [-0.000036,-0.000100,]
[12,9,]   192   0.00105513   -7.31272e-040   2.96043e-040   [-0.000009,-0.000080,]
[13,9,]   193   0.000751177   -7.33575e-040   5.69313e-040   [0.000002,-0.000074,]
[14,9,]   194   0.000276821   -2.88728e-039   9.33673e-040   [0.000023,-0.000084,]
[15,9,]   195   4.01622e-005   -1.56133e-038   1.38912e-039   [0.000128,-0.000107,]
[16,9,]   196   3.19437e-005   -6.39308e-039   1.93566e-039   [0.000084,0.000104,]
[17,9,]   197   6.70905e-005   1.90821e-039   2.57329e-039   [0.000013,0.000038,]
[18,9,]   198   6.25614e-005   1.56144e-039   3.30201e-039   [0.000004,0.000020,]
[19,9,]   199   3.59908e-005   2.09732e-039   4.12182e-039   [-0.000001,0.000012,]
[0,10,]   200   3.59358e-005   2.09711e-039   4.12182e-039   [-0.000000,-0.000012,]
[1,10,]   201   6.25341e-005   1.56181e-039   3.30201e-039   [-0.000004,-0.000020,]
[2,10,]   202   6.70906e-005   1.90951e-039   2.57329e-039   [-0.000013,-0.000038,]
[3,10,]   203   3.19437e-005   -6.39308e-039   1.93566e-039   [-0.000084,-0.000104,]
[4,10,]   204   4.01622e-005   -1.56133e-038   1.38912e-039   [-0.000128,0.000107,]
[5,10,]   205   0.000276821   -2.88728e-039   9.33673e-040   [-0.000023,0.000084,]
[6,10,]   206   0.000751177   -7.33575e-040   5.69313e-040   [-0.000002,0.000074,]
[7,10,]   207   0.00105513   -7.31272e-040   2.96043e-040   [0.000009,0.000080,]
[8,10,]   208   0.000816491   -3.14772e-039   1.13863e-040   [0.000036,0.000100,]
[9,10,]   209   0.000380184   -1.17544e-038   2.27725e-041   [0.000106,0.000096,]
[10,10,]   210   0.000400647   -1.09187e-038   2.27725e-041   [0.000093,-0.000109,]
[11,10,]   211   0.000869549   -2.58393e-039   1.13863e-040   [0.000022,-0.000100,]
[12,10,]   212   0.0010983   -5.56964e-040   2.96043e-040   [0.000009,-0.000079,]
[13,10,]   213   0.00077337   -6.06021e-040   5.69313e-040   [0.000000,-0.000073,]
[14,10,]   214   0.000281006   -2.61547e-039   9.33673e-040   [-0.000009,-0.000085,]
[15,10,]   215   3.3315e-005   -1.86158e-038   1.38912e-039   [-0.000131,-0.000121,]
[16,10,]   216   2.34612e-005   -9.84836e-039   1.93566e-039   [-0.000107,0.000100,]
[17,10,]   217   6.2238e-005   2.14619e-039   2.57329e-039   [-0.000021,0.000041,]
[18,10,]   218   6.05161e-005   1.66822e-039   3.30201e-039   [-0.000007,0.000021,]
[19,10,]   219   3.48229e-005   2.25503e-039   4.12182e-039   [-0.000006,0.000013,]
[0,11,]   220   3.20748e-005   1.33705e-039   4.21291e-039   [-0.000006,-0.000010,]
[1,11,]   221   5.84462e-005   1.05047e-039   3.3931e-039   [-0.000015,-0.000018,]
[2,11,]   222   7.66016e-005   7.97404e-040   2.66438e-039   [-0.000039,-0.000030,]
[3,11,]   223   8.3822e-005   -1.96317e-039   2.02675e-039   [-0.000091,-0.000034,]
[4,11,]   224   0.000182217   -1.69898e-039   1.48021e-039   [-0.000067,0.000014,]
[5,11,]   225   0.000571876   -7.03474e-041   1.02476e-039   [-0.000023,0.000036,]
[6,11,]   226   0.00129558   7.95867e-040   6.60403e-040   [-0.000002,0.000038,]
[7,11,]   227   0.00199813   1.07391e-039   3.87133e-040   [0.000013,0.000038,]
[8,11,]   228   0.00226233   1.00916e-039   2.04953e-040   [0.000028,0.000033,]
[9,11,]   229   0.00220301   1.05055e-039   1.13863e-040   [0.000044,0.000008,]
[10,11,]   230   0.00224546   1.07158e-039   1.13863e-040   [0.000044,-0.000021,]
[11,11,]   231   0.00237216   1.14199e-039   2.04953e-040   [0.000028,-0.000033,]
[12,11,]   232   0.0020982   1.18571e-039   3.87133e-040   [0.000013,-0.000037,]
[13,11,]   233   0.001346   8.81925e-040   6.60403e-040   [-0.000001,-0.000038,]
[14,11,]   234   0.0005768   2.00597e-041   1.02476e-039   [-0.000022,-0.000038,]
[15,11,]   235   0.000162494   -2.07837e-039   1.48021e-039   [-0.000073,-0.000028,]
[16,11,]   236   6.2049e-005   -3.5477e-039   2.02675e-039   [-0.000098,0.000032,]
[17,11,]   237   6.34999e-005   6.63284e-040   2.66438e-039   [-0.000041,0.000035,]
[18,11,]   238   5.31573e-005   1.31015e-039   3.3931e-039   [-0.000018,0.000020,]
[19,11,]   239   2.90629e-005   1.7218e-039   4.21291e-039   [-0.000011,0.000014,]
[0,12,]   240   2.4661e-005   3.47895e-040   4.39509e-039   [-0.000011,-0.000009,]
[1,12,]   241   4.81743e-005   3.67696e-040   3.57528e-039   [-0.000023,-0.000016,]
[2,12,]   242   7.87512e-005   -6.3579e-041   2.84656e-039   [-0.000046,-0.000022,]
[3,12,]   243   0.000136039   -9.95507e-040   2.20893e-039   [-0.000065,-0.000012,]
[4,12,]   244   0.00033657   -4.02262e-040   1.66239e-039   [-0.000043,0.000007,]
[5,12,]   245   0.000888064   5.52016e-040   1.20694e-039   [-0.000018,0.000017,]
[6,12,]   246   0.00187155   1.12561e-039   8.42583e-040   [-0.000002,0.000019,]
[7,12,]   247   0.00301356   1.40426e-039   5.69313e-040   [0.000010,0.000018,]
[8,12,]   248   0.00386646   1.49656e-039   3.87133e-040   [0.000020,0.000014,]
[9,12,]   249   0.00425338   1.47804e-039   2.96043e-040   [0.000027,0.000005,]
[10,12,]   250   0.00429924   1.48897e-039   2.96043e-040   [0.000027,-0.000005,]
[11,12,]   251   0.00397231   1.51257e-039   3.87133e-040   [0.000020,-0.000014,]
[12,12,]   252   0.00311283   1.42698e-039   5.69313e-040   [0.000010,-0.000018,]
[13,12,]   253   0.00192001   1.14513e-039   8.42583e-040   [-0.000001,-0.000019,]
[14,12,]   254   0.000887406   5.56656e-040   1.20694e-039   [-0.000018,-0.000018,]
[15,12,]   255   0.000312019   -5.18102e-040   1.66239e-039   [-0.000046,-0.000008,]
[16,12,]   256   0.000110824   -1.55378e-039   2.20893e-039   [-0.000070,0.000016,]
[17,12,]   257   6.32286e-005   -4.32236e-040   2.84656e-039   [-0.000050,0.000025,]
[18,12,]   258   4.17282e-005   6.07028e-040   3.57528e-039   [-0.000026,0.000018,]
[19,12,]   259   2.09973e-005   7.21193e-040   4.39509e-039   [-0.000015,0.000014,]
[0,13,]   260   1.62154e-005   -7.01615e-040   4.66836e-039   [-0.000015,-0.000009,]
[1,13,]   261   3.43369e-005   -3.37439e-040   3.84855e-039   [-0.000029,-0.000014,]
[2,13,]   262   6.7776e-005   -6.55077e-040   3.11983e-039   [-0.000045,-0.000015,]
[3,13,]   263   0.00014838   -8.50144e-040   2.4822e-039   [-0.000049,-0.000007,]
[4,13,]   264   0.000385326   -2.3767e-040   1.93566e-039   [-0.000031,0.000004,]
[5,13,]   265   0.000960089   4.73024e-040   1.48021e-039   [-0.000014,0.000010,]
[6,13,]   266   0.00196933   9.58757e-040   1.11585e-039   [-0.000001,0.000011,]
[7,13,]   267   0.0032275   1.22637e-039   8.42583e-040   [0.000008,0.000010,]
[8,13,]   268   0.00432958   1.33913e-039   6.60403e-040   [0.000015,0.000008,]
[9,13,]   269   0.0049552   1.37793e-039   5.69313e-040   [0.000019,0.000003,]
[10,13,]   270   0.00499124   1.38481e-039   5.69313e-040   [0.000019,-0.000003,]
[11,13,]   271   0.00441164   1.35417e-039   6.60403e-040   [0.000015,-0.000007,]
[12,13,]   272   0.00330358   1.24325e-039   8.42583e-040   [0.000008,-0.000010,]
[13,13,]   273   0.00200535   9.73407e-040   1.11585e-039   [-0.000001,-0.000011,]
[14,13,]   274   0.000957407   4.77838e-040   1.48021e-039   [-0.000014,-0.000010,]
[15,13,]   275   0.000364491   -2.93818e-040   1.93566e-039   [-0.000033,-0.000004,]
[16,13,]   276   0.000127607   -1.14526e-039   2.4822e-039   [-0.000052,0.000009,]
[17,13,]   277   5.49662e-005   -1.02621e-039   3.11983e-039   [-0.000049,0.000017,]
[18,13,]   278   2.88551e-005   -1.81606e-040   3.84855e-039   [-0.000031,0.000016,]
[19,13,]   279   1.30877e-005   -4.77815e-040   4.66836e-039   [-0.000018,0.000013,]
[0,14,]   280   9.06398e-006   -1.74394e-039   5.03272e-039   [-0.000018,-0.000008,]
[1,14,]   281   2.08193e-005   -1.04132e-039   4.21291e-039   [-0.000032,-0.000012,]
[2,14,]   282   4.75956e-005   -1.15496e-039   3.48419e-039   [-0.000042,-0.000011,]
[3,14,]   283   0.000118705   -1.02454e-039   2.84656e-039   [-0.000039,-0.000004,]
[4,14,]   284   0.000315808   -4.23102e-040   2.30002e-039   [-0.000025,0.000002,]
[5,14,]   285   0.000769096   1.9293e-040   1.84457e-039   [-0.000011,0.000006,]
[6,14,]   286   0.00155869   6.32176e-040   1.48021e-039   [-0.000001,0.000007,]
[7,14,]   287   0.00257629   8.96889e-040   1.20694e-039   [0.000007,0.000007,]
[8,14,]   288   0.00352563   1.0295e-039   1.02476e-039   [0.000012,0.000005,]
[9,14,]   289   0.00409791   1.07968e-039   9.33673e-040   [0.000015,0.000002,]
[10,14,]   290   0.00411959   1.08367e-039   9.33673e-040   [0.000015,-0.000002,]
[11,14,]   291   0.0035752   1.04005e-039   1.02476e-039   [0.000012,-0.000005,]
[12,14,]   292   0.00262203   9.09954e-040   1.20694e-039   [0.000007,-0.000007,]
[13,14,]   293   0.00157975   6.43983e-040   1.48021e-039   [-0.000001,-0.000007,]
[14,14,]   294   0.000766377   1.9612e-040   1.84457e-039   [-0.000011,-0.000006,]
[15,14,]   295   0.000302177   -4.62491e-040   2.30002e-039   [-0.000026,-0.000002,]
[16,14,]   296   0.000105513   -1.20712e-039   2.84656e-039   [-0.000042,0.000005,]
[17,14,]   297   3.94703e-005   -1.46785e-039   3.48419e-039   [-0.000045,0.000012,]
[18,14,]   298   1.72663e-005   -9.53112e-040   4.21291e-039   [-0.000033,0.000014,]
[19,14,]   299   7.01238e-006   -1.69529e-039   5.03272e-039   [-0.000020,0.000012,]
[0,15,]   300   4.28775e-006   -2.76476e-039   5.48817e-039   [-0.000020,-0.000008,]
[1,15,]   301   1.06297e-005   -1.7494e-039   4.66836e-039   [-0.000033,-0.000010,]
[2,15,]   302   2.71505e-005   -1.67189e-039   3.93964e-039   [-0.000038,-0.000008,]
[3,15,]   303   7.32494e-005   -1.36493e-039   3.30201e-039   [-0.000032,-0.000003,]
[4,15,]   304   0.000197636   -7.76305e-040   2.75547e-039   [-0.000020,0.000002,]
[5,15,]   305   0.000475991   -2.14148e-040   2.30002e-039   [-0.000009,0.000004,]
[6,15,]   306   0.000958822   1.99462e-040   1.93566e-039   [-0.000001,0.000005,]
[7,15,]   307   0.00159218   4.63475e-040   1.66239e-039   [0.000005,0.000004,]
[8,15,]   308   0.0022016   6.0824e-040   1.48021e-039   [0.000010,0.000003,]
[9,15,]   309   0.0025788   6.69672e-040   1.38912e-039   [0.000012,0.000001,]
[10,15,]   310   0.0025892   6.7247e-040   1.38912e-039   [0.000012,-0.000001,]
[11,15,]   311   0.00222531   6.15569e-040   1.48021e-039   [0.000010,-0.000003,]
[12,15,]   312   0.00161391   4.72954e-040   1.66239e-039   [0.000005,-0.000004,]
[13,15,]   313   0.000968486   2.08198e-040   1.93566e-039   [-0.000001,-0.000005,]
[14,15,]   314   0.000474074   -2.12526e-040   2.30002e-039   [-0.000009,-0.000004,]
[15,15,]   315   0.000190523   -8.05615e-040   2.75547e-039   [-0.000021,-0.000002,]
[16,15,]   316   6.65388e-005   -1.49198e-039   3.30201e-039   [-0.000034,0.000004,]
[17,15,]   317   2.3039e-005   -1.92445e-039   3.93964e-039   [-0.000041,0.000009,]
[18,15,]   318   8.80669e-006   -1.69712e-039   4.66836e-039   [-0.000033,0.000011,]
[19,15,]   319   3.21808e-006   -2.86274e-039   5.48817e-039   [-0.000021,0.000011,]
[0,16,]   320   1.71095e-006   -3.77542e-039   6.03471e-039   [-0.000022,-0.000007,]
[1,16,]   321   4.54388e-006   -2.48199e-039   5.2149e-039   [-0.000033,-0.000008,]
[2,16,]   322   1.26157e-005   -2.24888e-039   4.48618e-039   [-0.000034,-0.000006,]
[3,16,]   323   3.58095e-005   -1.8385e-039   3.84855e-039   [-0.000028,-0.000002,]
[4,16,]   324   9.75057e-005   -1.2594e-039   3.30201e-039   [-0.000017,0.000001,]
[5,16,]   325   0.000233434   -7.28871e-040   2.84656e-039   [-0.000008,0.000003,]
[6,16,]   326   0.000468637   -3.30868e-040   2.4822e-039   [-0.000001,0.000004,]
[7,16,]   327   0.000780374   -6.69131e-041   2.20893e-039   [0.000005,0.000003,]
[8,16,]   328   0.00108557   8.57907e-041   2.02675e-039   [0.000008,0.000002,]
[9,16,]   329   0.00127705   1.54015e-040   1.93566e-039   [0.000010,0.000001,]
[10,16,]   330   0.00128102   1.55775e-040   1.93566e-039   [0.000010,-0.000001,]
[11,16,]   331   0.0010946   9.05289e-041   2.02675e-039   [0.000008,-0.000002,]
[12,16,]   332   0.000788564   -6.05486e-041   2.20893e-039   [0.000005,-0.000003,]
[13,16,]   333   0.000472092   -3.24967e-040   2.4822e-039   [-0.000001,-0.000004,]
[14,16,]   334   0.00023238   -7.28645e-040   2.84656e-039   [-0.000008,-0.000003,]
[15,16,]   335   9.44842e-005   -1.28248e-039   3.30201e-039   [-0.000018,-0.000001,]
[16,16,]   336   3.30349e-005   -1.93195e-039   3.84855e-039   [-0.000029,0.000003,]
[17,16,]   337   1.09274e-005   -2.45102e-039   4.48618e-039   [-0.000037,0.000007,]
[18,16,]   338   3.78887e-006   -2.44104e-039   5.2149e-039   [-0.000032,0.000009,]
[19,16,]   339   1.26002e-006   -3.97735e-039   6.03471e-039   [-0.000022,0.000010,]
[0,17,]   340   5.74327e-007   -4.80132e-039   6.67234e-039   [-0.000023,-0.000007,]
[1,17,]   341   1.6209e-006   -3.26474e-039   5.85253e-039   [-0.000033,-0.000007,]
[2,17,]   342   4.79495e-006   -2.90952e-039   5.12381e-039   [-0.000031,-0.000005,]
[3,17,]   343   1.40923e-005   -2.43359e-039   4.48618e-039   [-0.000024,-0.000002,]
[4,17,]   344   3.86195e-005   -1.86098e-039   3.93964e-039   [-0.000015,0.000001,]
[5,17,]   345   9.21399e-005   -1.35038e-039   3.48419e-039   [-0.000007,0.000002,]
[6,17,]   346   0.000184607   -9.62422e-040   3.11983e-039   [-0.000001,0.000003,]
[7,17,]   347   0.000307962   -6.98339e-040   2.84656e-039   [0.000004,0.000002,]
[8,17,]   348   0.000430009   -5.4035e-040   2.66438e-039   [0.000007,0.000002,]
[9,17,]   349   0.000507167   -4.6774e-040   2.57329e-039   [0.000009,0.000001,]
[10,17,]   350   0.000508376   -4.66817e-040   2.57329e-039   [0.000009,-0.000001,]
[11,17,]   351   0.000432745   -5.37798e-040   2.66438e-039   [0.000007,-0.000002,]
[12,17,]   352   0.0003104   -6.94774e-040   2.84656e-039   [0.000004,-0.000002,]
[13,17,]   353   0.000185548   -9.59154e-040   3.11983e-039   [-0.000001,-0.000003,]
[14,17,]   354   9.16745e-005   -1.35141e-039   3.48419e-039   [-0.000007,-0.000002,]
[15,17,]   355   3.75638e-005   -1.87959e-039   3.93964e-039   [-0.000015,-0.000001,]
[16,17,]   356   1.31518e-005   -2.50441e-039   4.48618e-039   [-0.000025,0.000002,]
[17,17,]   357   4.22751e-006   -3.07079e-039   5.12381e-039   [-0.000033,0.000006,]
[18,17,]   358   1.36586e-006   -3.22023e-039   5.85253e-039   [-0.000031,0.000008,]
[19,17,]   359   4.19132e-007   -5.067e-039   6.67234e-039   [-0.000022,0.000009,]
[0,18,]   360   1.6201e-007   -5.84269e-039   7.40106e-039   [-0.000024,-0.000004,]
[1,18,]   361   4.8211e-007   -4.09238e-039   6.58125e-039   [-0.000032,-0.000004,]
[2,18,]   362   1.49764e-006   -3.6501e-039   5.85253e-039   [-0.000028,-0.000003,]
[3,18,]   363   4.51276e-006   -3.14128e-039   5.2149e-039   [-0.000021,-0.000000,]
[4,18,]   364   1.24267e-005   -2.58221e-039   4.66836e-039   [-0.000013,0.000002,]
[5,18,]   365   2.95878e-005   -2.09009e-039   4.21291e-039   [-0.000006,0.000003,]
[6,18,]   366   5.92068e-005   -1.71071e-039   3.84855e-039   [-0.000001,0.000003,]
[7,18,]   367   9.88901e-005   -1.44556e-039   3.57528e-039   [0.000004,0.000003,]
[8,18,]   368   0.00013842   -1.28105e-039   3.3931e-039   [0.000007,0.000002,]
[9,18,]   369   0.000163523   -1.20143e-039   3.30201e-039   [0.000008,0.000002,]
[10,18,]   370   0.000163813   -1.19676e-039   3.30201e-039   [0.000008,0.000001,]
[11,18,]   371   0.000139071   -1.2679e-039   3.3931e-039   [0.000006,-0.000000,]
[12,18,]   372   9.94534e-005   -1.42645e-039   3.57528e-039   [0.000004,-0.000001,]
[13,18,]   373   5.93898e-005   -1.69003e-039   3.84855e-039   [-0.000001,-0.000001,]
[14,18,]   374   2.94205e-005   -2.0758e-039   4.21291e-039   [-0.000006,-0.000001,]
[15,18,]   375   1.21213e-005   -2.59126e-039   4.66836e-039   [-0.000014,0.000000,]
[16,18,]   376   4.24999e-006   -3.20851e-039   5.2149e-039   [-0.000022,0.000003,]
[17,18,]   377   1.34072e-006   -3.81674e-039   5.85253e-039   [-0.000030,0.000006,]
[18,18,]   378   4.11375e-007   -4.0968e-039   6.58125e-039   [-0.000029,0.000008,]
[19,18,]   379   1.18095e-007   -6.20607e-039   7.40106e-039   [-0.000022,0.000010,]
[0,19,]   380   3.79691e-008   -8.58774e-039   8.22087e-039   [-0.000024,-0.000001,]
[1,19,]   381   1.17974e-007   -6.29793e-039   7.40106e-039   [-0.000031,-0.000001,]
[2,19,]   382   3.82615e-007   -5.47427e-039   6.67234e-039   [-0.000026,-0.000001,]
[3,19,]   383   1.18305e-006   -4.76949e-039   6.03471e-039   [-0.000019,0.000001,]
[4,19,]   384   3.28962e-006   -4.17256e-039   5.48817e-039   [-0.000012,0.000003,]
[5,19,]   385   7.85007e-006   -3.69495e-039   5.03272e-039   [-0.000006,0.000004,]
[6,19,]   386   1.57145e-005   -3.32482e-039   4.66836e-039   [-0.000001,0.000004,]
[7,19,]   387   2.62544e-005   -3.05178e-039   4.39509e-039   [0.000003,0.000004,]
[8,19,]   388   3.67418e-005   -2.87146e-039   4.21291e-039   [0.000006,0.000003,]
[9,19,]   389   4.33353e-005   -2.78281e-039   4.12182e-039   [0.000007,0.000003,]
[10,19,]   390   4.32647e-005   -2.78539e-039   4.12182e-039   [0.000007,0.000002,]
[11,19,]   391   3.65658e-005   -2.8779e-039   4.21291e-039   [0.000006,0.000001,]
[12,19,]   392   2.60475e-005   -3.05876e-039   4.39509e-039   [0.000003,0.000001,]
[13,19,]   393   1.55348e-005   -3.32812e-039   4.66836e-039   [-0.000001,0.000001,]
[14,19,]   394   7.71841e-006   -3.68992e-039   5.03272e-039   [-0.000006,0.000001,]
[15,19,]   395   3.20323e-006   -4.15431e-039   5.48817e-039   [-0.000012,0.000002,]
[16,19,]   396   1.13187e-006   -4.73829e-039   6.03471e-039   [-0.000020,0.000003,]
[17,19,]   397   3.5593e-007   -5.45712e-039   6.67234e-039   [-0.000027,0.000006,]
[18,19,]   398   1.06145e-007   -6.13108e-039   7.40106e-039   [-0.000026,0.000009,]
[19,19,]   399   2.90823e-008   -8.81097e-039   8.22087e-039   [-0.000021,0.000011,]
