coordinates  index   rho      Q      V    velocities 
[0,0,]   0   2.92861e-008   -8.4897e-039   8.22087e-039   [0.000037,0.000005,]
[1,0,]   1   1.07738e-007   -5.9752e-039   7.40106e-039   [0.000018,0.000006,]
[2,0,]   2   3.60194e-007   -5.57315e-039   6.67234e-039   [0.000027,0.000008,]
[3,0,]   3   1.21854e-006   -4.75533e-039   6.03471e-039   [0.000020,0.000010,]
[4,0,]   4   3.61258e-006   -4.20725e-039   5.48817e-039   [0.000013,0.000011,]
[5,0,]   5   8.96865e-006   -3.74505e-039   5.03272e-039   [0.000006,0.000012,]
[6,0,]   6   1.83288e-005   -3.38599e-039   4.66836e-039   [0.000001,0.000013,]
[7,0,]   7   3.09133e-005   -3.12207e-039   4.39509e-039   [-0.000003,0.000013,]
[8,0,]   8   4.34563e-005   -2.94522e-039   4.21291e-039   [-0.000006,0.000012,]
[9,0,]   9   5.14567e-005   -2.85028e-039   4.12182e-039   [-0.000007,0.000011,]
[10,0,]   10   5.16606e-005   -2.83664e-039   4.12182e-039   [-0.000007,0.000011,]
[11,0,]   11   4.39912e-005   -2.91092e-039   4.21291e-039   [-0.000006,0.000010,]
[12,0,]   12   3.16179e-005   -3.08286e-039   4.39509e-039   [-0.000003,0.000009,]
[13,0,]   13   1.90601e-005   -3.36038e-039   4.66836e-039   [0.000001,0.000009,]
[14,0,]   14   9.62231e-006   -3.75125e-039   5.03272e-039   [0.000005,0.000010,]
[15,0,]   15   4.11564e-006   -4.25887e-039   5.48817e-039   [0.000012,0.000010,]
[16,0,]   16   1.54428e-006   -4.84948e-039   6.03471e-039   [0.000019,0.000012,]
[17,0,]   17   5.35756e-007   -5.48242e-039   6.67234e-039   [0.000025,0.000014,]
[18,0,]   18   1.80721e-007   -6.51138e-039   7.40106e-039   [0.000036,0.000016,]
[19,0,]   19   7.67118e-008   -8.0938e-039   8.22087e-039   [0.000041,0.000017,]
[0,1,]   20   7.45424e-008   -7.46102e-039   7.40106e-039   [0.000037,-0.000020,]
[1,1,]   21   2.97656e-007   -4.6656e-039   6.58125e-039   [0.000024,-0.000016,]
[2,1,]   22   1.05816e-006   -4.48292e-039   5.85253e-039   [0.000033,-0.000010,]
[3,1,]   23   3.80666e-006   -3.47889e-039   5.2149e-039   [0.000023,-0.000006,]
[4,1,]   24   1.16866e-005   -2.7727e-039   4.66836e-039   [0.000014,-0.000004,]
[5,1,]   25   2.94434e-005   -2.23161e-039   4.21291e-039   [0.000006,-0.000003,]
[6,1,]   26   6.04123e-005   -1.8429e-039   3.84855e-039   [0.000001,-0.000003,]
[7,1,]   27   0.000101667   -1.58073e-039   3.57528e-039   [-0.000004,-0.000003,]
[8,1,]   28   0.000141948   -1.42624e-039   3.3931e-039   [-0.000006,-0.000004,]
[9,1,]   29   0.000166345   -1.3634e-039   3.30201e-039   [-0.000008,-0.000005,]
[10,1,]   30   0.000164993   -1.37961e-039   3.30201e-039   [-0.000008,-0.000006,]
[11,1,]   31   0.000138915   -1.47239e-039   3.3931e-039   [-0.000007,-0.000007,]
[12,1,]   32   9.90602e-005   -1.64841e-039   3.57528e-039   [-0.000004,-0.000007,]
[13,1,]   33   5.95965e-005   -1.91715e-039   3.84855e-039   [0.000001,-0.000007,]
[14,1,]   34   3.02661e-005   -2.28397e-039   4.21291e-039   [0.000006,-0.000007,]
[15,1,]   35   1.31461e-005   -2.73649e-039   4.66836e-039   [0.000012,-0.000006,]
[16,1,]   36   5.0504e-006   -3.21223e-039   5.2149e-039   [0.000019,-0.000005,]
[17,1,]   37   1.7943e-006   -3.66504e-039   5.85253e-039   [0.000025,-0.000003,]
[18,1,]   38   6.1229e-007   -4.47068e-039   6.58125e-039   [0.000034,-0.000003,]
[19,1,]   39   2.53807e-007   -5.89909e-039   7.40106e-039   [0.000037,-0.000006,]
[0,2,]   40   2.48125e-007   -5.76079e-039   6.67234e-039   [0.000036,-0.000015,]
[1,2,]   41   9.3978e-007   -3.43963e-039   5.85253e-039   [0.000028,-0.000011,]
[2,2,]   42   3.14488e-006   -3.66679e-039   5.12381e-039   [0.000037,-0.000007,]
[3,2,]   43   1.13245e-005   -2.68921e-039   4.48618e-039   [0.000027,-0.000003,]
[4,2,]   44   3.53941e-005   -1.95509e-039   3.93964e-039   [0.000016,0.000000,]
[5,2,]   45   9.0302e-005   -1.40017e-039   3.48419e-039   [0.000007,0.000002,]
[6,2,]   46   0.000186228   -1.00354e-039   3.11983e-039   [0.000001,0.000002,]
[7,2,]   47   0.000313169   -7.38267e-040   2.84656e-039   [-0.000004,0.000002,]
[8,2,]   48   0.000435479   -5.82452e-040   2.66438e-039   [-0.000007,0.000001,]
[9,2,]   49   0.000507979   -5.13182e-040   2.57329e-039   [-0.000009,0.000000,]
[10,2,]   50   0.000502291   -5.184e-040   2.57329e-039   [-0.000009,-0.000001,]
[11,2,]   51   0.000422619   -5.96254e-040   2.66438e-039   [-0.000007,-0.000002,]
[12,2,]   52   0.000301733   -7.57047e-040   2.84656e-039   [-0.000004,-0.000003,]
[13,2,]   53   0.000181822   -1.02074e-039   3.11983e-039   [0.000001,-0.000003,]
[14,2,]   54   9.24843e-005   -1.39725e-039   3.48419e-039   [0.000007,-0.000003,]
[15,2,]   55   4.0336e-005   -1.8699e-039   3.93964e-039   [0.000014,-0.000001,]
[16,2,]   56   1.57132e-005   -2.35423e-039   4.48618e-039   [0.000021,0.000001,]
[17,2,]   57   5.76301e-006   -2.76159e-039   5.12381e-039   [0.000027,0.000003,]
[18,2,]   58   2.0583e-006   -3.47219e-039   5.85253e-039   [0.000034,0.000005,]
[19,2,]   59   8.82084e-007   -4.68452e-039   6.67234e-039   [0.000034,0.000003,]
[0,3,]   60   7.40803e-007   -4.25087e-039   6.03471e-039   [0.000035,-0.000017,]
[1,3,]   61   2.58216e-006   -2.46596e-039   5.2149e-039   [0.000032,-0.000013,]
[2,3,]   62   7.81539e-006   -3.13282e-039   4.48618e-039   [0.000042,-0.000008,]
[3,3,]   63   2.77695e-005   -2.12147e-039   3.84855e-039   [0.000031,-0.000003,]
[4,3,]   64   8.86672e-005   -1.31278e-039   3.30201e-039   [0.000018,0.000001,]
[5,3,]   65   0.000230094   -7.17608e-040   2.84656e-039   [0.000008,0.000003,]
[6,3,]   66   0.00047777   -3.08341e-040   2.4822e-039   [0.000001,0.000003,]
[7,3,]   67   0.000802541   -4.38145e-041   2.20893e-039   [-0.000005,0.000003,]
[8,3,]   68   0.00110987   1.05222e-040   2.02675e-039   [-0.000008,0.000002,]
[9,3,]   69   0.00128674   1.61947e-040   1.93566e-039   [-0.000010,0.000001,]
[10,3,]   70   0.00126806   1.54486e-040   1.93566e-039   [-0.000010,-0.000001,]
[11,3,]   71   0.00106736   8.20768e-041   2.02675e-039   [-0.000009,-0.000002,]
[12,3,]   72   0.000764058   -7.51867e-041   2.20893e-039   [-0.000005,-0.000003,]
[13,3,]   73   0.000461577   -3.37202e-040   2.4822e-039   [0.000001,-0.000004,]
[14,3,]   74   0.00023508   -7.19666e-040   2.84656e-039   [0.000008,-0.000003,]
[15,3,]   75   0.000102887   -1.20478e-039   3.30201e-039   [0.000016,-0.000001,]
[16,3,]   76   4.07798e-005   -1.6753e-039   3.84855e-039   [0.000024,0.000002,]
[17,3,]   77   1.56063e-005   -2.00346e-039   4.48618e-039   [0.000030,0.000005,]
[18,3,]   78   5.91725e-006   -2.59839e-039   5.2149e-039   [0.000034,0.000006,]
[19,3,]   79   2.64046e-006   -3.60616e-039   6.03471e-039   [0.000031,0.000004,]
[0,4,]   80   1.90502e-006   -2.68444e-039   5.48817e-039   [0.000034,-0.000020,]
[1,4,]   81   6.00801e-006   -1.53641e-039   4.66836e-039   [0.000036,-0.000016,]
[2,4,]   82   1.57397e-005   -2.77499e-039   3.93964e-039   [0.000048,-0.000011,]
[3,4,]   83   5.37758e-005   -1.79846e-039   3.30201e-039   [0.000037,-0.000004,]
[4,4,]   84   0.000176962   -8.31002e-040   2.75547e-039   [0.000022,0.000002,]
[5,4,]   85   0.000470101   -2.03365e-040   2.30002e-039   [0.000009,0.000004,]
[6,4,]   86   0.000985424   2.23143e-040   1.93566e-039   [0.000001,0.000005,]
[7,4,]   87   0.00165248   4.88912e-040   1.66239e-039   [-0.000005,0.000005,]
[8,4,]   88   0.0022673   6.2593e-040   1.48021e-039   [-0.000010,0.000003,]
[9,4,]   89   0.00260811   6.87047e-040   1.38912e-039   [-0.000012,0.000001,]
[10,4,]   90   0.00255882   6.7337e-040   1.38912e-039   [-0.000012,-0.000001,]
[11,4,]   91   0.00215605   5.91014e-040   1.48021e-039   [-0.000010,-0.000003,]
[12,4,]   92   0.00155091   4.45072e-040   1.66239e-039   [-0.000006,-0.000004,]
[13,4,]   93   0.000940418   1.8284e-040   1.93566e-039   [0.000001,-0.000005,]
[14,4,]   94   0.000479283   -2.11832e-040   2.30002e-039   [0.000009,-0.000004,]
[15,4,]   95   0.000210427   -7.06416e-040   2.75547e-039   [0.000019,-0.000001,]
[16,4,]   96   8.53519e-005   -1.15539e-039   3.30201e-039   [0.000028,0.000002,]
[17,4,]   97   3.4569e-005   -1.39352e-039   3.93964e-039   [0.000033,0.000006,]
[18,4,]   98   1.41046e-005   -1.85941e-039   4.66836e-039   [0.000032,0.000008,]
[19,4,]   99   6.55567e-006   -2.6566e-039   5.48817e-039   [0.000027,0.000004,]
[0,5,]   100   4.24968e-006   -1.0784e-039   5.03272e-039   [0.000031,-0.000022,]
[1,5,]   101   1.20203e-005   -5.46104e-040   4.21291e-039   [0.000040,-0.000019,]
[2,5,]   102   2.59396e-005   -2.41439e-039   3.48419e-039   [0.000055,-0.000016,]
[3,5,]   103   8.01703e-005   -1.71901e-039   2.84656e-039   [0.000045,-0.000005,]
[4,5,]   104   0.000275251   -5.08457e-040   2.30002e-039   [0.000027,0.000002,]
[5,5,]   105   0.000761022   2.22557e-040   1.84457e-039   [0.000011,0.000006,]
[6,5,]   106   0.00161827   6.66372e-040   1.48021e-039   [0.000001,0.000007,]
[7,5,]   107   0.00270503   9.28941e-040   1.20694e-039   [-0.000006,0.000006,]
[8,5,]   108   0.00366589   1.06755e-039   1.02476e-039   [-0.000012,0.000005,]
[9,5,]   109   0.00415486   1.09579e-039   9.33673e-040   [-0.000015,0.000002,]
[10,5,]   110   0.00405075   1.07553e-039   9.33673e-040   [-0.000015,-0.000002,]
[11,5,]   111   0.003434   1.02778e-039   1.02476e-039   [-0.000012,-0.000005,]
[12,5,]   112   0.00249138   8.74495e-040   1.20694e-039   [-0.000007,-0.000007,]
[13,5,]   113   0.00152005   6.16037e-040   1.48021e-039   [0.000001,-0.000007,]
[14,5,]   114   0.000774247   2.08259e-040   1.84457e-039   [0.000011,-0.000006,]
[15,5,]   115   0.000339621   -3.43287e-040   2.30002e-039   [0.000022,-0.000002,]
[16,5,]   116   0.000142366   -7.3341e-040   2.84656e-039   [0.000033,0.000003,]
[17,5,]   117   6.26598e-005   -8.25585e-040   3.48419e-039   [0.000036,0.000008,]
[18,5,]   118   2.80268e-005   -1.14563e-039   4.21291e-039   [0.000030,0.000009,]
[19,5,]   119   1.35537e-005   -1.70873e-039   5.03272e-039   [0.000022,0.000004,]
[0,6,]   120   8.33153e-006   2.91506e-040   4.66836e-039   [0.000028,-0.000022,]
[1,6,]   121   2.09089e-005   3.7289e-040   3.84855e-039   [0.000040,-0.000021,]
[2,6,]   122   3.59866e-005   -1.63096e-039   3.11983e-039   [0.000062,-0.000025,]
[3,6,]   123   8.68598e-005   -2.31207e-039   2.4822e-039   [0.000058,-0.000008,]
[4,6,]   124   0.000320471   -3.54908e-040   1.93566e-039   [0.000034,0.000005,]
[5,6,]   125   0.000951127   5.2316e-040   1.48021e-039   [0.000014,0.000010,]
[6,6,]   126   0.00207308   1.00633e-039   1.11585e-039   [0.000001,0.000011,]
[7,6,]   127   0.00344556   1.28686e-039   8.42583e-040   [-0.000008,0.000010,]
[8,6,]   128   0.00455792   1.39774e-039   6.60403e-040   [-0.000015,0.000007,]
[9,6,]   129   0.00504084   1.47228e-039   5.69313e-040   [-0.000019,0.000003,]
[10,6,]   130   0.00486141   1.42284e-039   5.69313e-040   [-0.000019,-0.000002,]
[11,6,]   131   0.00416559   1.32078e-039   6.60403e-040   [-0.000015,-0.000008,]
[12,6,]   132   0.00308402   1.20466e-039   8.42583e-040   [-0.000008,-0.000011,]
[13,6,]   133   0.00190191   9.30794e-040   1.11585e-039   [0.000002,-0.000011,]
[14,6,]   134   0.000963642   4.7421e-040   1.48021e-039   [0.000014,-0.000009,]
[15,6,]   135   0.000419784   -1.08386e-040   1.93566e-039   [0.000028,-0.000003,]
[16,6,]   136   0.000184344   -4.36295e-040   2.4822e-039   [0.000041,0.000004,]
[17,6,]   137   9.27099e-005   -1.87246e-040   3.11983e-039   [0.000040,0.000011,]
[18,6,]   138   4.64694e-005   -4.20373e-040   3.84855e-039   [0.000026,0.000011,]
[19,6,]   139   2.32713e-005   -7.68006e-040   4.66836e-039   [0.000015,0.000003,]
[0,7,]   140   1.46955e-005   1.2933e-039   4.39509e-039   [0.000024,-0.000021,]
[1,7,]   141   3.20219e-005   1.08481e-039   3.57528e-039   [0.000034,-0.000021,]
[2,7,]   142   4.37304e-005   -1.7938e-040   2.84656e-039   [0.000065,-0.000037,]
[3,7,]   143   6.32889e-005   -4.33783e-039   2.20893e-039   [0.000082,-0.000012,]
[4,7,]   144   0.000252708   -1.07439e-039   1.66239e-039   [0.000046,0.000013,]
[5,7,]   145   0.000882004   6.40953e-040   1.20694e-039   [0.000016,0.000018,]
[6,7,]   146   0.00201159   1.20923e-039   8.42583e-040   [0.000001,0.000019,]
[7,7,]   147   0.00329093   1.48089e-039   5.69313e-040   [-0.000010,0.000017,]
[8,7,]   148   0.00414025   1.63387e-039   3.87133e-040   [-0.000019,0.000014,]
[9,7,]   149   0.00424784   1.40587e-039   2.96043e-040   [-0.000026,0.000007,]
[10,7,]   150   0.00402666   1.16235e-039   2.96043e-040   [-0.000027,-0.000004,]
[11,7,]   151   0.00364107   1.5029e-039   3.87133e-040   [-0.000021,-0.000013,]
[12,7,]   152   0.00282058   1.36063e-039   5.69313e-040   [-0.000010,-0.000018,]
[13,7,]   153   0.00178328   1.10556e-039   8.42583e-040   [0.000002,-0.000019,]
[14,7,]   154   0.000890051   5.68329e-040   1.20694e-039   [0.000018,-0.000015,]
[15,7,]   155   0.000371318   -4.59531e-040   1.66239e-039   [0.000037,-0.000005,]
[16,7,]   156   0.000175056   -4.29275e-040   2.20893e-039   [0.000054,0.000009,]
[17,7,]   157   0.000110246   4.73773e-040   2.84656e-039   [0.000041,0.000015,]
[18,7,]   158   6.38435e-005   2.80853e-040   3.57528e-039   [0.000020,0.000013,]
[19,7,]   159   3.31153e-005   1.55636e-040   4.39509e-039   [0.000006,0.000003,]
[0,8,]   160   2.34204e-005   1.95485e-039   4.21291e-039   [0.000019,-0.000018,]
[1,8,]   161   4.36979e-005   1.35667e-039   3.3931e-039   [0.000022,-0.000021,]
[2,8,]   162   4.94606e-005   1.65235e-039   2.66438e-039   [0.000061,-0.000040,]
[3,8,]   163   3.18776e-005   -8.69528e-039   2.02675e-039   [0.000121,-0.000041,]
[4,8,]   164   0.000117282   -4.99939e-039   1.48021e-039   [0.000070,0.000038,]
[5,8,]   165   0.000580216   9.307e-041   1.02476e-039   [0.000016,0.000038,]
[6,8,]   166   0.001438   1.07272e-039   6.60403e-040   [-0.000001,0.000036,]
[7,8,]   167   0.00227089   1.44889e-039   3.87133e-040   [-0.000012,0.000035,]
[8,8,]   168   0.00251004   1.15279e-039   2.04953e-040   [-0.000026,0.000030,]
[9,8,]   169   0.00219869   3.2569e-041   1.13863e-040   [-0.000042,0.000027,]
[10,8,]   170   0.00216219   7.10626e-040   1.13863e-040   [-0.000044,0.000001,]
[11,8,]   171   0.00206124   6.81388e-040   2.04953e-040   [-0.000030,-0.000029,]
[12,8,]   172   0.00180567   8.58784e-040   3.87133e-040   [-0.000013,-0.000039,]
[13,8,]   173   0.001205   6.20712e-040   6.60403e-040   [0.000004,-0.000039,]
[14,8,]   174   0.00057676   -1.0363e-040   1.02476e-039   [0.000024,-0.000033,]
[15,8,]   175   0.00022428   -1.06955e-039   1.48021e-039   [0.000058,-0.000009,]
[16,8,]   176   0.000110404   -2.48736e-039   2.02675e-039   [0.000074,0.000020,]
[17,8,]   177   0.000106802   1.59585e-039   2.66438e-039   [0.000033,0.000025,]
[18,8,]   178   7.26238e-005   8.77104e-040   3.3931e-039   [0.000012,0.000015,]
[19,8,]   179   3.92433e-005   9.90838e-040   4.21291e-039   [-0.000003,0.000003,]
[0,9,]   180   3.18558e-005   2.40223e-039   4.12182e-039   [0.000014,-0.000011,]
[1,9,]   181   5.53742e-005   1.57047e-039   3.30201e-039   [0.000014,-0.000019,]
[2,9,]   182   5.41407e-005   8.65354e-040   2.57329e-039   [0.000028,-0.000037,]
[3,9,]   183   2.31313e-005   -1.02731e-038   1.93566e-039   [0.000135,-0.000123,]
[4,9,]   184   4.30137e-005   -1.4588e-038   1.38912e-039   [0.000141,0.000121,]
[5,9,]   185   0.00030745   -2.0484e-039   9.33673e-040   [-0.000004,0.000088,]
[6,9,]   186   0.000808095   -4.82408e-040   5.69313e-040   [-0.000004,0.000073,]
[7,9,]   187   0.00115025   -5.83187e-040   2.96043e-040   [-0.000010,0.000079,]
[8,9,]   188   0.00102721   -1.62867e-039   1.13863e-040   [-0.000013,0.000104,]
[9,9,]   189   0.000652064   -6.3273e-039   2.27725e-041   [-0.000080,0.000117,]
[10,9,]   190   0.000616849   -6.24861e-039   2.27725e-041   [-0.000109,-0.000091,]
[11,9,]   191   0.00073992   -5.44198e-039   1.13863e-040   [-0.000047,-0.000104,]
[12,9,]   192   0.000946851   -1.41042e-039   2.96043e-040   [-0.000013,-0.000082,]
[13,9,]   193   0.00070672   -1.03837e-039   5.69313e-040   [0.000007,-0.000076,]
[14,9,]   194   0.000287246   -3.26868e-039   9.33673e-040   [0.000030,-0.000085,]
[15,9,]   195   7.63061e-005   -7.90364e-039   1.38912e-039   [0.000105,-0.000098,]
[16,9,]   196   6.03711e-005   -1.63402e-039   1.93566e-039   [0.000063,0.000102,]
[17,9,]   197   8.29358e-005   1.80074e-039   2.57329e-039   [0.000018,0.000036,]
[18,9,]   198   6.84599e-005   1.30722e-039   3.30201e-039   [-0.000001,0.000017,]
[19,9,]   199   3.84689e-005   1.5868e-039   4.12182e-039   [-0.000013,0.000005,]
[0,10,]   200   3.73079e-005   1.5846e-039   4.12182e-039   [0.000008,-0.000005,]
[1,10,]   201   6.78696e-005   1.31878e-039   3.30201e-039   [0.000001,-0.000017,]
[2,10,]   202   8.29054e-005   1.82318e-039   2.57329e-039   [-0.000018,-0.000036,]
[3,10,]   203   6.03775e-005   -1.63123e-039   1.93566e-039   [-0.000063,-0.000102,]
[4,10,]   204   7.6309e-005   -7.90331e-039   1.38912e-039   [-0.000105,0.000098,]
[5,10,]   205   0.000287246   -3.26877e-039   9.33673e-040   [-0.000030,0.000085,]
[6,10,]   206   0.00070672   -1.03836e-039   5.69313e-040   [-0.000007,0.000076,]
[7,10,]   207   0.000946851   -1.41042e-039   2.96043e-040   [0.000013,0.000082,]
[8,10,]   208   0.00073992   -5.44198e-039   1.13863e-040   [0.000047,0.000104,]
[9,10,]   209   0.000616849   -6.24861e-039   2.27725e-041   [0.000109,0.000091,]
[10,10,]   210   0.000652064   -6.3273e-039   2.27725e-041   [0.000080,-0.000117,]
[11,10,]   211   0.00102721   -1.62867e-039   1.13863e-040   [0.000013,-0.000104,]
[12,10,]   212   0.00115025   -5.83185e-040   2.96043e-040   [0.000010,-0.000079,]
[13,10,]   213   0.000808094   -4.82413e-040   5.69313e-040   [0.000004,-0.000073,]
[14,10,]   214   0.000307449   -2.04844e-039   9.33673e-040   [0.000004,-0.000088,]
[15,10,]   215   4.30139e-005   -1.45883e-038   1.38912e-039   [-0.000141,-0.000121,]
[16,10,]   216   2.31366e-005   -1.02748e-038   1.93566e-039   [-0.000135,0.000123,]
[17,10,]   217   5.42053e-005   8.32774e-040   2.57329e-039   [-0.000028,0.000037,]
[18,10,]   218   5.61445e-005   1.57691e-039   3.30201e-039   [-0.000014,0.000019,]
[19,10,]   219   3.32541e-005   2.43131e-039   4.12182e-039   [-0.000022,0.000011,]
[0,11,]   220   3.9057e-005   1.00216e-039   4.21291e-039   [0.000003,-0.000003,]
[1,11,]   221   7.2566e-005   8.875e-040   3.3931e-039   [-0.000012,-0.000015,]
[2,11,]   222   0.000106804   1.59912e-039   2.66438e-039   [-0.000033,-0.000025,]
[3,11,]   223   0.000110409   -2.487e-039   2.02675e-039   [-0.000074,-0.000020,]
[4,11,]   224   0.000224281   -1.06957e-039   1.48021e-039   [-0.000058,0.000009,]
[5,11,]   225   0.00057676   -1.03648e-040   1.02476e-039   [-0.000024,0.000033,]
[6,11,]   226   0.001205   6.20713e-040   6.60403e-040   [-0.000004,0.000039,]
[7,11,]   227   0.00180567   8.58784e-040   3.87133e-040   [0.000013,0.000039,]
[8,11,]   228   0.00206124   6.81389e-040   2.04953e-040   [0.000030,0.000029,]
[9,11,]   229   0.00216219   7.10627e-040   1.13863e-040   [0.000044,-0.000001,]
[10,11,]   230   0.00219869   3.25698e-041   1.13863e-040   [0.000042,-0.000027,]
[11,11,]   231   0.00251004   1.15279e-039   2.04953e-040   [0.000026,-0.000030,]
[12,11,]   232   0.00227089   1.44889e-039   3.87133e-040   [0.000012,-0.000035,]
[13,11,]   233   0.001438   1.07272e-039   6.60403e-040   [0.000001,-0.000036,]
[14,11,]   234   0.000580215   9.30563e-041   1.02476e-039   [-0.000016,-0.000038,]
[15,11,]   235   0.000117281   -4.9997e-039   1.48021e-039   [-0.000070,-0.000038,]
[16,11,]   236   3.18831e-005   -8.69548e-039   2.02675e-039   [-0.000121,0.000041,]
[17,11,]   237   4.94951e-005   1.63773e-039   2.66438e-039   [-0.000061,0.000040,]
[18,11,]   238   4.39952e-005   1.34536e-039   3.3931e-039   [-0.000022,0.000021,]
[19,11,]   239   2.39194e-005   1.92579e-039   4.21291e-039   [-0.000023,0.000019,]
[0,12,]   240   3.38489e-005   1.60342e-040   4.39509e-039   [-0.000002,-0.000002,]
[1,12,]   241   6.42111e-005   2.75268e-040   3.57528e-039   [-0.000020,-0.000013,]
[2,12,]   242   0.000110238   4.60426e-040   2.84656e-039   [-0.000041,-0.000015,]
[3,12,]   243   0.000175053   -4.2923e-040   2.20893e-039   [-0.000054,-0.000009,]
[4,12,]   244   0.000371311   -4.59628e-040   1.66239e-039   [-0.000037,0.000005,]
[5,12,]   245   0.000890052   5.68376e-040   1.20694e-039   [-0.000018,0.000015,]
[6,12,]   246   0.00178328   1.10556e-039   8.42583e-040   [-0.000002,0.000019,]
[7,12,]   247   0.00282058   1.36063e-039   5.69313e-040   [0.000010,0.000018,]
[8,12,]   248   0.00364107   1.5029e-039   3.87133e-040   [0.000021,0.000013,]
[9,12,]   249   0.00402666   1.16235e-039   2.96043e-040   [0.000027,0.000004,]
[10,12,]   250   0.00424784   1.40587e-039   2.96043e-040   [0.000026,-0.000007,]
[11,12,]   251   0.00414025   1.63387e-039   3.87133e-040   [0.000019,-0.000014,]
[12,12,]   252   0.00329093   1.48089e-039   5.69313e-040   [0.000010,-0.000017,]
[13,12,]   253   0.00201159   1.20923e-039   8.42583e-040   [-0.000001,-0.000019,]
[14,12,]   254   0.000882005   6.40952e-040   1.20694e-039   [-0.000016,-0.000018,]
[15,12,]   255   0.000252709   -1.07434e-039   1.66239e-039   [-0.000046,-0.000013,]
[16,12,]   256   6.3286e-005   -4.33743e-039   2.20893e-039   [-0.000082,0.000012,]
[17,12,]   257   4.37129e-005   -1.7425e-040   2.84656e-039   [-0.000065,0.000037,]
[18,12,]   258   3.1929e-005   1.08358e-039   3.57528e-039   [-0.000034,0.000021,]
[19,12,]   259   1.45277e-005   1.28285e-039   4.39509e-039   [-0.000022,0.000022,]
[0,13,]   260   2.44286e-005   -7.48071e-040   4.66836e-039   [-0.000006,-0.000003,]
[1,13,]   261   4.69964e-005   -4.4128e-040   3.84855e-039   [-0.000027,-0.000011,]
[2,13,]   262   9.26811e-005   -2.13678e-040   3.11983e-039   [-0.000040,-0.000011,]
[3,13,]   263   0.000184337   -4.35742e-040   2.4822e-039   [-0.000041,-0.000004,]
[4,13,]   264   0.000419769   -1.08588e-040   1.93566e-039   [-0.000028,0.000003,]
[5,13,]   265   0.000963645   4.74304e-040   1.48021e-039   [-0.000014,0.000009,]
[6,13,]   266   0.00190191   9.30785e-040   1.11585e-039   [-0.000002,0.000011,]
[7,13,]   267   0.00308402   1.20466e-039   8.42583e-040   [0.000008,0.000011,]
[8,13,]   268   0.00416559   1.32077e-039   6.60403e-040   [0.000015,0.000008,]
[9,13,]   269   0.00486141   1.42284e-039   5.69313e-040   [0.000019,0.000002,]
[10,13,]   270   0.00504084   1.47227e-039   5.69313e-040   [0.000019,-0.000003,]
[11,13,]   271   0.00455792   1.39774e-039   6.60403e-040   [0.000015,-0.000007,]
[12,13,]   272   0.00344557   1.28686e-039   8.42583e-040   [0.000008,-0.000010,]
[13,13,]   273   0.00207309   1.00632e-039   1.11585e-039   [-0.000001,-0.000011,]
[14,13,]   274   0.00095113   5.23152e-040   1.48021e-039   [-0.000014,-0.000010,]
[15,13,]   275   0.000320476   -3.54622e-040   1.93566e-039   [-0.000034,-0.000005,]
[16,13,]   276   8.68493e-005   -2.31005e-039   2.4822e-039   [-0.000058,0.000008,]
[17,13,]   277   3.59273e-005   -1.61416e-039   3.11983e-039   [-0.000062,0.000025,]
[18,13,]   278   2.06404e-005   3.8801e-040   3.84855e-039   [-0.000039,0.000021,]
[19,13,]   279   7.89194e-006   2.80402e-040   4.66836e-039   [-0.000020,0.000023,]
[0,14,]   280   1.45466e-005   -1.68013e-039   5.03272e-039   [-0.000009,-0.000003,]
[1,14,]   281   2.84556e-005   -1.18407e-039   4.21291e-039   [-0.000031,-0.000009,]
[2,14,]   282   6.26241e-005   -8.60876e-040   3.48419e-039   [-0.000036,-0.000008,]
[3,14,]   283   0.00014236   -7.32455e-040   2.84656e-039   [-0.000033,-0.000003,]
[4,14,]   284   0.000339606   -3.43655e-040   2.30002e-039   [-0.000022,0.000002,]
[5,14,]   285   0.00077425   2.0826e-040   1.84457e-039   [-0.000011,0.000006,]
[6,14,]   286   0.00152005   6.15909e-040   1.48021e-039   [-0.000001,0.000007,]
[7,14,]   287   0.00249139   8.74379e-040   1.20694e-039   [0.000007,0.000007,]
[8,14,]   288   0.00343401   1.02766e-039   1.02476e-039   [0.000012,0.000005,]
[9,14,]   289   0.00405075   1.07541e-039   9.33673e-040   [0.000015,0.000002,]
[10,14,]   290   0.00415486   1.09567e-039   9.33673e-040   [0.000015,-0.000002,]
[11,14,]   291   0.00366589   1.06743e-039   1.02476e-039   [0.000012,-0.000005,]
[12,14,]   292   0.00270503   9.28829e-040   1.20694e-039   [0.000006,-0.000006,]
[13,14,]   293   0.00161827   6.66254e-040   1.48021e-039   [-0.000001,-0.000007,]
[14,14,]   294   0.000761027   2.22426e-040   1.84457e-039   [-0.000011,-0.000006,]
[15,14,]   295   0.000275259   -5.08184e-040   2.30002e-039   [-0.000027,-0.000002,]
[16,14,]   296   8.01602e-005   -1.71604e-039   2.84656e-039   [-0.000045,0.000005,]
[17,14,]   297   2.58762e-005   -2.38985e-039   3.48419e-039   [-0.000055,0.000016,]
[18,14,]   298   1.17656e-005   -5.13246e-040   4.21291e-039   [-0.000039,0.000019,]
[19,14,]   299   3.84582e-006   -1.12105e-039   5.03272e-039   [-0.000017,0.000023,]
[0,15,]   300   7.16385e-006   -2.61527e-039   5.48817e-039   [-0.000012,-0.000003,]
[1,15,]   301   1.43596e-005   -1.91249e-039   4.66836e-039   [-0.000033,-0.000008,]
[2,15,]   302   3.45433e-005   -1.43412e-039   3.93964e-039   [-0.000033,-0.000006,]
[3,15,]   303   8.53524e-005   -1.15382e-039   3.30201e-039   [-0.000028,-0.000002,]
[4,15,]   304   0.000210427   -7.06625e-040   2.75547e-039   [-0.000019,0.000001,]
[5,15,]   305   0.000479309   -2.1163e-040   2.30002e-039   [-0.000009,0.000004,]
[6,15,]   306   0.000940465   1.82901e-040   1.93566e-039   [-0.000001,0.000005,]
[7,15,]   307   0.00155099   4.45145e-040   1.66239e-039   [0.000006,0.000004,]
[8,15,]   308   0.00215616   5.91085e-040   1.48021e-039   [0.000010,0.000003,]
[9,15,]   309   0.00255895   6.73443e-040   1.38912e-039   [0.000012,0.000001,]
[10,15,]   310   0.00260824   6.87123e-040   1.38912e-039   [0.000012,-0.000001,]
[11,15,]   311   0.00226742   6.26012e-040   1.48021e-039   [0.000010,-0.000003,]
[12,15,]   312   0.00165256   4.88997e-040   1.66239e-039   [0.000005,-0.000005,]
[13,15,]   313   0.000985475   2.23222e-040   1.93566e-039   [-0.000001,-0.000005,]
[14,15,]   314   0.000470128   -2.03316e-040   2.30002e-039   [-0.000009,-0.000004,]
[15,15,]   315   0.000176978   -8.30519e-040   2.75547e-039   [-0.000022,-0.000002,]
[16,15,]   316   5.37727e-005   -1.79477e-039   3.30201e-039   [-0.000037,0.000004,]
[17,15,]   317   1.56968e-005   -2.74483e-039   3.93964e-039   [-0.000048,0.000011,]
[18,15,]   318   5.84528e-006   -1.48631e-039   4.66836e-039   [-0.000035,0.000016,]
[19,15,]   319   1.65208e-006   -2.80084e-039   5.48817e-039   [-0.000013,0.000021,]
[0,16,]   320   2.92694e-006   -3.55051e-039   6.03471e-039   [-0.000013,-0.000003,]
[1,16,]   321   6.03548e-006   -2.66198e-039   5.2149e-039   [-0.000035,-0.000006,]
[2,16,]   322   1.55929e-005   -2.04612e-039   4.48618e-039   [-0.000030,-0.000005,]
[3,16,]   323   4.07821e-005   -1.67249e-039   3.84855e-039   [-0.000024,-0.000002,]
[4,16,]   324   0.000102892   -1.20418e-039   3.30201e-039   [-0.000016,0.000001,]
[5,16,]   325   0.000235106   -7.18703e-040   2.84656e-039   [-0.000008,0.000003,]
[6,16,]   326   0.000461626   -3.36402e-040   2.4822e-039   [-0.000001,0.000003,]
[7,16,]   327   0.000764139   -7.43607e-041   2.20893e-039   [0.000005,0.000003,]
[8,16,]   328   0.00106747   8.29408e-041   2.02675e-039   [0.000009,0.000002,]
[9,16,]   329   0.00126819   1.55413e-040   1.93566e-039   [0.000010,0.000001,]
[10,16,]   330   0.00128687   1.62953e-040   1.93566e-039   [0.000010,-0.000001,]
[11,16,]   331   0.00110998   1.06308e-040   2.02675e-039   [0.000008,-0.000002,]
[12,16,]   332   0.000802622   -4.26681e-041   2.20893e-039   [0.000005,-0.000003,]
[13,16,]   333   0.000477818   -3.07183e-040   2.4822e-039   [-0.000001,-0.000004,]
[14,16,]   334   0.000230119   -7.16528e-040   2.84656e-039   [-0.000008,-0.000003,]
[15,16,]   335   8.86803e-005   -1.31137e-039   3.30201e-039   [-0.000018,-0.000001,]
[16,16,]   336   2.77704e-005   -2.11674e-039   3.84855e-039   [-0.000031,0.000003,]
[17,16,]   337   7.79397e-006   -3.09929e-039   4.48618e-039   [-0.000042,0.000008,]
[18,16,]   338   2.50336e-006   -2.39858e-039   5.2149e-039   [-0.000030,0.000013,]
[19,16,]   339   6.20241e-007   -4.45543e-039   6.03471e-039   [-0.000008,0.000018,]
[0,17,]   340   9.88311e-007   -4.57838e-039   6.67234e-039   [-0.000014,-0.000003,]
[1,17,]   341   2.10046e-006   -3.51166e-039   5.85253e-039   [-0.000035,-0.000005,]
[2,17,]   342   5.75381e-006   -2.77524e-039   5.12381e-039   [-0.000027,-0.000003,]
[3,17,]   343   1.57072e-005   -2.32094e-039   4.48618e-039   [-0.000022,-0.000001,]
[4,17,]   344   4.03241e-005   -1.83911e-039   3.93964e-039   [-0.000014,0.000001,]
[5,17,]   345   9.24661e-005   -1.36587e-039   3.48419e-039   [-0.000007,0.000003,]
[6,17,]   346   0.000181787   -9.89392e-040   3.11983e-039   [-0.000001,0.000003,]
[7,17,]   347   0.000301674   -7.25803e-040   2.84656e-039   [0.000004,0.000003,]
[8,17,]   348   0.000422526   -5.65278e-040   2.66438e-039   [0.000007,0.000002,]
[9,17,]   349   0.000502163   -4.87691e-040   2.57329e-039   [0.000009,0.000001,]
[10,17,]   350   0.000507826   -4.82617e-040   2.57329e-039   [0.000009,-0.000000,]
[11,17,]   351   0.000435326   -5.51891e-040   2.66438e-039   [0.000007,-0.000001,]
[12,17,]   352   0.000313047   -7.07646e-040   2.84656e-039   [0.000004,-0.000002,]
[13,17,]   353   0.000186153   -9.72917e-040   3.11983e-039   [-0.000001,-0.000002,]
[14,17,]   354   9.02693e-005   -1.36966e-039   3.48419e-039   [-0.000007,-0.000002,]
[15,17,]   355   3.53855e-005   -1.92406e-039   3.93964e-039   [-0.000016,-0.000001,]
[16,17,]   356   1.13219e-005   -2.6536e-039   4.48618e-039   [-0.000027,0.000002,]
[17,17,]   357   3.13567e-006   -3.59814e-039   5.12381e-039   [-0.000037,0.000007,]
[18,17,]   358   9.09248e-007   -3.31795e-039   5.85253e-039   [-0.000025,0.000011,]
[19,17,]   359   2.02265e-007   -6.00008e-039   6.67234e-039   [-0.000005,0.000016,]
[0,18,]   360   2.79727e-007   -5.77011e-039   7.40106e-039   [-0.000015,0.000008,]
[1,18,]   361   6.10655e-007   -4.48509e-039   6.58125e-039   [-0.000035,0.000004,]
[2,18,]   362   1.75345e-006   -3.64181e-039   5.85253e-039   [-0.000025,0.000004,]
[3,18,]   363   4.95086e-006   -3.13746e-039   5.2149e-039   [-0.000019,0.000005,]
[4,18,]   364   1.28963e-005   -2.66445e-039   4.66836e-039   [-0.000012,0.000006,]
[5,18,]   365   2.96961e-005   -2.21214e-039   4.21291e-039   [-0.000006,0.000007,]
[6,18,]   366   5.84736e-005   -1.84579e-039   3.84855e-039   [-0.000001,0.000008,]
[7,18,]   367   9.71998e-005   -1.57711e-039   3.57528e-039   [0.000004,0.000007,]
[8,18,]   368   0.000136318   -1.40101e-039   3.3931e-039   [0.000007,0.000007,]
[9,18,]   369   0.000161908   -1.30814e-039   3.30201e-039   [0.000008,0.000006,]
[10,18,]   370   0.000163211   -1.29186e-039   3.30201e-039   [0.000008,0.000005,]
[11,18,]   371   0.000139237   -1.35467e-039   3.3931e-039   [0.000006,0.000004,]
[12,18,]   372   9.97006e-005   -1.50913e-039   3.57528e-039   [0.000004,0.000004,]
[13,18,]   373   5.92406e-005   -1.77112e-039   3.84855e-039   [-0.000001,0.000004,]
[14,18,]   374   2.888e-005   -2.15928e-039   4.21291e-039   [-0.000006,0.000004,]
[15,18,]   375   1.14693e-005   -2.69849e-039   4.66836e-039   [-0.000014,0.000004,]
[16,18,]   376   3.7362e-006   -3.39852e-039   5.2149e-039   [-0.000023,0.000006,]
[17,18,]   377   1.03408e-006   -4.37077e-039   5.85253e-039   [-0.000033,0.000010,]
[18,18,]   378   2.8069e-007   -4.49773e-039   6.58125e-039   [-0.000021,0.000016,]
[19,18,]   379   5.78872e-008   -7.75941e-039   7.40106e-039   [-0.000001,0.000020,]
[0,19,]   380   7.47754e-008   -8.24958e-039   8.22087e-039   [-0.000015,0.000018,]
[1,19,]   381   1.58108e-007   -6.81275e-039   7.40106e-039   [-0.000039,0.000013,]
[2,19,]   382   4.64563e-007   -5.65764e-039   6.67234e-039   [-0.000026,0.000011,]
[3,19,]   383   1.35813e-006   -4.90727e-039   6.03471e-039   [-0.000019,0.000011,]
[4,19,]   384   3.63901e-006   -4.30159e-039   5.48817e-039   [-0.000012,0.000011,]
[5,19,]   385   8.51932e-006   -3.79408e-039   5.03272e-039   [-0.000006,0.000012,]
[6,19,]   386   1.68789e-005   -3.40508e-039   4.66836e-039   [-0.000001,0.000012,]
[7,19,]   387   2.80085e-005   -3.12569e-039   4.39509e-039   [0.000003,0.000012,]
[8,19,]   388   3.89793e-005   -2.95023e-039   4.21291e-039   [0.000006,0.000011,]
[9,19,]   389   4.57571e-005   -2.87456e-039   4.12182e-039   [0.000007,0.000010,]
[10,19,]   390   4.55142e-005   -2.8912e-039   4.12182e-039   [0.000007,0.000010,]
[11,19,]   391   3.83596e-005   -2.99262e-039   4.21291e-039   [0.000006,0.000010,]
[12,19,]   392   2.72385e-005   -3.17555e-039   4.39509e-039   [0.000003,0.000009,]
[13,19,]   393   1.61421e-005   -3.43989e-039   4.66836e-039   [-0.000001,0.000009,]
[14,19,]   394   7.91161e-006   -3.78931e-039   5.03272e-039   [-0.000006,0.000009,]
[15,19,]   395   3.1979e-006   -4.2304e-039   5.48817e-039   [-0.000013,0.000009,]
[16,19,]   396   1.08081e-006   -4.7547e-039   6.03471e-039   [-0.000021,0.000010,]
[17,19,]   397   3.16136e-007   -5.56814e-039   6.67234e-039   [-0.000027,0.000014,]
[18,19,]   398   8.9147e-008   -6.07266e-039   7.40106e-039   [-0.000015,0.000020,]
[19,19,]   399   1.94411e-008   -9.30303e-039   8.22087e-039   [0.000003,0.000025,]
