coordinates  index   rho      Q      V    velocities 
[0,0,]   0   3.37276e-008   -7.93268e-039   8.22087e-039   [0.000038,0.000006,]
[1,0,]   1   1.18048e-007   -5.84506e-039   7.40106e-039   [0.000020,0.000007,]
[2,0,]   2   3.7574e-007   -5.60435e-039   6.67234e-039   [0.000028,0.000009,]
[3,0,]   3   1.25445e-006   -4.80143e-039   6.03471e-039   [0.000020,0.000011,]
[4,0,]   4   3.74545e-006   -4.24054e-039   5.48817e-039   [0.000013,0.000013,]
[5,0,]   5   9.38973e-006   -3.75984e-039   5.03272e-039   [0.000006,0.000014,]
[6,0,]   6   1.92843e-005   -3.39384e-039   4.66836e-039   [0.000001,0.000014,]
[7,0,]   7   3.25288e-005   -3.13e-039   4.39509e-039   [-0.000003,0.000014,]
[8,0,]   8   4.56187e-005   -2.95573e-039   4.21291e-039   [-0.000006,0.000013,]
[9,0,]   9   5.3897e-005   -2.86279e-039   4.12182e-039   [-0.000007,0.000013,]
[10,0,]   10   5.40904e-005   -2.84721e-039   4.12182e-039   [-0.000007,0.000012,]
[11,0,]   11   4.6137e-005   -2.91705e-039   4.21291e-039   [-0.000006,0.000011,]
[12,0,]   12   3.32439e-005   -3.08604e-039   4.39509e-039   [-0.000003,0.000011,]
[13,0,]   13   2.00782e-005   -3.36474e-039   4.66836e-039   [0.000001,0.000011,]
[14,0,]   14   1.01454e-005   -3.7626e-039   5.03272e-039   [0.000006,0.000011,]
[15,0,]   15   4.34849e-006   -4.2805e-039   5.48817e-039   [0.000012,0.000012,]
[16,0,]   16   1.6466e-006   -4.87054e-039   6.03471e-039   [0.000018,0.000014,]
[17,0,]   17   5.84695e-007   -5.47566e-039   6.67234e-039   [0.000025,0.000016,]
[18,0,]   18   2.0513e-007   -6.48164e-039   7.40106e-039   [0.000036,0.000018,]
[19,0,]   19   9.21773e-008   -7.91177e-039   8.22087e-039   [0.000041,0.000019,]
[0,1,]   20   7.82252e-008   -7.21176e-039   7.40106e-039   [0.000038,-0.000021,]
[1,1,]   21   3.02524e-007   -4.66972e-039   6.58125e-039   [0.000025,-0.000018,]
[2,1,]   22   1.04367e-006   -4.6009e-039   5.85253e-039   [0.000034,-0.000011,]
[3,1,]   23   3.75614e-006   -3.56002e-039   5.2149e-039   [0.000023,-0.000007,]
[4,1,]   24   1.16427e-005   -2.83223e-039   4.66836e-039   [0.000014,-0.000005,]
[5,1,]   25   2.95782e-005   -2.27806e-039   4.21291e-039   [0.000006,-0.000004,]
[6,1,]   26   6.09252e-005   -1.88551e-039   3.84855e-039   [0.000001,-0.000004,]
[7,1,]   27   0.00010255   -1.6232e-039   3.57528e-039   [-0.000003,-0.000004,]
[8,1,]   28   0.000142922   -1.47005e-039   3.3931e-039   [-0.000006,-0.000005,]
[9,1,]   29   0.000167145   -1.4094e-039   3.30201e-039   [-0.000008,-0.000005,]
[10,1,]   30   0.000165629   -1.42605e-039   3.30201e-039   [-0.000008,-0.000006,]
[11,1,]   31   0.000139517   -1.51818e-039   3.3931e-039   [-0.000007,-0.000007,]
[12,1,]   32   9.96211e-005   -1.69415e-039   3.57528e-039   [-0.000004,-0.000008,]
[13,1,]   33   6.00206e-005   -1.96394e-039   3.84855e-039   [0.000001,-0.000008,]
[14,1,]   34   3.05304e-005   -2.33297e-039   4.21291e-039   [0.000006,-0.000008,]
[15,1,]   35   1.33064e-005   -2.78666e-039   4.66836e-039   [0.000012,-0.000007,]
[16,1,]   36   5.1572e-006   -3.25655e-039   5.2149e-039   [0.000019,-0.000005,]
[17,1,]   37   1.86415e-006   -3.70127e-039   5.85253e-039   [0.000024,-0.000005,]
[18,1,]   38   6.5368e-007   -4.52705e-039   6.58125e-039   [0.000033,-0.000005,]
[19,1,]   39   2.83884e-007   -5.86816e-039   7.40106e-039   [0.000036,-0.000008,]
[0,2,]   40   2.54965e-007   -5.41761e-039   6.67234e-039   [0.000038,-0.000017,]
[1,2,]   41   9.52611e-007   -3.33532e-039   5.85253e-039   [0.000030,-0.000013,]
[2,2,]   42   3.08145e-006   -3.75268e-039   5.12381e-039   [0.000039,-0.000007,]
[3,2,]   43   1.10819e-005   -2.76071e-039   4.48618e-039   [0.000027,-0.000003,]
[4,2,]   44   3.50448e-005   -1.99318e-039   3.93964e-039   [0.000016,0.000000,]
[5,2,]   45   9.02937e-005   -1.41975e-039   3.48419e-039   [0.000007,0.000002,]
[6,2,]   46   0.000187043   -1.01618e-039   3.11983e-039   [0.000001,0.000002,]
[7,2,]   47   0.000314564   -7.5061e-040   2.84656e-039   [-0.000004,0.000002,]
[8,2,]   48   0.000436393   -5.98403e-040   2.66438e-039   [-0.000007,0.000001,]
[9,2,]   49   0.000507731   -5.31156e-040   2.57329e-039   [-0.000009,0.000000,]
[10,2,]   50   0.000501352   -5.37316e-040   2.57329e-039   [-0.000009,-0.000001,]
[11,2,]   51   0.000421962   -6.14135e-040   2.66438e-039   [-0.000008,-0.000002,]
[12,2,]   52   0.000301707   -7.72554e-040   2.84656e-039   [-0.000004,-0.000003,]
[13,2,]   53   0.000182105   -1.03676e-039   3.11983e-039   [0.000001,-0.000003,]
[14,2,]   54   9.28021e-005   -1.4162e-039   3.48419e-039   [0.000007,-0.000003,]
[15,2,]   55   4.06396e-005   -1.88941e-039   3.93964e-039   [0.000014,-0.000001,]
[16,2,]   56   1.59927e-005   -2.36521e-039   4.48618e-039   [0.000021,0.000001,]
[17,2,]   57   5.979e-006   -2.75522e-039   5.12381e-039   [0.000026,0.000003,]
[18,2,]   58   2.19816e-006   -3.47214e-039   5.85253e-039   [0.000033,0.000004,]
[19,2,]   59   9.86282e-007   -4.59442e-039   6.67234e-039   [0.000034,0.000002,]
[0,3,]   60   7.57017e-007   -3.85854e-039   6.03471e-039   [0.000037,-0.000018,]
[1,3,]   61   2.64727e-006   -2.28996e-039   5.2149e-039   [0.000034,-0.000014,]
[2,3,]   62   7.69686e-006   -3.19225e-039   4.48618e-039   [0.000045,-0.000009,]
[3,3,]   63   2.71244e-005   -2.19838e-039   3.84855e-039   [0.000032,-0.000003,]
[4,3,]   64   8.77823e-005   -1.3443e-039   3.30201e-039   [0.000018,0.000001,]
[5,3,]   65   0.000230574   -7.21319e-040   2.84656e-039   [0.000008,0.000003,]
[6,3,]   66   0.000481308   -3.036e-040   2.4822e-039   [0.000001,0.000003,]
[7,3,]   67   0.00080837   -3.94985e-041   2.20893e-039   [-0.000005,0.000003,]
[8,3,]   68   0.00111451   1.06075e-040   2.02675e-039   [-0.000008,0.000002,]
[9,3,]   69   0.00128759   1.564e-040   1.93566e-039   [-0.000010,0.000001,]
[10,3,]   70   0.00126668   1.48803e-040   1.93566e-039   [-0.000011,-0.000001,]
[11,3,]   71   0.00106676   7.88142e-041   2.02675e-039   [-0.000009,-0.000002,]
[12,3,]   72   0.000765077   -7.63615e-041   2.20893e-039   [-0.000005,-0.000003,]
[13,3,]   73   0.000463125   -3.38261e-040   2.4822e-039   [0.000001,-0.000004,]
[14,3,]   74   0.000236352   -7.24124e-040   2.84656e-039   [0.000008,-0.000003,]
[15,3,]   75   0.000103893   -1.21135e-039   3.30201e-039   [0.000016,-0.000001,]
[16,3,]   76   4.16661e-005   -1.6689e-039   3.84855e-039   [0.000024,0.000002,]
[17,3,]   77   1.63016e-005   -1.97808e-039   4.48618e-039   [0.000029,0.000004,]
[18,3,]   78   6.38605e-006   -2.56956e-039   5.2149e-039   [0.000032,0.000006,]
[19,3,]   79   2.98563e-006   -3.48719e-039   6.03471e-039   [0.000030,0.000003,]
[0,4,]   80   1.94579e-006   -2.32816e-039   5.48817e-039   [0.000035,-0.000021,]
[1,4,]   81   6.24096e-006   -1.33799e-039   4.66836e-039   [0.000039,-0.000017,]
[2,4,]   82   1.56635e-005   -2.79063e-039   3.93964e-039   [0.000051,-0.000012,]
[3,4,]   83   5.23563e-005   -1.91377e-039   3.30201e-039   [0.000038,-0.000004,]
[4,4,]   84   0.000174974   -8.71508e-040   2.75547e-039   [0.000022,0.000002,]
[5,4,]   85   0.000471883   -2.11966e-040   2.30002e-039   [0.000009,0.000004,]
[6,4,]   86   0.000995609   2.26065e-040   1.93566e-039   [0.000001,0.000005,]
[7,4,]   87   0.00166892   4.92468e-040   1.66239e-039   [-0.000005,0.000005,]
[8,4,]   88   0.00228025   6.22334e-040   1.48021e-039   [-0.000010,0.000003,]
[9,4,]   89   0.00261175   6.85385e-040   1.38912e-039   [-0.000012,0.000001,]
[10,4,]   90   0.00255617   6.67144e-040   1.38912e-039   [-0.000012,-0.000001,]
[11,4,]   91   0.00215588   5.8145e-040   1.48021e-039   [-0.000010,-0.000003,]
[12,4,]   92   0.0015551   4.40431e-040   1.66239e-039   [-0.000006,-0.000004,]
[13,4,]   93   0.000945292   1.76645e-040   1.93566e-039   [0.000001,-0.000005,]
[14,4,]   94   0.000482782   -2.22727e-040   2.30002e-039   [0.000009,-0.000004,]
[15,4,]   95   0.000212882   -7.17172e-040   2.75547e-039   [0.000019,-0.000001,]
[16,4,]   96   8.7521e-005   -1.15111e-039   3.30201e-039   [0.000027,0.000002,]
[17,4,]   97   3.63773e-005   -1.36453e-039   3.93964e-039   [0.000031,0.000006,]
[18,4,]   98   1.53983e-005   -1.82137e-039   4.66836e-039   [0.000031,0.000007,]
[19,4,]   99   7.49982e-006   -2.53045e-039   5.48817e-039   [0.000026,0.000003,]
[0,5,]   100   4.39151e-006   -8.48592e-040   5.03272e-039   [0.000033,-0.000022,]
[1,5,]   101   1.26788e-005   -3.81531e-040   4.21291e-039   [0.000042,-0.000019,]
[2,5,]   102   2.63378e-005   -2.31721e-039   3.48419e-039   [0.000059,-0.000018,]
[3,5,]   103   7.77605e-005   -1.89742e-039   2.84656e-039   [0.000047,-0.000005,]
[4,5,]   104   0.000271324   -5.76188e-040   2.30002e-039   [0.000026,0.000003,]
[5,5,]   105   0.000766192   2.19896e-040   1.84457e-039   [0.000011,0.000006,]
[6,5,]   106   0.00164271   6.76022e-040   1.48021e-039   [0.000001,0.000007,]
[7,5,]   107   0.00274331   9.37112e-040   1.20694e-039   [-0.000006,0.000006,]
[8,5,]   108   0.00369627   1.07574e-039   1.02476e-039   [-0.000012,0.000005,]
[9,5,]   109   0.00415881   1.08827e-039   9.33673e-040   [-0.000015,0.000002,]
[10,5,]   110   0.00404257   1.05541e-039   9.33673e-040   [-0.000015,-0.000002,]
[11,5,]   111   0.00343957   1.01685e-039   1.02476e-039   [-0.000012,-0.000004,]
[12,5,]   112   0.00250564   8.6003e-040   1.20694e-039   [-0.000007,-0.000006,]
[13,5,]   113   0.00153391   6.01034e-040   1.48021e-039   [0.000001,-0.000007,]
[14,5,]   114   0.000782944   1.88773e-040   1.84457e-039   [0.000011,-0.000005,]
[15,5,]   115   0.000344324   -3.82825e-040   2.30002e-039   [0.000022,-0.000002,]
[16,5,]   116   0.000146618   -7.22469e-040   2.84656e-039   [0.000032,0.000003,]
[17,5,]   117   6.65358e-005   -7.93198e-040   3.48419e-039   [0.000035,0.000007,]
[18,5,]   118   3.10274e-005   -1.08815e-039   4.21291e-039   [0.000029,0.000009,]
[19,5,]   119   1.57039e-005   -1.5669e-039   5.03272e-039   [0.000020,0.000003,]
[0,6,]   120   8.88902e-006   3.50796e-040   4.66836e-039   [0.000030,-0.000023,]
[1,6,]   121   2.24645e-005   4.37272e-040   3.84855e-039   [0.000041,-0.000021,]
[2,6,]   122   3.76979e-005   -1.36456e-039   3.11983e-039   [0.000065,-0.000028,]
[3,6,]   123   8.41677e-005   -2.55725e-039   2.4822e-039   [0.000062,-0.000008,]
[4,6,]   124   0.000313875   -5.30634e-040   1.93566e-039   [0.000034,0.000006,]
[5,6,]   125   0.000960892   4.988e-040   1.48021e-039   [0.000013,0.000010,]
[6,6,]   126   0.00211807   1.00782e-039   1.11585e-039   [0.000000,0.000011,]
[7,6,]   127   0.00351475   1.29604e-039   8.42583e-040   [-0.000008,0.000010,]
[8,6,]   128   0.00460433   1.39155e-039   6.60403e-040   [-0.000015,0.000007,]
[9,6,]   129   0.00503727   1.43813e-039   5.69313e-040   [-0.000019,0.000003,]
[10,6,]   130   0.00484912   1.37049e-039   5.69313e-040   [-0.000019,-0.000002,]
[11,6,]   131   0.00419281   1.30375e-039   6.60403e-040   [-0.000015,-0.000008,]
[12,6,]   132   0.00312756   1.18478e-039   8.42583e-040   [-0.000008,-0.000011,]
[13,6,]   133   0.00193786   8.99867e-040   1.11585e-039   [0.000002,-0.000011,]
[14,6,]   134   0.000983804   4.36364e-040   1.48021e-039   [0.000014,-0.000009,]
[15,6,]   135   0.0004288   -1.84124e-040   1.93566e-039   [0.000027,-0.000002,]
[16,6,]   136   0.000190426   -5.22728e-040   2.4822e-039   [0.000039,0.000004,]
[17,6,]   137   9.95532e-005   -1.50322e-040   3.11983e-039   [0.000037,0.000010,]
[18,6,]   138   5.22748e-005   -3.37693e-040   3.84855e-039   [0.000025,0.000010,]
[19,6,]   139   2.73011e-005   -6.06422e-040   4.66836e-039   [0.000013,0.000002,]
[0,7,]   140   1.64347e-005   1.29391e-039   4.39509e-039   [0.000025,-0.000021,]
[1,7,]   141   3.5249e-005   1.0572e-039   3.57528e-039   [0.000034,-0.000021,]
[2,7,]   142   4.74182e-005   1.39262e-040   2.84656e-039   [0.000068,-0.000039,]
[3,7,]   143   6.18794e-005   -4.72315e-039   2.20893e-039   [0.000088,-0.000015,]
[4,7,]   144   0.000248435   -1.32685e-039   1.66239e-039   [0.000046,0.000016,]
[5,7,]   145   0.000902438   6.26013e-040   1.20694e-039   [0.000015,0.000019,]
[6,7,]   146   0.00208638   1.24989e-039   8.42583e-040   [0.000000,0.000019,]
[7,7,]   147   0.0033987   1.51825e-039   5.69313e-040   [-0.000010,0.000017,]
[8,7,]   148   0.00421135   1.63934e-039   3.87133e-040   [-0.000019,0.000014,]
[9,7,]   149   0.0042501   1.33207e-039   2.96043e-040   [-0.000025,0.000009,]
[10,7,]   150   0.00404495   1.08158e-039   2.96043e-040   [-0.000028,-0.000003,]
[11,7,]   151   0.00371717   1.51049e-039   3.87133e-040   [-0.000022,-0.000014,]
[12,7,]   152   0.00291745   1.36582e-039   5.69313e-040   [-0.000010,-0.000019,]
[13,7,]   153   0.00186098   1.11172e-039   8.42583e-040   [0.000003,-0.000020,]
[14,7,]   154   0.000930886   5.45992e-040   1.20694e-039   [0.000020,-0.000016,]
[15,7,]   155   0.000389411   -5.19965e-040   1.66239e-039   [0.000037,-0.000005,]
[16,7,]   156   0.00018458   -5.18564e-040   2.20893e-039   [0.000051,0.000011,]
[17,7,]   157   0.000120334   4.6795e-040   2.84656e-039   [0.000038,0.000014,]
[18,7,]   158   7.30618e-005   3.93231e-040   3.57528e-039   [0.000018,0.000012,]
[19,7,]   159   3.92375e-005   3.07313e-040   4.39509e-039   [0.000004,0.000002,]
[0,8,]   160   2.70528e-005   2.0033e-039   4.21291e-039   [0.000021,-0.000018,]
[1,8,]   161   4.95654e-005   1.31804e-039   3.3931e-039   [0.000021,-0.000021,]
[2,8,]   162   5.54123e-005   1.81689e-039   2.66438e-039   [0.000061,-0.000038,]
[3,8,]   163   3.28363e-005   -8.78412e-039   2.02675e-039   [0.000130,-0.000046,]
[4,8,]   164   0.000117727   -5.45632e-039   1.48021e-039   [0.000074,0.000037,]
[5,8,]   165   0.000607345   6.09301e-041   1.02476e-039   [0.000012,0.000038,]
[6,8,]   166   0.00152043   1.1051e-039   6.60403e-040   [-0.000002,0.000035,]
[7,8,]   167   0.00238487   1.49151e-039   3.87133e-040   [-0.000012,0.000034,]
[8,8,]   168   0.00258101   1.0706e-039   2.04953e-040   [-0.000024,0.000030,]
[9,8,]   169   0.00221605   -2.78517e-040   1.13863e-040   [-0.000041,0.000026,]
[10,8,]   170   0.00224038   7.77432e-040   1.13863e-040   [-0.000046,-0.000003,]
[11,8,]   171   0.00215493   7.03825e-040   2.04953e-040   [-0.000032,-0.000031,]
[12,8,]   172   0.00193027   9.38172e-040   3.87133e-040   [-0.000014,-0.000042,]
[13,8,]   173   0.00130712   7.1515e-040   6.60403e-040   [0.000005,-0.000042,]
[14,8,]   174   0.000628715   -5.47079e-041   1.02476e-039   [0.000025,-0.000035,]
[15,8,]   175   0.000249991   -8.01631e-040   1.48021e-039   [0.000060,-0.000014,]
[16,8,]   176   0.000120906   -2.69655e-039   2.02675e-039   [0.000071,0.000017,]
[17,8,]   177   0.000119388   1.49385e-039   2.66438e-039   [0.000028,0.000023,]
[18,8,]   178   8.41988e-005   9.10901e-040   3.3931e-039   [0.000011,0.000014,]
[19,8,]   179   4.69101e-005   1.07923e-039   4.21291e-039   [-0.000005,0.000003,]
[0,9,]   180   3.69269e-005   2.42671e-039   4.12182e-039   [0.000015,-0.000011,]
[1,9,]   181   6.49401e-005   1.70498e-039   3.30201e-039   [0.000015,-0.000019,]
[2,9,]   182   6.24619e-005   9.38651e-040   2.57329e-039   [0.000026,-0.000036,]
[3,9,]   183   2.50742e-005   -1.10745e-038   1.93566e-039   [0.000138,-0.000122,]
[4,9,]   184   4.84945e-005   -1.39959e-038   1.38912e-039   [0.000145,0.000114,]
[5,9,]   185   0.000340324   -1.85852e-039   9.33673e-040   [-0.000005,0.000085,]
[6,9,]   186   0.000885344   -4.0336e-040   5.69313e-040   [-0.000004,0.000070,]
[7,9,]   187   0.00124695   -5.59576e-040   2.96043e-040   [-0.000010,0.000076,]
[8,9,]   188   0.00112216   -1.3366e-039   1.13863e-040   [-0.000012,0.000101,]
[9,9,]   189   0.000735421   -5.51674e-039   2.27725e-041   [-0.000083,0.000112,]
[10,9,]   190   0.00068675   -5.78604e-039   2.27725e-041   [-0.000111,-0.000092,]
[11,9,]   191   0.000789372   -5.67885e-039   1.13863e-040   [-0.000047,-0.000104,]
[12,9,]   192   0.0010496   -1.1276e-039   2.96043e-040   [-0.000014,-0.000082,]
[13,9,]   193   0.000797072   -7.39892e-040   5.69313e-040   [0.000008,-0.000076,]
[14,9,]   194   0.000325652   -3.07413e-039   9.33673e-040   [0.000029,-0.000085,]
[15,9,]   195   9.05851e-005   -7.2258e-039   1.38912e-039   [0.000105,-0.000098,]
[16,9,]   196   7.25392e-005   -9.63256e-040   1.93566e-039   [0.000063,0.000095,]
[17,9,]   197   9.78197e-005   1.97253e-039   2.57329e-039   [0.000018,0.000035,]
[18,9,]   198   8.12044e-005   1.38926e-039   3.30201e-039   [-0.000001,0.000016,]
[19,9,]   199   4.62342e-005   1.65382e-039   4.12182e-039   [-0.000015,0.000004,]
[0,10,]   200   4.45333e-005   1.6606e-039   4.12182e-039   [0.000010,-0.000005,]
[1,10,]   201   8.03323e-005   1.40553e-039   3.30201e-039   [0.000001,-0.000016,]
[2,10,]   202   9.77689e-005   2.00045e-039   2.57329e-039   [-0.000018,-0.000035,]
[3,10,]   203   7.25521e-005   -9.58988e-040   1.93566e-039   [-0.000063,-0.000095,]
[4,10,]   204   9.059e-005   -7.22541e-039   1.38912e-039   [-0.000105,0.000098,]
[5,10,]   205   0.000325651   -3.07427e-039   9.33673e-040   [-0.000029,0.000085,]
[6,10,]   206   0.000797073   -7.39878e-040   5.69313e-040   [-0.000008,0.000076,]
[7,10,]   207   0.0010496   -1.12761e-039   2.96043e-040   [0.000014,0.000082,]
[8,10,]   208   0.000789372   -5.67885e-039   1.13863e-040   [0.000047,0.000104,]
[9,10,]   209   0.00068675   -5.78604e-039   2.27725e-041   [0.000111,0.000092,]
[10,10,]   210   0.000735421   -5.51674e-039   2.27725e-041   [0.000083,-0.000112,]
[11,10,]   211   0.00112216   -1.3366e-039   1.13863e-040   [0.000012,-0.000101,]
[12,10,]   212   0.00124695   -5.59571e-040   2.96043e-040   [0.000010,-0.000076,]
[13,10,]   213   0.000885342   -4.03372e-040   5.69313e-040   [0.000004,-0.000070,]
[14,10,]   214   0.000340322   -1.8586e-039   9.33673e-040   [0.000005,-0.000085,]
[15,10,]   215   4.84959e-005   -1.3996e-038   1.38912e-039   [-0.000145,-0.000114,]
[16,10,]   216   2.50837e-005   -1.10769e-038   1.93566e-039   [-0.000138,0.000122,]
[17,10,]   217   6.25746e-005   8.99954e-040   2.57329e-039   [-0.000026,0.000036,]
[18,10,]   218   6.60706e-005   1.70922e-039   3.30201e-039   [-0.000015,0.000019,]
[19,10,]   219   3.8943e-005   2.45274e-039   4.12182e-039   [-0.000024,0.000011,]
[0,11,]   220   4.64966e-005   1.0951e-039   4.21291e-039   [0.000004,-0.000003,]
[1,11,]   221   8.40471e-005   9.25139e-040   3.3931e-039   [-0.000011,-0.000014,]
[2,11,]   222   0.000119393   1.50022e-039   2.66438e-039   [-0.000028,-0.000023,]
[3,11,]   223   0.000120916   -2.69594e-039   2.02675e-039   [-0.000071,-0.000017,]
[4,11,]   224   0.000249994   -8.01669e-040   1.48021e-039   [-0.000060,0.000014,]
[5,11,]   225   0.000628715   -5.47426e-041   1.02476e-039   [-0.000025,0.000035,]
[6,11,]   226   0.00130712   7.15153e-040   6.60403e-040   [-0.000005,0.000042,]
[7,11,]   227   0.00193027   9.38172e-040   3.87133e-040   [0.000014,0.000042,]
[8,11,]   228   0.00215493   7.03827e-040   2.04953e-040   [0.000032,0.000031,]
[9,11,]   229   0.00224038   7.77434e-040   1.13863e-040   [0.000046,0.000003,]
[10,11,]   230   0.00221605   -2.78516e-040   1.13863e-040   [0.000041,-0.000026,]
[11,11,]   231   0.00258101   1.0706e-039   2.04953e-040   [0.000024,-0.000030,]
[12,11,]   232   0.00238487   1.49151e-039   3.87133e-040   [0.000012,-0.000034,]
[13,11,]   233   0.00152043   1.10511e-039   6.60403e-040   [0.000002,-0.000035,]
[14,11,]   234   0.000607343   6.08998e-041   1.02476e-039   [-0.000012,-0.000038,]
[15,11,]   235   0.000117728   -5.45686e-039   1.48021e-039   [-0.000074,-0.000037,]
[16,11,]   236   3.28474e-005   -8.78373e-039   2.02675e-039   [-0.000130,0.000046,]
[17,11,]   237   5.54753e-005   1.79566e-039   2.66438e-039   [-0.000061,0.000038,]
[18,11,]   238   5.00577e-005   1.30627e-039   3.3931e-039   [-0.000022,0.000021,]
[19,11,]   239   2.78734e-005   1.97123e-039   4.21291e-039   [-0.000026,0.000019,]
[0,12,]   240   4.00794e-005   3.13503e-040   4.39509e-039   [-0.000001,-0.000002,]
[1,12,]   241   7.34951e-005   3.89758e-040   3.57528e-039   [-0.000018,-0.000012,]
[2,12,]   242   0.00012033   4.54273e-040   2.84656e-039   [-0.000038,-0.000014,]
[3,12,]   243   0.000184576   -5.18693e-040   2.20893e-039   [-0.000051,-0.000011,]
[4,12,]   244   0.000389402   -5.20083e-040   1.66239e-039   [-0.000037,0.000005,]
[5,12,]   245   0.000930888   5.46052e-040   1.20694e-039   [-0.000020,0.000016,]
[6,12,]   246   0.00186098   1.11171e-039   8.42583e-040   [-0.000003,0.000020,]
[7,12,]   247   0.00291745   1.36581e-039   5.69313e-040   [0.000010,0.000019,]
[8,12,]   248   0.00371717   1.51049e-039   3.87133e-040   [0.000022,0.000014,]
[9,12,]   249   0.00404495   1.08158e-039   2.96043e-040   [0.000028,0.000003,]
[10,12,]   250   0.0042501   1.33207e-039   2.96043e-040   [0.000025,-0.000009,]
[11,12,]   251   0.00421135   1.63934e-039   3.87133e-040   [0.000019,-0.000014,]
[12,12,]   252   0.0033987   1.51825e-039   5.69313e-040   [0.000010,-0.000017,]
[13,12,]   253   0.00208638   1.24989e-039   8.42583e-040   [-0.000000,-0.000019,]
[14,12,]   254   0.000902439   6.26013e-040   1.20694e-039   [-0.000015,-0.000019,]
[15,12,]   255   0.000248435   -1.32682e-039   1.66239e-039   [-0.000046,-0.000016,]
[16,12,]   256   6.18754e-005   -4.72299e-039   2.20893e-039   [-0.000088,0.000015,]
[17,12,]   257   4.73986e-005   1.42808e-040   2.84656e-039   [-0.000068,0.000039,]
[18,12,]   258   3.51687e-005   1.05041e-039   3.57528e-039   [-0.000034,0.000021,]
[19,12,]   259   1.62905e-005   1.27076e-039   4.39509e-039   [-0.000024,0.000022,]
[0,13,]   260   2.87635e-005   -5.8456e-040   4.66836e-039   [-0.000005,-0.000001,]
[1,13,]   261   5.29434e-005   -3.58285e-040   3.84855e-039   [-0.000025,-0.000010,]
[2,13,]   262   9.95226e-005   -1.80361e-040   3.11983e-039   [-0.000037,-0.000010,]
[3,13,]   263   0.000190415   -5.22274e-040   2.4822e-039   [-0.000040,-0.000004,]
[4,13,]   264   0.000428778   -1.84411e-040   1.93566e-039   [-0.000027,0.000002,]
[5,13,]   265   0.000983808   4.36502e-040   1.48021e-039   [-0.000014,0.000009,]
[6,13,]   266   0.00193786   8.99851e-040   1.11585e-039   [-0.000002,0.000011,]
[7,13,]   267   0.00312756   1.18478e-039   8.42583e-040   [0.000008,0.000011,]
[8,13,]   268   0.00419281   1.30375e-039   6.60403e-040   [0.000015,0.000008,]
[9,13,]   269   0.00484912   1.37048e-039   5.69313e-040   [0.000019,0.000002,]
[10,13,]   270   0.00503727   1.43812e-039   5.69313e-040   [0.000019,-0.000003,]
[11,13,]   271   0.00460433   1.39154e-039   6.60403e-040   [0.000015,-0.000007,]
[12,13,]   272   0.00351475   1.29603e-039   8.42583e-040   [0.000008,-0.000010,]
[13,13,]   273   0.00211807   1.00781e-039   1.11585e-039   [-0.000000,-0.000011,]
[14,13,]   274   0.000960897   4.98799e-040   1.48021e-039   [-0.000013,-0.000010,]
[15,13,]   275   0.000313881   -5.30207e-040   1.93566e-039   [-0.000034,-0.000006,]
[16,13,]   276   8.41497e-005   -2.55483e-039   2.4822e-039   [-0.000062,0.000008,]
[17,13,]   277   3.76137e-005   -1.34737e-039   3.11983e-039   [-0.000065,0.000028,]
[18,13,]   278   2.21347e-005   4.50627e-040   3.84855e-039   [-0.000040,0.000021,]
[19,13,]   279   8.3654e-006   3.29284e-040   4.66836e-039   [-0.000021,0.000024,]
[0,14,]   280   1.69935e-005   -1.53453e-039   5.03272e-039   [-0.000008,-0.000002,]
[1,14,]   281   3.15824e-005   -1.1294e-039   4.21291e-039   [-0.000029,-0.000009,]
[2,14,]   282   6.64937e-005   -8.3493e-040   3.48419e-039   [-0.000035,-0.000007,]
[3,14,]   283   0.000146608   -7.21536e-040   2.84656e-039   [-0.000032,-0.000003,]
[4,14,]   284   0.000344301   -3.83385e-040   2.30002e-039   [-0.000022,0.000002,]
[5,14,]   285   0.000782949   1.88768e-040   1.84457e-039   [-0.000011,0.000005,]
[6,14,]   286   0.00153392   6.00826e-040   1.48021e-039   [-0.000001,0.000007,]
[7,14,]   287   0.00250564   8.59842e-040   1.20694e-039   [0.000007,0.000006,]
[8,14,]   288   0.00343958   1.01666e-039   1.02476e-039   [0.000012,0.000004,]
[9,14,]   289   0.00404258   1.05522e-039   9.33673e-040   [0.000015,0.000002,]
[10,14,]   290   0.00415882   1.08809e-039   9.33673e-040   [0.000015,-0.000002,]
[11,14,]   291   0.00369628   1.07556e-039   1.02476e-039   [0.000012,-0.000005,]
[12,14,]   292   0.00274332   9.36931e-040   1.20694e-039   [0.000006,-0.000006,]
[13,14,]   293   0.00164272   6.75833e-040   1.48021e-039   [-0.000001,-0.000007,]
[14,14,]   294   0.000766201   2.19703e-040   1.84457e-039   [-0.000011,-0.000006,]
[15,14,]   295   0.000271335   -5.75773e-040   2.30002e-039   [-0.000026,-0.000003,]
[16,14,]   296   7.77427e-005   -1.8935e-039   2.84656e-039   [-0.000047,0.000005,]
[17,14,]   297   2.62462e-005   -2.29184e-039   3.48419e-039   [-0.000059,0.000018,]
[18,14,]   298   1.23625e-005   -3.42993e-040   4.21291e-039   [-0.000041,0.000019,]
[19,14,]   299   3.90701e-006   -8.89289e-040   5.03272e-039   [-0.000018,0.000024,]
[0,15,]   300   8.29915e-006   -2.48294e-039   5.48817e-039   [-0.000010,-0.000002,]
[1,15,]   301   1.5731e-005   -1.8805e-039   4.66836e-039   [-0.000032,-0.000007,]
[2,15,]   302   3.63464e-005   -1.41351e-039   3.93964e-039   [-0.000031,-0.000006,]
[3,15,]   303   8.75215e-005   -1.14928e-039   3.30201e-039   [-0.000027,-0.000002,]
[4,15,]   304   0.000212883   -7.17468e-040   2.75547e-039   [-0.000019,0.000001,]
[5,15,]   305   0.000482824   -2.22394e-040   2.30002e-039   [-0.000009,0.000004,]
[6,15,]   306   0.000945368   1.76752e-040   1.93566e-039   [-0.000001,0.000005,]
[7,15,]   307   0.00155523   4.40559e-040   1.66239e-039   [0.000006,0.000004,]
[8,15,]   308   0.00215605   5.81575e-040   1.48021e-039   [0.000010,0.000003,]
[9,15,]   309   0.00255639   6.67272e-040   1.38912e-039   [0.000012,0.000001,]
[10,15,]   310   0.00261197   6.85519e-040   1.38912e-039   [0.000012,-0.000001,]
[11,15,]   311   0.00228044   6.22479e-040   1.48021e-039   [0.000010,-0.000003,]
[12,15,]   312   0.00166906   4.92618e-040   1.66239e-039   [0.000005,-0.000005,]
[13,15,]   313   0.000995694   2.26205e-040   1.93566e-039   [-0.000001,-0.000005,]
[14,15,]   314   0.000471927   -2.11855e-040   2.30002e-039   [-0.000009,-0.000004,]
[15,15,]   315   0.000174997   -8.70729e-040   2.75547e-039   [-0.000022,-0.000002,]
[16,15,]   316   5.23501e-005   -1.90863e-039   3.30201e-039   [-0.000038,0.000004,]
[17,15,]   317   1.56013e-005   -2.75838e-039   3.93964e-039   [-0.000051,0.000012,]
[18,15,]   318   6.03811e-006   -1.27797e-039   4.66836e-039   [-0.000037,0.000017,]
[19,15,]   319   1.64165e-006   -2.44112e-039   5.48817e-039   [-0.000013,0.000022,]
[0,16,]   320   3.36379e-006   -3.42317e-039   6.03471e-039   [-0.000012,-0.000002,]
[1,16,]   321   6.54045e-006   -2.64175e-039   5.2149e-039   [-0.000034,-0.000006,]
[2,16,]   322   1.62851e-005   -2.02986e-039   4.48618e-039   [-0.000029,-0.000004,]
[3,16,]   323   4.16696e-005   -1.66515e-039   3.84855e-039   [-0.000024,-0.000002,]
[4,16,]   324   0.000103902   -1.21034e-039   3.30201e-039   [-0.000016,0.000001,]
[5,16,]   325   0.000236393   -7.22541e-040   2.84656e-039   [-0.000008,0.000003,]
[6,16,]   326   0.000463203   -3.36935e-040   2.4822e-039   [-0.000001,0.000003,]
[7,16,]   327   0.000765206   -7.49929e-041   2.20893e-039   [0.000005,0.000003,]
[8,16,]   328   0.00106694   8.02324e-041   2.02675e-039   [0.000009,0.000002,]
[9,16,]   329   0.00126689   1.50308e-040   1.93566e-039   [0.000011,0.000001,]
[10,16,]   330   0.00128781   1.58017e-040   1.93566e-039   [0.000010,-0.000001,]
[11,16,]   331   0.00111469   1.07809e-040   2.02675e-039   [0.000008,-0.000002,]
[12,16,]   332   0.000808499   -3.76763e-041   2.20893e-039   [0.000005,-0.000003,]
[13,16,]   333   0.000481385   -3.01762e-040   2.4822e-039   [-0.000001,-0.000004,]
[14,16,]   334   0.000230614   -7.19581e-040   2.84656e-039   [-0.000008,-0.000003,]
[15,16,]   335   8.78026e-005   -1.34202e-039   3.30201e-039   [-0.000018,-0.000001,]
[16,16,]   336   2.7125e-005   -2.19148e-039   3.84855e-039   [-0.000032,0.000003,]
[17,16,]   337   7.66581e-006   -3.15467e-039   4.48618e-039   [-0.000045,0.000009,]
[18,16,]   338   2.54836e-006   -2.21083e-039   5.2149e-039   [-0.000032,0.000014,]
[19,16,]   339   6.11127e-007   -4.07234e-039   6.03471e-039   [-0.000009,0.000019,]
[0,17,]   340   1.1262e-006   -4.46784e-039   6.67234e-039   [-0.000013,-0.000002,]
[1,17,]   341   2.2525e-006   -3.51362e-039   5.85253e-039   [-0.000034,-0.000005,]
[2,17,]   342   5.9661e-006   -2.77038e-039   5.12381e-039   [-0.000026,-0.000003,]
[3,17,]   343   1.59828e-005   -2.32238e-039   4.48618e-039   [-0.000021,-0.000001,]
[4,17,]   344   4.06198e-005   -1.84973e-039   3.93964e-039   [-0.000014,0.000001,]
[5,17,]   345   9.27704e-005   -1.37562e-039   3.48419e-039   [-0.000007,0.000003,]
[6,17,]   346   0.000182044   -9.96276e-040   3.11983e-039   [-0.000001,0.000003,]
[7,17,]   347   0.000301603   -7.32212e-040   2.84656e-039   [0.000004,0.000003,]
[8,17,]   348   0.000421803   -5.74179e-040   2.66438e-039   [0.000008,0.000002,]
[9,17,]   349   0.000501139   -4.97738e-040   2.57329e-039   [0.000009,0.000001,]
[10,17,]   350   0.00050748   -4.91785e-040   2.57329e-039   [0.000009,-0.000000,]
[11,17,]   351   0.000436144   -5.59039e-040   2.66438e-039   [0.000007,-0.000001,]
[12,17,]   352   0.000314367   -7.1116e-040   2.84656e-039   [0.000004,-0.000002,]
[13,17,]   353   0.000186923   -9.7672e-040   3.11983e-039   [-0.000001,-0.000002,]
[14,17,]   354   9.02409e-005   -1.38042e-039   3.48419e-039   [-0.000007,-0.000002,]
[15,17,]   355   3.50308e-005   -1.95298e-039   3.93964e-039   [-0.000016,-0.000001,]
[16,17,]   356   1.10772e-005   -2.71397e-039   4.48618e-039   [-0.000027,0.000002,]
[17,17,]   357   3.06777e-006   -3.66855e-039   5.12381e-039   [-0.000039,0.000007,]
[18,17,]   358   9.13812e-007   -3.18925e-039   5.85253e-039   [-0.000027,0.000012,]
[19,17,]   359   1.98964e-007   -5.675e-039   6.67234e-039   [-0.000004,0.000018,]
[0,18,]   360   3.17049e-007   -5.7243e-039   7.40106e-039   [-0.000013,0.000010,]
[1,18,]   361   6.4976e-007   -4.54742e-039   6.58125e-039   [-0.000035,0.000006,]
[2,18,]   362   1.80828e-006   -3.67684e-039   5.85253e-039   [-0.000024,0.000005,]
[3,18,]   363   5.02377e-006   -3.16585e-039   5.2149e-039   [-0.000019,0.000006,]
[4,18,]   364   1.29753e-005   -2.69904e-039   4.66836e-039   [-0.000012,0.000007,]
[5,18,]   365   2.97778e-005   -2.24552e-039   4.21291e-039   [-0.000006,0.000008,]
[6,18,]   366   5.85403e-005   -1.87721e-039   3.84855e-039   [-0.000001,0.000008,]
[7,18,]   367   9.71733e-005   -1.60746e-039   3.57528e-039   [0.000004,0.000008,]
[8,18,]   368   0.000136107   -1.43132e-039   3.3931e-039   [0.000007,0.000007,]
[9,18,]   369   0.000161583   -1.33903e-039   3.30201e-039   [0.000008,0.000006,]
[10,18,]   370   0.000163025   -1.3224e-039   3.30201e-039   [0.000008,0.000006,]
[11,18,]   371   0.000139344   -1.38324e-039   3.3931e-039   [0.000006,0.000005,]
[12,18,]   372   9.9944e-005   -1.53659e-039   3.57528e-039   [0.000003,0.000005,]
[13,18,]   373   5.93716e-005   -1.7987e-039   3.84855e-039   [-0.000001,0.000004,]
[14,18,]   374   2.88357e-005   -2.19011e-039   4.21291e-039   [-0.000006,0.000004,]
[15,18,]   375   1.13599e-005   -2.74083e-039   4.66836e-039   [-0.000014,0.000005,]
[16,18,]   376   3.66524e-006   -3.45947e-039   5.2149e-039   [-0.000023,0.000007,]
[17,18,]   377   1.01174e-006   -4.46584e-039   5.85253e-039   [-0.000034,0.000011,]
[18,18,]   378   2.80167e-007   -4.47999e-039   6.58125e-039   [-0.000021,0.000018,]
[19,18,]   379   5.73115e-008   -7.57572e-039   7.40106e-039   [-0.000000,0.000022,]
[0,19,]   380   8.84151e-008   -8.13413e-039   8.22087e-039   [-0.000014,0.000022,]
[1,19,]   381   1.73246e-007   -6.87372e-039   7.40106e-039   [-0.000039,0.000016,]
[2,19,]   382   4.8852e-007   -5.70918e-039   6.67234e-039   [-0.000026,0.000013,]
[3,19,]   383   1.40036e-006   -4.95349e-039   6.03471e-039   [-0.000019,0.000012,]
[4,19,]   384   3.72378e-006   -4.3426e-039   5.48817e-039   [-0.000012,0.000012,]
[5,19,]   385   8.70345e-006   -3.82411e-039   5.03272e-039   [-0.000006,0.000013,]
[6,19,]   386   1.72297e-005   -3.42864e-039   4.66836e-039   [-0.000001,0.000013,]
[7,19,]   387   2.85406e-005   -3.1473e-039   4.39509e-039   [0.000003,0.000013,]
[8,19,]   388   3.96241e-005   -2.97338e-039   4.21291e-039   [0.000006,0.000012,]
[9,19,]   389   4.64313e-005   -2.90166e-039   4.12182e-039   [0.000007,0.000012,]
[10,19,]   390   4.618e-005   -2.92163e-039   4.12182e-039   [0.000007,0.000011,]
[11,19,]   391   3.89789e-005   -3.0239e-039   4.21291e-039   [0.000006,0.000011,]
[12,19,]   392   2.77255e-005   -3.20701e-039   4.39509e-039   [0.000003,0.000011,]
[13,19,]   393   1.64253e-005   -3.47165e-039   4.66836e-039   [-0.000001,0.000011,]
[14,19,]   394   8.01509e-006   -3.82398e-039   5.03272e-039   [-0.000006,0.000011,]
[15,19,]   395   3.21206e-006   -4.27459e-039   5.48817e-039   [-0.000013,0.000011,]
[16,19,]   396   1.07845e-006   -4.80234e-039   6.03471e-039   [-0.000021,0.000011,]
[17,19,]   397   3.18171e-007   -5.61349e-039   6.67234e-039   [-0.000028,0.000015,]
[18,19,]   398   9.27484e-008   -6.01416e-039   7.40106e-039   [-0.000015,0.000023,]
[19,19,]   399   2.05178e-008   -8.89353e-039   8.22087e-039   [0.000004,0.000027,]
