coordinates  index   rho      Q      V    velocities 
[0,0,]   0   3.1005e-008   -8.61397e-039   8.22087e-039   [0.000030,-0.000002,]
[1,0,]   1   1.10645e-007   -6.0758e-039   7.40106e-039   [0.000025,-0.000001,]
[2,0,]   2   3.60135e-007   -5.4895e-039   6.67234e-039   [0.000027,0.000001,]
[3,0,]   3   1.14036e-006   -4.75825e-039   6.03471e-039   [0.000020,0.000003,]
[4,0,]   4   3.24629e-006   -4.17094e-039   5.48817e-039   [0.000012,0.000005,]
[5,0,]   5   7.8744e-006   -3.70378e-039   5.03272e-039   [0.000006,0.000006,]
[6,0,]   6   1.59061e-005   -3.34153e-039   4.66836e-039   [0.000001,0.000006,]
[7,0,]   7   2.66887e-005   -3.07259e-039   4.39509e-039   [-0.000003,0.000006,]
[8,0,]   8   3.74416e-005   -2.8918e-039   4.21291e-039   [-0.000006,0.000005,]
[9,0,]   9   4.42876e-005   -2.7983e-039   4.12182e-039   [-0.000007,0.000005,]
[10,0,]   10   4.44086e-005   -2.79379e-039   4.12182e-039   [-0.000007,0.000004,]
[11,0,]   11   3.77444e-005   -2.88049e-039   4.21291e-039   [-0.000006,0.000003,]
[12,0,]   12   2.70476e-005   -3.06026e-039   4.39509e-039   [-0.000003,0.000003,]
[13,0,]   13   1.62222e-005   -3.33557e-039   4.66836e-039   [0.000001,0.000002,]
[14,0,]   14   8.11065e-006   -3.71212e-039   5.03272e-039   [0.000006,0.000003,]
[15,0,]   15   3.40405e-006   -4.20046e-039   5.48817e-039   [0.000012,0.000004,]
[16,0,]   16   1.23412e-006   -4.8046e-039   6.03471e-039   [0.000019,0.000005,]
[17,0,]   17   4.08405e-007   -5.49523e-039   6.67234e-039   [0.000026,0.000008,]
[18,0,]   18   1.31067e-007   -6.34264e-039   7.40106e-039   [0.000032,0.000010,]
[19,0,]   19   4.58965e-008   -8.40478e-039   8.22087e-039   [0.000033,0.000010,]
[0,1,]   20   1.17418e-007   -6.15368e-039   7.40106e-039   [0.000030,-0.000013,]
[1,1,]   21   4.07873e-007   -4.09127e-039   6.58125e-039   [0.000029,-0.000010,]
[2,1,]   22   1.30539e-006   -3.91952e-039   5.85253e-039   [0.000031,-0.000007,]
[3,1,]   23   4.1643e-006   -3.27734e-039   5.2149e-039   [0.000023,-0.000003,]
[4,1,]   24   1.2028e-005   -2.63062e-039   4.66836e-039   [0.000014,-0.000001,]
[5,1,]   25   2.9481e-005   -2.09756e-039   4.21291e-039   [0.000006,-0.000000,]
[6,1,]   26   5.97837e-005   -1.70556e-039   3.84855e-039   [0.000001,0.000000,]
[7,1,]   27   0.000100145   -1.44252e-039   3.57528e-039   [-0.000004,-0.000000,]
[8,1,]   28   0.000139758   -1.28796e-039   3.3931e-039   [-0.000006,-0.000001,]
[9,1,]   29   0.000164232   -1.22153e-039   3.30201e-039   [-0.000008,-0.000001,]
[10,1,]   30   0.000163724   -1.22955e-039   3.30201e-039   [-0.000008,-0.000002,]
[11,1,]   31   0.000138617   -1.31056e-039   3.3931e-039   [-0.000007,-0.000003,]
[12,1,]   32   9.91565e-005   -1.47547e-039   3.57528e-039   [-0.000004,-0.000004,]
[13,1,]   33   5.94649e-005   -1.74143e-039   3.84855e-039   [0.000001,-0.000004,]
[14,1,]   34   2.97821e-005   -2.12229e-039   4.21291e-039   [0.000006,-0.000004,]
[15,1,]   35   1.25712e-005   -2.61329e-039   4.66836e-039   [0.000013,-0.000003,]
[16,1,]   36   4.62694e-006   -3.1562e-039   5.2149e-039   [0.000021,-0.000001,]
[17,1,]   37   1.57892e-006   -3.62305e-039   5.85253e-039   [0.000027,0.000001,]
[18,1,]   38   5.29099e-007   -4.08099e-039   6.58125e-039   [0.000032,0.000002,]
[19,1,]   39   1.91497e-007   -5.65085e-039   7.40106e-039   [0.000030,0.000001,]
[0,2,]   40   4.18371e-007   -4.89464e-039   6.67234e-039   [0.000030,-0.000010,]
[1,2,]   41   1.35688e-006   -3.14031e-039   5.85253e-039   [0.000031,-0.000009,]
[2,2,]   42   4.09819e-006   -3.14757e-039   5.12381e-039   [0.000034,-0.000006,]
[3,2,]   43   1.28151e-005   -2.56509e-039   4.48618e-039   [0.000026,-0.000002,]
[4,2,]   44   3.71517e-005   -1.91028e-039   3.93964e-039   [0.000016,0.000001,]
[5,2,]   45   9.17423e-005   -1.36263e-039   3.48419e-039   [0.000007,0.000002,]
[6,2,]   46   0.000186688   -9.632e-040   3.11983e-039   [0.000001,0.000003,]
[7,2,]   47   0.000312372   -6.9883e-040   2.84656e-039   [-0.000004,0.000002,]
[8,2,]   48   0.000434341   -5.45192e-040   2.66438e-039   [-0.000007,0.000002,]
[9,2,]   49   0.000508663   -4.77474e-040   2.57329e-039   [-0.000009,0.000001,]
[10,2,]   50   0.000506548   -4.79144e-040   2.57329e-039   [-0.000009,-0.000001,]
[11,2,]   51   0.000429545   -5.49813e-040   2.66438e-039   [-0.000007,-0.000002,]
[12,2,]   52   0.000308087   -7.05396e-040   2.84656e-039   [-0.000004,-0.000003,]
[13,2,]   53   0.000185036   -9.69463e-040   3.11983e-039   [0.000001,-0.000003,]
[14,2,]   54   9.25803e-005   -1.361e-039   3.48419e-039   [0.000007,-0.000002,]
[15,2,]   55   3.90257e-005   -1.87506e-039   3.93964e-039   [0.000015,-0.000001,]
[16,2,]   56   1.44656e-005   -2.43414e-039   4.48618e-039   [0.000024,0.000002,]
[17,2,]   57   5.08316e-006   -2.86246e-039   5.12381e-039   [0.000030,0.000005,]
[18,2,]   58   1.79485e-006   -3.22853e-039   5.85253e-039   [0.000032,0.000007,]
[19,2,]   59   6.83494e-007   -4.58146e-039   6.67234e-039   [0.000029,0.000006,]
[0,3,]   60   1.27271e-006   -3.74125e-039   6.03471e-039   [0.000029,-0.000011,]
[1,3,]   61   3.798e-006   -2.32444e-039   5.2149e-039   [0.000033,-0.000010,]
[2,3,]   62   1.05907e-005   -2.52835e-039   4.48618e-039   [0.000038,-0.000007,]
[3,3,]   63   3.20746e-005   -2.00428e-039   3.84855e-039   [0.000030,-0.000003,]
[4,3,]   64   9.33609e-005   -1.31402e-039   3.30201e-039   [0.000018,0.000001,]
[5,3,]   65   0.000232958   -7.33714e-040   2.84656e-039   [0.000008,0.000003,]
[6,3,]   66   0.000476349   -3.20566e-040   2.4822e-039   [0.000001,0.000004,]
[7,3,]   67   0.000795707   -5.62072e-041   2.20893e-039   [-0.000005,0.000003,]
[8,3,]   68   0.00110061   9.02339e-041   2.02675e-039   [-0.000008,0.000002,]
[9,3,]   69   0.00128277   1.50601e-040   1.93566e-039   [-0.000010,0.000001,]
[10,3,]   70   0.00127583   1.47467e-040   1.93566e-039   [-0.000010,-0.000001,]
[11,3,]   71   0.00108479   8.17125e-041   2.02675e-039   [-0.000009,-0.000002,]
[12,3,]   72   0.000781321   -6.78378e-041   2.20893e-039   [-0.000005,-0.000003,]
[13,3,]   73   0.000470288   -3.31719e-040   2.4822e-039   [0.000001,-0.000004,]
[14,3,]   74   0.00023488   -7.34391e-040   2.84656e-039   [0.000008,-0.000003,]
[15,3,]   75   9.87342e-005   -1.26971e-039   3.30201e-039   [0.000017,-0.000001,]
[16,3,]   76   3.69371e-005   -1.83124e-039   3.84855e-039   [0.000027,0.000002,]
[17,3,]   77   1.35132e-005   -2.18055e-039   4.48618e-039   [0.000033,0.000006,]
[18,3,]   78   5.10222e-006   -2.42048e-039   5.2149e-039   [0.000033,0.000008,]
[19,3,]   79   2.05791e-006   -3.53875e-039   6.03471e-039   [0.000027,0.000006,]
[0,4,]   80   3.29849e-006   -2.57259e-039   5.48817e-039   [0.000027,-0.000012,]
[1,4,]   81   8.94137e-006   -1.5474e-039   4.66836e-039   [0.000034,-0.000012,]
[2,4,]   82   2.23608e-005   -2.00695e-039   3.93964e-039   [0.000043,-0.000010,]
[3,4,]   83   6.42719e-005   -1.59307e-039   3.30201e-039   [0.000035,-0.000004,]
[4,4,]   84   0.000187906   -8.49305e-040   2.75547e-039   [0.000021,0.000002,]
[5,4,]   85   0.000476136   -2.20036e-040   2.30002e-039   [0.000009,0.000004,]
[6,4,]   86   0.000980524   2.13228e-040   1.93566e-039   [0.000001,0.000005,]
[7,4,]   87   0.00163361   4.7794e-040   1.66239e-039   [-0.000005,0.000005,]
[8,4,]   88   0.00224168   6.14183e-040   1.48021e-039   [-0.000010,0.000003,]
[9,4,]   89   0.00259402   6.64639e-040   1.38912e-039   [-0.000012,0.000001,]
[10,4,]   90   0.00257593   6.59606e-040   1.38912e-039   [-0.000012,-0.000001,]
[11,4,]   91   0.0022003   6.00972e-040   1.48021e-039   [-0.000010,-0.000003,]
[12,4,]   92   0.00159556   4.60493e-040   1.66239e-039   [-0.000005,-0.000004,]
[13,4,]   93   0.000963629   1.96503e-040   1.93566e-039   [0.000001,-0.000005,]
[14,4,]   94   0.000479726   -2.23505e-040   2.30002e-039   [0.000009,-0.000004,]
[15,4,]   95   0.00020058   -7.9232e-040   2.75547e-039   [0.000020,-0.000001,]
[16,4,]   96   7.60009e-005   -1.35741e-039   3.30201e-039   [0.000031,0.000003,]
[17,4,]   97   2.94461e-005   -1.58785e-039   3.93964e-039   [0.000036,0.000008,]
[18,4,]   98   1.21152e-005   -1.67397e-039   4.66836e-039   [0.000032,0.000009,]
[19,4,]   99   5.2034e-006   -2.53287e-039   5.48817e-039   [0.000024,0.000007,]
[0,5,]   100   7.31818e-006   -1.36171e-039   5.03272e-039   [0.000024,-0.000014,]
[1,5,]   101   1.78522e-005   -7.66417e-040   4.21291e-039   [0.000034,-0.000014,]
[2,5,]   102   3.85421e-005   -1.53989e-039   3.48419e-039   [0.000047,-0.000013,]
[3,5,]   103   0.000101209   -1.35287e-039   2.84656e-039   [0.000043,-0.000005,]
[4,5,]   104   0.000297188   -5.26294e-040   2.30002e-039   [0.000026,0.000002,]
[5,5,]   105   0.000771986   1.86536e-040   1.84457e-039   [0.000011,0.000006,]
[6,5,]   106   0.00160765   6.50967e-040   1.48021e-039   [0.000001,0.000007,]
[7,5,]   107   0.00266659   9.16972e-040   1.20694e-039   [-0.000006,0.000007,]
[8,5,]   108   0.00361156   1.03902e-039   1.02476e-039   [-0.000012,0.000005,]
[9,5,]   109   0.00412993   1.07185e-039   9.33673e-040   [-0.000015,0.000002,]
[10,5,]   110   0.0040924   1.06501e-039   9.33673e-040   [-0.000015,-0.000002,]
[11,5,]   111   0.00352561   1.01896e-039   1.02476e-039   [-0.000012,-0.000005,]
[12,5,]   112   0.00258697   8.91606e-040   1.20694e-039   [-0.000007,-0.000007,]
[13,5,]   113   0.00157108   6.26783e-040   1.48021e-039   [0.000001,-0.000007,]
[14,5,]   114   0.000777397   1.78488e-040   1.84457e-039   [0.000011,-0.000006,]
[15,5,]   115   0.000321554   -4.48234e-040   2.30002e-039   [0.000024,-0.000002,]
[16,5,]   116   0.000124179   -1.01483e-039   2.84656e-039   [0.000038,0.000004,]
[17,5,]   117   5.24583e-005   -1.04885e-039   3.48419e-039   [0.000040,0.000010,]
[18,5,]   118   2.41181e-005   -9.52899e-040   4.21291e-039   [0.000031,0.000011,]
[19,5,]   119   1.10762e-005   -1.52705e-039   5.03272e-039   [0.000021,0.000007,]
[0,6,]   120   1.3948e-005   -1.43387e-040   4.66836e-039   [0.000021,-0.000015,]
[1,6,]   121   3.05546e-005   2.63277e-041   3.84855e-039   [0.000033,-0.000017,]
[2,6,]   122   5.45379e-005   -1.04182e-039   3.11983e-039   [0.000052,-0.000019,]
[3,6,]   123   0.000121146   -1.37646e-039   2.4822e-039   [0.000054,-0.000009,]
[4,6,]   124   0.000356838   -3.84661e-040   1.93566e-039   [0.000033,0.000004,]
[5,6,]   125   0.000969344   4.60406e-040   1.48021e-039   [0.000014,0.000010,]
[6,6,]   126   0.00205831   9.81126e-040   1.11585e-039   [0.000001,0.000011,]
[7,6,]   127   0.00338592   1.25102e-039   8.42583e-040   [-0.000008,0.000010,]
[8,6,]   128   0.00447627   1.34837e-039   6.60403e-040   [-0.000015,0.000007,]
[9,6,]   129   0.00500883   1.37924e-039   5.69313e-040   [-0.000019,0.000003,]
[10,6,]   130   0.00494635   1.36212e-039   5.69313e-040   [-0.000019,-0.000003,]
[11,6,]   131   0.00433668   1.31674e-039   6.60403e-040   [-0.000015,-0.000008,]
[12,6,]   132   0.00325597   1.21483e-039   8.42583e-040   [-0.000008,-0.000010,]
[13,6,]   133   0.00199727   9.4651e-040   1.11585e-039   [0.000001,-0.000011,]
[14,6,]   134   0.000975973   4.44428e-040   1.48021e-039   [0.000014,-0.000009,]
[15,6,]   135   0.000394282   -2.79245e-040   1.93566e-039   [0.000031,-0.000004,]
[16,6,]   136   0.00015711   -8.26185e-040   2.4822e-039   [0.000047,0.000006,]
[17,6,]   137   7.62974e-005   -5.16636e-040   3.11983e-039   [0.000043,0.000014,]
[18,6,]   138   4.04391e-005   -2.41945e-040   3.84855e-039   [0.000028,0.000013,]
[19,6,]   139   1.98815e-005   -5.17777e-040   4.66836e-039   [0.000016,0.000008,]
[0,7,]   140   2.292e-005   9.7985e-040   4.39509e-039   [0.000017,-0.000015,]
[1,7,]   141   4.54515e-005   7.86725e-040   3.57528e-039   [0.000028,-0.000019,]
[2,7,]   142   6.49307e-005   -2.7665e-040   2.84656e-039   [0.000052,-0.000027,]
[3,7,]   143   0.000103494   -2.00303e-039   2.20893e-039   [0.000072,-0.000017,]
[4,7,]   144   0.000301752   -7.66769e-040   1.66239e-039   [0.000047,0.000008,]
[5,7,]   145   0.000908738   5.43147e-040   1.20694e-039   [0.000017,0.000018,]
[6,7,]   146   0.00200376   1.16266e-039   8.42583e-040   [0.000001,0.000019,]
[7,7,]   147   0.00323939   1.44551e-039   5.69313e-040   [-0.000010,0.000018,]
[8,7,]   148   0.00406813   1.52316e-039   3.87133e-040   [-0.000020,0.000014,]
[9,7,]   149   0.00430337   1.4228e-039   2.96043e-040   [-0.000027,0.000005,]
[10,7,]   150   0.00422859   1.38452e-039   2.96043e-040   [-0.000027,-0.000005,]
[11,7,]   151   0.00389863   1.47581e-039   3.87133e-040   [-0.000020,-0.000014,]
[12,7,]   152   0.00307814   1.38683e-039   5.69313e-040   [-0.000010,-0.000019,]
[13,7,]   153   0.00192672   1.10692e-039   8.42583e-040   [0.000002,-0.000020,]
[14,7,]   154   0.000915565   5.1324e-040   1.20694e-039   [0.000018,-0.000017,]
[15,7,]   155   0.000346994   -5.4156e-040   1.66239e-039   [0.000042,-0.000007,]
[16,7,]   156   0.00014639   -9.87275e-040   2.20893e-039   [0.000062,0.000011,]
[17,7,]   157   9.10562e-005   1.30467e-040   2.84656e-039   [0.000044,0.000020,]
[18,7,]   158   5.7518e-005   4.54929e-040   3.57528e-039   [0.000022,0.000016,]
[19,7,]   159   3.01679e-005   4.72393e-040   4.39509e-039   [0.000010,0.000008,]
[0,8,]   160   3.26019e-005   1.85044e-039   4.21291e-039   [0.000012,-0.000015,]
[1,8,]   161   5.96763e-005   1.41806e-039   3.3931e-039   [0.000020,-0.000021,]
[2,8,]   162   6.88421e-005   1.02545e-039   2.66438e-039   [0.000044,-0.000036,]
[3,8,]   163   5.76957e-005   -4.49931e-039   2.02675e-039   [0.000102,-0.000033,]
[4,8,]   164   0.000155193   -2.8492e-039   1.48021e-039   [0.000074,0.000033,]
[5,8,]   165   0.000606635   -8.27964e-042   1.02476e-039   [0.000021,0.000037,]
[6,8,]   166   0.00145138   9.28649e-040   6.60403e-040   [0.000001,0.000037,]
[7,8,]   167   0.00225147   1.24207e-039   3.87133e-040   [-0.000012,0.000036,]
[8,8,]   168   0.00247906   1.12264e-039   2.04953e-040   [-0.000028,0.000032,]
[9,8,]   169   0.00225874   8.21434e-040   1.13863e-040   [-0.000043,0.000025,]
[10,8,]   170   0.00220812   8.22445e-040   1.13863e-040   [-0.000044,-0.000004,]
[11,8,]   171   0.00233259   9.75925e-040   2.04953e-040   [-0.000029,-0.000034,]
[12,8,]   172   0.00210896   1.09207e-039   3.87133e-040   [-0.000013,-0.000039,]
[13,8,]   173   0.00138288   8.04235e-040   6.60403e-040   [0.000003,-0.000040,]
[14,8,]   174   0.000611383   -8.41276e-041   1.02476e-039   [0.000024,-0.000037,]
[15,8,]   175   0.000194598   -1.89849e-039   1.48021e-039   [0.000065,-0.000011,]
[16,8,]   176   9.31089e-005   -2.12803e-039   2.02675e-039   [0.000087,0.000032,]
[17,8,]   177   9.11511e-005   1.06223e-039   2.66438e-039   [0.000037,0.000028,]
[18,8,]   178   7.01732e-005   1.11588e-039   3.3931e-039   [0.000014,0.000018,]
[19,8,]   179   3.88673e-005   1.37392e-039   4.21291e-039   [0.000003,0.000009,]
[0,9,]   180   4.02498e-005   2.31089e-039   4.12182e-039   [0.000007,-0.000013,]
[1,9,]   181   6.98352e-005   1.70689e-039   3.30201e-039   [0.000008,-0.000021,]
[2,9,]   182   7.08244e-005   2.17266e-039   2.57329e-039   [0.000023,-0.000041,]
[3,9,]   183   2.55457e-005   -9.91285e-039   1.93566e-039   [0.000117,-0.000101,]
[4,9,]   184   3.65913e-005   -1.84692e-038   1.38912e-039   [0.000132,0.000123,]
[5,9,]   185   0.000318741   -2.34697e-039   9.33673e-040   [0.000002,0.000084,]
[6,9,]   186   0.000884997   -3.28185e-040   5.69313e-040   [-0.000002,0.000072,]
[7,9,]   187   0.00124892   -2.75553e-040   2.96043e-040   [-0.000009,0.000078,]
[8,9,]   188   0.000976255   -2.26406e-039   1.13863e-040   [-0.000017,0.000098,]
[9,9,]   189   0.000454867   -1.00226e-038   2.27725e-041   [-0.000088,0.000113,]
[10,9,]   190   0.000431818   -1.07613e-038   2.27725e-041   [-0.000112,-0.000092,]
[11,9,]   191   0.000906749   -2.91588e-039   1.13863e-040   [-0.000042,-0.000101,]
[12,9,]   192   0.00119109   -4.65453e-040   2.96043e-040   [-0.000009,-0.000081,]
[13,9,]   193   0.000858765   -4.33146e-040   5.69313e-040   [0.000003,-0.000075,]
[14,9,]   194   0.000318628   -2.60507e-039   9.33673e-040   [0.000028,-0.000085,]
[15,9,]   195   5.09083e-005   -1.34085e-038   1.38912e-039   [0.000127,-0.000102,]
[16,9,]   196   4.0514e-005   -5.1183e-039   1.93566e-039   [0.000077,0.000104,]
[17,9,]   197   8.02659e-005   1.97419e-039   2.57329e-039   [0.000012,0.000037,]
[18,9,]   198   7.41417e-005   1.5582e-039   3.30201e-039   [0.000004,0.000020,]
[19,9,]   199   4.28381e-005   2.0634e-039   4.12182e-039   [-0.000003,0.000011,]
[0,10,]   200   4.26442e-005   2.0635e-039   4.12182e-039   [0.000001,-0.000011,]
[1,10,]   201   7.40457e-005   1.55957e-039   3.30201e-039   [-0.000004,-0.000020,]
[2,10,]   202   8.02658e-005   1.97802e-039   2.57329e-039   [-0.000012,-0.000037,]
[3,10,]   203   4.0514e-005   -5.11827e-039   1.93566e-039   [-0.000077,-0.000104,]
[4,10,]   204   5.09084e-005   -1.34085e-038   1.38912e-039   [-0.000127,0.000102,]
[5,10,]   205   0.000318628   -2.60508e-039   9.33673e-040   [-0.000028,0.000085,]
[6,10,]   206   0.000858765   -4.33146e-040   5.69313e-040   [-0.000003,0.000075,]
[7,10,]   207   0.00119109   -4.65453e-040   2.96043e-040   [0.000009,0.000081,]
[8,10,]   208   0.000906749   -2.91588e-039   1.13863e-040   [0.000042,0.000101,]
[9,10,]   209   0.000431818   -1.07613e-038   2.27725e-041   [0.000112,0.000092,]
[10,10,]   210   0.000454867   -1.00226e-038   2.27725e-041   [0.000088,-0.000113,]
[11,10,]   211   0.000976255   -2.26406e-039   1.13863e-040   [0.000017,-0.000098,]
[12,10,]   212   0.00124892   -2.75553e-040   2.96043e-040   [0.000009,-0.000078,]
[13,10,]   213   0.000884997   -3.28185e-040   5.69313e-040   [0.000002,-0.000072,]
[14,10,]   214   0.000318741   -2.34697e-039   9.33673e-040   [-0.000002,-0.000084,]
[15,10,]   215   3.65913e-005   -1.84692e-038   1.38912e-039   [-0.000132,-0.000123,]
[16,10,]   216   2.55457e-005   -9.91296e-039   1.93566e-039   [-0.000117,0.000101,]
[17,10,]   217   7.08262e-005   2.16839e-039   2.57329e-039   [-0.000023,0.000041,]
[18,10,]   218   6.99382e-005   1.70589e-039   3.30201e-039   [-0.000008,0.000021,]
[19,10,]   219   4.04507e-005   2.31104e-039   4.12182e-039   [-0.000009,0.000013,]
[0,11,]   220   3.88018e-005   1.37487e-039   4.21291e-039   [-0.000004,-0.000009,]
[1,11,]   221   7.01427e-005   1.11709e-039   3.3931e-039   [-0.000014,-0.000018,]
[2,11,]   222   9.11515e-005   1.06348e-039   2.66438e-039   [-0.000037,-0.000028,]
[3,11,]   223   9.3109e-005   -2.12804e-039   2.02675e-039   [-0.000087,-0.000032,]
[4,11,]   224   0.000194598   -1.89848e-039   1.48021e-039   [-0.000065,0.000011,]
[5,11,]   225   0.000611383   -8.41282e-041   1.02476e-039   [-0.000024,0.000037,]
[6,11,]   226   0.00138288   8.04235e-040   6.60403e-040   [-0.000003,0.000040,]
[7,11,]   227   0.00210896   1.09207e-039   3.87133e-040   [0.000013,0.000039,]
[8,11,]   228   0.00233259   9.75925e-040   2.04953e-040   [0.000029,0.000034,]
[9,11,]   229   0.00220812   8.22445e-040   1.13863e-040   [0.000044,0.000004,]
[10,11,]   230   0.00225874   8.21434e-040   1.13863e-040   [0.000043,-0.000025,]
[11,11,]   231   0.00247906   1.12264e-039   2.04953e-040   [0.000028,-0.000032,]
[12,11,]   232   0.00225147   1.24207e-039   3.87133e-040   [0.000012,-0.000036,]
[13,11,]   233   0.00145138   9.28649e-040   6.60403e-040   [-0.000001,-0.000037,]
[14,11,]   234   0.000606635   -8.27934e-042   1.02476e-039   [-0.000021,-0.000037,]
[15,11,]   235   0.000155193   -2.8492e-039   1.48021e-039   [-0.000074,-0.000033,]
[16,11,]   236   5.76957e-005   -4.49936e-039   2.02675e-039   [-0.000102,0.000033,]
[17,11,]   237   6.88435e-005   1.02361e-039   2.66438e-039   [-0.000044,0.000036,]
[18,11,]   238   5.97194e-005   1.41701e-039   3.3931e-039   [-0.000020,0.000021,]
[19,11,]   239   3.26825e-005   1.84903e-039   4.21291e-039   [-0.000013,0.000015,]
[0,12,]   240   3.02352e-005   4.73746e-040   4.39509e-039   [-0.000009,-0.000008,]
[1,12,]   241   5.75515e-005   4.54667e-040   3.57528e-039   [-0.000022,-0.000016,]
[2,12,]   242   9.10554e-005   1.29012e-040   2.84656e-039   [-0.000044,-0.000020,]
[3,12,]   243   0.00014639   -9.87253e-040   2.20893e-039   [-0.000062,-0.000011,]
[4,12,]   244   0.000346994   -5.41562e-040   1.66239e-039   [-0.000042,0.000007,]
[5,12,]   245   0.000915565   5.13241e-040   1.20694e-039   [-0.000018,0.000017,]
[6,12,]   246   0.00192672   1.10692e-039   8.42583e-040   [-0.000002,0.000020,]
[7,12,]   247   0.00307814   1.38683e-039   5.69313e-040   [0.000010,0.000019,]
[8,12,]   248   0.00389863   1.47581e-039   3.87133e-040   [0.000020,0.000014,]
[9,12,]   249   0.00422859   1.38452e-039   2.96043e-040   [0.000027,0.000005,]
[10,12,]   250   0.00430337   1.4228e-039   2.96043e-040   [0.000027,-0.000005,]
[11,12,]   251   0.00406813   1.52316e-039   3.87133e-040   [0.000020,-0.000014,]
[12,12,]   252   0.00323939   1.44551e-039   5.69313e-040   [0.000010,-0.000018,]
[13,12,]   253   0.00200376   1.16266e-039   8.42583e-040   [-0.000001,-0.000019,]
[14,12,]   254   0.000908738   5.43147e-040   1.20694e-039   [-0.000017,-0.000018,]
[15,12,]   255   0.000301752   -7.66768e-040   1.66239e-039   [-0.000047,-0.000008,]
[16,12,]   256   0.000103494   -2.00299e-039   2.20893e-039   [-0.000072,0.000017,]
[17,12,]   257   6.49297e-005   -2.75635e-040   2.84656e-039   [-0.000052,0.000027,]
[18,12,]   258   4.54315e-005   7.86766e-040   3.57528e-039   [-0.000028,0.000019,]
[19,12,]   259   2.28809e-005   9.78391e-040   4.39509e-039   [-0.000016,0.000015,]
[0,13,]   260   2.00078e-005   -5.14875e-040   4.66836e-039   [-0.000013,-0.000008,]
[1,13,]   261   4.04994e-005   -2.44252e-040   3.84855e-039   [-0.000028,-0.000013,]
[2,13,]   262   7.62951e-005   -5.20163e-040   3.11983e-039   [-0.000043,-0.000014,]
[3,13,]   263   0.00015711   -8.26119e-040   2.4822e-039   [-0.000047,-0.000006,]
[4,13,]   264   0.000394282   -2.79249e-040   1.93566e-039   [-0.000031,0.000004,]
[5,13,]   265   0.000975973   4.4443e-040   1.48021e-039   [-0.000014,0.000009,]
[6,13,]   266   0.00199727   9.4651e-040   1.11585e-039   [-0.000001,0.000011,]
[7,13,]   267   0.00325597   1.21483e-039   8.42583e-040   [0.000008,0.000010,]
[8,13,]   268   0.00433668   1.31674e-039   6.60403e-040   [0.000015,0.000008,]
[9,13,]   269   0.00494635   1.36212e-039   5.69313e-040   [0.000019,0.000003,]
[10,13,]   270   0.00500883   1.37924e-039   5.69313e-040   [0.000019,-0.000003,]
[11,13,]   271   0.00447627   1.34837e-039   6.60403e-040   [0.000015,-0.000007,]
[12,13,]   272   0.00338592   1.25102e-039   8.42583e-040   [0.000008,-0.000010,]
[13,13,]   273   0.00205831   9.81126e-040   1.11585e-039   [-0.000001,-0.000011,]
[14,13,]   274   0.000969344   4.60405e-040   1.48021e-039   [-0.000014,-0.000010,]
[15,13,]   275   0.000356838   -3.84656e-040   1.93566e-039   [-0.000033,-0.000004,]
[16,13,]   276   0.000121146   -1.37636e-039   2.4822e-039   [-0.000054,0.000009,]
[17,13,]   277   5.45348e-005   -1.03863e-039   3.11983e-039   [-0.000052,0.000019,]
[18,13,]   278   3.0506e-005   2.80933e-041   3.84855e-039   [-0.000033,0.000017,]
[19,13,]   279   1.38568e-005   -1.46369e-040   4.66836e-039   [-0.000018,0.000015,]
[0,14,]   280   1.11876e-005   -1.52245e-039   5.03272e-039   [-0.000016,-0.000007,]
[1,14,]   281   2.41702e-005   -9.57574e-040   4.21291e-039   [-0.000031,-0.000011,]
[2,14,]   282   5.24558e-005   -1.05368e-039   3.48419e-039   [-0.000040,-0.000010,]
[3,14,]   283   0.000124179   -1.01473e-039   2.84656e-039   [-0.000038,-0.000004,]
[4,14,]   284   0.000321554   -4.48242e-040   2.30002e-039   [-0.000024,0.000002,]
[5,14,]   285   0.000777397   1.78487e-040   1.84457e-039   [-0.000011,0.000006,]
[6,14,]   286   0.00157108   6.26781e-040   1.48021e-039   [-0.000001,0.000007,]
[7,14,]   287   0.00258697   8.91603e-040   1.20694e-039   [0.000007,0.000007,]
[8,14,]   288   0.00352561   1.01896e-039   1.02476e-039   [0.000012,0.000005,]
[9,14,]   289   0.0040924   1.06501e-039   9.33673e-040   [0.000015,0.000002,]
[10,14,]   290   0.00412993   1.07185e-039   9.33673e-040   [0.000015,-0.000002,]
[11,14,]   291   0.00361156   1.03902e-039   1.02476e-039   [0.000012,-0.000005,]
[12,14,]   292   0.00266659   9.16969e-040   1.20694e-039   [0.000006,-0.000007,]
[13,14,]   293   0.00160765   6.50965e-040   1.48021e-039   [-0.000001,-0.000007,]
[14,14,]   294   0.000771986   1.86533e-040   1.84457e-039   [-0.000011,-0.000006,]
[15,14,]   295   0.000297188   -5.26289e-040   2.30002e-039   [-0.000026,-0.000002,]
[16,14,]   296   0.000101209   -1.35273e-039   2.84656e-039   [-0.000043,0.000005,]
[17,14,]   297   3.85388e-005   -1.53537e-039   3.48419e-039   [-0.000047,0.000013,]
[18,14,]   298   1.78078e-005   -7.62354e-040   4.21291e-039   [-0.000034,0.000014,]
[19,14,]   299   7.23613e-006   -1.36767e-039   5.03272e-039   [-0.000020,0.000014,]
[0,15,]   300   5.27201e-006   -2.52617e-039   5.48817e-039   [-0.000019,-0.000007,]
[1,15,]   301   1.2147e-005   -1.68087e-039   4.66836e-039   [-0.000033,-0.000009,]
[2,15,]   302   2.94443e-005   -1.59344e-039   3.93964e-039   [-0.000036,-0.000008,]
[3,15,]   303   7.6001e-005   -1.35729e-039   3.30201e-039   [-0.000031,-0.000003,]
[4,15,]   304   0.00020058   -7.92326e-040   2.75547e-039   [-0.000020,0.000001,]
[5,15,]   305   0.000479727   -2.23502e-040   2.30002e-039   [-0.000009,0.000004,]
[6,15,]   306   0.00096363   1.96504e-040   1.93566e-039   [-0.000001,0.000005,]
[7,15,]   307   0.00159556   4.60494e-040   1.66239e-039   [0.000005,0.000004,]
[8,15,]   308   0.00220031   6.00973e-040   1.48021e-039   [0.000010,0.000003,]
[9,15,]   309   0.00257593   6.59607e-040   1.38912e-039   [0.000012,0.000001,]
[10,15,]   310   0.00259403   6.64641e-040   1.38912e-039   [0.000012,-0.000001,]
[11,15,]   311   0.00224168   6.14184e-040   1.48021e-039   [0.000010,-0.000003,]
[12,15,]   312   0.00163361   4.77942e-040   1.66239e-039   [0.000005,-0.000005,]
[13,15,]   313   0.000980525   2.13229e-040   1.93566e-039   [-0.000001,-0.000005,]
[14,15,]   314   0.000476137   -2.20036e-040   2.30002e-039   [-0.000009,-0.000004,]
[15,15,]   315   0.000187907   -8.49296e-040   2.75547e-039   [-0.000021,-0.000002,]
[16,15,]   316   6.42719e-005   -1.5929e-039   3.30201e-039   [-0.000035,0.000004,]
[17,15,]   317   2.23586e-005   -2.00173e-039   3.93964e-039   [-0.000043,0.000010,]
[18,15,]   318   8.91375e-006   -1.54087e-039   4.66836e-039   [-0.000034,0.000012,]
[19,15,]   319   3.24787e-006   -2.58279e-039   5.48817e-039   [-0.000020,0.000012,]
[0,16,]   320   2.09043e-006   -3.52945e-039   6.03471e-039   [-0.000020,-0.000006,]
[1,16,]   321   5.1172e-006   -2.42924e-039   5.2149e-039   [-0.000033,-0.000008,]
[2,16,]   322   1.35123e-005   -2.18652e-039   4.48618e-039   [-0.000033,-0.000006,]
[3,16,]   323   3.69372e-005   -1.83108e-039   3.84855e-039   [-0.000027,-0.000002,]
[4,16,]   324   9.87343e-005   -1.2697e-039   3.30201e-039   [-0.000017,0.000001,]
[5,16,]   325   0.00023488   -7.34377e-040   2.84656e-039   [-0.000008,0.000003,]
[6,16,]   326   0.000470289   -3.31708e-040   2.4822e-039   [-0.000001,0.000004,]
[7,16,]   327   0.000781323   -6.78259e-041   2.20893e-039   [0.000005,0.000003,]
[8,16,]   328   0.00108479   8.17267e-041   2.02675e-039   [0.000009,0.000002,]
[9,16,]   329   0.00127583   1.47486e-040   1.93566e-039   [0.000010,0.000001,]
[10,16,]   330   0.00128277   1.50623e-040   1.93566e-039   [0.000010,-0.000001,]
[11,16,]   331   0.00110061   9.02607e-041   2.02675e-039   [0.000008,-0.000002,]
[12,16,]   332   0.000795709   -5.61772e-041   2.20893e-039   [0.000005,-0.000003,]
[13,16,]   333   0.00047635   -3.20536e-040   2.4822e-039   [-0.000001,-0.000004,]
[14,16,]   334   0.000232958   -7.33687e-040   2.84656e-039   [-0.000008,-0.000003,]
[15,16,]   335   9.33612e-005   -1.31399e-039   3.30201e-039   [-0.000018,-0.000001,]
[16,16,]   336   3.20746e-005   -2.00409e-039   3.84855e-039   [-0.000030,0.000003,]
[17,16,]   337   1.05896e-005   -2.5228e-039   4.48618e-039   [-0.000038,0.000007,]
[18,16,]   338   3.78483e-006   -2.3156e-039   5.2149e-039   [-0.000033,0.000010,]
[19,16,]   339   1.24873e-006   -3.75628e-039   6.03471e-039   [-0.000020,0.000011,]
[0,17,]   340   6.95771e-007   -4.56361e-039   6.67234e-039   [-0.000021,-0.000006,]
[1,17,]   341   1.80045e-006   -3.23377e-039   5.85253e-039   [-0.000033,-0.000007,]
[2,17,]   342   5.08267e-006   -2.8641e-039   5.12381e-039   [-0.000030,-0.000005,]
[3,17,]   343   1.44655e-005   -2.42969e-039   4.48618e-039   [-0.000024,-0.000002,]
[4,17,]   344   3.90256e-005   -1.87081e-039   3.93964e-039   [-0.000015,0.000001,]
[5,17,]   345   9.25802e-005   -1.35669e-039   3.48419e-039   [-0.000007,0.000002,]
[6,17,]   346   0.000185036   -9.65124e-040   3.11983e-039   [-0.000001,0.000003,]
[7,17,]   347   0.000308087   -7.01071e-040   2.84656e-039   [0.000004,0.000003,]
[8,17,]   348   0.000429544   -5.4553e-040   2.66438e-039   [0.000007,0.000002,]
[9,17,]   349   0.000506546   -4.74898e-040   2.57329e-039   [0.000009,0.000001,]
[10,17,]   350   0.00050866   -4.73237e-040   2.57329e-039   [0.000009,-0.000001,]
[11,17,]   351   0.000434338   -5.40934e-040   2.66438e-039   [0.000007,-0.000002,]
[12,17,]   352   0.000312369   -6.94541e-040   2.84656e-039   [0.000004,-0.000002,]
[13,17,]   353   0.000186686   -9.58903e-040   3.11983e-039   [-0.000001,-0.000003,]
[14,17,]   354   9.17414e-005   -1.35837e-039   3.48419e-039   [-0.000007,-0.000002,]
[15,17,]   355   3.71515e-005   -1.90605e-039   3.93964e-039   [-0.000016,-0.000001,]
[16,17,]   356   1.28151e-005   -2.56057e-039   4.48618e-039   [-0.000026,0.000002,]
[17,17,]   357   4.09776e-006   -3.1371e-039   5.12381e-039   [-0.000034,0.000006,]
[18,17,]   358   1.35188e-006   -3.12385e-039   5.85253e-039   [-0.000031,0.000009,]
[19,17,]   359   4.09272e-007   -4.90817e-039   6.67234e-039   [-0.000020,0.000010,]
[0,18,]   360   1.94569e-007   -5.62673e-039   7.40106e-039   [-0.000022,-0.000001,]
[1,18,]   361   5.29115e-007   -4.07949e-039   6.58125e-039   [-0.000032,-0.000002,]
[2,18,]   362   1.57435e-006   -3.61675e-039   5.85253e-039   [-0.000027,-0.000001,]
[3,18,]   363   4.61518e-006   -3.14383e-039   5.2149e-039   [-0.000021,0.000001,]
[4,18,]   364   1.254e-005   -2.60131e-039   4.66836e-039   [-0.000013,0.000003,]
[5,18,]   365   2.97077e-005   -2.11036e-039   4.21291e-039   [-0.000006,0.000004,]
[6,18,]   366   5.93155e-005   -1.72952e-039   3.84855e-039   [-0.000001,0.000004,]
[7,18,]   367   9.89082e-005   -1.46359e-039   3.57528e-039   [0.000004,0.000004,]
[8,18,]   368   0.000138273   -1.29873e-039   3.3931e-039   [0.000007,0.000003,]
[9,18,]   369   0.00016332   -1.21775e-039   3.30201e-039   [0.000008,0.000002,]
[10,18,]   370   0.000163825   -1.20971e-039   3.30201e-039   [0.000008,0.000001,]
[11,18,]   371   0.000139409   -1.27608e-039   3.3931e-039   [0.000006,0.000001,]
[12,18,]   372   9.98919e-005   -1.43056e-039   3.57528e-039   [0.000004,0.000000,]
[13,18,]   373   5.96319e-005   -1.69356e-039   3.84855e-039   [-0.000001,-0.000000,]
[14,18,]   374   2.9407e-005   -2.08557e-039   4.21291e-039   [-0.000006,0.000000,]
[15,18,]   375   1.19984e-005   -2.61859e-039   4.66836e-039   [-0.000014,0.000001,]
[16,18,]   376   4.15395e-006   -3.26489e-039   5.2149e-039   [-0.000023,0.000003,]
[17,18,]   377   1.30164e-006   -3.90098e-039   5.85253e-039   [-0.000031,0.000007,]
[18,18,]   378   4.04973e-007   -4.06334e-039   6.58125e-039   [-0.000029,0.000010,]
[19,18,]   379   1.14128e-007   -6.1576e-039   7.40106e-039   [-0.000020,0.000013,]
[0,19,]   380   4.56569e-008   -8.43348e-039   8.22087e-039   [-0.000022,0.000004,]
[1,19,]   381   1.28266e-007   -6.38716e-039   7.40106e-039   [-0.000033,0.000002,]
[2,19,]   382   3.99726e-007   -5.51592e-039   6.67234e-039   [-0.000026,0.000002,]
[3,19,]   383   1.21096e-006   -4.8073e-039   6.03471e-039   [-0.000019,0.000003,]
[4,19,]   384   3.34213e-006   -4.20238e-039   5.48817e-039   [-0.000012,0.000004,]
[5,19,]   385   7.96212e-006   -3.71563e-039   5.03272e-039   [-0.000006,0.000005,]
[6,19,]   386   1.59233e-005   -3.34e-039   4.66836e-039   [-0.000001,0.000006,]
[7,19,]   387   2.65511e-005   -3.06445e-039   4.39509e-039   [0.000003,0.000006,]
[8,19,]   388   3.7058e-005   -2.88384e-039   4.21291e-039   [0.000006,0.000005,]
[9,19,]   389   4.36054e-005   -2.79648e-039   4.12182e-039   [0.000007,0.000004,]
[10,19,]   390   4.34828e-005   -2.80114e-039   4.12182e-039   [0.000007,0.000004,]
[11,19,]   391   3.67516e-005   -2.89551e-039   4.21291e-039   [0.000006,0.000003,]
[12,19,]   392   2.61896e-005   -3.07727e-039   4.39509e-039   [0.000003,0.000003,]
[13,19,]   393   1.56073e-005   -3.34637e-039   4.66836e-039   [-0.000001,0.000002,]
[14,19,]   394   7.72841e-006   -3.70723e-039   5.03272e-039   [-0.000006,0.000003,]
[15,19,]   395   3.18754e-006   -4.17161e-039   5.48817e-039   [-0.000012,0.000003,]
[16,19,]   396   1.1196e-006   -4.75774e-039   6.03471e-039   [-0.000020,0.000005,]
[17,19,]   397   3.52783e-007   -5.49149e-039   6.67234e-039   [-0.000027,0.000008,]
[18,19,]   398   1.074e-007   -6.08918e-039   7.40106e-039   [-0.000025,0.000012,]
[19,19,]   399   2.91567e-008   -8.72578e-039   8.22087e-039   [-0.000017,0.000016,]
