coordinates  index   rho      Q      V    velocities 
[0,0,]   0   3.33784e-008   -7.66884e-039   8.22087e-039   [0.000041,0.000006,]
[1,0,]   1   1.21427e-007   -5.70598e-039   7.40106e-039   [0.000021,0.000007,]
[2,0,]   2   3.81538e-007   -5.58388e-039   6.67234e-039   [0.000031,0.000009,]
[3,0,]   3   1.27183e-006   -4.89117e-039   6.03471e-039   [0.000023,0.000011,]
[4,0,]   4   3.91828e-006   -4.19285e-039   5.48817e-039   [0.000016,0.000013,]
[5,0,]   5   9.91915e-006   -3.71976e-039   5.03272e-039   [0.000009,0.000014,]
[6,0,]   6   2.03794e-005   -3.36791e-039   4.66836e-039   [0.000004,0.000014,]
[7,0,]   7   3.42734e-005   -3.11618e-039   4.39509e-039   [-0.000000,0.000014,]
[8,0,]   8   4.78464e-005   -2.94058e-039   4.21291e-039   [-0.000003,0.000014,]
[9,0,]   9   5.60228e-005   -2.85474e-039   4.12182e-039   [-0.000005,0.000014,]
[10,0,]   10   5.55349e-005   -2.86387e-039   4.12182e-039   [-0.000005,0.000013,]
[11,0,]   11   4.70396e-005   -2.93273e-039   4.21291e-039   [-0.000003,0.000013,]
[12,0,]   12   3.38327e-005   -3.09305e-039   4.39509e-039   [-0.000001,0.000013,]
[13,0,]   13   2.04096e-005   -3.3774e-039   4.66836e-039   [0.000003,0.000013,]
[14,0,]   14   1.03043e-005   -3.7895e-039   5.03272e-039   [0.000008,0.000013,]
[15,0,]   15   4.43316e-006   -4.32217e-039   5.48817e-039   [0.000014,0.000014,]
[16,0,]   16   1.71062e-006   -4.82712e-039   6.03471e-039   [0.000020,0.000016,]
[17,0,]   17   6.10308e-007   -5.48677e-039   6.67234e-039   [0.000027,0.000018,]
[18,0,]   18   2.14008e-007   -6.54701e-039   7.40106e-039   [0.000038,0.000020,]
[19,0,]   19   9.83537e-008   -7.93825e-039   8.22087e-039   [0.000043,0.000021,]
[0,1,]   20   7.11701e-008   -7.14631e-039   7.40106e-039   [0.000041,-0.000024,]
[1,1,]   21   2.91015e-007   -4.62265e-039   6.58125e-039   [0.000027,-0.000021,]
[2,1,]   22   9.96795e-007   -4.67551e-039   5.85253e-039   [0.000037,-0.000014,]
[3,1,]   23   3.60195e-006   -3.74209e-039   5.2149e-039   [0.000026,-0.000009,]
[4,1,]   24   1.15522e-005   -2.85784e-039   4.66836e-039   [0.000017,-0.000007,]
[5,1,]   25   2.96997e-005   -2.30608e-039   4.21291e-039   [0.000009,-0.000006,]
[6,1,]   26   6.13895e-005   -1.92245e-039   3.84855e-039   [0.000004,-0.000006,]
[7,1,]   27   0.00010348   -1.66223e-039   3.57528e-039   [-0.000000,-0.000005,]
[8,1,]   28   0.000144338   -1.49433e-039   3.3931e-039   [-0.000003,-0.000006,]
[9,1,]   29   0.000168208   -1.4302e-039   3.30201e-039   [-0.000005,-0.000006,]
[10,1,]   30   0.000165451   -1.4658e-039   3.30201e-039   [-0.000005,-0.000006,]
[11,1,]   31   0.000138945   -1.5523e-039   3.3931e-039   [-0.000004,-0.000007,]
[12,1,]   32   9.93274e-005   -1.7152e-039   3.57528e-039   [-0.000001,-0.000007,]
[13,1,]   33   5.99271e-005   -1.98563e-039   3.84855e-039   [0.000003,-0.000007,]
[14,1,]   34   3.05366e-005   -2.36189e-039   4.21291e-039   [0.000008,-0.000007,]
[15,1,]   35   1.33901e-005   -2.82362e-039   4.66836e-039   [0.000015,-0.000006,]
[16,1,]   36   5.2958e-006   -3.19995e-039   5.2149e-039   [0.000021,-0.000005,]
[17,1,]   37   1.92181e-006   -3.70688e-039   5.85253e-039   [0.000026,-0.000004,]
[18,1,]   38   6.70864e-007   -4.61351e-039   6.58125e-039   [0.000036,-0.000004,]
[19,1,]   39   2.96295e-007   -5.95152e-039   7.40106e-039   [0.000039,-0.000007,]
[0,2,]   40   2.27478e-007   -5.22811e-039   6.67234e-039   [0.000040,-0.000020,]
[1,2,]   41   9.07739e-007   -3.19009e-039   5.85253e-039   [0.000032,-0.000016,]
[2,2,]   42   2.90138e-006   -3.77517e-039   5.12381e-039   [0.000043,-0.000010,]
[3,2,]   43   1.04335e-005   -2.93922e-039   4.48618e-039   [0.000030,-0.000005,]
[4,2,]   44   3.43362e-005   -1.97721e-039   3.93964e-039   [0.000019,-0.000002,]
[5,2,]   45   8.97662e-005   -1.40533e-039   3.48419e-039   [0.000010,-0.000000,]
[6,2,]   46   0.000186917   -1.01345e-039   3.11983e-039   [0.000004,0.000001,]
[7,2,]   47   0.000315304   -7.53663e-040   2.84656e-039   [-0.000000,0.000001,]
[8,2,]   48   0.000438422   -5.9218e-040   2.66438e-039   [-0.000004,0.000000,]
[9,2,]   49   0.000508739   -5.26351e-040   2.57329e-039   [-0.000005,-0.000000,]
[10,2,]   50   0.000498671   -5.61569e-040   2.57329e-039   [-0.000006,-0.000001,]
[11,2,]   51   0.000418621   -6.41466e-040   2.66438e-039   [-0.000004,-0.000002,]
[12,2,]   52   0.000300001   -7.88268e-040   2.84656e-039   [-0.000001,-0.000002,]
[13,2,]   53   0.000181533   -1.05583e-039   3.11983e-039   [0.000004,-0.000002,]
[14,2,]   54   9.27711e-005   -1.44488e-039   3.48419e-039   [0.000009,-0.000001,]
[15,2,]   55   4.09219e-005   -1.92731e-039   3.93964e-039   [0.000017,0.000000,]
[16,2,]   56   1.64679e-005   -2.29966e-039   4.48618e-039   [0.000023,0.000002,]
[17,2,]   57   6.17798e-006   -2.75881e-039   5.12381e-039   [0.000029,0.000004,]
[18,2,]   58   2.25633e-006   -3.5622e-039   5.85253e-039   [0.000035,0.000006,]
[19,2,]   59   1.02679e-006   -4.68874e-039   6.67234e-039   [0.000036,0.000004,]
[0,3,]   60   6.73814e-007   -3.59777e-039   6.03471e-039   [0.000039,-0.000021,]
[1,3,]   61   2.52563e-006   -2.09617e-039   5.2149e-039   [0.000037,-0.000017,]
[2,3,]   62   7.21279e-006   -3.17805e-039   4.48618e-039   [0.000049,-0.000012,]
[3,3,]   63   2.51487e-005   -2.41615e-039   3.84855e-039   [0.000035,-0.000005,]
[4,3,]   64   8.52591e-005   -1.32057e-039   3.30201e-039   [0.000022,-0.000001,]
[5,3,]   65   0.000227956   -6.9556e-040   2.84656e-039   [0.000011,0.000001,]
[6,3,]   66   0.000479202   -2.88997e-040   2.4822e-039   [0.000004,0.000002,]
[7,3,]   67   0.000808661   -3.11527e-041   2.20893e-039   [-0.000001,0.000002,]
[8,3,]   68   0.00111953   1.28817e-040   2.02675e-039   [-0.000004,0.000001,]
[9,3,]   69   0.00129075   1.72474e-040   1.93566e-039   [-0.000006,0.000000,]
[10,3,]   70   0.00126025   1.29017e-040   1.93566e-039   [-0.000007,-0.000000,]
[11,3,]   71   0.00105965   6.13794e-041   2.02675e-039   [-0.000005,-0.000001,]
[12,3,]   72   0.000762811   -8.11232e-041   2.20893e-039   [-0.000001,-0.000002,]
[13,3,]   73   0.000463573   -3.44008e-040   2.4822e-039   [0.000004,-0.000002,]
[14,3,]   74   0.000237491   -7.38885e-040   2.84656e-039   [0.000010,-0.000001,]
[15,3,]   75   0.000105246   -1.23925e-039   3.30201e-039   [0.000019,0.000001,]
[16,3,]   76   4.32615e-005   -1.57927e-039   3.84855e-039   [0.000026,0.000003,]
[17,3,]   77   1.69678e-005   -1.96894e-039   4.48618e-039   [0.000031,0.000006,]
[18,3,]   78   6.59036e-006   -2.64871e-039   5.2149e-039   [0.000035,0.000008,]
[19,3,]   79   3.11891e-006   -3.57439e-039   6.03471e-039   [0.000032,0.000005,]
[0,4,]   80   1.74385e-006   -2.08807e-039   5.48817e-039   [0.000037,-0.000024,]
[1,4,]   81   5.97018e-006   -1.14741e-039   4.66836e-039   [0.000041,-0.000020,]
[2,4,]   82   1.46965e-005   -2.68787e-039   3.93964e-039   [0.000056,-0.000016,]
[3,4,]   83   4.75436e-005   -2.22292e-039   3.30201e-039   [0.000042,-0.000006,]
[4,4,]   84   0.000167943   -8.46068e-040   2.75547e-039   [0.000025,-0.000001,]
[5,4,]   85   0.000462882   -1.84819e-040   2.30002e-039   [0.000013,0.000002,]
[6,4,]   86   0.000985471   2.39552e-040   1.93566e-039   [0.000005,0.000003,]
[7,4,]   87   0.0016635   5.05826e-040   1.66239e-039   [-0.000001,0.000003,]
[8,4,]   88   0.00228762   6.53717e-040   1.48021e-039   [-0.000005,0.000002,]
[9,4,]   89   0.00261922   7.23628e-040   1.38912e-039   [-0.000007,0.000001,]
[10,4,]   90   0.00254416   6.61942e-040   1.38912e-039   [-0.000008,-0.000000,]
[11,4,]   91   0.00214389   5.58691e-040   1.48021e-039   [-0.000006,-0.000001,]
[12,4,]   92   0.0015555   4.36238e-040   1.66239e-039   [-0.000002,-0.000002,]
[13,4,]   93   0.000950688   1.70721e-040   1.93566e-039   [0.000004,-0.000002,]
[14,4,]   94   0.00048784   -2.38415e-040   2.30002e-039   [0.000012,-0.000001,]
[15,4,]   95   0.000217076   -7.43561e-040   2.75547e-039   [0.000021,0.000001,]
[16,4,]   96   9.1681e-005   -1.04764e-039   3.30201e-039   [0.000029,0.000004,]
[17,4,]   97   3.81371e-005   -1.35363e-039   3.93964e-039   [0.000034,0.000008,]
[18,4,]   98   1.59629e-005   -1.90495e-039   4.66836e-039   [0.000033,0.000009,]
[19,4,]   99   7.85171e-006   -2.62777e-039   5.48817e-039   [0.000028,0.000005,]
[0,5,]   100   4.01855e-006   -7.42476e-040   5.03272e-039   [0.000035,-0.000025,]
[1,5,]   101   1.21768e-005   -2.51935e-040   4.21291e-039   [0.000044,-0.000022,]
[2,5,]   102   2.49837e-005   -2.02411e-039   3.48419e-039   [0.000063,-0.000023,]
[3,5,]   103   6.86274e-005   -2.36075e-039   2.84656e-039   [0.000052,-0.000008,]
[4,5,]   104   0.000255683   -5.65465e-040   2.30002e-039   [0.000030,-0.000001,]
[5,5,]   105   0.000743136   2.47697e-040   1.84457e-039   [0.000015,0.000003,]
[6,5,]   106   0.00161165   6.89518e-040   1.48021e-039   [0.000005,0.000004,]
[7,5,]   107   0.00271504   9.47022e-040   1.20694e-039   [-0.000001,0.000004,]
[8,5,]   108   0.00369296   1.12671e-039   1.02476e-039   [-0.000006,0.000003,]
[9,5,]   109   0.00415382   1.1231e-039   9.33673e-040   [-0.000009,0.000001,]
[10,5,]   110   0.00400789   1.00866e-039   9.33673e-040   [-0.000010,-0.000000,]
[11,5,]   111   0.00342678   9.94898e-040   1.02476e-039   [-0.000007,-0.000002,]
[12,5,]   112   0.00251862   8.56117e-040   1.20694e-039   [-0.000002,-0.000004,]
[13,5,]   113   0.00155338   6.00867e-040   1.48021e-039   [0.000005,-0.000004,]
[14,5,]   114   0.000797143   1.77127e-040   1.84457e-039   [0.000014,-0.000002,]
[15,5,]   115   0.000353731   -4.19108e-040   2.30002e-039   [0.000025,0.000001,]
[16,5,]   116   0.000155182   -5.90149e-040   2.84656e-039   [0.000034,0.000005,]
[17,5,]   117   7.0259e-005   -7.87263e-040   3.48419e-039   [0.000037,0.000009,]
[18,5,]   118   3.23031e-005   -1.17414e-039   4.21291e-039   [0.000031,0.000011,]
[19,5,]   119   1.64641e-005   -1.67115e-039   5.03272e-039   [0.000022,0.000005,]
[0,6,]   120   8.4601e-006   2.77969e-040   4.66836e-039   [0.000031,-0.000025,]
[1,6,]   121   2.16761e-005   4.1829e-040   3.84855e-039   [0.000041,-0.000023,]
[2,6,]   122   3.6527e-005   -7.73531e-040   3.11983e-039   [0.000070,-0.000034,]
[3,6,]   123   7.15227e-005   -3.29711e-039   2.4822e-039   [0.000068,-0.000011,]
[4,6,]   124   0.000286887   -6.19458e-040   1.93566e-039   [0.000038,0.000003,]
[5,6,]   125   0.000917221   5.3305e-040   1.48021e-039   [0.000017,0.000007,]
[6,6,]   126   0.00205096   1.02389e-039   1.11585e-039   [0.000005,0.000007,]
[7,6,]   127   0.00343845   1.3321e-039   8.42583e-040   [-0.000002,0.000007,]
[8,6,]   128   0.00455301   1.46843e-039   6.60403e-040   [-0.000008,0.000005,]
[9,6,]   129   0.00499645   1.50083e-039   5.69313e-040   [-0.000012,0.000004,]
[10,6,]   130   0.00480819   1.37876e-039   5.69313e-040   [-0.000012,0.000002,]
[11,6,]   131   0.00420125   1.30218e-039   6.60403e-040   [-0.000009,-0.000004,]
[12,6,]   132   0.00317115   1.19197e-039   8.42583e-040   [-0.000003,-0.000006,]
[13,6,]   133   0.00198193   9.01708e-040   1.11585e-039   [0.000005,-0.000007,]
[14,6,]   134   0.00101173   4.23931e-040   1.48021e-039   [0.000016,-0.000005,]
[15,6,]   135   0.000445124   -2.00396e-040   1.93566e-039   [0.000030,0.000001,]
[16,6,]   136   0.000203587   -3.90798e-040   2.4822e-039   [0.000042,0.000006,]
[17,6,]   137   0.000105948   -1.2345e-040   3.11983e-039   [0.000040,0.000012,]
[18,6,]   138   5.46508e-005   -4.19604e-040   3.84855e-039   [0.000027,0.000013,]
[19,6,]   139   2.86389e-005   -7.09458e-040   4.66836e-039   [0.000015,0.000004,]
[0,7,]   140   1.6316e-005   1.19957e-039   4.39509e-039   [0.000027,-0.000024,]
[1,7,]   141   3.43639e-005   9.61408e-040   3.57528e-039   [0.000032,-0.000023,]
[2,7,]   142   4.66449e-005   7.66658e-040   2.84656e-039   [0.000072,-0.000044,]
[3,7,]   143   5.08537e-005   -5.81148e-039   2.20893e-039   [0.000096,-0.000021,]
[4,7,]   144   0.000217182   -1.64171e-039   1.66239e-039   [0.000051,0.000015,]
[5,7,]   145   0.000841688   6.21203e-040   1.20694e-039   [0.000019,0.000015,]
[6,7,]   146   0.00197882   1.25272e-039   8.42583e-040   [0.000005,0.000015,]
[7,7,]   147   0.00323604   1.47656e-039   5.69313e-040   [-0.000004,0.000013,]
[8,7,]   148   0.00404203   1.59054e-039   3.87133e-040   [-0.000009,0.000013,]
[9,7,]   149   0.00410807   1.19834e-039   2.96043e-040   [-0.000014,0.000012,]
[10,7,]   150   0.00395521   7.57332e-040   2.96043e-040   [-0.000019,0.000002,]
[11,7,]   151   0.00375123   1.39994e-039   3.87133e-040   [-0.000016,-0.000007,]
[12,7,]   152   0.00299569   1.36011e-039   5.69313e-040   [-0.000006,-0.000012,]
[13,7,]   153   0.00193293   1.15097e-039   8.42583e-040   [0.000006,-0.000013,]
[14,7,]   154   0.000971647   5.55067e-040   1.20694e-039   [0.000021,-0.000010,]
[15,7,]   155   0.000408066   -5.5615e-040   1.66239e-039   [0.000039,-0.000002,]
[16,7,]   156   0.000199908   -3.03676e-040   2.20893e-039   [0.000052,0.000013,]
[17,7,]   157   0.000128539   4.82648e-040   2.84656e-039   [0.000041,0.000016,]
[18,7,]   158   7.65708e-005   3.35364e-040   3.57528e-039   [0.000020,0.000015,]
[19,7,]   159   4.10639e-005   2.15275e-040   4.39509e-039   [0.000005,0.000004,]
[0,8,]   160   2.73662e-005   2.02047e-039   4.21291e-039   [0.000022,-0.000022,]
[1,8,]   161   4.90025e-005   1.15128e-039   3.3931e-039   [0.000020,-0.000024,]
[2,8,]   162   5.51153e-005   2.15651e-039   2.66438e-039   [0.000061,-0.000038,]
[3,8,]   163   2.79902e-005   -9.35852e-039   2.02675e-039   [0.000141,-0.000063,]
[4,8,]   164   9.66567e-005   -6.51734e-039   1.48021e-039   [0.000084,0.000032,]
[5,8,]   165   0.000556395   2.88435e-041   1.02476e-039   [0.000014,0.000035,]
[6,8,]   166   0.00141529   1.09327e-039   6.60403e-040   [0.000002,0.000032,]
[7,8,]   167   0.00221691   1.38818e-039   3.87133e-040   [-0.000004,0.000032,]
[8,8,]   168   0.00242892   7.0306e-040   2.04953e-040   [-0.000011,0.000031,]
[9,8,]   169   0.00217532   -1.20166e-039   1.13863e-040   [-0.000026,0.000037,]
[10,8,]   170   0.00240845   6.32261e-040   1.13863e-040   [-0.000034,0.000018,]
[11,8,]   171   0.00235234   1.08468e-039   2.04953e-040   [-0.000024,-0.000010,]
[12,8,]   172   0.00204392   1.08287e-039   3.87133e-040   [-0.000010,-0.000027,]
[13,8,]   173   0.0013799   8.8323e-040   6.60403e-040   [0.000006,-0.000032,]
[14,8,]   174   0.000669609   1.56457e-040   1.02476e-039   [0.000025,-0.000026,]
[15,8,]   175   0.000263578   -8.148e-040   1.48021e-039   [0.000061,-0.000008,]
[16,8,]   176   0.000131159   -2.43894e-039   2.02675e-039   [0.000073,0.000016,]
[17,8,]   177   0.000127038   1.49305e-039   2.66438e-039   [0.000031,0.000026,]
[18,8,]   178   8.80379e-005   8.5107e-040   3.3931e-039   [0.000012,0.000017,]
[19,8,]   179   4.89159e-005   1.05154e-039   4.21291e-039   [-0.000005,0.000004,]
[0,9,]   180   3.64414e-005   2.46066e-039   4.12182e-039   [0.000016,-0.000013,]
[1,9,]   181   6.66348e-005   1.87277e-039   3.30201e-039   [0.000017,-0.000022,]
[2,9,]   182   6.3241e-005   9.08522e-040   2.57329e-039   [0.000017,-0.000038,]
[3,9,]   183   2.38884e-005   -1.07927e-038   1.93566e-039   [0.000142,-0.000132,]
[4,9,]   184   3.8535e-005   -1.69546e-038   1.38912e-039   [0.000171,0.000108,]
[5,9,]   185   0.000316021   -1.91079e-039   9.33673e-040   [0.000000,0.000082,]
[6,9,]   186   0.000817212   -6.50751e-040   5.69313e-040   [0.000000,0.000066,]
[7,9,]   187   0.00114496   -1.24785e-039   2.96043e-040   [0.000001,0.000071,]
[8,9,]   188   0.00116677   -1.72075e-039   1.13863e-040   [0.000004,0.000095,]
[9,9,]   189   0.00110817   -2.57039e-039   2.27725e-041   [-0.000054,0.000096,]
[10,9,]   190   0.00110149   -2.34508e-039   2.27725e-041   [-0.000092,-0.000050,]
[11,9,]   191   0.000891115   -5.90483e-039   1.13863e-040   [-0.000051,-0.000079,]
[12,9,]   192   0.00105219   -1.37538e-039   2.96043e-040   [-0.000022,-0.000067,]
[13,9,]   193   0.000793038   -8.27576e-040   5.69313e-040   [0.000005,-0.000066,]
[14,9,]   194   0.000334544   -2.74649e-039   9.33673e-040   [0.000027,-0.000077,]
[15,9,]   195   9.17334e-005   -7.11424e-039   1.38912e-039   [0.000103,-0.000093,]
[16,9,]   196   7.64041e-005   -7.74875e-040   1.93566e-039   [0.000062,0.000091,]
[17,9,]   197   0.000103114   2.06558e-039   2.57329e-039   [0.000024,0.000040,]
[18,9,]   198   8.4779e-005   1.44281e-039   3.30201e-039   [-0.000000,0.000019,]
[19,9,]   199   4.72734e-005   1.70751e-039   4.12182e-039   [-0.000016,0.000006,]
[0,10,]   200   4.55001e-005   1.71513e-039   4.12182e-039   [0.000010,-0.000006,]
[1,10,]   201   8.38723e-005   1.46098e-039   3.30201e-039   [-0.000000,-0.000019,]
[2,10,]   202   0.000103051   2.09344e-039   2.57329e-039   [-0.000024,-0.000040,]
[3,10,]   203   7.64221e-005   -7.6947e-040   1.93566e-039   [-0.000062,-0.000091,]
[4,10,]   204   9.17384e-005   -7.11388e-039   1.38912e-039   [-0.000103,0.000093,]
[5,10,]   205   0.000334543   -2.74663e-039   9.33673e-040   [-0.000027,0.000077,]
[6,10,]   206   0.000793039   -8.27557e-040   5.69313e-040   [-0.000005,0.000066,]
[7,10,]   207   0.00105219   -1.37539e-039   2.96043e-040   [0.000022,0.000067,]
[8,10,]   208   0.000891115   -5.90483e-039   1.13863e-040   [0.000051,0.000079,]
[9,10,]   209   0.00110149   -2.34508e-039   2.27725e-041   [0.000092,0.000050,]
[10,10,]   210   0.00110817   -2.57039e-039   2.27725e-041   [0.000054,-0.000096,]
[11,10,]   211   0.00116677   -1.72075e-039   1.13863e-040   [-0.000004,-0.000095,]
[12,10,]   212   0.00114496   -1.24784e-039   2.96043e-040   [-0.000001,-0.000071,]
[13,10,]   213   0.000817209   -6.50778e-040   5.69313e-040   [-0.000000,-0.000066,]
[14,10,]   214   0.00031602   -1.91092e-039   9.33673e-040   [-0.000000,-0.000082,]
[15,10,]   215   3.85382e-005   -1.69538e-038   1.38912e-039   [-0.000171,-0.000108,]
[16,10,]   216   2.39e-005   -1.07969e-038   1.93566e-039   [-0.000142,0.000132,]
[17,10,]   217   6.33923e-005   8.69435e-040   2.57329e-039   [-0.000017,0.000038,]
[18,10,]   218   6.79104e-005   1.87517e-039   3.30201e-039   [-0.000017,0.000022,]
[19,10,]   219   3.86728e-005   2.49023e-039   4.12182e-039   [-0.000026,0.000013,]
[0,11,]   220   4.86954e-005   1.06336e-039   4.21291e-039   [0.000005,-0.000004,]
[1,11,]   221   8.79997e-005   8.64214e-040   3.3931e-039   [-0.000012,-0.000017,]
[2,11,]   222   0.000127043   1.49632e-039   2.66438e-039   [-0.000031,-0.000026,]
[3,11,]   223   0.00013117   -2.43827e-039   2.02675e-039   [-0.000073,-0.000016,]
[4,11,]   224   0.00026358   -8.1487e-040   1.48021e-039   [-0.000061,0.000008,]
[5,11,]   225   0.000669609   1.56438e-040   1.02476e-039   [-0.000025,0.000026,]
[6,11,]   226   0.0013799   8.83231e-040   6.60403e-040   [-0.000006,0.000032,]
[7,11,]   227   0.00204392   1.08287e-039   3.87133e-040   [0.000010,0.000027,]
[8,11,]   228   0.00235234   1.08469e-039   2.04953e-040   [0.000024,0.000010,]
[9,11,]   229   0.00240845   6.32263e-040   1.13863e-040   [0.000034,-0.000018,]
[10,11,]   230   0.00217532   -1.20166e-039   1.13863e-040   [0.000026,-0.000037,]
[11,11,]   231   0.00242892   7.03063e-040   2.04953e-040   [0.000011,-0.000031,]
[12,11,]   232   0.00221691   1.38819e-039   3.87133e-040   [0.000004,-0.000032,]
[13,11,]   233   0.00141529   1.09327e-039   6.60403e-040   [-0.000002,-0.000032,]
[14,11,]   234   0.000556393   2.87881e-041   1.02476e-039   [-0.000014,-0.000035,]
[15,11,]   235   9.66587e-005   -6.51808e-039   1.48021e-039   [-0.000084,-0.000032,]
[16,11,]   236   2.80062e-005   -9.3564e-039   2.02675e-039   [-0.000141,0.000063,]
[17,11,]   237   5.51982e-005   2.1303e-039   2.66438e-039   [-0.000061,0.000038,]
[18,11,]   238   4.96064e-005   1.14587e-039   3.3931e-039   [-0.000020,0.000025,]
[19,11,]   239   2.83623e-005   1.99855e-039   4.21291e-039   [-0.000029,0.000022,]
[0,12,]   240   4.23465e-005   2.21584e-040   4.39509e-039   [-0.000000,-0.000003,]
[1,12,]   241   7.7217e-005   3.28143e-040   3.57528e-039   [-0.000020,-0.000015,]
[2,12,]   242   0.000128527   4.6299e-040   2.84656e-039   [-0.000041,-0.000016,]
[3,12,]   243   0.000199899   -3.0379e-040   2.20893e-039   [-0.000053,-0.000013,]
[4,12,]   244   0.00040805   -5.56341e-040   1.66239e-039   [-0.000039,0.000002,]
[5,12,]   245   0.000971651   5.5517e-040   1.20694e-039   [-0.000021,0.000010,]
[6,12,]   246   0.00193293   1.15096e-039   8.42583e-040   [-0.000006,0.000013,]
[7,12,]   247   0.00299569   1.36011e-039   5.69313e-040   [0.000006,0.000012,]
[8,12,]   248   0.00375122   1.39994e-039   3.87133e-040   [0.000016,0.000007,]
[9,12,]   249   0.00395521   7.57327e-040   2.96043e-040   [0.000019,-0.000002,]
[10,12,]   250   0.00410807   1.19833e-039   2.96043e-040   [0.000014,-0.000012,]
[11,12,]   251   0.00404203   1.59054e-039   3.87133e-040   [0.000009,-0.000013,]
[12,12,]   252   0.00323604   1.47655e-039   5.69313e-040   [0.000004,-0.000013,]
[13,12,]   253   0.00197882   1.25272e-039   8.42583e-040   [-0.000005,-0.000015,]
[14,12,]   254   0.000841689   6.21202e-040   1.20694e-039   [-0.000019,-0.000015,]
[15,12,]   255   0.000217181   -1.6417e-039   1.66239e-039   [-0.000051,-0.000015,]
[16,12,]   256   5.08486e-005   -5.81146e-039   2.20893e-039   [-0.000096,0.000021,]
[17,12,]   257   4.66208e-005   7.70517e-040   2.84656e-039   [-0.000072,0.000043,]
[18,12,]   258   3.42754e-005   9.5065e-040   3.57528e-039   [-0.000032,0.000023,]
[19,12,]   259   1.61597e-005   1.16673e-039   4.39509e-039   [-0.000026,0.000025,]
[0,13,]   260   3.05877e-005   -6.84703e-040   4.66836e-039   [-0.000005,-0.000003,]
[1,13,]   261   5.55267e-005   -4.47676e-040   3.84855e-039   [-0.000027,-0.000013,]
[2,13,]   262   0.0001059   -1.6114e-040   3.11983e-039   [-0.000040,-0.000012,]
[3,13,]   263   0.00020357   -3.90149e-040   2.4822e-039   [-0.000042,-0.000006,]
[4,13,]   264   0.00044509   -2.00811e-040   1.93566e-039   [-0.000030,-0.000001,]
[5,13,]   265   0.00101174   4.24138e-040   1.48021e-039   [-0.000016,0.000005,]
[6,13,]   266   0.00198193   9.01679e-040   1.11585e-039   [-0.000005,0.000007,]
[7,13,]   267   0.00317115   1.19196e-039   8.42583e-040   [0.000003,0.000006,]
[8,13,]   268   0.00420125   1.30218e-039   6.60403e-040   [0.000009,0.000004,]
[9,13,]   269   0.00480819   1.37875e-039   5.69313e-040   [0.000012,-0.000002,]
[10,13,]   270   0.00499645   1.50082e-039   5.69313e-040   [0.000012,-0.000004,]
[11,13,]   271   0.00455301   1.46842e-039   6.60403e-040   [0.000008,-0.000005,]
[12,13,]   272   0.00343846   1.33209e-039   8.42583e-040   [0.000002,-0.000007,]
[13,13,]   273   0.00205097   1.02388e-039   1.11585e-039   [-0.000005,-0.000007,]
[14,13,]   274   0.000917229   5.33066e-040   1.48021e-039   [-0.000017,-0.000007,]
[15,13,]   275   0.000286892   -6.18854e-040   1.93566e-039   [-0.000038,-0.000003,]
[16,13,]   276   7.1497e-005   -3.29442e-039   2.4822e-039   [-0.000068,0.000011,]
[17,13,]   277   3.64204e-005   -7.54174e-040   3.11983e-039   [-0.000070,0.000034,]
[18,13,]   278   2.13002e-005   4.31639e-040   3.84855e-039   [-0.000040,0.000023,]
[19,13,]   279   7.8791e-006   2.48229e-040   4.66836e-039   [-0.000023,0.000026,]
[0,14,]   280   1.8114e-005   -1.6345e-039   5.03272e-039   [-0.000008,-0.000004,]
[1,14,]   281   3.29971e-005   -1.22694e-039   4.21291e-039   [-0.000031,-0.000011,]
[2,14,]   282   7.01985e-005   -8.37701e-040   3.48419e-039   [-0.000037,-0.000009,]
[3,14,]   283   0.000155166   -5.88886e-040   2.84656e-039   [-0.000034,-0.000005,]
[4,14,]   284   0.000353698   -4.19878e-040   2.30002e-039   [-0.000025,-0.000001,]
[5,14,]   285   0.000797153   1.77147e-040   1.84457e-039   [-0.000014,0.000002,]
[6,14,]   286   0.00155338   6.00587e-040   1.48021e-039   [-0.000005,0.000004,]
[7,14,]   287   0.00251863   8.55869e-040   1.20694e-039   [0.000002,0.000004,]
[8,14,]   288   0.00342679   9.94642e-040   1.02476e-039   [0.000007,0.000002,]
[9,14,]   289   0.0040079   1.00841e-039   9.33673e-040   [0.000010,0.000000,]
[10,14,]   290   0.00415384   1.12285e-039   9.33673e-040   [0.000009,-0.000001,]
[11,14,]   291   0.00369298   1.12646e-039   1.02476e-039   [0.000006,-0.000003,]
[12,14,]   292   0.00271505   9.46775e-040   1.20694e-039   [0.000001,-0.000004,]
[13,14,]   293   0.00161166   6.89258e-040   1.48021e-039   [-0.000005,-0.000004,]
[14,14,]   294   0.000743148   2.47454e-040   1.84457e-039   [-0.000015,-0.000003,]
[15,14,]   295   0.000255694   -5.64885e-040   2.30002e-039   [-0.000030,0.000001,]
[16,14,]   296   6.86008e-005   -2.35586e-039   2.84656e-039   [-0.000052,0.000008,]
[17,14,]   297   2.48668e-005   -1.99766e-039   3.48419e-039   [-0.000063,0.000023,]
[18,14,]   298   1.18202e-005   -2.03171e-040   4.21291e-039   [-0.000042,0.000022,]
[19,14,]   299   3.49092e-006   -7.81386e-040   5.03272e-039   [-0.000019,0.000027,]
[0,15,]   300   8.85262e-006   -2.57382e-039   5.48817e-039   [-0.000011,-0.000004,]
[1,15,]   301   1.63684e-005   -1.97852e-039   4.66836e-039   [-0.000034,-0.000009,]
[2,15,]   302   3.80942e-005   -1.41176e-039   3.93964e-039   [-0.000034,-0.000008,]
[3,15,]   303   9.16816e-005   -1.04518e-039   3.30201e-039   [-0.000030,-0.000004,]
[4,15,]   304   0.000217076   -7.43962e-040   2.75547e-039   [-0.000021,-0.000001,]
[5,15,]   305   0.0004879   -2.37927e-040   2.30002e-039   [-0.000012,0.000001,]
[6,15,]   306   0.000950793   1.70878e-040   1.93566e-039   [-0.000004,0.000002,]
[7,15,]   307   0.00155567   4.36428e-040   1.66239e-039   [0.000002,0.000002,]
[8,15,]   308   0.00214413   5.58875e-040   1.48021e-039   [0.000006,0.000001,]
[9,15,]   309   0.00254444   6.62126e-040   1.38912e-039   [0.000008,0.000000,]
[10,15,]   310   0.00261952   7.23817e-040   1.38912e-039   [0.000007,-0.000001,]
[11,15,]   311   0.00228788   6.53919e-040   1.48021e-039   [0.000005,-0.000002,]
[12,15,]   312   0.00166369   5.06032e-040   1.66239e-039   [0.000001,-0.000003,]
[13,15,]   313   0.000985585   2.39743e-040   1.93566e-039   [-0.000005,-0.000003,]
[14,15,]   314   0.000462942   -1.8464e-040   2.30002e-039   [-0.000013,-0.000002,]
[15,15,]   315   0.000167973   -8.44977e-040   2.75547e-039   [-0.000025,0.000001,]
[16,15,]   316   4.75327e-005   -2.21625e-039   3.30201e-039   [-0.000042,0.000006,]
[17,15,]   317   1.46167e-005   -2.65479e-039   3.93964e-039   [-0.000056,0.000016,]
[18,15,]   318   5.74252e-006   -1.06912e-039   4.66836e-039   [-0.000039,0.000020,]
[19,15,]   319   1.41622e-006   -2.19564e-039   5.48817e-039   [-0.000014,0.000025,]
[0,16,]   320   3.58516e-006   -3.50227e-039   6.03471e-039   [-0.000012,-0.000004,]
[1,16,]   321   6.77517e-006   -2.7367e-039   5.2149e-039   [-0.000036,-0.000008,]
[2,16,]   322   1.69453e-005   -2.02929e-039   4.48618e-039   [-0.000031,-0.000006,]
[3,16,]   323   4.3266e-005   -1.57403e-039   3.84855e-039   [-0.000026,-0.000003,]
[4,16,]   324   0.000105256   -1.23767e-039   3.30201e-039   [-0.000019,-0.000001,]
[5,16,]   325   0.000237546   -7.36503e-040   2.84656e-039   [-0.000010,0.000001,]
[6,16,]   326   0.000463675   -3.42023e-040   2.4822e-039   [-0.000004,0.000002,]
[7,16,]   327   0.000762981   -7.91211e-041   2.20893e-039   [0.000001,0.000002,]
[8,16,]   328   0.00105988   6.33898e-041   2.02675e-039   [0.000005,0.000001,]
[9,16,]   329   0.00126053   1.31081e-040   1.93566e-039   [0.000007,0.000000,]
[10,16,]   330   0.00129104   1.74618e-040   1.93566e-039   [0.000006,-0.000001,]
[11,16,]   331   0.00111978   1.3105e-040   2.02675e-039   [0.000004,-0.000001,]
[12,16,]   332   0.000808834   -2.88606e-041   2.20893e-039   [0.000001,-0.000002,]
[13,16,]   333   0.000479305   -2.86731e-040   2.4822e-039   [-0.000004,-0.000002,]
[14,16,]   334   0.00022801   -6.93428e-040   2.84656e-039   [-0.000011,-0.000001,]
[15,16,]   335   8.52853e-005   -1.3177e-039   3.30201e-039   [-0.000022,0.000001,]
[16,16,]   336   2.51479e-005   -2.40727e-039   3.84855e-039   [-0.000035,0.000005,]
[17,16,]   337   7.17261e-006   -3.13909e-039   4.48618e-039   [-0.000049,0.000012,]
[18,16,]   338   2.41459e-006   -1.99462e-039   5.2149e-039   [-0.000034,0.000017,]
[19,16,]   339   5.1736e-007   -3.8221e-039   6.03471e-039   [-0.000009,0.000023,]
[0,17,]   340   1.19668e-006   -4.54733e-039   6.67234e-039   [-0.000013,-0.000003,]
[1,17,]   341   2.31958e-006   -3.61553e-039   5.85253e-039   [-0.000037,-0.000006,]
[2,17,]   342   6.15953e-006   -2.77723e-039   5.12381e-039   [-0.000029,-0.000005,]
[3,17,]   343   1.64516e-005   -2.24951e-039   4.48618e-039   [-0.000023,-0.000002,]
[4,17,]   344   4.08886e-005   -1.8812e-039   3.93964e-039   [-0.000016,-0.000000,]
[5,17,]   345   9.27152e-005   -1.39759e-039   3.48419e-039   [-0.000009,0.000001,]
[6,17,]   346   0.000181427   -1.00875e-039   3.11983e-039   [-0.000004,0.000002,]
[7,17,]   347   0.00029983   -7.41324e-040   2.84656e-039   [0.000001,0.000002,]
[8,17,]   348   0.00041838   -5.94919e-040   2.66438e-039   [0.000004,0.000001,]
[9,17,]   349   0.000498369   -5.15371e-040   2.57329e-039   [0.000006,0.000001,]
[10,17,]   350   0.000508403   -4.80284e-040   2.57329e-039   [0.000005,-0.000000,]
[11,17,]   351   0.000438106   -5.46002e-040   2.66438e-039   [0.000004,-0.000001,]
[12,17,]   352   0.000315063   -7.07258e-040   2.84656e-039   [0.000000,-0.000001,]
[13,17,]   353   0.000186776   -9.66892e-040   3.11983e-039   [-0.000004,-0.000001,]
[14,17,]   354   8.97074e-005   -1.35871e-039   3.48419e-039   [-0.000010,-0.000000,]
[15,17,]   355   3.43222e-005   -1.92921e-039   3.93964e-039   [-0.000019,0.000001,]
[16,17,]   356   1.04283e-005   -2.88256e-039   4.48618e-039   [-0.000030,0.000004,]
[17,17,]   357   2.88397e-006   -3.68031e-039   5.12381e-039   [-0.000043,0.000010,]
[18,17,]   358   8.64106e-007   -3.01069e-039   5.85253e-039   [-0.000028,0.000015,]
[19,17,]   359   1.67488e-007   -5.51453e-039   6.67234e-039   [-0.000004,0.000021,]
[0,18,]   360   3.36007e-007   -5.79656e-039   7.40106e-039   [-0.000014,0.000010,]
[1,18,]   361   6.65108e-007   -4.64784e-039   6.58125e-039   [-0.000038,0.000005,]
[2,18,]   362   1.85253e-006   -3.6837e-039   5.85253e-039   [-0.000027,0.000005,]
[3,18,]   363   5.13075e-006   -3.09814e-039   5.2149e-039   [-0.000021,0.000005,]
[4,18,]   364   1.29896e-005   -2.72528e-039   4.66836e-039   [-0.000015,0.000006,]
[5,18,]   365   2.96353e-005   -2.26378e-039   4.21291e-039   [-0.000008,0.000007,]
[6,18,]   366   5.81626e-005   -1.88865e-039   3.84855e-039   [-0.000003,0.000008,]
[7,18,]   367   9.64233e-005   -1.61825e-039   3.57528e-039   [0.000001,0.000008,]
[8,18,]   368   0.000134918   -1.45498e-039   3.3931e-039   [0.000004,0.000007,]
[9,18,]   369   0.000160669   -1.3683e-039   3.30201e-039   [0.000005,0.000007,]
[10,18,]   370   0.00016331   -1.333e-039   3.30201e-039   [0.000005,0.000006,]
[11,18,]   371   0.000140077   -1.39756e-039   3.3931e-039   [0.000003,0.000006,]
[12,18,]   372   0.000100386   -1.56583e-039   3.57528e-039   [0.000000,0.000006,]
[13,18,]   373   5.95502e-005   -1.82583e-039   3.84855e-039   [-0.000004,0.000006,]
[14,18,]   374   2.88245e-005   -2.20786e-039   4.21291e-039   [-0.000009,0.000006,]
[15,18,]   375   1.1223e-005   -2.75493e-039   4.66836e-039   [-0.000017,0.000007,]
[16,18,]   376   3.49969e-006   -3.62601e-039   5.2149e-039   [-0.000026,0.000009,]
[17,18,]   377   9.60086e-007   -4.5261e-039   5.85253e-039   [-0.000037,0.000013,]
[18,18,]   378   2.65673e-007   -4.4028e-039   6.58125e-039   [-0.000022,0.000020,]
[19,18,]   379   4.86838e-008   -7.59145e-039   7.40106e-039   [0.000001,0.000026,]
[0,19,]   380   9.3777e-008   -8.20108e-039   8.22087e-039   [-0.000014,0.000022,]
[1,19,]   381   1.75922e-007   -7.01401e-039   7.40106e-039   [-0.000042,0.000017,]
[2,19,]   382   4.94564e-007   -5.7702e-039   6.67234e-039   [-0.000028,0.000014,]
[3,19,]   383   1.41364e-006   -4.9405e-039   6.03471e-039   [-0.000021,0.000012,]
[4,19,]   384   3.69516e-006   -4.40674e-039   5.48817e-039   [-0.000014,0.000013,]
[5,19,]   385   8.61393e-006   -3.87084e-039   5.03272e-039   [-0.000008,0.000013,]
[6,19,]   386   1.70796e-005   -3.46024e-039   4.66836e-039   [-0.000003,0.000013,]
[7,19,]   387   2.83459e-005   -3.17144e-039   4.39509e-039   [0.000001,0.000013,]
[8,19,]   388   3.94532e-005   -3.00385e-039   4.21291e-039   [0.000003,0.000013,]
[9,19,]   389   4.65781e-005   -2.93235e-039   4.12182e-039   [0.000005,0.000012,]
[10,19,]   390   4.69133e-005   -2.9289e-039   4.12182e-039   [0.000005,0.000012,]
[11,19,]   391   3.99675e-005   -3.02448e-039   4.21291e-039   [0.000003,0.000012,]
[12,19,]   392   2.85703e-005   -3.20826e-039   4.39509e-039   [0.000000,0.000012,]
[13,19,]   393   1.69842e-005   -3.45951e-039   4.66836e-039   [-0.000004,0.000012,]
[14,19,]   394   8.2891e-006   -3.795e-039   5.03272e-039   [-0.000009,0.000012,]
[15,19,]   395   3.29155e-006   -4.23331e-039   5.48817e-039   [-0.000016,0.000012,]
[16,19,]   396   1.0715e-006   -4.88508e-039   6.03471e-039   [-0.000024,0.000013,]
[17,19,]   397   3.15323e-007   -5.60467e-039   6.67234e-039   [-0.000031,0.000017,]
[18,19,]   398   9.21019e-008   -5.90498e-039   7.40106e-039   [-0.000016,0.000025,]
[19,19,]   399   1.87269e-008   -8.75225e-039   8.22087e-039   [0.000005,0.000030,]
