coordinates  index   rho      Q      V    velocities 
[0,0,]   0   6.58441e-008   -8.50422e-039   8.22087e-039   [0.000021,0.000007,]
[1,0,]   1   1.73059e-007   -6.77902e-039   7.40106e-039   [-0.000010,0.000007,]
[2,0,]   2   5.78502e-007   -5.60027e-039   6.67234e-039   [0.000003,0.000007,]
[3,0,]   3   1.74236e-006   -4.67339e-039   6.03471e-039   [0.000006,0.000007,]
[4,0,]   4   4.35486e-006   -4.07874e-039   5.48817e-039   [0.000008,0.000007,]
[5,0,]   5   9.13495e-006   -3.58896e-039   5.03272e-039   [0.000009,0.000007,]
[6,0,]   6   1.61365e-005   -3.2129e-039   4.66836e-039   [0.000009,0.000008,]
[7,0,]   7   2.41604e-005   -2.94137e-039   4.39509e-039   [0.000010,0.000009,]
[8,0,]   8   3.08773e-005   -2.77875e-039   4.21294e-039   [0.000011,0.000010,]
[9,0,]   9   3.39448e-005   -2.73272e-039   4.122e-039   [0.000012,0.000012,]
[10,0,]   10   3.23276e-005   -2.80239e-039   4.12294e-039   [0.000013,0.000013,]
[11,0,]   11   2.68079e-005   -2.98119e-039   4.21833e-039   [0.000013,0.000014,]
[12,0,]   12   1.93967e-005   -3.26632e-039   4.41546e-039   [0.000013,0.000015,]
[13,0,]   13   1.22199e-005   -3.64555e-039   4.72802e-039   [0.000013,0.000016,]
[14,0,]   14   6.67103e-006   -4.10921e-039   5.16881e-039   [0.000012,0.000017,]
[15,0,]   15   3.13511e-006   -4.65003e-039   5.72996e-039   [0.000011,0.000018,]
[16,0,]   16   1.25944e-006   -5.2518e-039   6.36927e-039   [0.000011,0.000019,]
[17,0,]   17   4.26019e-007   -6.02063e-039   7.03287e-039   [0.000011,0.000020,]
[18,0,]   18   1.23431e-007   -7.28462e-039   7.70363e-039   [0.000022,0.000021,]
[19,0,]   19   4.21687e-008   -9.17334e-039   8.41864e-039   [0.000032,0.000021,]
[0,1,]   20   1.48947e-007   -7.20961e-039   7.40106e-039   [0.000021,-0.000026,]
[1,1,]   21   3.99391e-007   -5.41218e-039   6.58125e-039   [-0.000008,-0.000025,]
[2,1,]   22   1.34918e-006   -4.30121e-039   5.85253e-039   [0.000005,-0.000025,]
[3,1,]   23   4.10701e-006   -3.42909e-039   5.2149e-039   [0.000008,-0.000024,]
[4,1,]   24   1.04131e-005   -2.86861e-039   4.66836e-039   [0.000010,-0.000023,]
[5,1,]   25   2.22607e-005   -2.39722e-039   4.21291e-039   [0.000011,-0.000021,]
[6,1,]   26   4.02492e-005   -2.02786e-039   3.84855e-039   [0.000012,-0.000019,]
[7,1,]   27   6.18939e-005   -1.75125e-039   3.57529e-039   [0.000013,-0.000017,]
[8,1,]   28   8.13962e-005   -1.56833e-039   3.39316e-039   [0.000013,-0.000015,]
[9,1,]   29   9.20296e-005   -1.48385e-039   3.3025e-039   [0.000014,-0.000013,]
[10,1,]   30   8.98351e-005   -1.4991e-039   3.30506e-039   [0.000014,-0.000011,]
[11,1,]   31   7.59136e-005   -1.6105e-039   3.40782e-039   [0.000013,-0.000010,]
[12,1,]   32   5.55357e-005   -1.82195e-039   3.63064e-039   [0.000013,-0.000009,]
[13,1,]   33   3.50969e-005   -2.12715e-039   4.01071e-039   [0.000012,-0.000009,]
[14,1,]   34   1.90852e-005   -2.52353e-039   4.58285e-039   [0.000011,-0.000009,]
[15,1,]   35   8.8867e-006   -3.00785e-039   5.32562e-039   [0.000010,-0.000009,]
[16,1,]   36   3.52462e-006   -3.56584e-039   6.12434e-039   [0.000010,-0.000008,]
[17,1,]   37   1.17449e-006   -4.30374e-039   6.83255e-039   [0.000011,-0.000008,]
[18,1,]   38   3.34765e-007   -5.54488e-039   7.40373e-039   [0.000022,-0.000008,]
[19,1,]   39   1.12325e-007   -7.55683e-039   7.93864e-039   [0.000032,-0.000009,]
[0,2,]   40   4.72804e-007   -5.72653e-039   6.67234e-039   [0.000019,-0.000016,]
[1,2,]   41   1.26515e-006   -4.03725e-039   5.85253e-039   [-0.000008,-0.000015,]
[2,2,]   42   4.18426e-006   -3.01844e-039   5.12381e-039   [0.000005,-0.000015,]
[3,2,]   43   1.2506e-005   -2.19998e-039   4.48618e-039   [0.000008,-0.000015,]
[4,2,]   44   3.12796e-005   -1.66843e-039   3.93964e-039   [0.000010,-0.000015,]
[5,2,]   45   6.6129e-005   -1.22262e-039   3.48419e-039   [0.000012,-0.000015,]
[6,2,]   46   0.000118424   -8.85213e-040   3.11983e-039   [0.000013,-0.000014,]
[7,2,]   47   0.000180762   -6.4386e-040   2.84658e-039   [0.000014,-0.000013,]
[8,2,]   48   0.000236819   -5.00126e-040   2.66451e-039   [0.000015,-0.000011,]
[9,2,]   49   0.000268261   -4.46539e-040   2.57433e-039   [0.000016,-0.000009,]
[10,2,]   50   0.000264018   -4.86193e-040   2.57974e-039   [0.000016,-0.000007,]
[11,2,]   51   0.000226271   -6.19381e-040   2.69554e-039   [0.000015,-0.000005,]
[12,2,]   52   0.000168795   -8.35066e-040   2.96376e-039   [0.000014,-0.000003,]
[13,2,]   53   0.0001091   -1.1398e-039   3.46312e-039   [0.000013,-0.000002,]
[14,2,]   54   6.07261e-005   -1.52742e-039   4.26734e-039   [0.000012,-0.000001,]
[15,2,]   55   2.89077e-005   -2.00062e-039   5.33105e-039   [0.000011,0.000000,]
[16,2,]   56   1.16918e-005   -2.54607e-039   6.41145e-039   [0.000011,0.000002,]
[17,2,]   57   3.96179e-006   -3.26648e-039   7.19851e-039   [0.000012,0.000003,]
[18,2,]   58   1.14437e-006   -4.46674e-039   7.59372e-039   [0.000022,0.000004,]
[19,2,]   59   3.82141e-007   -6.40803e-039   7.81039e-039   [0.000031,0.000003,]
[0,3,]   60   1.32439e-006   -4.88989e-039   6.03471e-039   [0.000018,-0.000014,]
[1,3,]   61   3.52695e-006   -3.33376e-039   5.2149e-039   [-0.000008,-0.000012,]
[2,3,]   62   1.1364e-005   -2.3969e-039   4.48618e-039   [0.000005,-0.000013,]
[3,3,]   63   3.31226e-005   -1.62366e-039   3.84855e-039   [0.000008,-0.000013,]
[4,3,]   64   8.10859e-005   -1.10448e-039   3.30201e-039   [0.000010,-0.000013,]
[5,3,]   65   0.000168055   -6.59111e-040   2.84656e-039   [0.000012,-0.000013,]
[6,3,]   66   0.000295369   -3.15232e-040   2.4822e-039   [0.000014,-0.000013,]
[7,3,]   67   0.000443479   -6.95465e-041   2.20895e-039   [0.000016,-0.000011,]
[8,3,]   68   0.000574617   8.78227e-041   2.02697e-039   [0.000017,-0.000010,]
[9,3,]   69   0.000649339   1.5468e-040   1.93738e-039   [0.000018,-0.000007,]
[10,3,]   70   0.000644639   1.30336e-040   1.9463e-039   [0.000018,-0.000005,]
[11,3,]   71   0.000563685   2.81849e-041   2.07812e-039   [0.000017,-0.000003,]
[12,3,]   72   0.000432906   -1.60881e-040   2.40215e-039   [0.000016,-0.000001,]
[13,3,]   73   0.000289741   -4.24392e-040   3.04819e-039   [0.000015,0.000001,]
[14,3,]   74   0.000167199   -7.74707e-040   4.13775e-039   [0.000013,0.000002,]
[15,3,]   75   8.23654e-005   -1.21059e-039   5.59606e-039   [0.000013,0.000003,]
[16,3,]   76   3.43309e-005   -1.72773e-039   7.02278e-039   [0.000012,0.000004,]
[17,3,]   77   1.19307e-005   -2.42624e-039   7.90678e-039   [0.000013,0.000005,]
[18,3,]   78   3.51443e-006   -3.59063e-039   8.08563e-039   [0.000022,0.000006,]
[19,3,]   79   1.16879e-006   -5.44619e-039   7.91104e-039   [0.000030,0.000005,]
[0,4,]   80   3.1335e-006   -4.39045e-039   5.48817e-039   [0.000017,-0.000011,]
[1,4,]   81   8.35882e-006   -2.94903e-039   4.66836e-039   [-0.000007,-0.000010,]
[2,4,]   82   2.63088e-005   -2.0751e-039   3.93964e-039   [0.000004,-0.000010,]
[3,4,]   83   7.46436e-005   -1.33743e-039   3.30201e-039   [0.000007,-0.000010,]
[4,4,]   84   0.000177873   -8.26837e-040   2.75547e-039   [0.000010,-0.000011,]
[5,4,]   85   0.000358389   -3.76194e-040   2.30002e-039   [0.000012,-0.000011,]
[6,4,]   86   0.000611477   -2.81331e-041   1.93566e-039   [0.000015,-0.000010,]
[7,4,]   87   0.000892424   2.35958e-040   1.66242e-039   [0.000017,-0.000009,]
[8,4,]   88   0.00112961   3.97884e-040   1.48049e-039   [0.000019,-0.000007,]
[9,4,]   89   0.00126332   5.01118e-040   1.39132e-039   [0.000021,-0.000004,]
[10,4,]   90   0.00126337   5.08459e-040   1.40278e-039   [0.000021,-0.000000,]
[11,4,]   91   0.00113031   4.01501e-040   1.54617e-039   [0.000020,0.000003,]
[12,4,]   92   0.000901082   2.48319e-040   1.91049e-039   [0.000018,0.000006,]
[13,4,]   93   0.000629437   1.0735e-041   2.6624e-039   [0.000016,0.000007,]
[14,4,]   94   0.000379211   -2.98562e-040   3.95795e-039   [0.000014,0.000008,]
[15,4,]   95   0.000194207   -7.01706e-040   5.70108e-039   [0.000013,0.000008,]
[16,4,]   96   8.36607e-005   -1.19151e-039   7.37781e-039   [0.000013,0.000009,]
[17,4,]   97   2.98658e-005   -1.87079e-039   8.33178e-039   [0.000013,0.000009,]
[18,4,]   98   8.97968e-006   -2.99849e-039   8.35445e-039   [0.000022,0.000009,]
[19,4,]   99   2.96827e-006   -4.7646e-039   7.89742e-039   [0.000029,0.000007,]
[0,5,]   100   6.48091e-006   -3.95494e-039   5.03272e-039   [0.000016,-0.000009,]
[1,5,]   101   1.7507e-005   -2.57185e-039   4.21291e-039   [-0.000006,-0.000008,]
[2,5,]   102   5.41516e-005   -1.72787e-039   3.48419e-039   [0.000004,-0.000008,]
[3,5,]   103   0.000149582   -1.01027e-039   2.84656e-039   [0.000007,-0.000009,]
[4,5,]   104   0.000345167   -5.02841e-040   2.30002e-039   [0.000010,-0.000009,]
[5,5,]   105   0.000668891   -6.13281e-041   1.84457e-039   [0.000012,-0.000009,]
[6,5,]   106   0.00109133   2.90275e-040   1.48021e-039   [0.000016,-0.000009,]
[7,5,]   107   0.0015165   5.36124e-040   1.20697e-039   [0.000019,-0.000007,]
[8,5,]   108   0.001837   7.23699e-040   1.02504e-039   [0.000023,-0.000004,]
[9,5,]   109   0.00199084   7.80745e-040   9.35875e-040   [0.000025,0.000000,]
[10,5,]   110   0.00199469   8.19247e-040   9.4733e-040   [0.000025,0.000005,]
[11,5,]   111   0.00184598   7.38672e-040   1.09072e-039   [0.000023,0.000010,]
[12,5,]   112   0.0015473   5.82792e-040   1.45504e-039   [0.000020,0.000014,]
[13,5,]   113   0.00114224   3.90264e-040   2.20695e-039   [0.000017,0.000015,]
[14,5,]   114   0.000723126   1.02817e-040   3.5025e-039   [0.000015,0.000015,]
[15,5,]   115   0.000386116   -2.71261e-040   5.24563e-039   [0.000013,0.000015,]
[16,5,]   116   0.000171924   -7.44764e-040   6.92236e-039   [0.000013,0.000014,]
[17,5,]   117   6.30045e-005   -1.40779e-039   7.87633e-039   [0.000013,0.000013,]
[18,5,]   118   1.93252e-005   -2.4901e-039   7.899e-039   [0.000020,0.000011,]
[19,5,]   119   6.32477e-006   -4.17403e-039   7.44197e-039   [0.000027,0.000008,]
[0,6,]   120   1.17967e-005   -3.55894e-039   4.66836e-039   [0.000016,-0.000008,]
[1,6,]   121   3.25339e-005   -2.17218e-039   3.84855e-039   [-0.000006,-0.000007,]
[2,6,]   122   9.94916e-005   -1.32311e-039   3.11983e-039   [0.000004,-0.000008,]
[3,6,]   123   0.000267936   -6.04872e-040   2.4822e-039   [0.000006,-0.000008,]
[4,6,]   124   0.000596096   -1.0729e-040   1.93566e-039   [0.000009,-0.000009,]
[5,6,]   125   0.00110002   3.25344e-040   1.48021e-039   [0.000012,-0.000010,]
[6,6,]   126   0.00168401   6.36666e-040   1.11585e-039   [0.000016,-0.000010,]
[7,6,]   127   0.00216966   8.80296e-040   8.42604e-040   [0.000021,-0.000009,]
[8,6,]   128   0.00241947   9.8755e-040   6.60618e-040   [0.000027,-0.000005,]
[9,6,]   129   0.00247037   1.03307e-039   5.71028e-040   [0.000031,0.000003,]
[10,6,]   130   0.00245275   9.97418e-040   5.79949e-040   [0.000032,0.000011,]
[11,6,]   131   0.00240514   9.66278e-040   7.11773e-040   [0.000028,0.000018,]
[12,6,]   132   0.00219092   8.93305e-040   1.0358e-039   [0.000022,0.000022,]
[13,6,]   133   0.00173989   6.88783e-040   1.68184e-039   [0.000017,0.000023,]
[14,6,]   134   0.00116901   4.34653e-040   2.7714e-039   [0.000014,0.000022,]
[15,6,]   135   0.000651978   6.30387e-041   4.22971e-039   [0.000012,0.000020,]
[16,6,]   136   0.000299769   -4.02385e-040   5.65643e-039   [0.000011,0.000018,]
[17,6,]   137   0.000112528   -1.05939e-039   6.54043e-039   [0.000011,0.000016,]
[18,6,]   138   3.5148e-005   -2.08906e-039   6.71928e-039   [0.000017,0.000013,]
[19,6,]   139   1.13329e-005   -3.70648e-039   6.54469e-039   [0.000024,0.000010,]
[0,7,]   140   1.87029e-005   -3.2409e-039   4.39509e-039   [0.000017,-0.000009,]
[1,7,]   141   5.2591e-005   -1.82689e-039   3.57528e-039   [-0.000006,-0.000008,]
[2,7,]   142   0.000159492   -9.51141e-040   2.84656e-039   [0.000003,-0.000009,]
[3,7,]   143   0.000419315   -2.34952e-040   2.20893e-039   [0.000005,-0.000010,]
[4,7,]   144   0.000898534   2.60731e-040   1.66239e-039   [0.000008,-0.000011,]
[5,7,]   145   0.00156685   6.47582e-040   1.20694e-039   [0.000011,-0.000013,]
[6,7,]   146   0.00221698   9.56124e-040   8.42583e-040   [0.000016,-0.000015,]
[7,7,]   147   0.00254355   1.06158e-039   5.69325e-040   [0.000023,-0.000016,]
[8,7,]   148   0.00246525   1.06613e-039   3.87263e-040   [0.000034,-0.000012,]
[9,7,]   149   0.00221528   7.36795e-040   2.97083e-040   [0.000044,-0.000001,]
[10,7,]   150   0.00217164   7.84871e-040   3.02494e-040   [0.000043,0.000019,]
[11,7,]   151   0.00241157   9.52075e-040   4.1829e-040   [0.000034,0.000028,]
[12,7,]   152   0.00252893   1.01253e-039   6.86505e-040   [0.000023,0.000030,]
[13,7,]   153   0.00224162   9.33204e-040   1.18587e-039   [0.000016,0.000029,]
[14,7,]   154   0.00161535   6.73108e-040   1.99009e-039   [0.000012,0.000026,]
[15,7,]   155   0.000943551   3.16732e-040   3.0538e-039   [0.000009,0.000023,]
[16,7,]   156   0.000447028   -1.57221e-040   4.1342e-039   [0.000008,0.000020,]
[17,7,]   157   0.000171424   -8.08178e-040   4.92126e-039   [0.000008,0.000017,]
[18,7,]   158   5.43615e-005   -1.78511e-039   5.31647e-039   [0.000014,0.000014,]
[19,7,]   159   1.71812e-005   -3.35638e-039   5.53314e-039   [0.000020,0.000011,]
[0,8,]   160   2.56164e-005   -3.03024e-039   4.21291e-039   [0.000017,-0.000010,]
[1,8,]   161   7.26059e-005   -1.61236e-039   3.3931e-039   [-0.000006,-0.000010,]
[2,8,]   162   0.000218458   -7.15043e-040   2.66438e-039   [0.000002,-0.000011,]
[3,8,]   163   0.000562809   3.16268e-042   2.02675e-039   [0.000004,-0.000013,]
[4,8,]   164   0.00116595   4.77369e-040   1.48021e-039   [0.000006,-0.000016,]
[5,8,]   165   0.00192784   8.56659e-040   1.02476e-039   [0.000008,-0.000019,]
[6,8,]   166   0.002491   1.05546e-039   6.60403e-040   [0.000012,-0.000024,]
[7,8,]   167   0.00246482   1.01053e-039   3.87139e-040   [0.000022,-0.000029,]
[8,8,]   168   0.00187004   3.49068e-040   2.05014e-040   [0.000038,-0.000030,]
[9,8,]   169   0.0013418   7.33204e-041   1.14354e-040   [0.000071,-0.000015,]
[10,8,]   170   0.00120488   -1.42922e-039   1.1691e-040   [0.000070,0.000031,]
[11,8,]   171   0.0018352   2.68243e-040   2.1967e-040   [0.000035,0.000044,]
[12,8,]   172   0.0024553   1.00913e-039   4.4249e-040   [0.000019,0.000040,]
[13,8,]   173   0.00249522   1.03852e-039   8.2256e-040   [0.000012,0.000033,]
[14,8,]   174   0.00194303   8.44412e-040   1.3947e-039   [0.000008,0.000028,]
[15,8,]   175   0.00118382   4.66892e-040   2.13747e-039   [0.000006,0.000024,]
[16,8,]   176   0.000575651   1.64277e-042   2.93619e-039   [0.000005,0.000020,]
[17,8,]   177   0.000224435   -6.49315e-040   3.6444e-039   [0.000005,0.000017,]
[18,8,]   178   7.19438e-005   -1.57406e-039   4.21558e-039   [0.000011,0.000014,]
[19,8,]   179   2.21943e-005   -3.12442e-039   4.75049e-039   [0.000017,0.000012,]
[0,9,]   180   3.03689e-005   -2.92603e-039   4.12182e-039   [0.000016,-0.000011,]
[1,9,]   181   8.53957e-005   -1.54045e-039   3.30201e-039   [-0.000007,-0.000012,]
[2,9,]   182   0.000255339   -6.17545e-040   2.57329e-039   [-0.000000,-0.000014,]
[3,9,]   183   0.000649154   8.81041e-041   1.93566e-039   [0.000001,-0.000016,]
[4,9,]   184   0.00131822   5.80384e-040   1.38912e-039   [0.000002,-0.000019,]
[5,9,]   185   0.00210012   9.25621e-040   9.33673e-040   [0.000003,-0.000023,]
[6,9,]   186   0.00253715   1.04157e-039   5.69313e-040   [0.000006,-0.000030,]
[7,9,]   187   0.00218845   7.41828e-040   2.96045e-040   [0.000013,-0.000042,]
[8,9,]   188   0.00119535   -1.53548e-039   1.13885e-040   [0.000027,-0.000068,]
[9,9,]   189   0.000443539   -8.2258e-039   2.29533e-041   [0.000114,-0.000109,]
[10,9,]   190   0.000436934   -8.41839e-039   2.38936e-041   [0.000111,0.000118,]
[11,9,]   191   0.00130349   -8.00743e-041   1.19277e-040   [0.000021,0.000075,]
[12,9,]   192   0.00220261   6.90906e-040   3.16408e-040   [0.000009,0.000048,]
[13,9,]   193   0.0025334   1.06302e-039   6.28967e-040   [0.000004,0.000035,]
[14,9,]   194   0.00208583   8.78929e-040   1.06976e-039   [0.000003,0.000028,]
[15,9,]   195   0.00131082   5.52555e-040   1.63091e-039   [0.000002,0.000023,]
[16,9,]   196   0.000646864   7.28053e-041   2.27022e-039   [0.000002,0.000019,]
[17,9,]   197   0.000254427   -5.74646e-040   2.93382e-039   [0.000002,0.000017,]
[18,9,]   198   8.19024e-005   -1.46055e-039   3.60458e-039   [0.000009,0.000014,]
[19,9,]   199   2.46055e-005   -3.0211e-039   4.31959e-039   [0.000015,0.000012,]
[0,10,]   200   3.12924e-005   -2.91708e-039   4.12182e-039   [0.000015,-0.000011,]
[1,10,]   201   8.62131e-005   -1.57473e-039   3.30201e-039   [-0.000008,-0.000013,]
[2,10,]   202   0.000257096   -6.29469e-040   2.57329e-039   [-0.000002,-0.000015,]
[3,10,]   203   0.000652087   7.73101e-041   1.93566e-039   [-0.000002,-0.000017,]
[4,10,]   204   0.00131953   5.5543e-040   1.38912e-039   [-0.000002,-0.000020,]
[5,10,]   205   0.00209524   8.74313e-040   9.33673e-040   [-0.000003,-0.000025,]
[6,10,]   206   0.00253686   1.04802e-039   5.69313e-040   [-0.000003,-0.000031,]
[7,10,]   207   0.00219465   6.51324e-040   2.96043e-040   [-0.000008,-0.000044,]
[8,10,]   208   0.00128936   -1.31094e-040   1.13869e-040   [-0.000020,-0.000071,]
[9,10,]   209   0.00042093   -8.79496e-039   2.28243e-041   [-0.000113,-0.000115,]
[10,10,]   210   0.000422968   -8.66608e-039   2.30937e-041   [-0.000117,0.000115,]
[11,10,]   211   0.00117068   -1.55768e-039   1.15414e-040   [-0.000026,0.000072,]
[12,10,]   212   0.00215552   7.25933e-040   3.01877e-040   [-0.000013,0.000045,]
[13,10,]   213   0.00250106   1.01908e-039   5.86404e-040   [-0.000005,0.000034,]
[14,10,]   214   0.00206923   8.9396e-040   9.72663e-040   [-0.000003,0.000027,]
[15,10,]   215   0.00129834   5.44582e-040   1.4584e-039   [-0.000002,0.000022,]
[16,10,]   216   0.000639175   5.35738e-041   2.03152e-039   [-0.000001,0.000018,]
[17,10,]   217   0.00025091   -5.89895e-040   2.67659e-039   [-0.000000,0.000016,]
[18,10,]   218   8.05039e-005   -1.44849e-039   3.3887e-039   [0.000007,0.000014,]
[19,10,]   219   2.35588e-005   -3.05123e-039   4.17848e-039   [0.000014,0.000013,]
[0,11,]   220   2.80116e-005   -3.01077e-039   4.21291e-039   [0.000014,-0.000011,]
[1,11,]   221   7.51129e-005   -1.6985e-039   3.3931e-039   [-0.000010,-0.000013,]
[2,11,]   222   0.000224702   -7.22465e-040   2.66438e-039   [-0.000004,-0.000015,]
[3,11,]   223   0.000575157   -1.16456e-041   2.02675e-039   [-0.000004,-0.000017,]
[4,11,]   224   0.00118189   4.52248e-040   1.48021e-039   [-0.000005,-0.000019,]
[5,11,]   225   0.00193767   8.26102e-040   1.02476e-039   [-0.000007,-0.000023,]
[6,11,]   226   0.00248299   1.01466e-039   6.60403e-040   [-0.000012,-0.000028,]
[7,11,]   227   0.00243379   9.82839e-040   3.87133e-040   [-0.000019,-0.000035,]
[8,11,]   228   0.00180321   2.22001e-040   2.04954e-040   [-0.000035,-0.000039,]
[9,11,]   229   0.00116247   -1.5593e-039   1.13874e-040   [-0.000071,-0.000027,]
[10,11,]   230   0.0012838   -8.87315e-041   1.13934e-040   [-0.000072,0.000021,]
[11,11,]   231   0.0018058   2.30423e-040   2.05299e-040   [-0.000039,0.000035,]
[12,11,]   232   0.00240402   9.33795e-040   3.88434e-040   [-0.000022,0.000034,]
[13,11,]   233   0.00244463   9.93463e-040   6.64216e-040   [-0.000012,0.000029,]
[14,11,]   234   0.00189911   7.98469e-040   1.03346e-039   [-0.000008,0.000024,]
[15,11,]   235   0.00115185   4.23782e-040   1.49567e-039   [-0.000006,0.000020,]
[16,11,]   236   0.000556944   -4.23243e-041   2.04814e-039   [-0.000004,0.000017,]
[17,11,]   237   0.000215689   -6.9748e-040   2.68743e-039   [-0.000002,0.000015,]
[18,11,]   238   6.84756e-005   -1.53586e-039   3.41245e-039   [0.000006,0.000013,]
[19,11,]   239   1.95751e-005   -3.21121e-039   4.22556e-039   [0.000014,0.000013,]
[0,12,]   240   2.16486e-005   -3.21825e-039   4.39509e-039   [0.000013,-0.000010,]
[1,12,]   241   5.64158e-005   -1.91319e-039   3.57528e-039   [-0.000012,-0.000012,]
[2,12,]   242   0.000170332   -8.93826e-040   2.84656e-039   [-0.000006,-0.000014,]
[3,12,]   243   0.000443976   -1.78395e-040   2.20893e-039   [-0.000006,-0.000016,]
[4,12,]   244   0.000938856   3.003e-040   1.66239e-039   [-0.000007,-0.000017,]
[5,12,]   245   0.00161088   6.61719e-040   1.20694e-039   [-0.000011,-0.000020,]
[6,12,]   246   0.00223875   9.25758e-040   8.42583e-040   [-0.000015,-0.000022,]
[7,12,]   247   0.00252497   1.00568e-039   5.69313e-040   [-0.000023,-0.000023,]
[8,12,]   248   0.00239868   9.36886e-040   3.87133e-040   [-0.000034,-0.000022,]
[9,12,]   249   0.00214176   7.20924e-040   2.96045e-040   [-0.000044,-0.000013,]
[10,12,]   250   0.00217955   6.80274e-040   2.96055e-040   [-0.000045,0.000008,]
[11,12,]   251   0.00243033   9.91085e-040   3.87193e-040   [-0.000035,0.000019,]
[12,12,]   252   0.00252573   1.00717e-039   5.69539e-040   [-0.000023,0.000023,]
[13,12,]   253   0.00221889   9.20803e-040   8.43245e-040   [-0.000016,0.000022,]
[14,12,]   254   0.00157954   6.292e-040   1.20845e-039   [-0.000011,0.000020,]
[15,12,]   255   0.000911327   2.58336e-040   1.66508e-039   [-0.000008,0.000018,]
[16,12,]   256   0.000426634   -2.23763e-040   2.21265e-039   [-0.000006,0.000016,]
[17,12,]   257   0.000161516   -8.85964e-040   2.85057e-039   [-0.000004,0.000014,]
[18,12,]   258   5.03969e-005   -1.72724e-039   3.57864e-039   [0.000005,0.000013,]
[19,12,]   259   1.41524e-005   -3.49683e-039   4.39729e-039   [0.000014,0.000013,]
[0,13,]   260   1.43216e-005   -3.53863e-039   4.66836e-039   [0.000012,-0.000009,]
[1,13,]   261   3.63342e-005   -2.22189e-039   3.84855e-039   [-0.000014,-0.000011,]
[2,13,]   262   0.000111175   -1.15858e-039   3.11983e-039   [-0.000007,-0.000013,]
[3,13,]   263   0.000296683   -4.29743e-040   2.4822e-039   [-0.000007,-0.000014,]
[4,13,]   264   0.000648735   4.94822e-041   1.93566e-039   [-0.000009,-0.000015,]
[5,13,]   265   0.0011708   4.383e-040   1.48021e-039   [-0.000012,-0.000016,]
[6,13,]   266   0.00175315   7.0782e-040   1.11585e-039   [-0.000016,-0.000017,]
[7,13,]   267   0.00221765   9.22824e-040   8.42583e-040   [-0.000022,-0.000016,]
[8,13,]   268   0.00243987   9.97733e-040   6.60403e-040   [-0.000028,-0.000012,]
[9,13,]   269   0.00248937   1.02318e-039   5.69313e-040   [-0.000033,-0.000005,]
[10,13,]   270   0.00251317   1.05526e-039   5.69314e-040   [-0.000032,0.000004,]
[11,13,]   271   0.00247523   1.02466e-039   6.60411e-040   [-0.000028,0.000012,]
[12,13,]   272   0.00223724   9.29931e-040   8.42613e-040   [-0.000022,0.000015,]
[13,13,]   273   0.00175318   7.08543e-040   1.11594e-039   [-0.000017,0.000016,]
[14,13,]   274   0.00115632   4.18672e-040   1.48042e-039   [-0.000013,0.000016,]
[15,13,]   275   0.000631899   9.27306e-042   1.93603e-039   [-0.000010,0.000015,]
[16,13,]   276   0.000284969   -4.77654e-040   2.48271e-039   [-0.000007,0.000014,]
[17,13,]   277   0.000104851   -1.16127e-039   3.12037e-039   [-0.000005,0.000013,]
[18,13,]   278   3.20285e-005   -2.01443e-039   3.84901e-039   [0.000005,0.000012,]
[19,13,]   279   8.89302e-006   -3.88946e-039   4.66866e-039   [0.000015,0.000013,]
[0,14,]   280   8.04987e-006   -3.9663e-039   5.03272e-039   [0.000011,-0.000008,]
[1,14,]   281   1.99454e-005   -2.62568e-039   4.21291e-039   [-0.000016,-0.000010,]
[2,14,]   282   6.19961e-005   -1.51656e-039   3.48419e-039   [-0.000008,-0.000011,]
[3,14,]   283   0.00016967   -7.77404e-040   2.84656e-039   [-0.000008,-0.000012,]
[4,14,]   284   0.000383864   -2.86655e-040   2.30002e-039   [-0.000010,-0.000013,]
[5,14,]   285   0.000725441   1.1021e-040   1.84457e-039   [-0.000013,-0.000013,]
[6,14,]   286   0.00115617   4.19322e-040   1.48021e-039   [-0.000016,-0.000013,]
[7,14,]   287   0.00157872   6.31603e-040   1.20694e-039   [-0.000020,-0.000011,]
[8,14,]   288   0.0018961   8.0246e-040   1.02476e-039   [-0.000023,-0.000008,]
[9,14,]   289   0.00206159   8.96657e-040   9.33673e-040   [-0.000026,-0.000003,]
[10,14,]   290   0.00207281   8.75988e-040   9.33673e-040   [-0.000025,0.000003,]
[11,14,]   291   0.00192943   8.35708e-040   1.02476e-039   [-0.000023,0.000007,]
[12,14,]   292   0.00160898   6.67924e-040   1.20695e-039   [-0.000020,0.000010,]
[13,14,]   293   0.00117059   4.40391e-040   1.48022e-039   [-0.000016,0.000012,]
[14,14,]   294   0.000725468   1.10233e-040   1.84459e-039   [-0.000013,0.000013,]
[15,14,]   295   0.000377847   -3.11885e-040   2.30006e-039   [-0.000011,0.000012,]
[16,14,]   296   0.000164164   -8.16293e-040   2.84662e-039   [-0.000008,0.000012,]
[17,14,]   297   5.86399e-005   -1.51656e-039   3.48425e-039   [-0.000006,0.000011,]
[18,14,]   298   1.75091e-005   -2.39415e-039   4.21296e-039   [0.000006,0.000011,]
[19,14,]   299   4.83778e-006   -4.37418e-039   5.03275e-039   [0.000017,0.000012,]
[0,15,]   300   3.82136e-006   -4.49778e-039   5.48817e-039   [0.000010,-0.000007,]
[1,15,]   301   9.28138e-006   -3.12585e-039   4.66836e-039   [-0.000018,-0.000009,]
[2,15,]   302   2.93298e-005   -1.97416e-039   3.93964e-039   [-0.000009,-0.000010,]
[3,15,]   303   8.22882e-005   -1.2222e-039   3.30201e-039   [-0.000009,-0.000010,]
[4,15,]   304   0.000192097   -7.25824e-040   2.75547e-039   [-0.000010,-0.000011,]
[5,15,]   305   0.00037783   -3.11261e-040   2.30002e-039   [-0.000012,-0.000011,]
[6,15,]   306   0.00063183   1.01371e-041   1.93566e-039   [-0.000015,-0.000010,]
[7,15,]   307   0.000910976   2.60583e-040   1.66239e-039   [-0.000017,-0.000008,]
[8,15,]   308   0.0011505   4.27583e-040   1.48021e-039   [-0.000020,-0.000006,]
[9,15,]   309   0.00129478   5.48604e-040   1.38912e-039   [-0.000021,-0.000002,]
[10,15,]   310   0.00130441   5.535e-040   1.38912e-039   [-0.000021,0.000002,]
[11,15,]   311   0.00117616   4.62425e-040   1.48021e-039   [-0.000020,0.000005,]
[12,15,]   312   0.000937606   3.0867e-040   1.66239e-039   [-0.000017,0.000007,]
[13,15,]   313   0.000648691   5.35796e-041   1.93566e-039   [-0.000015,0.000009,]
[14,15,]   314   0.000383951   -2.85164e-040   2.30002e-039   [-0.000013,0.000010,]
[15,15,]   315   0.000192144   -7.25285e-040   2.75548e-039   [-0.000011,0.000010,]
[16,15,]   316   8.07702e-005   -1.23841e-039   3.30202e-039   [-0.000009,0.000010,]
[17,15,]   317   2.8054e-005   -1.9565e-039   3.93965e-039   [-0.000007,0.000010,]
[18,15,]   318   8.19301e-006   -2.86354e-039   4.66837e-039   [0.000006,0.000010,]
[19,15,]   319   2.26428e-006   -4.94122e-039   5.48818e-039   [0.000019,0.000011,]
[0,16,]   320   1.52639e-006   -5.10416e-039   6.03471e-039   [0.000010,-0.000006,]
[1,16,]   321   3.64728e-006   -3.69662e-039   5.2149e-039   [-0.000019,-0.000008,]
[2,16,]   322   1.17161e-005   -2.50566e-039   4.48618e-039   [-0.000010,-0.000008,]
[3,16,]   323   3.36424e-005   -1.74244e-039   3.84855e-039   [-0.000009,-0.000009,]
[4,16,]   324   8.07521e-005   -1.23877e-039   3.30201e-039   [-0.000010,-0.000009,]
[5,16,]   325   0.000164161   -8.15606e-040   2.84656e-039   [-0.000012,-0.000008,]
[6,16,]   326   0.000284949   -4.76947e-040   2.4822e-039   [-0.000014,-0.000007,]
[7,16,]   327   0.000426527   -2.21958e-040   2.20893e-039   [-0.000016,-0.000006,]
[8,16,]   328   0.000556507   -3.88645e-041   2.02675e-039   [-0.000017,-0.000004,]
[9,16,]   329   0.000637937   5.82729e-041   1.93566e-039   [-0.000018,-0.000001,]
[10,16,]   330   0.000644409   7.66179e-041   1.93566e-039   [-0.000018,0.000001,]
[11,16,]   331   0.000572173   8.82972e-043   2.02675e-039   [-0.000017,0.000004,]
[12,16,]   332   0.000443363   -1.66713e-040   2.20893e-039   [-0.000016,0.000006,]
[13,16,]   333   0.000296707   -4.22519e-040   2.4822e-039   [-0.000014,0.000007,]
[14,16,]   334   0.000169745   -7.73271e-040   2.84656e-039   [-0.000012,0.000008,]
[15,16,]   335   8.23269e-005   -1.21937e-039   3.30201e-039   [-0.000010,0.000009,]
[16,16,]   336   3.36573e-005   -1.73997e-039   3.84855e-039   [-0.000009,0.000009,]
[17,16,]   337   1.14038e-005   -2.47136e-039   4.48618e-039   [-0.000007,0.000009,]
[18,16,]   338   3.26342e-006   -3.41036e-039   5.2149e-039   [0.000007,0.000009,]
[19,16,]   339   9.05367e-007   -5.57514e-039   6.03471e-039   [0.000020,0.000011,]
[0,17,]   340   5.04797e-007   -5.93029e-039   6.67234e-039   [0.000010,-0.000004,]
[1,17,]   341   1.19005e-006   -4.48665e-039   5.85253e-039   [-0.000020,-0.000006,]
[2,17,]   342   3.88466e-006   -3.2545e-039   5.12381e-039   [-0.000010,-0.000007,]
[3,17,]   343   1.1399e-005   -2.47379e-039   4.48618e-039   [-0.000009,-0.000007,]
[4,17,]   344   2.8048e-005   -1.95692e-039   3.93964e-039   [-0.000010,-0.000007,]
[5,17,]   345   5.86394e-005   -1.51596e-039   3.48419e-039   [-0.000011,-0.000006,]
[6,17,]   346   0.000104847   -1.1608e-039   3.11983e-039   [-0.000013,-0.000005,]
[7,17,]   347   0.000161492   -8.84643e-040   2.84656e-039   [-0.000014,-0.000004,]
[8,17,]   348   0.000215585   -6.94599e-040   2.66438e-039   [-0.000015,-0.000002,]
[9,17,]   349   0.000250587   -5.85035e-040   2.57329e-039   [-0.000016,-0.000000,]
[10,17,]   350   0.0002537   -5.68984e-040   2.57329e-039   [-0.000016,0.000002,]
[11,17,]   351   0.000223219   -6.47036e-040   2.66438e-039   [-0.000015,0.000004,]
[12,17,]   352   0.00016989   -8.16053e-040   2.84656e-039   [-0.000014,0.000006,]
[13,17,]   353   0.000111068   -1.08177e-039   3.11983e-039   [-0.000013,0.000007,]
[14,17,]   354   6.19656e-005   -1.43933e-039   3.48419e-039   [-0.000011,0.000008,]
[15,17,]   355   2.93177e-005   -1.89476e-039   3.93964e-039   [-0.000010,0.000009,]
[16,17,]   356   1.17113e-005   -2.42331e-039   4.48618e-039   [-0.000008,0.000009,]
[17,17,]   357   3.88309e-006   -3.16919e-039   5.12381e-039   [-0.000007,0.000009,]
[18,17,]   358   1.09104e-006   -4.14377e-039   5.85253e-039   [0.000008,0.000010,]
[19,17,]   359   3.04596e-007   -6.38345e-039   6.67234e-039   [0.000022,0.000011,]
[0,18,]   360   1.41492e-007   -7.01401e-039   7.40106e-039   [0.000010,0.000010,]
[1,18,]   361   3.29732e-007   -5.52406e-039   6.58125e-039   [-0.000021,0.000009,]
[2,18,]   362   1.09146e-006   -4.23231e-039   5.85253e-039   [-0.000010,0.000008,]
[3,18,]   363   3.26204e-006   -3.41282e-039   5.2149e-039   [-0.000009,0.000007,]
[4,18,]   364   8.1913e-006   -2.86402e-039   4.66836e-039   [-0.000010,0.000006,]
[5,18,]   365   1.75091e-005   -2.39363e-039   4.21291e-039   [-0.000011,0.000006,]
[6,18,]   366   3.20279e-005   -2.01415e-039   3.84855e-039   [-0.000012,0.000005,]
[7,18,]   367   5.03931e-005   -1.72636e-039   3.57528e-039   [-0.000013,0.000005,]
[8,18,]   368   6.84571e-005   -1.53362e-039   3.3931e-039   [-0.000013,0.000006,]
[9,18,]   369   8.04399e-005   -1.4439e-039   3.30201e-039   [-0.000014,0.000007,]
[10,18,]   370   8.17387e-005   -1.45325e-039   3.30201e-039   [-0.000013,0.000008,]
[11,18,]   371   7.16337e-005   -1.56601e-039   3.3931e-039   [-0.000013,0.000010,]
[12,18,]   372   5.39303e-005   -1.78108e-039   3.57528e-039   [-0.000012,0.000012,]
[13,18,]   373   3.47177e-005   -2.0926e-039   3.84855e-039   [-0.000011,0.000014,]
[14,18,]   374   1.90225e-005   -2.49733e-039   4.21291e-039   [-0.000010,0.000016,]
[15,18,]   375   8.83143e-006   -2.99624e-039   4.66836e-039   [-0.000009,0.000018,]
[16,18,]   376   3.46244e-006   -3.56466e-039   5.2149e-039   [-0.000008,0.000019,]
[17,18,]   377   1.12727e-006   -4.35214e-039   5.85253e-039   [-0.000006,0.000020,]
[18,18,]   378   3.1168e-007   -5.38773e-039   6.58125e-039   [0.000009,0.000021,]
[19,18,]   379   8.76698e-008   -7.70836e-039   7.40106e-039   [0.000023,0.000022,]
[0,19,]   380   4.06572e-008   -9.19877e-039   8.22087e-039   [0.000009,0.000024,]
[1,19,]   381   9.29079e-008   -7.83606e-039   7.40106e-039   [-0.000023,0.000023,]
[2,19,]   382   3.04753e-007   -6.47433e-039   6.67234e-039   [-0.000012,0.000022,]
[3,19,]   383   9.04986e-007   -5.57778e-039   6.03471e-039   [-0.000011,0.000020,]
[4,19,]   384   2.26379e-006   -4.94174e-039   5.48817e-039   [-0.000011,0.000019,]
[5,19,]   385   4.83778e-006   -4.37364e-039   5.03272e-039   [-0.000012,0.000017,]
[6,19,]   386   8.89295e-006   -3.88916e-039   4.66836e-039   [-0.000013,0.000015,]
[7,19,]   387   1.41519e-005   -3.49573e-039   4.39509e-039   [-0.000013,0.000014,]
[8,19,]   388   1.95716e-005   -3.20803e-039   4.21291e-039   [-0.000013,0.000014,]
[9,19,]   389   2.35441e-005   -3.04409e-039   4.12182e-039   [-0.000013,0.000014,]
[10,19,]   390   2.45611e-005   -3.00921e-039   4.12182e-039   [-0.000012,0.000015,]
[11,19,]   391   2.20991e-005   -3.11091e-039   4.21291e-039   [-0.000011,0.000016,]
[12,19,]   392   1.7039e-005   -3.34852e-039   4.39509e-039   [-0.000010,0.000018,]
[13,19,]   393   1.1187e-005   -3.70874e-039   4.66836e-039   [-0.000009,0.000021,]
[14,19,]   394   6.22327e-006   -4.17897e-039   5.03272e-039   [-0.000008,0.000023,]
[15,19,]   395   2.92095e-006   -4.75237e-039   5.48817e-039   [-0.000007,0.000026,]
[16,19,]   396   1.15367e-006   -5.39861e-039   6.03471e-039   [-0.000006,0.000028,]
[17,19,]   397   3.77454e-007   -6.26281e-039   6.67234e-039   [-0.000004,0.000029,]
[18,19,]   398   1.04704e-007   -7.38889e-039   7.40106e-039   [0.000010,0.000031,]
[19,19,]   399   2.99142e-008   -9.62891e-039   8.22087e-039   [0.000024,0.000032,]
