coordinates  index   rho      Q      V    velocities 
[0,0,]   0   4.57851e-008   -8.88095e-039   8.22087e-039   [0.000018,0.000004,]
[1,0,]   1   1.41052e-007   -6.82708e-039   7.40106e-039   [-0.000007,0.000004,]
[2,0,]   2   4.85456e-007   -5.71341e-039   6.67234e-039   [0.000004,0.000004,]
[3,0,]   3   1.46259e-006   -4.83777e-039   6.03471e-039   [0.000006,0.000004,]
[4,0,]   4   3.66154e-006   -4.23801e-039   5.48818e-039   [0.000008,0.000004,]
[5,0,]   5   7.70209e-006   -3.74033e-039   5.03277e-039   [0.000009,0.000004,]
[6,0,]   6   1.36704e-005   -3.34758e-039   4.66868e-039   [0.000010,0.000005,]
[7,0,]   7   2.05924e-005   -3.05583e-039   4.39694e-039   [0.000010,0.000006,]
[8,0,]   8   2.64891e-005   -2.87249e-039   4.22118e-039   [0.000011,0.000007,]
[9,0,]   9   2.92871e-005   -2.80741e-039   4.15068e-039   [0.000012,0.000009,]
[10,0,]   10   2.79973e-005   -2.8642e-039   4.20026e-039   [0.000013,0.000010,]
[11,0,]   11   2.32435e-005   -3.03972e-039   4.37891e-039   [0.000013,0.000011,]
[12,0,]   12   1.67906e-005   -3.32596e-039   4.66871e-039   [0.000013,0.000013,]
[13,0,]   13   1.05416e-005   -3.70657e-039   5.01961e-039   [0.000013,0.000015,]
[14,0,]   14   5.72985e-006   -4.16746e-039   5.38388e-039   [0.000012,0.000016,]
[15,0,]   15   2.68063e-006   -4.70246e-039   5.76159e-039   [0.000011,0.000017,]
[16,0,]   16   1.07215e-006   -5.30259e-039   6.20051e-039   [0.000010,0.000018,]
[17,0,]   17   3.61678e-007   -6.05719e-039   6.75064e-039   [0.000010,0.000018,]
[18,0,]   18   1.03937e-007   -7.25051e-039   7.42986e-039   [0.000020,0.000019,]
[19,0,]   19   3.29948e-008   -9.27825e-039   8.22912e-039   [0.000029,0.000019,]
[0,1,]   20   1.19567e-007   -7.26308e-039   7.40106e-039   [0.000018,-0.000024,]
[1,1,]   21   3.7517e-007   -5.18391e-039   6.58125e-039   [-0.000006,-0.000023,]
[2,1,]   22   1.29721e-006   -4.16926e-039   5.85253e-039   [0.000006,-0.000022,]
[3,1,]   23   3.93082e-006   -3.36435e-039   5.2149e-039   [0.000008,-0.000022,]
[4,1,]   24   9.93574e-006   -2.81287e-039   4.66837e-039   [0.000010,-0.000021,]
[5,1,]   25   2.11894e-005   -2.35097e-039   4.21303e-039   [0.000011,-0.000019,]
[6,1,]   26   3.82787e-005   -1.98546e-039   3.84942e-039   [0.000012,-0.000018,]
[7,1,]   27   5.88892e-005   -1.70996e-039   3.5803e-039   [0.000013,-0.000016,]
[8,1,]   28   7.75665e-005   -1.52575e-039   3.41559e-039   [0.000013,-0.000014,]
[9,1,]   29   8.79088e-005   -1.43654e-039   3.38047e-039   [0.000014,-0.000012,]
[10,1,]   30   8.60587e-005   -1.44418e-039   3.51522e-039   [0.000014,-0.000010,]
[11,1,]   31   7.29317e-005   -1.54781e-039   3.84434e-039   [0.000014,-0.000008,]
[12,1,]   32   5.3501e-005   -1.74715e-039   4.31906e-039   [0.000013,-0.000007,]
[13,1,]   33   3.39004e-005   -2.03672e-039   4.80335e-039   [0.000013,-0.000005,]
[14,1,]   34   1.84846e-005   -2.4126e-039   5.16747e-039   [0.000012,-0.000005,]
[15,1,]   35   8.63176e-006   -2.87385e-039   5.41159e-039   [0.000010,-0.000004,]
[16,1,]   36   3.43419e-006   -3.41172e-039   5.66558e-039   [0.000009,-0.000004,]
[17,1,]   37   1.15002e-006   -4.11254e-039   6.06536e-039   [0.000009,-0.000004,]
[18,1,]   38   3.27651e-007   -5.24413e-039   6.65953e-039   [0.000019,-0.000005,]
[19,1,]   39   1.0209e-007   -7.35371e-039   7.42348e-039   [0.000028,-0.000006,]
[0,2,]   40   3.96078e-007   -5.85311e-039   6.67234e-039   [0.000017,-0.000015,]
[1,2,]   41   1.23199e-006   -3.90019e-039   5.85253e-039   [-0.000006,-0.000014,]
[2,2,]   42   4.16935e-006   -2.96158e-039   5.12381e-039   [0.000006,-0.000015,]
[3,2,]   43   1.2411e-005   -2.19959e-039   4.48618e-039   [0.000008,-0.000015,]
[4,2,]   44   3.09325e-005   -1.67505e-039   3.93967e-039   [0.000010,-0.000015,]
[5,2,]   45   6.51485e-005   -1.24184e-039   3.48444e-039   [0.000012,-0.000014,]
[6,2,]   46   0.000116337   -9.12271e-040   3.12168e-039   [0.000013,-0.000014,]
[7,2,]   47   0.00017725   -6.77734e-040   2.85719e-039   [0.000014,-0.000012,]
[8,2,]   48   0.000232064   -5.36917e-040   2.71198e-039   [0.000015,-0.000011,]
[9,2,]   49   0.000262921   -4.87238e-040   2.73938e-039   [0.000016,-0.000008,]
[10,2,]   50   0.000259045   -5.28464e-040   3.02464e-039   [0.000016,-0.000006,]
[11,2,]   51   0.000222406   -6.59409e-040   3.61965e-039   [0.000016,-0.000004,]
[12,2,]   52   0.000166189   -8.73215e-040   4.42115e-039   [0.000016,-0.000001,]
[13,2,]   53   0.000107576   -1.16844e-039   5.14113e-039   [0.000015,0.000001,]
[14,2,]   54   5.99506e-005   -1.54021e-039   5.50499e-039   [0.000013,0.000003,]
[15,2,]   55   2.85741e-005   -1.98991e-039   5.51305e-039   [0.000012,0.000005,]
[16,2,]   56   1.1578e-005   -2.51066e-039   5.44026e-039   [0.000010,0.000006,]
[17,2,]   57   3.94084e-006   -3.18693e-039   5.57437e-039   [0.000009,0.000007,]
[18,2,]   58   1.13878e-006   -4.27257e-039   6.01824e-039   [0.000018,0.000006,]
[19,2,]   59   3.5432e-007   -6.29055e-039   6.71981e-039   [0.000026,0.000005,]
[0,3,]   60   1.13438e-006   -5.01774e-039   6.03471e-039   [0.000015,-0.000013,]
[1,3,]   61   3.4793e-006   -3.22869e-039   5.2149e-039   [-0.000006,-0.000013,]
[2,3,]   62   1.14686e-005   -2.36511e-039   4.48618e-039   [0.000005,-0.000013,]
[3,3,]   63   3.33506e-005   -1.63876e-039   3.84856e-039   [0.000008,-0.000014,]
[4,3,]   64   8.14802e-005   -1.1199e-039   3.30206e-039   [0.000010,-0.000014,]
[5,3,]   65   0.000168407   -6.81513e-040   2.84697e-039   [0.000012,-0.000014,]
[6,3,]   66   0.000295291   -3.42953e-040   2.48525e-039   [0.000014,-0.000013,]
[7,3,]   67   0.000442636   -9.96067e-041   2.22645e-039   [0.000016,-0.000012,]
[8,3,]   68   0.000573077   5.46698e-041   2.10522e-039   [0.000017,-0.000010,]
[9,3,]   69   0.000647664   1.19962e-040   2.20949e-039   [0.000018,-0.000008,]
[10,3,]   70   0.000643539   9.58193e-041   2.67981e-039   [0.000019,-0.000005,]
[11,3,]   71   0.00056349   -6.96188e-042   3.60173e-039   [0.000019,-0.000002,]
[12,3,]   72   0.000433073   -1.94829e-040   4.80498e-039   [0.000018,0.000001,]
[13,3,]   73   0.000289561   -4.61361e-040   5.81476e-039   [0.000017,0.000003,]
[14,3,]   74   0.000166622   -8.11634e-040   6.17829e-039   [0.000015,0.000006,]
[15,3,]   75   8.17433e-005   -1.24625e-039   5.89612e-039   [0.000013,0.000007,]
[16,3,]   76   3.39471e-005   -1.75821e-039   5.42156e-039   [0.000011,0.000008,]
[17,3,]   77   1.1799e-005   -2.4247e-039   5.22903e-039   [0.000009,0.000008,]
[18,3,]   78   3.46972e-006   -3.47814e-039   5.48811e-039   [0.000017,0.000008,]
[19,3,]   79   1.0781e-006   -5.4099e-039   6.11297e-039   [0.000025,0.000006,]
[0,4,]   80   2.74017e-006   -4.46257e-039   5.48817e-039   [0.000014,-0.000011,]
[1,4,]   81   8.33063e-006   -2.82566e-039   4.66836e-039   [-0.000006,-0.000010,]
[2,4,]   82   2.6793e-005   -2.02244e-039   3.93964e-039   [0.000005,-0.000011,]
[3,4,]   83   7.59407e-005   -1.32477e-039   3.30202e-039   [0.000007,-0.000011,]
[4,4,]   84   0.000180872   -8.07243e-040   2.75553e-039   [0.000010,-0.000012,]
[5,4,]   85   0.000363876   -3.58841e-040   2.30055e-039   [0.000012,-0.000012,]
[6,4,]   86   0.000619989   -8.38868e-042   1.93957e-039   [0.000015,-0.000011,]
[7,4,]   87   0.000903748   2.52489e-040   1.68488e-039   [0.000017,-0.000010,]
[8,4,]   88   0.00114378   4.18432e-040   1.58097e-039   [0.000020,-0.000007,]
[9,4,]   89   0.00127984   5.1522e-040   1.74072e-039   [0.000021,-0.000004,]
[10,4,]   90   0.00128107   5.20694e-040   2.34463e-039   [0.000022,-0.000001,]
[11,4,]   91   0.00114834   4.25733e-040   3.50252e-039   [0.000022,0.000003,]
[12,4,]   92   0.000915666   2.7123e-040   4.99579e-039   [0.000021,0.000006,]
[13,4,]   93   0.000638154   3.10094e-041   6.21475e-039   [0.000020,0.000008,]
[14,4,]   94   0.000382155   -2.95293e-040   6.57804e-039   [0.000017,0.000009,]
[15,4,]   95   0.000194066   -7.17616e-040   6.08637e-039   [0.000014,0.000010,]
[16,4,]   96   8.29042e-005   -1.22505e-039   5.3218e-039   [0.000011,0.000010,]
[17,4,]   97   2.94863e-005   -1.88748e-039   4.89348e-039   [0.000009,0.000010,]
[18,4,]   98   8.83225e-006   -2.91156e-039   5.01917e-039   [0.000016,0.000009,]
[19,4,]   99   2.73517e-006   -4.75666e-039   5.58866e-039   [0.000023,0.000007,]
[0,5,]   100   5.7452e-006   -3.98756e-039   5.03272e-039   [0.000013,-0.000009,]
[1,5,]   101   1.75099e-005   -2.4428e-039   4.21291e-039   [-0.000005,-0.000008,]
[2,5,]   102   5.52447e-005   -1.66721e-039   3.48419e-039   [0.000004,-0.000008,]
[3,5,]   103   0.000152496   -9.84682e-040   2.84657e-039   [0.000007,-0.000009,]
[4,5,]   104   0.000351849   -4.69216e-040   2.30008e-039   [0.000010,-0.000009,]
[5,5,]   105   0.000681103   -2.45836e-041   1.8451e-039   [0.000012,-0.000009,]
[6,5,]   106   0.0011096   3.25054e-040   1.48412e-039   [0.000016,-0.000009,]
[7,5,]   107   0.00154038   5.74232e-040   1.22943e-039   [0.000019,-0.000008,]
[8,5,]   108   0.00186492   7.49092e-040   1.12552e-039   [0.000023,-0.000005,]
[9,5,]   109   0.00202667   8.29963e-040   1.28527e-039   [0.000026,-0.000000,]
[10,5,]   110   0.00203262   8.45432e-040   1.88918e-039   [0.000027,0.000005,]
[11,5,]   111   0.00188312   7.75249e-040   3.04707e-039   [0.000026,0.000010,]
[12,5,]   112   0.00157895   6.324e-040   4.54034e-039   [0.000023,0.000013,]
[13,5,]   113   0.00116235   4.303e-040   5.7593e-039   [0.000021,0.000014,]
[14,5,]   114   0.000731176   1.2662e-040   6.12259e-039   [0.000017,0.000014,]
[15,5,]   115   0.000386739   -2.77496e-040   5.63092e-039   [0.000014,0.000013,]
[16,5,]   116   0.000170587   -7.77058e-040   4.86635e-039   [0.000010,0.000012,]
[17,5,]   117   6.22149e-005   -1.43219e-039   4.43803e-039   [0.000009,0.000011,]
[18,5,]   118   1.89975e-005   -2.4216e-039   4.56372e-039   [0.000015,0.000011,]
[19,5,]   119   5.847e-006   -4.17953e-039   5.13321e-039   [0.000021,0.000008,]
[0,6,]   120   1.05221e-005   -3.5748e-039   4.66836e-039   [0.000013,-0.000008,]
[1,6,]   121   3.24531e-005   -2.05351e-039   3.84855e-039   [-0.000005,-0.000007,]
[2,6,]   122   0.00010103   -1.26838e-039   3.11983e-039   [0.000004,-0.000007,]
[3,6,]   123   0.000271694   -5.86698e-040   2.48221e-039   [0.000006,-0.000008,]
[4,6,]   124   0.000604019   -8.12082e-041   1.93571e-039   [0.000009,-0.000009,]
[5,6,]   125   0.00111243   3.46055e-040   1.48062e-039   [0.000012,-0.000009,]
[6,6,]   126   0.00169936   6.57176e-040   1.1189e-039   [0.000016,-0.000010,]
[7,6,]   127   0.00218467   8.8506e-040   8.60096e-040   [0.000022,-0.000009,]
[8,6,]   128   0.0024357   9.9025e-040   7.38875e-040   [0.000027,-0.000005,]
[9,6,]   129   0.00249087   1.04384e-039   8.43139e-040   [0.000032,0.000002,]
[10,6,]   130   0.00248881   1.06051e-039   1.31346e-039   [0.000033,0.000011,]
[11,6,]   131   0.00243645   9.81618e-040   2.23538e-039   [0.000030,0.000018,]
[12,6,]   132   0.00221642   9.02791e-040   3.43863e-039   [0.000025,0.000021,]
[13,6,]   133   0.00175824   7.15736e-040   4.44841e-039   [0.000020,0.000021,]
[14,6,]   134   0.00117597   4.47308e-040   4.81194e-039   [0.000016,0.000019,]
[15,6,]   135   0.00065152   5.89289e-041   4.52977e-039   [0.000012,0.000016,]
[16,6,]   136   0.000297487   -4.28518e-040   4.05521e-039   [0.000009,0.000015,]
[17,6,]   137   0.000111339   -1.07473e-039   3.86268e-039   [0.000007,0.000013,]
[18,6,]   138   3.4646e-005   -2.02446e-039   4.12176e-039   [0.000013,0.000012,]
[19,6,]   139   1.05597e-005   -3.70087e-039   4.74662e-039   [0.000018,0.000009,]
[0,7,]   140   1.67186e-005   -3.24885e-039   4.39509e-039   [0.000014,-0.000009,]
[1,7,]   141   5.2187e-005   -1.72378e-039   3.57528e-039   [-0.000004,-0.000008,]
[2,7,]   142   0.000160822   -9.09814e-040   2.84656e-039   [0.000003,-0.000009,]
[3,7,]   143   0.000421887   -2.29056e-040   2.20893e-039   [0.000005,-0.000010,]
[4,7,]   144   0.000902415   2.64376e-040   1.66242e-039   [0.000008,-0.000011,]
[5,7,]   145   0.00157004   6.49693e-040   1.20719e-039   [0.000011,-0.000013,]
[6,7,]   146   0.00221373   9.32204e-040   8.44429e-040   [0.000016,-0.000015,]
[7,7,]   147   0.00253619   1.0408e-039   5.79935e-040   [0.000023,-0.000016,]
[8,7,]   148   0.00245723   1.06998e-039   4.34728e-040   [0.000034,-0.000012,]
[9,7,]   149   0.00219398   7.15752e-040   4.62127e-040   [0.000044,-0.000001,]
[10,7,]   150   0.00216506   7.75198e-040   7.47394e-040   [0.000045,0.000018,]
[11,7,]   151   0.00241491   9.48405e-040   1.3424e-039   [0.000035,0.000027,]
[12,7,]   152   0.00253251   1.00338e-039   2.1439e-039   [0.000025,0.000028,]
[13,7,]   153   0.00224147   9.22019e-040   2.86388e-039   [0.000018,0.000026,]
[14,7,]   154   0.00161282   6.70284e-040   3.22774e-039   [0.000013,0.000022,]
[15,7,]   155   0.000939254   3.0539e-040   3.2358e-039   [0.000009,0.000019,]
[16,7,]   156   0.000443718   -1.74097e-040   3.16301e-039   [0.000007,0.000016,]
[17,7,]   157   0.000170129   -8.1032e-040   3.29712e-039   [0.000006,0.000014,]
[18,7,]   158   5.38271e-005   -1.71892e-039   3.74099e-039   [0.000011,0.000012,]
[19,7,]   159   1.61787e-005   -3.32929e-039   4.44256e-039   [0.000016,0.000010,]
[0,8,]   160   2.29251e-005   -3.02918e-039   4.21291e-039   [0.000014,-0.000010,]
[1,8,]   161   7.17282e-005   -1.51988e-039   3.3931e-039   [-0.000005,-0.000010,]
[2,8,]   162   0.000219077   -6.80211e-040   2.66438e-039   [0.000002,-0.000011,]
[3,8,]   163   0.000562897   -1.48626e-042   2.02675e-039   [0.000004,-0.000013,]
[4,8,]   164   0.00116413   4.725e-040   1.48022e-039   [0.000006,-0.000015,]
[5,8,]   165   0.00192138   8.40204e-040   1.02488e-039   [0.000008,-0.000019,]
[6,8,]   166   0.00248079   1.03728e-039   6.61275e-040   [0.000012,-0.000024,]
[7,8,]   167   0.00244964   9.96744e-040   3.9215e-040   [0.000021,-0.000029,]
[8,8,]   168   0.00185234   4.12461e-040   2.27435e-040   [0.000039,-0.000031,]
[9,8,]   169   0.00128579   -2.03011e-040   1.92315e-040   [0.000070,-0.000012,]
[10,8,]   170   0.00117935   -1.4265e-039   3.27066e-040   [0.000069,0.000033,]
[11,8,]   171   0.00182469   3.46182e-040   6.56191e-040   [0.000037,0.000044,]
[12,8,]   172   0.00244617   1.0239e-039   1.13091e-039   [0.000021,0.000038,]
[13,8,]   173   0.00248099   1.01424e-039   1.6152e-039   [0.000013,0.000031,]
[14,8,]   174   0.00193123   8.22122e-040   1.97932e-039   [0.000008,0.000025,]
[15,8,]   175   0.00117691   4.59506e-040   2.22344e-039   [0.000006,0.000021,]
[16,8,]   176   0.000572208   -7.81376e-042   2.47743e-039   [0.000004,0.000017,]
[17,8,]   177   0.000223563   -6.39375e-040   2.87721e-039   [0.000004,0.000015,]
[18,8,]   178   7.15922e-005   -1.50765e-039   3.47138e-039   [0.000009,0.000013,]
[19,8,]   179   2.11295e-005   -3.07855e-039   4.23533e-039   [0.000014,0.000011,]
[0,9,]   180   2.71718e-005   -2.91823e-039   4.12182e-039   [0.000013,-0.000011,]
[1,9,]   181   8.41368e-005   -1.44936e-039   3.30201e-039   [-0.000005,-0.000012,]
[2,9,]   182   0.000255302   -5.86079e-040   2.57329e-039   [0.000000,-0.000013,]
[3,9,]   183   0.000647555   8.32494e-041   1.93566e-039   [0.000001,-0.000016,]
[4,9,]   184   0.00131312   5.66693e-040   1.38913e-039   [0.000002,-0.000019,]
[5,9,]   185   0.00209301   9.08024e-040   9.33716e-040   [0.000003,-0.000023,]
[6,9,]   186   0.00253897   1.08847e-039   5.69633e-040   [0.000005,-0.000030,]
[7,9,]   187   0.00217958   7.60107e-040   2.97888e-040   [0.000012,-0.000042,]
[8,9,]   188   0.00117817   -1.47121e-039   1.22133e-040   [0.000029,-0.000067,]
[9,9,]   189   0.000416317   -8.65685e-039   5.16336e-041   [0.000119,-0.000108,]
[10,9,]   190   0.000411603   -8.78269e-039   1.01206e-040   [0.000110,0.000122,]
[11,9,]   191   0.00126029   -3.00313e-040   2.79864e-040   [0.000019,0.000073,]
[12,9,]   192   0.00217981   6.78302e-040   5.69664e-040   [0.000008,0.000047,]
[13,9,]   193   0.00252131   1.05544e-039   9.20562e-040   [0.000004,0.000034,]
[14,9,]   194   0.00207829   8.84534e-040   1.28483e-039   [0.000003,0.000026,]
[15,9,]   195   0.00130524   5.44947e-040   1.66254e-039   [0.000002,0.000021,]
[16,9,]   196   0.000644719   6.92039e-041   2.10146e-039   [0.000001,0.000018,]
[17,9,]   197   0.000254366   -5.60222e-040   2.65159e-039   [0.000002,0.000016,]
[18,9,]   198   8.18927e-005   -1.39437e-039   3.33081e-039   [0.000007,0.000014,]
[19,9,]   199   2.36517e-005   -2.96129e-039   4.13007e-039   [0.000012,0.000012,]
[0,10,]   200   2.79197e-005   -2.91447e-039   4.12182e-039   [0.000012,-0.000011,]
[1,10,]   201   8.47954e-005   -1.48321e-039   3.30201e-039   [-0.000007,-0.000013,]
[2,10,]   202   0.000256833   -5.96051e-040   2.57329e-039   [-0.000002,-0.000015,]
[3,10,]   203   0.000650286   7.40304e-041   1.93566e-039   [-0.000001,-0.000017,]
[4,10,]   204   0.00131534   5.49531e-040   1.38912e-039   [-0.000002,-0.000020,]
[5,10,]   205   0.00209152   8.85573e-040   9.33685e-040   [-0.000003,-0.000025,]
[6,10,]   206   0.00253253   1.05111e-039   5.69404e-040   [-0.000004,-0.000031,]
[7,10,]   207   0.00218307   6.6073e-040   2.96571e-040   [-0.000008,-0.000044,]
[8,10,]   208   0.0012562   -3.28779e-040   1.16232e-040   [-0.000018,-0.000070,]
[9,10,]   209   0.000403357   -9.00242e-039   3.10414e-041   [-0.000111,-0.000119,]
[10,10,]   210   0.000403959   -8.93162e-039   4.5244e-041   [-0.000120,0.000112,]
[11,10,]   211   0.00115983   -1.49068e-039   1.61423e-040   [-0.000029,0.000070,]
[12,10,]   212   0.00215234   7.47289e-040   3.74436e-040   [-0.000011,0.000045,]
[13,10,]   213   0.00250816   1.07149e-039   6.69947e-040   [-0.000005,0.000033,]
[14,10,]   214   0.0020666   8.83663e-040   1.03428e-039   [-0.000003,0.000026,]
[15,10,]   215   0.00129608   5.38372e-040   1.46746e-039   [-0.000002,0.000021,]
[16,10,]   216   0.000639056   5.49755e-041   1.98316e-039   [-0.000001,0.000018,]
[17,10,]   217   0.000251745   -5.7289e-040   2.59572e-039   [-0.000001,0.000016,]
[18,10,]   218   8.08526e-005   -1.3804e-039   3.31026e-039   [0.000005,0.000014,]
[19,10,]   219   2.28119e-005   -2.98153e-039   4.12419e-039   [0.000011,0.000013,]
[0,11,]   220   2.48519e-005   -3.02262e-039   4.21291e-039   [0.000011,-0.000011,]
[1,11,]   221   7.37698e-005   -1.60462e-039   3.3931e-039   [-0.000009,-0.000013,]
[2,11,]   222   0.00022445   -6.86331e-040   2.66438e-039   [-0.000004,-0.000015,]
[3,11,]   223   0.000573739   -1.35972e-041   2.02675e-039   [-0.000004,-0.000017,]
[4,11,]   224   0.00117884   4.53846e-040   1.48021e-039   [-0.000005,-0.000019,]
[5,11,]   225   0.00193214   8.15349e-040   1.02477e-039   [-0.000007,-0.000023,]
[6,11,]   226   0.00247863   1.00564e-039   6.60423e-040   [-0.000012,-0.000028,]
[7,11,]   227   0.00243862   1.01462e-039   3.87251e-040   [-0.000020,-0.000034,]
[8,11,]   228   0.00181044   3.309e-040   2.05481e-040   [-0.000037,-0.000039,]
[9,11,]   229   0.00115677   -1.49132e-039   1.15708e-040   [-0.000069,-0.000029,]
[10,11,]   230   0.00125158   -3.01119e-040   1.18877e-040   [-0.000071,0.000018,]
[11,11,]   231   0.00181047   3.37132e-040   2.15565e-040   [-0.000039,0.000037,]
[12,11,]   232   0.00240759   9.45456e-040   4.04625e-040   [-0.000021,0.000034,]
[13,11,]   233   0.00244713   9.92995e-040   6.82857e-040   [-0.000012,0.000029,]
[14,11,]   234   0.00189985   7.96458e-040   1.04721e-039   [-0.000008,0.000023,]
[15,11,]   235   0.00115338   4.30401e-040   1.49769e-039   [-0.000006,0.000020,]
[16,11,]   236   0.000558454   -3.92746e-041   2.03735e-039   [-0.000004,0.000017,]
[17,11,]   237   0.000217117   -6.76263e-040   2.66939e-039   [-0.000003,0.000015,]
[18,11,]   238   6.90343e-005   -1.4646e-039   3.39494e-039   [0.000004,0.000013,]
[19,11,]   239   1.90365e-005   -3.13598e-039   4.21344e-039   [0.000011,0.000013,]
[0,12,]   240   1.90634e-005   -3.24735e-039   4.39509e-039   [0.000010,-0.000010,]
[1,12,]   241   5.53302e-005   -1.81453e-039   3.57528e-039   [-0.000011,-0.000012,]
[2,12,]   242   0.000170133   -8.58073e-040   2.84656e-039   [-0.000005,-0.000014,]
[3,12,]   243   0.00044302   -1.80433e-040   2.20893e-039   [-0.000006,-0.000016,]
[4,12,]   244   0.000936831   2.97933e-040   1.66239e-039   [-0.000008,-0.000017,]
[5,12,]   245   0.00160796   6.6242e-040   1.20694e-039   [-0.000011,-0.000020,]
[6,12,]   246   0.00223519   9.16199e-040   8.42586e-040   [-0.000015,-0.000022,]
[7,12,]   247   0.00252631   1.00148e-039   5.69333e-040   [-0.000023,-0.000023,]
[8,12,]   248   0.00240626   9.45853e-040   3.87224e-040   [-0.000034,-0.000021,]
[9,12,]   249   0.0021478   7.46409e-040   2.96363e-040   [-0.000044,-0.000011,]
[10,12,]   250   0.00217123   6.7689e-040   2.96914e-040   [-0.000045,0.000008,]
[11,12,]   251   0.00243513   1.0218e-039   3.88977e-040   [-0.000034,0.000020,]
[12,12,]   252   0.00252576   1.00334e-039   5.72352e-040   [-0.000023,0.000023,]
[13,12,]   253   0.00221747   9.07143e-040   8.46485e-040   [-0.000016,0.000022,]
[14,12,]   254   0.00158177   6.36898e-040   1.21084e-039   [-0.000011,0.000020,]
[15,12,]   255   0.000913907   2.64159e-040   1.66543e-039   [-0.000008,0.000017,]
[16,12,]   256   0.000428602   -2.18738e-040   2.21077e-039   [-0.000006,0.000016,]
[17,12,]   257   0.000162955   -8.63957e-040   2.84743e-039   [-0.000004,0.000014,]
[18,12,]   258   5.09605e-005   -1.64746e-039   3.5756e-039   [0.000003,0.000013,]
[19,12,]   259   1.37721e-005   -3.41723e-039   4.39518e-039   [0.000011,0.000013,]
[0,13,]   260   1.25124e-005   -3.58542e-039   4.66836e-039   [0.000009,-0.000009,]
[1,13,]   261   3.55984e-005   -2.11688e-039   3.84855e-039   [-0.000013,-0.000012,]
[2,13,]   262   0.000111083   -1.12096e-039   3.11983e-039   [-0.000007,-0.000013,]
[3,13,]   263   0.000296195   -4.3378e-040   2.4822e-039   [-0.000007,-0.000014,]
[4,13,]   264   0.000647962   4.94729e-041   1.93566e-039   [-0.000009,-0.000015,]
[5,13,]   265   0.0011699   4.36759e-040   1.48021e-039   [-0.000012,-0.000016,]
[6,13,]   266   0.00175285   7.10058e-040   1.11585e-039   [-0.000016,-0.000017,]
[7,13,]   267   0.00221735   9.07162e-040   8.42585e-040   [-0.000022,-0.000016,]
[8,13,]   268   0.00244598   9.94222e-040   6.60415e-040   [-0.000028,-0.000012,]
[9,13,]   269   0.00250489   1.07371e-039   5.69356e-040   [-0.000033,-0.000005,]
[10,13,]   270   0.00251494   1.05617e-039   5.6943e-040   [-0.000032,0.000004,]
[11,13,]   271   0.0024725   1.01315e-039   6.60652e-040   [-0.000028,0.000012,]
[12,13,]   272   0.00223371   9.19872e-040   8.42994e-040   [-0.000022,0.000015,]
[13,13,]   273   0.00175265   7.11262e-040   1.11638e-039   [-0.000017,0.000016,]
[14,13,]   274   0.00115789   4.21407e-040   1.48074e-039   [-0.000013,0.000016,]
[15,13,]   275   0.000634014   1.70481e-041   1.93607e-039   [-0.000010,0.000015,]
[16,13,]   276   0.000286452   -4.75725e-040   2.48245e-039   [-0.000007,0.000014,]
[17,13,]   277   0.000105928   -1.1364e-039   3.11995e-039   [-0.000006,0.000013,]
[18,13,]   278   3.2448e-005   -1.92489e-039   3.8486e-039   [0.000003,0.000012,]
[19,13,]   279   8.62968e-006   -3.80951e-039   4.66837e-039   [0.000012,0.000013,]
[0,14,]   280   6.98156e-006   -4.02965e-039   5.03272e-039   [0.000008,-0.000008,]
[1,14,]   281   1.95338e-005   -2.51271e-039   4.21291e-039   [-0.000014,-0.000010,]
[2,14,]   282   6.19965e-005   -1.47749e-039   3.48419e-039   [-0.000008,-0.000011,]
[3,14,]   283   0.000169562   -7.80984e-040   2.84656e-039   [-0.000008,-0.000012,]
[4,14,]   284   0.000383859   -2.8856e-040   2.30002e-039   [-0.000010,-0.000013,]
[5,14,]   285   0.000726087   1.12284e-040   1.84457e-039   [-0.000013,-0.000013,]
[6,14,]   286   0.00115788   4.21209e-040   1.48021e-039   [-0.000016,-0.000013,]
[7,14,]   287   0.00158164   6.37314e-040   1.20694e-039   [-0.000020,-0.000011,]
[8,14,]   288   0.00189925   7.97674e-040   1.02476e-039   [-0.000023,-0.000008,]
[9,14,]   289   0.00206488   8.85503e-040   9.33677e-040   [-0.000026,-0.000003,]
[10,14,]   290   0.00207476   8.86443e-040   9.33685e-040   [-0.000025,0.000003,]
[11,14,]   291   0.00192586   8.22732e-040   1.02479e-039   [-0.000023,0.000007,]
[12,14,]   292   0.0016064   6.67362e-040   1.20699e-039   [-0.000020,0.000011,]
[13,14,]   293   0.00116967   4.38688e-040   1.48027e-039   [-0.000016,0.000012,]
[14,14,]   294   0.000726077   1.1268e-040   1.84463e-039   [-0.000013,0.000013,]
[15,14,]   295   0.000378873   -3.08726e-040   2.30007e-039   [-0.000010,0.000012,]
[16,14,]   296   0.000164973   -8.15621e-040   2.84659e-039   [-0.000008,0.000012,]
[17,14,]   297   5.92618e-005   -1.49107e-039   3.4842e-039   [-0.000007,0.000011,]
[18,14,]   298   1.77516e-005   -2.29437e-039   4.21292e-039   [0.000003,0.000011,]
[19,14,]   299   4.66786e-006   -4.29804e-039   5.03272e-039   [0.000013,0.000012,]
[0,15,]   300   3.29432e-006   -4.5747e-039   5.48817e-039   [0.000007,-0.000007,]
[1,15,]   301   9.09508e-006   -3.00288e-039   4.66836e-039   [-0.000016,-0.000009,]
[2,15,]   302   2.93785e-005   -1.93106e-039   3.93964e-039   [-0.000008,-0.000010,]
[3,15,]   303   8.23767e-005   -1.22407e-039   3.30201e-039   [-0.000009,-0.000010,]
[4,15,]   304   0.000192456   -7.24474e-040   2.75547e-039   [-0.000010,-0.000011,]
[5,15,]   305   0.00037887   -3.08611e-040   2.30002e-039   [-0.000012,-0.000010,]
[6,15,]   306   0.000634004   1.71116e-041   1.93566e-039   [-0.000015,-0.000010,]
[7,15,]   307   0.00091386   2.64556e-040   1.66239e-039   [-0.000017,-0.000008,]
[8,15,]   308   0.00115318   4.31409e-040   1.48021e-039   [-0.000020,-0.000006,]
[9,15,]   309   0.00129546   5.40251e-040   1.38912e-039   [-0.000021,-0.000002,]
[10,15,]   310   0.00130381   5.47492e-040   1.38912e-039   [-0.000021,0.000002,]
[11,15,]   311   0.00117439   4.61421e-040   1.48021e-039   [-0.000020,0.000005,]
[12,15,]   312   0.000935778   3.04169e-040   1.6624e-039   [-0.000017,0.000008,]
[13,15,]   313   0.000647854   5.24341e-041   1.93567e-039   [-0.000015,0.000009,]
[14,15,]   314   0.000383887   -2.87533e-040   2.30003e-039   [-0.000013,0.000010,]
[15,15,]   315   0.000192475   -7.24155e-040   2.75548e-039   [-0.000011,0.000010,]
[16,15,]   316   8.10971e-005   -1.24074e-039   3.30201e-039   [-0.000009,0.000010,]
[17,15,]   317   2.83413e-005   -1.93082e-039   3.93964e-039   [-0.000007,0.000010,]
[18,15,]   318   8.30477e-006   -2.75478e-039   4.66836e-039   [0.000004,0.000010,]
[19,15,]   319   2.16864e-006   -4.87242e-039   5.48817e-039   [0.000014,0.000011,]
[0,16,]   320   1.30996e-006   -5.19791e-039   6.03471e-039   [0.000007,-0.000006,]
[1,16,]   321   3.57966e-006   -3.56884e-039   5.2149e-039   [-0.000017,-0.000008,]
[2,16,]   322   1.17638e-005   -2.46407e-039   4.48618e-039   [-0.000009,-0.000009,]
[3,16,]   323   3.37581e-005   -1.7473e-039   3.84855e-039   [-0.000009,-0.000009,]
[4,16,]   324   8.10893e-005   -1.24091e-039   3.30201e-039   [-0.000010,-0.000009,]
[5,16,]   325   0.000164972   -8.15403e-040   2.84656e-039   [-0.000012,-0.000008,]
[6,16,]   326   0.000286449   -4.75648e-040   2.4822e-039   [-0.000014,-0.000007,]
[7,16,]   327   0.000428592   -2.18475e-040   2.20893e-039   [-0.000016,-0.000006,]
[8,16,]   328   0.000558407   -3.85749e-041   2.02675e-039   [-0.000017,-0.000004,]
[9,16,]   329   0.000638894   5.64578e-041   1.93566e-039   [-0.000018,-0.000001,]
[10,16,]   330   0.000644297   7.16291e-041   1.93566e-039   [-0.000018,0.000001,]
[11,16,]   331   0.000571372   -5.02057e-042   2.02675e-039   [-0.000017,0.000004,]
[12,16,]   332   0.00044248   -1.72525e-040   2.20893e-039   [-0.000016,0.000006,]
[13,16,]   333   0.000296161   -4.29339e-040   2.4822e-039   [-0.000014,0.000007,]
[14,16,]   334   0.000169592   -7.78843e-040   2.84656e-039   [-0.000012,0.000008,]
[15,16,]   335   8.23941e-005   -1.22286e-039   3.30201e-039   [-0.000010,0.000009,]
[16,16,]   336   3.37649e-005   -1.74636e-039   3.84855e-039   [-0.000009,0.000009,]
[17,16,]   337   1.15147e-005   -2.44808e-039   4.48618e-039   [-0.000007,0.000009,]
[18,16,]   338   3.30619e-006   -3.29533e-039   5.2149e-039   [0.000004,0.000009,]
[19,16,]   339   8.60471e-007   -5.51636e-039   6.03471e-039   [0.000016,0.000010,]
[0,17,]   340   4.33424e-007   -6.00565e-039   6.67234e-039   [0.000007,-0.000005,]
[1,17,]   341   1.17521e-006   -4.31873e-039   5.85253e-039   [-0.000018,-0.000007,]
[2,17,]   342   3.92692e-006   -3.18002e-039   5.12381e-039   [-0.000009,-0.000007,]
[3,17,]   343   1.15124e-005   -2.44899e-039   4.48618e-039   [-0.000009,-0.000007,]
[4,17,]   344   2.83387e-005   -1.93099e-039   3.93964e-039   [-0.000010,-0.000007,]
[5,17,]   345   5.92617e-005   -1.49085e-039   3.48419e-039   [-0.000011,-0.000007,]
[6,17,]   346   0.000105928   -1.13635e-039   3.11983e-039   [-0.000013,-0.000006,]
[7,17,]   347   0.000162953   -8.63817e-040   2.84656e-039   [-0.000014,-0.000004,]
[8,17,]   348   0.00021711   -6.75858e-040   2.66438e-039   [-0.000015,-0.000003,]
[9,17,]   349   0.000251715   -5.71906e-040   2.57329e-039   [-0.000015,-0.000001,]
[10,17,]   350   0.000254277   -5.58322e-040   2.57329e-039   [-0.000015,0.000001,]
[11,17,]   351   0.000223373   -6.36492e-040   2.66438e-039   [-0.000015,0.000003,]
[12,17,]   352   0.000169838   -8.06854e-040   2.84656e-039   [-0.000014,0.000005,]
[13,17,]   353   0.000111027   -1.07102e-039   3.11983e-039   [-0.000013,0.000007,]
[14,17,]   354   6.19875e-005   -1.42764e-039   3.48419e-039   [-0.000011,0.000008,]
[15,17,]   355   2.93765e-005   -1.87994e-039   3.93964e-039   [-0.000010,0.000008,]
[16,17,]   356   1.17632e-005   -2.41111e-039   4.48618e-039   [-0.000009,0.000009,]
[17,17,]   357   3.92677e-006   -3.1252e-039   5.12381e-039   [-0.000007,0.000009,]
[18,17,]   358   1.10692e-006   -3.9998e-039   5.85253e-039   [0.000005,0.000009,]
[19,17,]   359   2.87935e-007   -6.31229e-039   6.67234e-039   [0.000017,0.000010,]
[0,18,]   360   1.21165e-007   -7.00184e-039   7.40106e-039   [0.000007,0.000007,]
[1,18,]   361   3.26425e-007   -5.24287e-039   6.58125e-039   [-0.000019,0.000006,]
[2,18,]   362   1.10695e-006   -4.05663e-039   5.85253e-039   [-0.000009,0.000005,]
[3,18,]   363   3.30553e-006   -3.29624e-039   5.2149e-039   [-0.000009,0.000004,]
[4,18,]   364   8.30402e-006   -2.75496e-039   4.66836e-039   [-0.000010,0.000004,]
[5,18,]   365   1.77516e-005   -2.29417e-039   4.21291e-039   [-0.000011,0.000003,]
[6,18,]   366   3.2448e-005   -1.92488e-039   3.84855e-039   [-0.000012,0.000003,]
[7,18,]   367   5.09604e-005   -1.6474e-039   3.57528e-039   [-0.000013,0.000003,]
[8,18,]   368   6.90334e-005   -1.4644e-039   3.3931e-039   [-0.000013,0.000004,]
[9,18,]   369   8.08485e-005   -1.37983e-039   3.30201e-039   [-0.000014,0.000005,]
[10,18,]   370   8.18799e-005   -1.39306e-039   3.30201e-039   [-0.000013,0.000007,]
[11,18,]   371   7.15633e-005   -1.50515e-039   3.3931e-039   [-0.000013,0.000009,]
[12,18,]   372   5.37819e-005   -1.71488e-039   3.57528e-039   [-0.000012,0.000011,]
[13,18,]   373   3.45981e-005   -2.01872e-039   3.84855e-039   [-0.000012,0.000013,]
[14,18,]   374   1.89634e-005   -2.41431e-039   4.21291e-039   [-0.000011,0.000014,]
[15,18,]   375   8.81673e-006   -2.90252e-039   4.66836e-039   [-0.000009,0.000016,]
[16,18,]   376   3.46511e-006   -3.46573e-039   5.2149e-039   [-0.000008,0.000017,]
[17,18,]   377   1.13606e-006   -4.21277e-039   5.85253e-039   [-0.000007,0.000018,]
[18,18,]   378   3.15139e-007   -5.13387e-039   6.58125e-039   [0.000006,0.000019,]
[19,18,]   379   8.20911e-008   -7.54654e-039   7.40106e-039   [0.000019,0.000020,]
[0,19,]   380   3.22571e-008   -9.32342e-039   8.22087e-039   [0.000007,0.000020,]
[1,19,]   381   8.5164e-008   -7.65072e-039   7.40106e-039   [-0.000020,0.000019,]
[2,19,]   382   2.87962e-007   -6.3713e-039   6.67234e-039   [-0.000011,0.000017,]
[3,19,]   383   8.60302e-007   -5.51738e-039   6.03471e-039   [-0.000010,0.000016,]
[4,19,]   384   2.16844e-006   -4.87262e-039   5.48817e-039   [-0.000011,0.000014,]
[5,19,]   385   4.66787e-006   -4.29783e-039   5.03272e-039   [-0.000012,0.000013,]
[6,19,]   386   8.62967e-006   -3.80949e-039   4.66836e-039   [-0.000013,0.000012,]
[7,19,]   387   1.37721e-005   -3.41715e-039   4.39509e-039   [-0.000013,0.000011,]
[8,19,]   388   1.90364e-005   -3.1357e-039   4.21291e-039   [-0.000013,0.000011,]
[9,19,]   389   2.28112e-005   -2.9807e-039   4.12182e-039   [-0.000013,0.000011,]
[10,19,]   390   2.36494e-005   -2.9592e-039   4.12182e-039   [-0.000012,0.000012,]
[11,19,]   391   2.11242e-005   -3.0741e-039   4.21291e-039   [-0.000011,0.000014,]
[12,19,]   392   1.61701e-005   -3.32113e-039   4.39509e-039   [-0.000010,0.000016,]
[13,19,]   393   1.05507e-005   -3.68812e-039   4.66836e-039   [-0.000009,0.000018,]
[14,19,]   394   5.84066e-006   -4.16287e-039   5.03272e-039   [-0.000008,0.000020,]
[15,19,]   395   2.73246e-006   -4.73782e-039   5.48817e-039   [-0.000008,0.000022,]
[16,19,]   396   1.07738e-006   -5.38938e-039   6.03471e-039   [-0.000006,0.000024,]
[17,19,]   397   3.53613e-007   -6.22404e-039   6.67234e-039   [-0.000005,0.000026,]
[18,19,]   398   9.80837e-008   -7.24754e-039   7.40106e-039   [0.000007,0.000028,]
[19,19,]   399   2.59357e-008   -9.62456e-039   8.22087e-039   [0.000020,0.000029,]
