coordinates  index   rho      Q      V    velocities 
[0,0,]   0   3.44244e-008   -9.12316e-039   8.22087e-039   [0.000016,0.000002,]
[1,0,]   1   1.19948e-007   -6.83269e-039   7.40107e-039   [-0.000005,0.000001,]
[2,0,]   2   4.20096e-007   -5.79501e-039   6.67237e-039   [0.000005,0.000001,]
[3,0,]   3   1.26495e-006   -4.96193e-039   6.03493e-039   [0.000007,0.000001,]
[4,0,]   4   3.17338e-006   -4.35569e-039   5.4895e-039   [0.000008,0.000001,]
[5,0,]   5   6.69888e-006   -3.8492e-039   5.03897e-039   [0.000009,0.000002,]
[6,0,]   6   1.19532e-005   -3.44257e-039   4.69129e-039   [0.000010,0.000003,]
[7,0,]   7   1.81255e-005   -3.13625e-039   4.46061e-039   [0.000011,0.000004,]
[8,0,]   8   2.34897e-005   -2.9391e-039   4.35868e-039   [0.000011,0.000005,]
[9,0,]   9   2.61703e-005   -2.85979e-039   4.37442e-039   [0.000012,0.000007,]
[10,0,]   10   2.5202e-005   -2.90051e-039   4.46271e-039   [0.000013,0.000009,]
[11,0,]   11   2.10568e-005   -3.05726e-039   4.57119e-039   [0.000013,0.000010,]
[12,0,]   12   1.52798e-005   -3.32308e-039   4.68835e-039   [0.000013,0.000012,]
[13,0,]   13   9.60937e-006   -3.68938e-039   4.8553e-039   [0.000012,0.000014,]
[14,0,]   14   5.2141e-006   -4.1492e-039   5.12553e-039   [0.000011,0.000015,]
[15,0,]   15   2.42739e-006   -4.6977e-039   5.52406e-039   [0.000011,0.000015,]
[16,0,]   16   9.64119e-007   -5.32315e-039   6.04552e-039   [0.000010,0.000016,]
[17,0,]   17   3.23319e-007   -6.08497e-039   6.67488e-039   [0.000009,0.000016,]
[18,0,]   18   9.20815e-008   -7.21039e-039   7.40153e-039   [0.000018,0.000016,]
[19,0,]   19   2.72802e-008   -9.38319e-039   8.22094e-039   [0.000025,0.000016,]
[0,1,]   20   1.01741e-007   -7.23101e-039   7.40106e-039   [0.000015,-0.000021,]
[1,1,]   21   3.59168e-007   -4.9727e-039   6.58126e-039   [-0.000004,-0.000021,]
[2,1,]   22   1.25713e-006   -4.0526e-039   5.85261e-039   [0.000006,-0.000020,]
[3,1,]   23   3.79058e-006   -3.30135e-039   5.2155e-039   [0.000008,-0.000020,]
[4,1,]   24   9.5577e-006   -2.75636e-039   4.67197e-039   [0.000010,-0.000019,]
[5,1,]   25   2.03506e-005   -2.30228e-039   4.22991e-039   [0.000011,-0.000018,]
[6,1,]   26   3.67533e-005   -1.94168e-039   3.91089e-039   [0.000012,-0.000016,]
[7,1,]   27   5.65991e-005   -1.67012e-039   3.75337e-039   [0.000013,-0.000014,]
[8,1,]   28   7.47212e-005   -1.48826e-039   3.78935e-039   [0.000014,-0.000012,]
[9,1,]   29   8.49866e-005   -1.39762e-039   3.98864e-039   [0.000014,-0.000010,]
[10,1,]   30   8.35933e-005   -1.39829e-039   4.22863e-039   [0.000015,-0.000007,]
[11,1,]   31   7.12359e-005   -1.48923e-039   4.36699e-039   [0.000014,-0.000005,]
[12,1,]   32   5.25587e-005   -1.67023e-039   4.37243e-039   [0.000013,-0.000003,]
[13,1,]   33   3.34753e-005   -1.94088e-039   4.35671e-039   [0.000012,-0.000002,]
[14,1,]   34   1.83224e-005   -2.30187e-039   4.46519e-039   [0.000011,-0.000001,]
[15,1,]   35   8.57439e-006   -2.75463e-039   4.76591e-039   [0.000010,-0.000001,]
[16,1,]   36   3.41384e-006   -3.292e-039   5.24427e-039   [0.000009,-0.000002,]
[17,1,]   37   1.14519e-006   -3.9744e-039   5.85942e-039   [0.000008,-0.000002,]
[18,1,]   38   3.25679e-007   -5.01239e-039   6.58251e-039   [0.000016,-0.000003,]
[19,1,]   39   9.50422e-008   -7.20847e-039   7.40124e-039   [0.000024,-0.000004,]
[0,2,]   40   3.46573e-007   -5.92595e-039   6.67234e-039   [0.000014,-0.000014,]
[1,2,]   41   1.20771e-006   -3.79749e-039   5.85255e-039   [-0.000004,-0.000014,]
[2,2,]   42   4.1409e-006   -2.93627e-039   5.12398e-039   [0.000006,-0.000014,]
[3,2,]   43   1.22735e-005   -2.21967e-039   4.48745e-039   [0.000008,-0.000015,]
[4,2,]   44   3.05016e-005   -1.70091e-039   3.94728e-039   [0.000010,-0.000015,]
[5,2,]   45   6.40645e-005   -1.27738e-039   3.52017e-039   [0.000012,-0.000014,]
[6,2,]   46   0.000114204   -9.54041e-040   3.2518e-039   [0.000013,-0.000013,]
[7,2,]   47   0.00017391   -7.23797e-040   3.22358e-039   [0.000015,-0.000012,]
[8,2,]   48   0.000227877   -5.838e-040   3.50324e-039   [0.000016,-0.000010,]
[9,2,]   49   0.000258677   -5.31729e-040   4.02689e-039   [0.000017,-0.000007,]
[10,2,]   50   0.00025559   -5.65171e-040   4.53495e-039   [0.000018,-0.000004,]
[11,2,]   51   0.000220178   -6.81528e-040   4.7261e-039   [0.000017,-0.000000,]
[12,2,]   52   0.000165069   -8.77056e-040   4.53413e-039   [0.000016,0.000003,]
[13,2,]   53   0.000107181   -1.15159e-039   4.19561e-039   [0.000014,0.000005,]
[14,2,]   54   5.98876e-005   -1.50623e-039   4.01827e-039   [0.000012,0.000006,]
[15,2,]   55   2.86033e-005   -1.94525e-039   4.14614e-039   [0.000010,0.000007,]
[16,2,]   56   1.16071e-005   -2.46508e-039   4.54836e-039   [0.000009,0.000007,]
[17,2,]   57   3.96171e-006   -3.12597e-039   5.13839e-039   [0.000008,0.000007,]
[18,2,]   58   1.14384e-006   -4.12828e-039   5.8552e-039   [0.000016,0.000007,]
[19,2,]   59   3.34595e-007   -6.2203e-039   6.67272e-039   [0.000023,0.000006,]
[0,3,]   60   1.00861e-006   -5.10565e-039   6.03471e-039   [0.000012,-0.000013,]
[1,3,]   61   3.44711e-006   -3.1512e-039   5.21493e-039   [-0.000004,-0.000013,]
[2,3,]   62   1.15266e-005   -2.35362e-039   4.48645e-039   [0.000006,-0.000014,]
[3,3,]   63   3.34401e-005   -1.66291e-039   3.85063e-039   [0.000008,-0.000014,]
[4,3,]   64   8.15662e-005   -1.1443e-039   3.3146e-039   [0.000010,-0.000014,]
[5,3,]   65   0.000168236   -7.12027e-040   2.90587e-039   [0.000012,-0.000014,]
[6,3,]   66   0.000294564   -3.77436e-040   2.69978e-039   [0.000014,-0.000013,]
[7,3,]   67   0.000441351   -1.34937e-040   2.83053e-039   [0.000016,-0.000012,]
[8,3,]   68   0.000571741   2.05823e-041   3.4098e-039   [0.000019,-0.000010,]
[9,3,]   69   0.00064685   8.93612e-041   4.33224e-039   [0.000020,-0.000007,]
[10,3,]   70   0.000643348   7.0882e-041   5.16989e-039   [0.000021,-0.000003,]
[11,3,]   71   0.000563358   -2.96131e-041   5.42595e-039   [0.000021,0.000001,]
[12,3,]   72   0.000432513   -2.13999e-040   4.99127e-039   [0.000019,0.000004,]
[13,3,]   73   0.000288732   -4.7706e-040   4.25585e-039   [0.000016,0.000007,]
[14,3,]   74   0.000165973   -8.20597e-040   3.72711e-039   [0.000013,0.000008,]
[15,3,]   75   8.14228e-005   -1.2481e-039   3.64247e-039   [0.000011,0.000009,]
[16,3,]   76   3.38416e-005   -1.75751e-039   3.95107e-039   [0.000009,0.000009,]
[17,3,]   77   1.17953e-005   -2.40704e-039   4.51022e-039   [0.000008,0.000009,]
[18,3,]   78   3.46653e-006   -3.38301e-039   5.21929e-039   [0.000015,0.000008,]
[19,3,]   79   1.01657e-006   -5.37803e-039   6.03534e-039   [0.000021,0.000007,]
[0,4,]   80   2.47704e-006   -4.51519e-039   5.48818e-039   [0.000011,-0.000011,]
[1,4,]   81   8.33336e-006   -2.73024e-039   4.6684e-039   [-0.000004,-0.000011,]
[2,4,]   82   2.71985e-005   -1.98548e-039   3.93999e-039   [0.000005,-0.000011,]
[3,4,]   83   7.70286e-005   -1.31508e-039   3.30469e-039   [0.000007,-0.000012,]
[4,4,]   84   0.000183402   -7.91694e-040   2.77164e-039   [0.000010,-0.000012,]
[5,4,]   85   0.000368532   -3.45296e-040   2.37618e-039   [0.000012,-0.000012,]
[6,4,]   86   0.000627362   5.5283e-042   2.21503e-039   [0.000015,-0.000012,]
[7,4,]   87   0.000914241   2.66489e-040   2.46054e-039   [0.000018,-0.000010,]
[8,4,]   88   0.00115781   4.38633e-040   3.25608e-039   [0.000022,-0.000008,]
[9,4,]   89   0.00129613   5.33962e-040   4.46639e-039   [0.000024,-0.000004,]
[10,4,]   90   0.00129651   5.37354e-040   5.54195e-039   [0.000025,0.000000,]
[11,4,]   91   0.00115982   4.4373e-040   5.84487e-039   [0.000024,0.000004,]
[12,4,]   92   0.000920618   2.75806e-040   5.23498e-039   [0.000021,0.000007,]
[13,4,]   93   0.000638256   2.48352e-041   4.21308e-039   [0.000017,0.000009,]
[14,4,]   94   0.000380641   -3.07419e-040   3.43067e-039   [0.000014,0.000010,]
[15,4,]   95   0.000192942   -7.26411e-040   3.19263e-039   [0.000011,0.000011,]
[16,4,]   96   8.24401e-005   -1.22956e-039   3.43365e-039   [0.000009,0.000010,]
[17,4,]   97   2.94036e-005   -1.87199e-039   3.97051e-039   [0.000008,0.000010,]
[18,4,]   98   8.80432e-006   -2.82274e-039   4.674e-039   [0.000014,0.000010,]
[19,4,]   99   2.58402e-006   -4.72027e-039   5.48897e-039   [0.000019,0.000008,]
[0,5,]   100   5.25382e-006   -4.01221e-039   5.03273e-039   [0.000011,-0.000009,]
[1,5,]   101   1.75777e-005   -2.34158e-039   4.21295e-039   [-0.000004,-0.000008,]
[2,5,]   102   5.62334e-005   -1.61898e-039   3.48454e-039   [0.000004,-0.000008,]
[3,5,]   103   0.000155172   -9.59227e-040   2.84924e-039   [0.000007,-0.000009,]
[4,5,]   104   0.000358037   -4.36326e-040   2.31619e-039   [0.000010,-0.000009,]
[5,5,]   105   0.000692445   8.74321e-042   1.92073e-039   [0.000013,-0.000010,]
[6,5,]   106   0.00112692   3.57096e-040   1.75958e-039   [0.000016,-0.000009,]
[7,5,]   107   0.00156368   6.08614e-040   2.00509e-039   [0.000020,-0.000008,]
[8,5,]   108   0.00189329   7.79767e-040   2.80063e-039   [0.000025,-0.000005,]
[9,5,]   109   0.00206031   8.70764e-040   4.01094e-039   [0.000029,-0.000001,]
[10,5,]   110   0.00206444   8.76569e-040   5.0865e-039   [0.000030,0.000004,]
[11,5,]   111   0.00190663   8.0197e-040   5.38942e-039   [0.000028,0.000009,]
[12,5,]   112   0.00159032   6.49583e-040   4.77953e-039   [0.000024,0.000012,]
[13,5,]   113   0.00116338   4.27298e-040   3.75763e-039   [0.000019,0.000013,]
[14,5,]   114   0.00072822   1.13933e-040   2.97522e-039   [0.000014,0.000013,]
[15,5,]   115   0.000384215   -2.91222e-040   2.73718e-039   [0.000011,0.000013,]
[16,5,]   116   0.000169454   -7.86701e-040   2.9782e-039   [0.000008,0.000012,]
[17,5,]   117   6.19657e-005   -1.42177e-039   3.51506e-039   [0.000007,0.000011,]
[18,5,]   118   1.89155e-005   -2.34402e-039   4.21855e-039   [0.000013,0.000011,]
[19,5,]   119   5.54263e-006   -4.14422e-039   5.03352e-039   [0.000018,0.000009,]
[0,6,]   120   9.67976e-006   -3.58271e-039   4.66836e-039   [0.000011,-0.000008,]
[1,6,]   121   3.2501e-005   -1.96151e-039   3.84858e-039   [-0.000004,-0.000007,]
[2,6,]   122   0.000102415   -1.22618e-039   3.1201e-039   [0.000004,-0.000007,]
[3,6,]   123   0.000275144   -5.6883e-040   2.48428e-039   [0.000006,-0.000008,]
[4,6,]   124   0.000611392   -5.77218e-041   1.94825e-039   [0.000009,-0.000009,]
[5,6,]   125   0.00112433   3.65484e-040   1.53952e-039   [0.000012,-0.000009,]
[6,6,]   126   0.00171475   6.76141e-040   1.33343e-039   [0.000017,-0.000010,]
[7,6,]   127   0.00220079   8.92485e-040   1.46418e-039   [0.000022,-0.000009,]
[8,6,]   128   0.00245304   9.94696e-040   2.04345e-039   [0.000029,-0.000006,]
[9,6,]   129   0.00251376   1.06072e-039   2.96589e-039   [0.000035,0.000001,]
[10,6,]   130   0.00251568   1.08748e-039   3.80354e-039   [0.000036,0.000009,]
[11,6,]   131   0.00245534   9.91178e-040   4.0596e-039   [0.000032,0.000015,]
[12,6,]   132   0.00222372   9.02726e-040   3.62492e-039   [0.000025,0.000018,]
[13,6,]   133   0.00175706   7.15883e-040   2.8895e-039   [0.000018,0.000017,]
[14,6,]   134   0.00117092   4.37206e-040   2.36076e-039   [0.000013,0.000016,]
[15,6,]   135   0.000647575   4.88402e-041   2.27612e-039   [0.000010,0.000015,]
[16,6,]   136   0.000295659   -4.3759e-040   2.58472e-039   [0.000007,0.000014,]
[17,6,]   137   0.000110919   -1.06597e-039   3.14387e-039   [0.000006,0.000013,]
[18,6,]   138   3.45001e-005   -1.95712e-039   3.85294e-039   [0.000011,0.000012,]
[19,6,]   139   1.00605e-005   -3.66648e-039   4.66899e-039   [0.000016,0.000009,]
[0,7,]   140   1.5423e-005   -3.24395e-039   4.39509e-039   [0.000011,-0.000009,]
[1,7,]   141   5.20143e-005   -1.64548e-039   3.5753e-039   [-0.000003,-0.000008,]
[2,7,]   142   0.000161948   -8.80859e-040   2.84673e-039   [0.000003,-0.000008,]
[3,7,]   143   0.00042405   -2.26227e-040   2.2102e-039   [0.000005,-0.000009,]
[4,7,]   144   0.000905942   2.67318e-040   1.67003e-039   [0.000008,-0.000011,]
[5,7,]   145   0.0015734   6.50864e-040   1.24292e-039   [0.000011,-0.000013,]
[6,7,]   146   0.00221256   9.16279e-040   9.74549e-040   [0.000016,-0.000015,]
[7,7,]   147   0.00253105   1.02347e-039   9.46332e-040   [0.000023,-0.000016,]
[8,7,]   148   0.00244821   1.04273e-039   1.22599e-039   [0.000035,-0.000013,]
[9,7,]   149   0.0021866   7.32642e-040   1.74964e-039   [0.000046,-0.000002,]
[10,7,]   150   0.00216832   7.76456e-040   2.2577e-039   [0.000047,0.000014,]
[11,7,]   151   0.00241877   9.49731e-040   2.44885e-039   [0.000036,0.000024,]
[12,7,]   152   0.00253045   9.99e-040   2.25688e-039   [0.000025,0.000025,]
[13,7,]   153   0.00223441   9.12621e-040   1.91836e-039   [0.000017,0.000023,]
[14,7,]   154   0.00160589   6.65544e-040   1.74102e-039   [0.000011,0.000020,]
[15,7,]   155   0.000934612   2.99309e-040   1.86889e-039   [0.000008,0.000018,]
[16,7,]   156   0.000441627   -1.79779e-040   2.27111e-039   [0.000006,0.000016,]
[17,7,]   157   0.000169685   -8.0223e-040   2.86114e-039   [0.000005,0.000014,]
[18,7,]   158   5.36593e-005   -1.66095e-039   3.57795e-039   [0.000009,0.000012,]
[19,7,]   159   1.5511e-005   -3.29493e-039   4.39547e-039   [0.000014,0.000010,]
[0,8,]   160   2.11739e-005   -3.01312e-039   4.21291e-039   [0.000011,-0.000010,]
[1,8,]   161   7.12104e-005   -1.44939e-039   3.39311e-039   [-0.000003,-0.000010,]
[2,8,]   162   0.000219497   -6.58248e-040   2.66446e-039   [0.000002,-0.000011,]
[3,8,]   163   0.000562685   -7.86449e-042   2.02735e-039   [0.000004,-0.000013,]
[4,8,]   164   0.00116229   4.6761e-040   1.48382e-039   [0.000005,-0.000015,]
[5,8,]   165   0.00191555   8.27804e-040   1.04176e-039   [0.000008,-0.000019,]
[6,8,]   166   0.00247056   1.01868e-039   7.22739e-040   [0.000012,-0.000024,]
[7,8,]   167   0.00243764   9.82742e-040   5.65224e-040   [0.000021,-0.000030,]
[8,8,]   168   0.0018375   4.38764e-040   6.01203e-040   [0.000040,-0.000033,]
[9,8,]   169   0.00124252   -4.24828e-040   8.00493e-040   [0.000070,-0.000012,]
[10,8,]   170   0.00117229   -1.25142e-039   1.04048e-039   [0.000070,0.000033,]
[11,8,]   171   0.00181912   3.94969e-040   1.17884e-039   [0.000039,0.000042,]
[12,8,]   172   0.00243782   1.0132e-039   1.18428e-039   [0.000021,0.000035,]
[13,8,]   173   0.00247166   1.00226e-039   1.16856e-039   [0.000012,0.000028,]
[14,8,]   174   0.00192414   8.15163e-040   1.27704e-039   [0.000008,0.000023,]
[15,8,]   175   0.0011731   4.59796e-040   1.57776e-039   [0.000005,0.000020,]
[16,8,]   176   0.00057055   -1.13178e-041   2.05612e-039   [0.000004,0.000017,]
[17,8,]   177   0.000223365   -6.30761e-040   2.67127e-039   [0.000003,0.000015,]
[18,8,]   178   7.15036e-005   -1.45704e-039   3.39436e-039   [0.000007,0.000013,]
[19,8,]   179   2.04016e-005   -3.04164e-039   4.21309e-039   [0.000012,0.000011,]
[0,9,]   180   2.50769e-005   -2.89677e-039   4.12182e-039   [0.000010,-0.000011,]
[1,9,]   181   8.33445e-005   -1.37861e-039   3.30202e-039   [-0.000004,-0.000012,]
[2,9,]   182   0.000255167   -5.65286e-040   2.57332e-039   [0.000001,-0.000013,]
[3,9,]   183   0.000645886   7.85122e-041   1.93588e-039   [0.000001,-0.000016,]
[4,9,]   184   0.00130831   5.56059e-040   1.39045e-039   [0.000002,-0.000019,]
[5,9,]   185   0.00208565   8.96702e-040   9.39924e-040   [0.000003,-0.000023,]
[6,9,]   186   0.00253475   1.09785e-039   5.92245e-040   [0.000005,-0.000030,]
[7,9,]   187   0.00217717   7.77913e-040   3.61559e-040   [0.000010,-0.000042,]
[8,9,]   188   0.00117522   -1.25445e-039   2.59635e-040   [0.000031,-0.000067,]
[9,9,]   189   0.000383572   -9.39247e-039   2.7537e-040   [0.000122,-0.000107,]
[10,9,]   190   0.000380608   -9.47145e-039   3.63658e-040   [0.000110,0.000124,]
[11,9,]   191   0.00122854   -4.7154e-040   4.72136e-040   [0.000017,0.000071,]
[12,9,]   192   0.0021744   7.12166e-040   5.89298e-040   [0.000008,0.000045,]
[13,9,]   193   0.00251913   1.06066e-039   7.56254e-040   [0.000004,0.000032,]
[14,9,]   194   0.00207587   8.8774e-040   1.02648e-039   [0.000003,0.000025,]
[15,9,]   195   0.00130318   5.4229e-040   1.42501e-039   [0.000002,0.000021,]
[16,9,]   196   0.000644052   6.69182e-041   1.94647e-039   [0.000001,0.000018,]
[17,9,]   197   0.000254642   -5.51154e-040   2.57583e-039   [0.000001,0.000015,]
[18,9,]   198   8.19936e-005   -1.3476e-039   3.30248e-039   [0.000006,0.000014,]
[19,9,]   199   2.3e-005   -2.91834e-039   4.12189e-039   [0.000010,0.000012,]
[0,10,]   200   2.56793e-005   -2.89717e-039   4.12182e-039   [0.000009,-0.000011,]
[1,10,]   201   8.38878e-005   -1.40939e-039   3.30201e-039   [-0.000006,-0.000013,]
[2,10,]   202   0.000256519   -5.73217e-040   2.5733e-039   [-0.000001,-0.000015,]
[3,10,]   203   0.000648452   7.06458e-041   1.93573e-039   [-0.000001,-0.000017,]
[4,10,]   204   0.00131127   5.45277e-040   1.3895e-039   [-0.000002,-0.000020,]
[5,10,]   205   0.00208689   8.88559e-040   9.35464e-040   [-0.000003,-0.000025,]
[6,10,]   206   0.00252966   1.05869e-039   5.75883e-040   [-0.000004,-0.000031,]
[7,10,]   207   0.0021803   7.04864e-040   3.14813e-040   [-0.000008,-0.000044,]
[8,10,]   208   0.00122923   -4.82946e-040   1.55627e-040   [-0.000016,-0.000069,]
[9,10,]   209   0.000377823   -9.55879e-039   9.51428e-041   [-0.000109,-0.000122,]
[10,10,]   210   0.000377758   -9.52812e-039   1.20438e-040   [-0.000122,0.000110,]
[11,10,]   211   0.00116412   -1.2649e-039   2.16509e-040   [-0.000030,0.000070,]
[12,10,]   212   0.00215902   7.69982e-040   3.80062e-040   [-0.000010,0.000045,]
[13,10,]   213   0.00251342   1.08636e-039   6.22872e-040   [-0.000005,0.000033,]
[14,10,]   214   0.00206703   8.7948e-040   9.60263e-040   [-0.000003,0.000026,]
[15,10,]   215   0.00129604   5.34704e-040   1.3994e-039   [-0.000002,0.000021,]
[16,10,]   216   0.000639643   5.55455e-041   1.93876e-039   [-0.000001,0.000018,]
[17,10,]   217   0.000252569   -5.62284e-040   2.57402e-039   [-0.000001,0.000015,]
[18,10,]   218   8.11805e-005   -1.33383e-039   3.30215e-039   [0.000004,0.000014,]
[19,10,]   219   2.23218e-005   -2.93127e-039   4.12184e-039   [0.000009,0.000013,]
[0,11,]   220   2.27239e-005   -3.01619e-039   4.21291e-039   [0.000008,-0.000011,]
[1,11,]   221   7.28975e-005   -1.52669e-039   3.3931e-039   [-0.000007,-0.000013,]
[2,11,]   222   0.000224139   -6.62458e-040   2.66438e-039   [-0.000003,-0.000015,]
[3,11,]   223   0.000572267   -1.62383e-041   2.02677e-039   [-0.000004,-0.000017,]
[4,11,]   224   0.00117603   4.5563e-040   1.4803e-039   [-0.000005,-0.000019,]
[5,11,]   225   0.00192753   8.11288e-040   1.02516e-039   [-0.000007,-0.000023,]
[6,11,]   226   0.00247371   9.98518e-040   6.61869e-040   [-0.000012,-0.000028,]
[7,11,]   227   0.00243703   1.01057e-039   3.91321e-040   [-0.000020,-0.000034,]
[8,11,]   228   0.00181499   3.9508e-040   2.14271e-040   [-0.000038,-0.000039,]
[9,11,]   229   0.00116349   -1.26617e-039   1.3001e-040   [-0.000069,-0.000030,]
[10,11,]   230   0.00122629   -4.66928e-040   1.35655e-040   [-0.000070,0.000016,]
[11,11,]   231   0.00181437   3.99531e-040   2.27856e-040   [-0.000039,0.000038,]
[12,11,]   232   0.00241237   9.51791e-040   4.0588e-040   [-0.000021,0.000034,]
[13,11,]   233   0.00244947   9.89029e-040   6.72353e-040   [-0.000012,0.000028,]
[14,11,]   234   0.00190193   7.96602e-040   1.0307e-039   [-0.000008,0.000023,]
[15,11,]   235   0.00115554   4.35714e-040   1.48251e-039   [-0.000006,0.000020,]
[16,11,]   236   0.000559952   -3.83951e-041   2.02744e-039   [-0.000004,0.000017,]
[17,11,]   237   0.0002183   -6.62442e-040   2.66454e-039   [-0.000003,0.000015,]
[18,11,]   238   6.95056e-005   -1.4157e-039   3.39313e-039   [0.000003,0.000013,]
[19,11,]   239   1.87088e-005   -3.07961e-039   4.21292e-039   [0.000008,0.000013,]
[0,12,]   240   1.73043e-005   -3.25389e-039   4.39509e-039   [0.000007,-0.000010,]
[1,12,]   241   5.46168e-005   -1.73099e-039   3.57528e-039   [-0.000009,-0.000012,]
[2,12,]   242   0.000169877   -8.34613e-040   2.84656e-039   [-0.000005,-0.000014,]
[3,12,]   243   0.000441955   -1.84002e-040   2.20893e-039   [-0.000006,-0.000015,]
[4,12,]   244   0.000934898   2.96215e-040   1.66241e-039   [-0.000008,-0.000017,]
[5,12,]   245   0.00160534   6.62942e-040   1.20701e-039   [-0.000011,-0.000020,]
[6,12,]   246   0.00223195   9.10329e-040   8.42837e-040   [-0.000015,-0.000022,]
[7,12,]   247   0.00252597   9.98314e-040   5.7004e-040   [-0.000023,-0.000023,]
[8,12,]   248   0.00241243   9.51367e-040   3.88752e-040   [-0.000034,-0.000021,]
[9,12,]   249   0.00215826   7.6998e-040   2.98849e-040   [-0.000044,-0.000010,]
[10,12,]   250   0.0021726   7.13536e-040   2.99829e-040   [-0.000044,0.000008,]
[11,12,]   251   0.00243446   1.01546e-039   3.91113e-040   [-0.000034,0.000020,]
[12,12,]   252   0.00252524   9.99849e-040   5.7257e-040   [-0.000023,0.000023,]
[13,12,]   253   0.00221725   8.99702e-040   8.44659e-040   [-0.000016,0.000022,]
[14,12,]   254   0.00158425   6.4272e-040   1.20797e-039   [-0.000011,0.000020,]
[15,12,]   255   0.000916368   2.68773e-040   1.66279e-039   [-0.000008,0.000017,]
[16,12,]   256   0.000430258   -2.16413e-040   2.20905e-039   [-0.000006,0.000016,]
[17,12,]   257   0.000164115   -8.48032e-040   2.84659e-039   [-0.000005,0.000014,]
[18,12,]   258   5.14281e-005   -1.59282e-039   3.57529e-039   [0.000002,0.000013,]
[19,12,]   259   1.35582e-005   -3.35576e-039   4.39509e-039   [0.000008,0.000013,]
[0,13,]   260   1.12725e-005   -3.60513e-039   4.66836e-039   [0.000006,-0.000009,]
[1,13,]   261   3.51129e-005   -2.02619e-039   3.84855e-039   [-0.000011,-0.000012,]
[2,13,]   262   0.000110937   -1.09674e-039   3.11983e-039   [-0.000006,-0.000013,]
[3,13,]   263   0.00029559   -4.38775e-040   2.4822e-039   [-0.000007,-0.000014,]
[4,13,]   264   0.00064708   4.8336e-041   1.93566e-039   [-0.000009,-0.000015,]
[5,13,]   265   0.00116907   4.3597e-040   1.48022e-039   [-0.000012,-0.000016,]
[6,13,]   266   0.00175276   7.12904e-040   1.11589e-039   [-0.000016,-0.000017,]
[7,13,]   267   0.0022174   8.99241e-040   8.42681e-040   [-0.000022,-0.000016,]
[8,13,]   268   0.00244942   9.89121e-040   6.60622e-040   [-0.000028,-0.000012,]
[9,13,]   269   0.00251301   1.08706e-039   5.69692e-040   [-0.000033,-0.000005,]
[10,13,]   270   0.00251804   1.06179e-039   5.69825e-040   [-0.000032,0.000004,]
[11,13,]   271   0.00246947   1.00346e-039   6.60941e-040   [-0.000028,0.000012,]
[12,13,]   272   0.00223082   9.12973e-040   8.43023e-040   [-0.000022,0.000015,]
[13,13,]   273   0.00175255   7.13926e-040   1.11613e-039   [-0.000017,0.000016,]
[14,13,]   274   0.00115934   4.23406e-040   1.48035e-039   [-0.000013,0.000016,]
[15,13,]   275   0.000635776   2.22079e-041   1.93572e-039   [-0.000010,0.000015,]
[16,13,]   276   0.000287657   -4.74412e-040   2.48222e-039   [-0.000007,0.000014,]
[17,13,]   277   0.000106789   -1.11801e-039   3.11984e-039   [-0.000006,0.000013,]
[18,13,]   278   3.27974e-005   -1.86308e-039   3.84855e-039   [0.000002,0.000012,]
[19,13,]   279   8.48643e-006   -3.74572e-039   4.66836e-039   [0.000009,0.000012,]
[0,14,]   280   6.24606e-006   -4.06176e-039   5.03272e-039   [0.000005,-0.000008,]
[1,14,]   281   1.9264e-005   -2.4136e-039   4.21291e-039   [-0.000013,-0.000011,]
[2,14,]   282   6.1957e-005   -1.45194e-039   3.48419e-039   [-0.000007,-0.000011,]
[3,14,]   283   0.000169356   -7.85739e-040   2.84656e-039   [-0.000008,-0.000012,]
[4,14,]   284   0.000383733   -2.8991e-040   2.30002e-039   [-0.000010,-0.000013,]
[5,14,]   285   0.000726529   1.13453e-040   1.84457e-039   [-0.000013,-0.000013,]
[6,14,]   286   0.00115937   4.23099e-040   1.48022e-039   [-0.000016,-0.000013,]
[7,14,]   287   0.00158427   6.42604e-040   1.20695e-039   [-0.000020,-0.000011,]
[8,14,]   288   0.0019019   7.96719e-040   1.02479e-039   [-0.000023,-0.000008,]
[9,14,]   289   0.00206686   8.79896e-040   9.33713e-040   [-0.000026,-0.000003,]
[10,14,]   290   0.00207539   8.88543e-040   9.33727e-040   [-0.000025,0.000003,]
[11,14,]   291   0.00192311   8.16269e-040   1.02482e-039   [-0.000023,0.000007,]
[12,14,]   292   0.0016042   6.66444e-040   1.20699e-039   [-0.000020,0.000011,]
[13,14,]   293   0.00116888   4.37433e-040   1.48024e-039   [-0.000016,0.000012,]
[14,14,]   294   0.000726511   1.13848e-040   1.84459e-039   [-0.000013,0.000013,]
[15,14,]   295   0.000379685   -3.05991e-040   2.30003e-039   [-0.000010,0.000012,]
[16,14,]   296   0.00016561   -8.15392e-040   2.84656e-039   [-0.000008,0.000012,]
[17,14,]   297   5.97565e-005   -1.47169e-039   3.48419e-039   [-0.000007,0.000011,]
[18,14,]   298   1.79548e-005   -2.22496e-039   4.21291e-039   [0.000002,0.000011,]
[19,14,]   299   4.57392e-006   -4.23507e-039   5.03272e-039   [0.000010,0.000012,]
[0,15,]   300   2.93014e-006   -4.61722e-039   5.48817e-039   [0.000005,-0.000008,]
[1,15,]   301   8.97471e-006   -2.89401e-039   4.66836e-039   [-0.000014,-0.000010,]
[2,15,]   302   2.93986e-005   -1.90251e-039   3.93964e-039   [-0.000008,-0.000010,]
[3,15,]   303   8.23908e-005   -1.22732e-039   3.30201e-039   [-0.000009,-0.000010,]
[4,15,]   304   0.000192687   -7.23507e-040   2.75547e-039   [-0.000010,-0.000011,]
[5,15,]   305   0.000379685   -3.06011e-040   2.30002e-039   [-0.000012,-0.000010,]
[6,15,]   306   0.000635777   2.21417e-041   1.93566e-039   [-0.000015,-0.000010,]
[7,15,]   307   0.000916367   2.6876e-040   1.66239e-039   [-0.000017,-0.000008,]
[8,15,]   308   0.00115553   4.35799e-040   1.48021e-039   [-0.000020,-0.000006,]
[9,15,]   309   0.001296   5.34979e-040   1.38913e-039   [-0.000021,-0.000002,]
[10,15,]   310   0.00130304   5.42867e-040   1.38913e-039   [-0.000021,0.000002,]
[11,15,]   311   0.00117278   4.60744e-040   1.48022e-039   [-0.000020,0.000005,]
[12,15,]   312   0.000934089   3.00587e-040   1.6624e-039   [-0.000017,0.000008,]
[13,15,]   313   0.000646969   5.04041e-041   1.93566e-039   [-0.000015,0.000009,]
[14,15,]   314   0.000383736   -2.89211e-040   2.30002e-039   [-0.000013,0.000010,]
[15,15,]   315   0.000192694   -7.23311e-040   2.75547e-039   [-0.000011,0.000010,]
[16,15,]   316   8.1338e-005   -1.24277e-039   3.30201e-039   [-0.000009,0.000010,]
[17,15,]   317   2.85657e-005   -1.91139e-039   3.93964e-039   [-0.000007,0.000010,]
[18,15,]   318   8.39859e-006   -2.67826e-039   4.66836e-039   [0.000002,0.000010,]
[19,15,]   319   2.11362e-006   -4.81299e-039   5.48817e-039   [0.000011,0.000011,]
[0,16,]   320   1.15984e-006   -5.25449e-039   6.03471e-039   [0.000004,-0.000007,]
[1,16,]   321   3.53691e-006   -3.45544e-039   5.2149e-039   [-0.000015,-0.000008,]
[2,16,]   322   1.1794e-005   -2.43741e-039   4.48618e-039   [-0.000008,-0.000009,]
[3,16,]   323   3.38259e-005   -1.75366e-039   3.84855e-039   [-0.000009,-0.000009,]
[4,16,]   324   8.13349e-005   -1.24284e-039   3.30201e-039   [-0.000010,-0.000009,]
[5,16,]   325   0.00016561   -8.15321e-040   2.84656e-039   [-0.000012,-0.000008,]
[6,16,]   326   0.000287657   -4.74419e-040   2.4822e-039   [-0.000014,-0.000007,]
[7,16,]   327   0.000430257   -2.16406e-040   2.20893e-039   [-0.000016,-0.000006,]
[8,16,]   328   0.00055995   -3.8349e-041   2.02675e-039   [-0.000017,-0.000004,]
[9,16,]   329   0.000639634   5.56894e-041   1.93566e-039   [-0.000018,-0.000001,]
[10,16,]   330   0.000644024   6.7257e-041   1.93566e-039   [-0.000018,0.000001,]
[11,16,]   331   0.000570486   -1.06585e-041   2.02675e-039   [-0.000017,0.000004,]
[12,16,]   332   0.000441522   -1.78683e-040   2.20893e-039   [-0.000016,0.000006,]
[13,16,]   333   0.000295541   -4.35968e-040   2.4822e-039   [-0.000014,0.000007,]
[14,16,]   334   0.000169365   -7.84583e-040   2.84656e-039   [-0.000012,0.000008,]
[15,16,]   335   8.23979e-005   -1.22683e-039   3.30201e-039   [-0.000010,0.000009,]
[16,16,]   336   3.38289e-005   -1.75334e-039   3.84855e-039   [-0.000009,0.000009,]
[17,16,]   337   1.15969e-005   -2.43207e-039   4.48618e-039   [-0.000007,0.000009,]
[18,16,]   338   3.34138e-006   -3.21521e-039   5.2149e-039   [0.000002,0.000009,]
[19,16,]   339   8.33455e-007   -5.46467e-039   6.03471e-039   [0.000012,0.000010,]
[0,17,]   340   3.83673e-007   -6.04681e-039   6.67234e-039   [0.000004,-0.000006,]
[1,17,]   341   1.16721e-006   -4.17232e-039   5.85253e-039   [-0.000016,-0.000007,]
[2,17,]   342   3.95869e-006   -3.1277e-039   5.12381e-039   [-0.000009,-0.000007,]
[3,17,]   343   1.15959e-005   -2.43235e-039   4.48618e-039   [-0.000009,-0.000007,]
[4,17,]   344   2.85646e-005   -1.91145e-039   3.93964e-039   [-0.000010,-0.000007,]
[5,17,]   345   5.97565e-005   -1.4716e-039   3.48419e-039   [-0.000011,-0.000007,]
[6,17,]   346   0.000106789   -1.11801e-039   3.11983e-039   [-0.000013,-0.000006,]
[7,17,]   347   0.000164115   -8.48026e-040   2.84656e-039   [-0.000014,-0.000005,]
[8,17,]   348   0.0002183   -6.62423e-040   2.66438e-039   [-0.000015,-0.000003,]
[9,17,]   349   0.000252568   -5.62222e-040   2.57329e-039   [-0.000015,-0.000001,]
[10,17,]   350   0.000254639   -5.50992e-040   2.57329e-039   [-0.000015,0.000001,]
[11,17,]   351   0.000223356   -6.30406e-040   2.66438e-039   [-0.000015,0.000003,]
[12,17,]   352   0.000169671   -8.01574e-040   2.84656e-039   [-0.000014,0.000005,]
[13,17,]   353   0.000110904   -1.06494e-039   3.11983e-039   [-0.000013,0.000006,]
[14,17,]   354   6.19547e-005   -1.42046e-039   3.48419e-039   [-0.000011,0.000007,]
[15,17,]   355   2.93993e-005   -1.87036e-039   3.93964e-039   [-0.000010,0.000008,]
[16,17,]   356   1.17945e-005   -2.40416e-039   4.48618e-039   [-0.000009,0.000008,]
[17,17,]   357   3.9589e-006   -3.09334e-039   5.12381e-039   [-0.000007,0.000008,]
[18,17,]   358   1.11997e-006   -3.89636e-039   5.85253e-039   [0.000003,0.000008,]
[19,17,]   359   2.77664e-007   -6.24903e-039   6.67234e-039   [0.000013,0.000010,]
[0,18,]   360   1.07056e-007   -6.97571e-039   7.40106e-039   [0.000004,0.000005,]
[1,18,]   361   3.25218e-007   -5.01203e-039   6.58125e-039   [-0.000017,0.000003,]
[2,18,]   362   1.1199e-006   -3.93189e-039   5.85253e-039   [-0.000009,0.000003,]
[3,18,]   363   3.34109e-006   -3.21549e-039   5.2149e-039   [-0.000009,0.000002,]
[4,18,]   364   8.39828e-006   -2.67833e-039   4.66836e-039   [-0.000010,0.000002,]
[5,18,]   365   1.79548e-005   -2.22487e-039   4.21291e-039   [-0.000011,0.000002,]
[6,18,]   366   3.27974e-005   -1.86308e-039   3.84855e-039   [-0.000012,0.000002,]
[7,18,]   367   5.14281e-005   -1.59281e-039   3.57528e-039   [-0.000013,0.000002,]
[8,18,]   368   6.95056e-005   -1.41569e-039   3.3931e-039   [-0.000013,0.000003,]
[9,18,]   369   8.11804e-005   -1.33381e-039   3.30201e-039   [-0.000014,0.000004,]
[10,18,]   370   8.19933e-005   -1.34754e-039   3.30201e-039   [-0.000014,0.000006,]
[11,18,]   371   7.15028e-005   -1.45689e-039   3.3931e-039   [-0.000013,0.000007,]
[12,18,]   372   5.36581e-005   -1.66065e-039   3.57528e-039   [-0.000012,0.000009,]
[13,18,]   373   3.44988e-005   -1.95665e-039   3.84855e-039   [-0.000012,0.000011,]
[14,18,]   374   1.89146e-005   -2.34346e-039   4.21291e-039   [-0.000011,0.000013,]
[15,18,]   375   8.80422e-006   -2.82197e-039   4.66836e-039   [-0.000010,0.000014,]
[16,18,]   376   3.46668e-006   -3.38095e-039   5.2149e-039   [-0.000008,0.000015,]
[17,18,]   377   1.14309e-006   -4.09532e-039   5.85253e-039   [-0.000007,0.000016,]
[18,18,]   378   3.18252e-007   -4.93206e-039   6.58125e-039   [0.000003,0.000016,]
[19,18,]   379   7.8603e-008   -7.39475e-039   7.40106e-039   [0.000014,0.000018,]
[0,19,]   380   2.69039e-008   -9.40889e-039   8.22087e-039   [0.000004,0.000015,]
[1,19,]   381   8.04175e-008   -7.47278e-039   7.40106e-039   [-0.000018,0.000014,]
[2,19,]   382   2.77655e-007   -6.28624e-039   6.67234e-039   [-0.000010,0.000013,]
[3,19,]   383   8.33384e-007   -5.465e-039   6.03471e-039   [-0.000010,0.000012,]
[4,19,]   384   2.11354e-006   -4.81306e-039   5.48817e-039   [-0.000011,0.000011,]
[5,19,]   385   4.57392e-006   -4.23498e-039   5.03272e-039   [-0.000012,0.000010,]
[6,19,]   386   8.48643e-006   -3.74572e-039   4.66836e-039   [-0.000012,0.000009,]
[7,19,]   387   1.35582e-005   -3.35576e-039   4.39509e-039   [-0.000013,0.000008,]
[8,19,]   388   1.87088e-005   -3.0796e-039   4.21291e-039   [-0.000013,0.000008,]
[9,19,]   389   2.23218e-005   -2.93123e-039   4.12182e-039   [-0.000013,0.000009,]
[10,19,]   390   2.3e-005   -2.91823e-039   4.12182e-039   [-0.000012,0.000010,]
[11,19,]   391   2.04015e-005   -3.04136e-039   4.21291e-039   [-0.000011,0.000012,]
[12,19,]   392   1.55108e-005   -3.29435e-039   4.39509e-039   [-0.000010,0.000014,]
[13,19,]   393   1.00603e-005   -3.66551e-039   4.66836e-039   [-0.000009,0.000016,]
[14,19,]   394   5.54255e-006   -4.14299e-039   5.03272e-039   [-0.000009,0.000018,]
[15,19,]   395   2.58407e-006   -4.71882e-039   5.48817e-039   [-0.000008,0.000019,]
[16,19,]   396   1.01664e-006   -5.37536e-039   6.03471e-039   [-0.000007,0.000021,]
[17,19,]   397   3.34367e-007   -6.18584e-039   6.67234e-039   [-0.000006,0.000023,]
[18,19,]   398   9.27802e-008   -7.13103e-039   7.40106e-039   [0.000005,0.000024,]
[19,19,]   399   2.3168e-008   -9.61133e-039   8.22087e-039   [0.000015,0.000025,]
