coordinates  index   rho      Q      V    velocities 
[0,0,]   0   2.788e-008   -8.81273e-039   8.22087e-039   [0.000031,-0.000001,]
[1,0,]   1   1.0499e-007   -6.06827e-039   7.40106e-039   [0.000024,-0.000000,]
[2,0,]   2   3.53556e-007   -5.47127e-039   6.67234e-039   [0.000027,0.000002,]
[3,0,]   3   1.14128e-006   -4.7351e-039   6.03471e-039   [0.000020,0.000004,]
[4,0,]   4   3.265e-006   -4.16208e-039   5.48817e-039   [0.000012,0.000006,]
[5,0,]   5   7.92213e-006   -3.70144e-039   5.03272e-039   [0.000006,0.000006,]
[6,0,]   6   1.60059e-005   -3.34196e-039   4.66836e-039   [0.000000,0.000007,]
[7,0,]   7   2.68894e-005   -3.07452e-039   4.39509e-039   [-0.000003,0.000007,]
[8,0,]   8   3.77922e-005   -2.89442e-039   4.21291e-039   [-0.000006,0.000006,]
[9,0,]   9   4.47707e-005   -2.80065e-039   4.12182e-039   [-0.000007,0.000005,]
[10,0,]   10   4.49167e-005   -2.79494e-039   4.12182e-039   [-0.000007,0.000005,]
[11,0,]   11   3.81581e-005   -2.88009e-039   4.21291e-039   [-0.000006,0.000004,]
[12,0,]   12   2.7324e-005   -3.05862e-039   4.39509e-039   [-0.000003,0.000003,]
[13,0,]   13   1.63905e-005   -3.33337e-039   4.66836e-039   [0.000000,0.000003,]
[14,0,]   14   8.21079e-006   -3.70978e-039   5.03272e-039   [0.000005,0.000003,]
[15,0,]   15   3.45863e-006   -4.19714e-039   5.48817e-039   [0.000012,0.000004,]
[16,0,]   16   1.25753e-006   -4.7964e-039   6.03471e-039   [0.000019,0.000006,]
[17,0,]   17   4.14516e-007   -5.48248e-039   6.67234e-039   [0.000026,0.000008,]
[18,0,]   18   1.30934e-007   -6.37429e-039   7.40106e-039   [0.000033,0.000010,]
[19,0,]   19   4.58906e-008   -8.44628e-039   8.22087e-039   [0.000035,0.000011,]
[0,1,]   20   1.01137e-007   -6.54333e-039   7.40106e-039   [0.000031,-0.000013,]
[1,1,]   21   3.74995e-007   -4.20609e-039   6.58125e-039   [0.000028,-0.000011,]
[2,1,]   22   1.25462e-006   -3.97827e-039   5.85253e-039   [0.000031,-0.000007,]
[3,1,]   23   4.11281e-006   -3.27712e-039   5.2149e-039   [0.000023,-0.000004,]
[4,1,]   24   1.1978e-005   -2.62899e-039   4.66836e-039   [0.000014,-0.000002,]
[5,1,]   25   2.93922e-005   -2.10304e-039   4.21291e-039   [0.000006,-0.000001,]
[6,1,]   26   5.96219e-005   -1.71506e-039   3.84855e-039   [0.000000,-0.000000,]
[7,1,]   27   9.99873e-005   -1.45219e-039   3.57528e-039   [-0.000004,-0.000000,]
[8,1,]   28   0.000139748   -1.296e-039   3.3931e-039   [-0.000007,-0.000001,]
[9,1,]   29   0.000164353   -1.22864e-039   3.30201e-039   [-0.000008,-0.000002,]
[10,1,]   30   0.000163747   -1.2381e-039   3.30201e-039   [-0.000008,-0.000003,]
[11,1,]   31   0.000138386   -1.32266e-039   3.3931e-039   [-0.000007,-0.000004,]
[12,1,]   32   9.88107e-005   -1.49101e-039   3.57528e-039   [-0.000004,-0.000004,]
[13,1,]   33   5.92442e-005   -1.75729e-039   3.84855e-039   [0.000000,-0.000005,]
[14,1,]   34   2.97503e-005   -2.13261e-039   4.21291e-039   [0.000006,-0.000004,]
[15,1,]   35   1.26255e-005   -2.6113e-039   4.66836e-039   [0.000013,-0.000003,]
[16,1,]   36   4.66905e-006   -3.14021e-039   5.2149e-039   [0.000021,-0.000001,]
[17,1,]   37   1.58658e-006   -3.61566e-039   5.85253e-039   [0.000027,0.000001,]
[18,1,]   38   5.2103e-007   -4.16183e-039   6.58125e-039   [0.000032,0.000002,]
[19,1,]   39   1.87227e-007   -5.79379e-039   7.40106e-039   [0.000032,0.000000,]
[0,2,]   40   3.5595e-007   -5.26359e-039   6.67234e-039   [0.000030,-0.000010,]
[1,2,]   41   1.23059e-006   -3.25016e-039   5.85253e-039   [0.000030,-0.000009,]
[2,2,]   42   3.90248e-006   -3.2074e-039   5.12381e-039   [0.000034,-0.000006,]
[3,2,]   43   1.26135e-005   -2.55285e-039   4.48618e-039   [0.000026,-0.000002,]
[4,2,]   44   3.69417e-005   -1.89803e-039   3.93964e-039   [0.000016,0.000001,]
[5,2,]   45   9.13314e-005   -1.36106e-039   3.48419e-039   [0.000007,0.000002,]
[6,2,]   46   0.000185891   -9.67052e-040   3.11983e-039   [0.000001,0.000003,]
[7,2,]   47   0.000311451   -7.02443e-040   2.84656e-039   [-0.000004,0.000002,]
[8,2,]   48   0.000433855   -5.45735e-040   2.66438e-039   [-0.000007,0.000002,]
[9,2,]   49   0.000508584   -4.75399e-040   2.57329e-039   [-0.000009,0.000001,]
[10,2,]   50   0.000506038   -4.77308e-040   2.57329e-039   [-0.000009,-0.000001,]
[11,2,]   51   0.000428089   -5.50977e-040   2.66438e-039   [-0.000008,-0.000002,]
[12,2,]   52   0.000306307   -7.09725e-040   2.84656e-039   [-0.000004,-0.000003,]
[13,2,]   53   0.000183897   -9.73654e-040   3.11983e-039   [0.000001,-0.000003,]
[14,2,]   54   9.23051e-005   -1.35864e-039   3.48419e-039   [0.000007,-0.000002,]
[15,2,]   55   3.91652e-005   -1.85862e-039   3.93964e-039   [0.000015,-0.000001,]
[16,2,]   56   1.45973e-005   -2.40297e-039   4.48618e-039   [0.000023,0.000001,]
[17,2,]   57   5.09889e-006   -2.84574e-039   5.12381e-039   [0.000030,0.000004,]
[18,2,]   58   1.75652e-006   -3.31052e-039   5.85253e-039   [0.000033,0.000006,]
[19,2,]   59   6.6139e-007   -4.73093e-039   6.67234e-039   [0.000030,0.000006,]
[0,3,]   60   1.07385e-006   -4.09544e-039   6.03471e-039   [0.000029,-0.000011,]
[1,3,]   61   3.39862e-006   -2.44497e-039   5.2149e-039   [0.000032,-0.000010,]
[2,3,]   62   9.97918e-006   -2.60817e-039   4.48618e-039   [0.000038,-0.000007,]
[3,3,]   63   3.14743e-005   -1.98544e-039   3.84855e-039   [0.000030,-0.000003,]
[4,3,]   64   9.27889e-005   -1.29291e-039   3.30201e-039   [0.000018,0.000001,]
[5,3,]   65   0.000231783   -7.26762e-040   2.84656e-039   [0.000008,0.000003,]
[6,3,]   66   0.00047396   -3.20737e-040   2.4822e-039   [0.000001,0.000004,]
[7,3,]   67   0.000792994   -5.61252e-041   2.20893e-039   [-0.000005,0.000003,]
[8,3,]   68   0.00109944   9.42181e-041   2.02675e-039   [-0.000009,0.000002,]
[9,3,]   69   0.00128302   1.57793e-040   1.93566e-039   [-0.000011,0.000001,]
[10,3,]   70   0.00127462   1.54189e-040   1.93566e-039   [-0.000011,-0.000001,]
[11,3,]   71   0.00108032   8.44279e-041   2.02675e-039   [-0.000009,-0.000002,]
[12,3,]   72   0.000775624   -6.9255e-041   2.20893e-039   [-0.000005,-0.000003,]
[13,3,]   73   0.000466581   -3.32874e-040   2.4822e-039   [0.000001,-0.000004,]
[14,3,]   74   0.000233948   -7.27035e-040   2.84656e-039   [0.000008,-0.000003,]
[15,3,]   75   9.91432e-005   -1.24409e-039   3.30201e-039   [0.000017,-0.000001,]
[16,3,]   76   3.73278e-005   -1.78729e-039   3.84855e-039   [0.000027,0.000002,]
[17,3,]   77   1.35387e-005   -2.1578e-039   4.48618e-039   [0.000033,0.000006,]
[18,3,]   78   4.95965e-006   -2.5084e-039   5.2149e-039   [0.000033,0.000008,]
[19,3,]   79   1.96985e-006   -3.70306e-039   6.03471e-039   [0.000028,0.000006,]
[0,4,]   80   2.76573e-006   -2.88483e-039   5.48817e-039   [0.000028,-0.000013,]
[1,4,]   81   7.88507e-006   -1.67469e-039   4.66836e-039   [0.000034,-0.000012,]
[2,4,]   82   2.07627e-005   -2.12442e-039   3.93964e-039   [0.000043,-0.000010,]
[3,4,]   83   6.27652e-005   -1.57068e-039   3.30201e-039   [0.000035,-0.000004,]
[4,4,]   84   0.000186559   -8.19221e-040   2.75547e-039   [0.000021,0.000002,]
[5,4,]   85   0.000473081   -2.1077e-040   2.30002e-039   [0.000009,0.000004,]
[6,4,]   86   0.000973925   2.12672e-040   1.93566e-039   [0.000001,0.000005,]
[7,4,]   87   0.00162595   4.77656e-040   1.66239e-039   [-0.000006,0.000005,]
[8,4,]   88   0.00223834   6.1912e-040   1.48021e-039   [-0.000010,0.000003,]
[9,4,]   89   0.00259482   6.74345e-040   1.38912e-039   [-0.000013,0.000001,]
[10,4,]   90   0.00257278   6.68543e-040   1.38912e-039   [-0.000013,-0.000001,]
[11,4,]   91   0.00218802   6.04017e-040   1.48021e-039   [-0.000010,-0.000003,]
[12,4,]   92   0.00157972   4.58186e-040   1.66239e-039   [-0.000006,-0.000005,]
[13,4,]   93   0.000953185   1.94695e-040   1.93566e-039   [0.000001,-0.000005,]
[14,4,]   94   0.000476906   -2.14011e-040   2.30002e-039   [0.000009,-0.000004,]
[15,4,]   95   0.000201486   -7.5799e-040   2.75547e-039   [0.000020,-0.000002,]
[16,4,]   96   7.69203e-005   -1.29973e-039   3.30201e-039   [0.000031,0.000003,]
[17,4,]   97   2.94204e-005   -1.56483e-039   3.93964e-039   [0.000036,0.000007,]
[18,4,]   98   1.16621e-005   -1.77592e-039   4.66836e-039   [0.000033,0.000009,]
[19,4,]   99   4.912e-006   -2.72062e-039   5.48817e-039   [0.000025,0.000006,]
[0,5,]   100   6.1121e-006   -1.59063e-039   5.03272e-039   [0.000025,-0.000015,]
[1,5,]   101   1.5519e-005   -8.79115e-040   4.21291e-039   [0.000034,-0.000015,]
[2,5,]   102   3.50809e-005   -1.71417e-039   3.48419e-039   [0.000048,-0.000013,]
[3,5,]   103   9.80704e-005   -1.32538e-039   2.84656e-039   [0.000043,-0.000006,]
[4,5,]   104   0.000294543   -4.81236e-040   2.30002e-039   [0.000026,0.000002,]
[5,5,]   105   0.00076518   2.006e-040   1.84457e-039   [0.000011,0.000006,]
[6,5,]   106   0.00159198   6.50671e-040   1.48021e-039   [0.000001,0.000007,]
[7,5,]   107   0.0026479   9.16797e-040   1.20694e-039   [-0.000007,0.000007,]
[8,5,]   108   0.003603   1.04631e-039   1.02476e-039   [-0.000012,0.000005,]
[9,5,]   109   0.0041315   1.08562e-039   9.33673e-040   [-0.000015,0.000002,]
[10,5,]   110   0.00408538   1.07861e-039   9.33673e-040   [-0.000015,-0.000002,]
[11,5,]   111   0.0034975   1.02548e-039   1.02476e-039   [-0.000012,-0.000005,]
[12,5,]   112   0.00255018   8.90185e-040   1.20694e-039   [-0.000007,-0.000007,]
[13,5,]   113   0.0015465   6.26407e-040   1.48021e-039   [0.000001,-0.000007,]
[14,5,]   114   0.000770329   1.94238e-040   1.84457e-039   [0.000011,-0.000006,]
[15,5,]   115   0.000323114   -3.98078e-040   2.30002e-039   [0.000024,-0.000002,]
[16,5,]   116   0.000125911   -9.35137e-040   2.84656e-039   [0.000037,0.000004,]
[17,5,]   117   5.21558e-005   -1.02701e-039   3.48419e-039   [0.000040,0.000010,]
[18,5,]   118   2.29075e-005   -1.07188e-039   4.21291e-039   [0.000031,0.000011,]
[19,5,]   119   1.02822e-005   -1.73904e-039   5.03272e-039   [0.000021,0.000007,]
[0,6,]   120   1.1624e-005   -2.59638e-040   4.66836e-039   [0.000022,-0.000016,]
[1,6,]   121   2.62331e-005   -4.28306e-041   3.84855e-039   [0.000033,-0.000017,]
[2,6,]   122   4.83855e-005   -1.28229e-039   3.11983e-039   [0.000052,-0.000019,]
[3,6,]   123   0.000115669   -1.36346e-039   2.4822e-039   [0.000054,-0.000009,]
[4,6,]   124   0.000352636   -2.97111e-040   1.93566e-039   [0.000034,0.000004,]
[5,6,]   125   0.000956424   4.84584e-040   1.48021e-039   [0.000014,0.000010,]
[6,6,]   126   0.00202659   9.81842e-040   1.11585e-039   [0.000001,0.000011,]
[7,6,]   127   0.0033471   1.25241e-039   8.42583e-040   [-0.000008,0.000010,]
[8,6,]   128   0.00445754   1.36272e-039   6.60403e-040   [-0.000015,0.000008,]
[9,6,]   129   0.00501168   1.41074e-039   5.69313e-040   [-0.000020,0.000003,]
[10,6,]   130   0.00493282   1.39341e-039   5.69313e-040   [-0.000020,-0.000003,]
[11,6,]   131   0.0042811   1.33075e-039   6.60403e-040   [-0.000015,-0.000008,]
[12,6,]   132   0.00318336   1.2174e-039   8.42583e-040   [-0.000008,-0.000011,]
[13,6,]   133   0.00194821   9.50831e-040   1.11585e-039   [0.000001,-0.000011,]
[14,6,]   134   0.000960807   4.71713e-040   1.48021e-039   [0.000014,-0.000010,]
[15,6,]   135   0.000396146   -1.9156e-040   1.93566e-039   [0.000030,-0.000004,]
[16,6,]   136   0.000159656   -6.94741e-040   2.4822e-039   [0.000047,0.000006,]
[17,6,]   137   7.5195e-005   -4.97617e-040   3.11983e-039   [0.000043,0.000014,]
[18,6,]   138   3.7721e-005   -3.80737e-040   3.84855e-039   [0.000028,0.000013,]
[19,6,]   139   1.80994e-005   -7.534e-040   4.66836e-039   [0.000016,0.000007,]
[0,7,]   140   1.90956e-005   9.63069e-040   4.39509e-039   [0.000018,-0.000016,]
[1,7,]   141   3.86691e-005   7.76019e-040   3.57528e-039   [0.000029,-0.000020,]
[2,7,]   142   5.6033e-005   -5.30828e-040   2.84656e-039   [0.000053,-0.000027,]
[3,7,]   143   9.57402e-005   -2.099e-039   2.20893e-039   [0.000072,-0.000016,]
[4,7,]   144   0.000295332   -6.52666e-040   1.66239e-039   [0.000047,0.000008,]
[5,7,]   145   0.000887506   5.7609e-040   1.20694e-039   [0.000017,0.000018,]
[6,7,]   146   0.00194914   1.15846e-039   8.42583e-040   [0.000001,0.000019,]
[7,7,]   147   0.00317029   1.44084e-039   5.69313e-040   [-0.000010,0.000018,]
[8,7,]   148   0.00402984   1.54026e-039   3.87133e-040   [-0.000020,0.000014,]
[9,7,]   149   0.00429481   1.4606e-039   2.96043e-040   [-0.000027,0.000005,]
[10,7,]   150   0.00419412   1.41516e-039   2.96043e-040   [-0.000027,-0.000005,]
[11,7,]   151   0.00380197   1.50638e-039   3.87133e-040   [-0.000021,-0.000014,]
[12,7,]   152   0.00295542   1.39233e-039   5.69313e-040   [-0.000010,-0.000019,]
[13,7,]   153   0.00184337   1.11594e-039   8.42583e-040   [0.000002,-0.000020,]
[14,7,]   154   0.000887757   5.604e-040   1.20694e-039   [0.000018,-0.000017,]
[15,7,]   155   0.000347096   -4.05737e-040   1.66239e-039   [0.000041,-0.000007,]
[16,7,]   156   0.000148458   -8.01623e-040   2.20893e-039   [0.000062,0.000010,]
[17,7,]   157   8.82441e-005   1.50422e-040   2.84656e-039   [0.000044,0.000020,]
[18,7,]   158   5.23895e-005   2.93652e-040   3.57528e-039   [0.000022,0.000015,]
[19,7,]   159   2.68828e-005   2.24258e-040   4.39509e-039   [0.000010,0.000007,]
[0,8,]   160   2.72727e-005   1.86582e-039   4.21291e-039   [0.000013,-0.000016,]
[1,8,]   161   5.04952e-005   1.43509e-039   3.3931e-039   [0.000021,-0.000021,]
[2,8,]   162   5.82775e-005   9.09303e-040   2.66438e-039   [0.000045,-0.000037,]
[3,8,]   163   5.00971e-005   -5.19754e-039   2.02675e-039   [0.000102,-0.000030,]
[4,8,]   164   0.00014943   -2.68973e-039   1.48021e-039   [0.000074,0.000035,]
[5,8,]   165   0.000580422   7.744e-041   1.02476e-039   [0.000022,0.000038,]
[6,8,]   166   0.00137664   9.40153e-040   6.60403e-040   [0.000000,0.000038,]
[7,8,]   167   0.00215718   1.2705e-039   3.87133e-040   [-0.000013,0.000037,]
[8,8,]   168   0.00243045   1.20029e-039   2.04953e-040   [-0.000029,0.000033,]
[9,8,]   169   0.00224873   8.76778e-040   1.13863e-040   [-0.000044,0.000025,]
[10,8,]   170   0.00217191   8.95068e-040   1.13863e-040   [-0.000044,-0.000003,]
[11,8,]   171   0.00219653   9.23067e-040   2.04953e-040   [-0.000029,-0.000033,]
[12,8,]   172   0.00193935   1.02093e-039   3.87133e-040   [-0.000013,-0.000039,]
[13,8,]   173   0.0012667   7.46392e-040   6.60403e-040   [0.000003,-0.000039,]
[14,8,]   174   0.000570422   -9.7195e-041   1.02476e-039   [0.000023,-0.000036,]
[15,8,]   175   0.000192585   -1.62536e-039   1.48021e-039   [0.000063,-0.000010,]
[16,8,]   176   9.36584e-005   -1.83142e-039   2.02675e-039   [0.000086,0.000032,]
[17,8,]   177   8.55611e-005   1.0827e-039   2.66438e-039   [0.000038,0.000028,]
[18,8,]   178   6.21505e-005   9.6125e-040   3.3931e-039   [0.000013,0.000017,]
[19,8,]   179   3.38992e-005   1.14945e-039   4.21291e-039   [0.000003,0.000008,]
[0,9,]   180   3.40368e-005   2.30356e-039   4.12182e-039   [0.000008,-0.000013,]
[1,9,]   181   5.89594e-005   1.64545e-039   3.30201e-039   [0.000008,-0.000020,]
[2,9,]   182   5.974e-005   1.9777e-039   2.57329e-039   [0.000026,-0.000041,]
[3,9,]   183   2.20529e-005   -1.07283e-038   1.93566e-039   [0.000119,-0.000102,]
[4,9,]   184   3.51449e-005   -1.76724e-038   1.38912e-039   [0.000131,0.000125,]
[5,9,]   185   0.000287095   -2.48784e-039   9.33673e-040   [0.000002,0.000086,]
[6,9,]   186   0.000784598   -5.58976e-040   5.69313e-040   [-0.000002,0.000073,]
[7,9,]   187   0.00111598   -5.39366e-040   2.96043e-040   [-0.000009,0.000079,]
[8,9,]   188   0.000909404   -2.34632e-039   1.13863e-040   [-0.000017,0.000101,]
[9,9,]   189   0.000459379   -9.37104e-039   2.27725e-041   [-0.000088,0.000116,]
[10,9,]   190   0.000421518   -1.05316e-038   2.27725e-041   [-0.000111,-0.000093,]
[11,9,]   191   0.000788416   -3.73977e-039   1.13863e-040   [-0.000043,-0.000102,]
[12,9,]   192   0.00102174   -9.20243e-040   2.96043e-040   [-0.000010,-0.000081,]
[13,9,]   193   0.00073738   -8.08713e-040   5.69313e-040   [0.000004,-0.000075,]
[14,9,]   194   0.000277248   -3.07655e-039   9.33673e-040   [0.000028,-0.000084,]
[15,9,]   195   4.91933e-005   -1.27963e-038   1.38912e-039   [0.000124,-0.000101,]
[16,9,]   196   3.97269e-005   -4.43487e-039   1.93566e-039   [0.000075,0.000107,]
[17,9,]   197   7.06236e-005   1.70719e-039   2.57329e-039   [0.000013,0.000036,]
[18,9,]   198   6.37187e-005   1.45047e-039   3.30201e-039   [0.000003,0.000019,]
[19,9,]   199   3.67015e-005   1.95532e-039   4.12182e-039   [-0.000005,0.000010,]
[0,10,]   200   3.64552e-005   1.95386e-039   4.12182e-039   [0.000002,-0.000010,]
[1,10,]   201   6.35966e-005   1.4521e-039   3.30201e-039   [-0.000003,-0.000019,]
[2,10,]   202   7.0623e-005   1.71277e-039   2.57329e-039   [-0.000013,-0.000036,]
[3,10,]   203   3.97271e-005   -4.43479e-039   1.93566e-039   [-0.000075,-0.000107,]
[4,10,]   204   4.91934e-005   -1.27963e-038   1.38912e-039   [-0.000124,0.000101,]
[5,10,]   205   0.000277248   -3.07655e-039   9.33673e-040   [-0.000028,0.000084,]
[6,10,]   206   0.00073738   -8.08713e-040   5.69313e-040   [-0.000004,0.000075,]
[7,10,]   207   0.00102174   -9.20243e-040   2.96043e-040   [0.000010,0.000081,]
[8,10,]   208   0.000788416   -3.73977e-039   1.13863e-040   [0.000043,0.000102,]
[9,10,]   209   0.000421518   -1.05316e-038   2.27725e-041   [0.000111,0.000093,]
[10,10,]   210   0.000459379   -9.37104e-039   2.27725e-041   [0.000088,-0.000116,]
[11,10,]   211   0.000909404   -2.34632e-039   1.13863e-040   [0.000017,-0.000101,]
[12,10,]   212   0.00111598   -5.39366e-040   2.96043e-040   [0.000009,-0.000079,]
[13,10,]   213   0.000784598   -5.58976e-040   5.69313e-040   [0.000002,-0.000073,]
[14,10,]   214   0.000287095   -2.48784e-039   9.33673e-040   [-0.000002,-0.000086,]
[15,10,]   215   3.51448e-005   -1.76724e-038   1.38912e-039   [-0.000131,-0.000125,]
[16,10,]   216   2.2053e-005   -1.07285e-038   1.93566e-039   [-0.000119,0.000102,]
[17,10,]   217   5.9743e-005   1.97128e-039   2.57329e-039   [-0.000026,0.000041,]
[18,10,]   218   5.90925e-005   1.64447e-039   3.30201e-039   [-0.000008,0.000020,]
[19,10,]   219   3.42946e-005   2.30501e-039   4.12182e-039   [-0.000011,0.000013,]
[0,11,]   220   3.38338e-005   1.1505e-039   4.21291e-039   [-0.000003,-0.000008,]
[1,11,]   221   6.21212e-005   9.62938e-040   3.3931e-039   [-0.000013,-0.000017,]
[2,11,]   222   8.55615e-005   1.08406e-039   2.66438e-039   [-0.000038,-0.000028,]
[3,11,]   223   9.36585e-005   -1.83142e-039   2.02675e-039   [-0.000086,-0.000032,]
[4,11,]   224   0.000192586   -1.62536e-039   1.48021e-039   [-0.000063,0.000010,]
[5,11,]   225   0.000570422   -9.71962e-041   1.02476e-039   [-0.000023,0.000036,]
[6,11,]   226   0.0012667   7.46392e-040   6.60403e-040   [-0.000003,0.000039,]
[7,11,]   227   0.00193935   1.02093e-039   3.87133e-040   [0.000013,0.000039,]
[8,11,]   228   0.00219653   9.23067e-040   2.04953e-040   [0.000029,0.000033,]
[9,11,]   229   0.00217191   8.95068e-040   1.13863e-040   [0.000044,0.000003,]
[10,11,]   230   0.00224873   8.76778e-040   1.13863e-040   [0.000044,-0.000025,]
[11,11,]   231   0.00243045   1.20029e-039   2.04953e-040   [0.000029,-0.000033,]
[12,11,]   232   0.00215718   1.2705e-039   3.87133e-040   [0.000013,-0.000037,]
[13,11,]   233   0.00137664   9.40153e-040   6.60403e-040   [-0.000000,-0.000038,]
[14,11,]   234   0.000580422   7.74404e-041   1.02476e-039   [-0.000022,-0.000038,]
[15,11,]   235   0.00014943   -2.68973e-039   1.48021e-039   [-0.000074,-0.000035,]
[16,11,]   236   5.00972e-005   -5.19764e-039   2.02675e-039   [-0.000102,0.000030,]
[17,11,]   237   5.82797e-005   9.06785e-040   2.66438e-039   [-0.000045,0.000037,]
[18,11,]   238   5.05469e-005   1.43359e-039   3.3931e-039   [-0.000021,0.000021,]
[19,11,]   239   2.73677e-005   1.86369e-039   4.21291e-039   [-0.000014,0.000016,]
[0,12,]   240   2.69977e-005   2.26281e-040   4.39509e-039   [-0.000008,-0.000007,]
[1,12,]   241   5.24463e-005   2.9282e-040   3.57528e-039   [-0.000022,-0.000015,]
[2,12,]   242   8.82425e-005   1.47789e-040   2.84656e-039   [-0.000044,-0.000020,]
[3,12,]   243   0.000148458   -8.0158e-040   2.20893e-039   [-0.000062,-0.000010,]
[4,12,]   244   0.000347096   -4.05743e-040   1.66239e-039   [-0.000041,0.000007,]
[5,12,]   245   0.000887757   5.60402e-040   1.20694e-039   [-0.000018,0.000017,]
[6,12,]   246   0.00184337   1.11594e-039   8.42583e-040   [-0.000002,0.000020,]
[7,12,]   247   0.00295542   1.39233e-039   5.69313e-040   [0.000010,0.000019,]
[8,12,]   248   0.00380197   1.50638e-039   3.87133e-040   [0.000021,0.000014,]
[9,12,]   249   0.00419412   1.41516e-039   2.96043e-040   [0.000027,0.000005,]
[10,12,]   250   0.00429481   1.4606e-039   2.96043e-040   [0.000027,-0.000005,]
[11,12,]   251   0.00402984   1.54026e-039   3.87133e-040   [0.000020,-0.000014,]
[12,12,]   252   0.00317029   1.44084e-039   5.69313e-040   [0.000010,-0.000018,]
[13,12,]   253   0.00194914   1.15846e-039   8.42583e-040   [-0.000001,-0.000019,]
[14,12,]   254   0.000887506   5.7609e-040   1.20694e-039   [-0.000017,-0.000018,]
[15,12,]   255   0.000295332   -6.52661e-040   1.66239e-039   [-0.000047,-0.000008,]
[16,12,]   256   9.57401e-005   -2.09893e-039   2.20893e-039   [-0.000072,0.000016,]
[17,12,]   257   5.6031e-005   -5.29065e-040   2.84656e-039   [-0.000053,0.000027,]
[18,12,]   258   3.86386e-005   7.76442e-040   3.57528e-039   [-0.000029,0.000020,]
[19,12,]   259   1.90363e-005   9.61637e-040   4.39509e-039   [-0.000017,0.000017,]
[0,13,]   260   1.82913e-005   -7.48431e-040   4.66836e-039   [-0.000012,-0.000007,]
[1,13,]   261   3.78116e-005   -3.84912e-040   3.84855e-039   [-0.000028,-0.000013,]
[2,13,]   262   7.51911e-005   -5.03187e-040   3.11983e-039   [-0.000043,-0.000014,]
[3,13,]   263   0.000159656   -6.94628e-040   2.4822e-039   [-0.000047,-0.000006,]
[4,13,]   264   0.000396145   -1.9157e-040   1.93566e-039   [-0.000030,0.000004,]
[5,13,]   265   0.000960807   4.71717e-040   1.48021e-039   [-0.000014,0.000010,]
[6,13,]   266   0.00194821   9.50831e-040   1.11585e-039   [-0.000001,0.000011,]
[7,13,]   267   0.00318336   1.2174e-039   8.42583e-040   [0.000008,0.000011,]
[8,13,]   268   0.0042811   1.33075e-039   6.60403e-040   [0.000015,0.000008,]
[9,13,]   269   0.00493282   1.39341e-039   5.69313e-040   [0.000020,0.000003,]
[10,13,]   270   0.00501168   1.41074e-039   5.69313e-040   [0.000020,-0.000003,]
[11,13,]   271   0.00445754   1.36272e-039   6.60403e-040   [0.000015,-0.000008,]
[12,13,]   272   0.0033471   1.25241e-039   8.42583e-040   [0.000008,-0.000010,]
[13,13,]   273   0.00202659   9.81842e-040   1.11585e-039   [-0.000001,-0.000011,]
[14,13,]   274   0.000956424   4.84582e-040   1.48021e-039   [-0.000014,-0.000010,]
[15,13,]   275   0.000352637   -2.97098e-040   1.93566e-039   [-0.000034,-0.000004,]
[16,13,]   276   0.000115669   -1.36327e-039   2.4822e-039   [-0.000054,0.000009,]
[17,13,]   277   4.83801e-005   -1.27732e-039   3.11983e-039   [-0.000052,0.000019,]
[18,13,]   278   2.61648e-005   -3.97906e-041   3.84855e-039   [-0.000033,0.000017,]
[19,13,]   279   1.14978e-005   -2.64465e-040   4.66836e-039   [-0.000018,0.000016,]
[0,14,]   280   1.04476e-005   -1.73133e-039   5.03272e-039   [-0.000015,-0.000007,]
[1,14,]   281   2.29839e-005   -1.07977e-039   4.21291e-039   [-0.000031,-0.000011,]
[2,14,]   282   5.21515e-005   -1.03438e-039   3.48419e-039   [-0.000040,-0.000010,]
[3,14,]   283   0.000125911   -9.34973e-040   2.84656e-039   [-0.000037,-0.000004,]
[4,14,]   284   0.000323113   -3.98096e-040   2.30002e-039   [-0.000024,0.000002,]
[5,14,]   285   0.000770329   1.94238e-040   1.84457e-039   [-0.000011,0.000006,]
[6,14,]   286   0.0015465   6.26401e-040   1.48021e-039   [-0.000001,0.000007,]
[7,14,]   287   0.00255018   8.9018e-040   1.20694e-039   [0.000007,0.000007,]
[8,14,]   288   0.0034975   1.02547e-039   1.02476e-039   [0.000012,0.000005,]
[9,14,]   289   0.00408539   1.07861e-039   9.33673e-040   [0.000015,0.000002,]
[10,14,]   290   0.0041315   1.08562e-039   9.33673e-040   [0.000015,-0.000002,]
[11,14,]   291   0.003603   1.0463e-039   1.02476e-039   [0.000012,-0.000005,]
[12,14,]   292   0.0026479   9.16793e-040   1.20694e-039   [0.000007,-0.000007,]
[13,14,]   293   0.00159198   6.50666e-040   1.48021e-039   [-0.000001,-0.000007,]
[14,14,]   294   0.00076518   2.00593e-040   1.84457e-039   [-0.000011,-0.000006,]
[15,14,]   295   0.000294544   -4.81225e-040   2.30002e-039   [-0.000026,-0.000002,]
[16,14,]   296   9.80701e-005   -1.32512e-039   2.84656e-039   [-0.000043,0.000006,]
[17,14,]   297   3.50752e-005   -1.70732e-039   3.48419e-039   [-0.000048,0.000013,]
[18,14,]   298   1.54571e-005   -8.72497e-040   4.21291e-039   [-0.000034,0.000015,]
[19,14,]   299   5.99972e-006   -1.60203e-039   5.03272e-039   [-0.000019,0.000015,]
[0,15,]   300   5.01315e-006   -2.70971e-039   5.48817e-039   [-0.000018,-0.000006,]
[1,15,]   301   1.17083e-005   -1.78713e-039   4.66836e-039   [-0.000033,-0.000009,]
[2,15,]   302   2.94173e-005   -1.57322e-039   3.93964e-039   [-0.000036,-0.000007,]
[3,15,]   303   7.69205e-005   -1.29952e-039   3.30201e-039   [-0.000031,-0.000003,]
[4,15,]   304   0.000201486   -7.58002e-040   2.75547e-039   [-0.000020,0.000002,]
[5,15,]   305   0.000476907   -2.14003e-040   2.30002e-039   [-0.000009,0.000004,]
[6,15,]   306   0.000953187   1.94697e-040   1.93566e-039   [-0.000001,0.000005,]
[7,15,]   307   0.00157973   4.58189e-040   1.66239e-039   [0.000006,0.000005,]
[8,15,]   308   0.00218803   6.0402e-040   1.48021e-039   [0.000010,0.000003,]
[9,15,]   309   0.00257278   6.68546e-040   1.38912e-039   [0.000013,0.000001,]
[10,15,]   310   0.00259482   6.74348e-040   1.38912e-039   [0.000013,-0.000001,]
[11,15,]   311   0.00223834   6.19122e-040   1.48021e-039   [0.000010,-0.000003,]
[12,15,]   312   0.00162595   4.77659e-040   1.66239e-039   [0.000006,-0.000005,]
[13,15,]   313   0.000973927   2.12675e-040   1.93566e-039   [-0.000001,-0.000005,]
[14,15,]   314   0.000473082   -2.10771e-040   2.30002e-039   [-0.000009,-0.000004,]
[15,15,]   315   0.00018656   -8.19202e-040   2.75547e-039   [-0.000021,-0.000002,]
[16,15,]   316   6.27652e-005   -1.57037e-039   3.30201e-039   [-0.000035,0.000004,]
[17,15,]   317   2.07589e-005   -2.11665e-039   3.93964e-039   [-0.000043,0.000010,]
[18,15,]   318   7.84667e-006   -1.6641e-039   4.66836e-039   [-0.000033,0.000012,]
[19,15,]   319   2.69669e-006   -2.90471e-039   5.48817e-039   [-0.000019,0.000013,]
[0,16,]   320   2.01762e-006   -3.68836e-039   6.03471e-039   [-0.000019,-0.000006,]
[1,16,]   321   4.98129e-006   -2.52227e-039   5.2149e-039   [-0.000034,-0.000008,]
[2,16,]   322   1.35371e-005   -2.16666e-039   4.48618e-039   [-0.000033,-0.000006,]
[3,16,]   323   3.7328e-005   -1.78701e-039   3.84855e-039   [-0.000027,-0.000002,]
[4,16,]   324   9.91434e-005   -1.24407e-039   3.30201e-039   [-0.000017,0.000001,]
[5,16,]   325   0.000233949   -7.27003e-040   2.84656e-039   [-0.000008,0.000003,]
[6,16,]   326   0.000466583   -3.32849e-040   2.4822e-039   [-0.000001,0.000004,]
[7,16,]   327   0.000775627   -6.92283e-041   2.20893e-039   [0.000005,0.000003,]
[8,16,]   328   0.00108033   8.44588e-041   2.02675e-039   [0.000009,0.000002,]
[9,16,]   329   0.00127462   1.54226e-040   1.93566e-039   [0.000011,0.000001,]
[10,16,]   330   0.00128302   1.57838e-040   1.93566e-039   [0.000011,-0.000001,]
[11,16,]   331   0.00109945   9.42707e-041   2.02675e-039   [0.000009,-0.000002,]
[12,16,]   332   0.000792997   -5.6067e-041   2.20893e-039   [0.000005,-0.000003,]
[13,16,]   333   0.000473963   -3.20678e-040   2.4822e-039   [-0.000001,-0.000004,]
[14,16,]   334   0.000231784   -7.26709e-040   2.84656e-039   [-0.000008,-0.000003,]
[15,16,]   335   9.27896e-005   -1.29285e-039   3.30201e-039   [-0.000018,-0.000001,]
[16,16,]   336   3.14744e-005   -1.98509e-039   3.84855e-039   [-0.000030,0.000003,]
[17,16,]   337   9.97725e-006   -2.60004e-039   4.48618e-039   [-0.000038,0.000007,]
[18,16,]   338   3.38036e-006   -2.43069e-039   5.2149e-039   [-0.000032,0.000010,]
[19,16,]   339   1.04125e-006   -4.12404e-039   6.03471e-039   [-0.000018,0.000011,]
[0,17,]   340   6.79374e-007   -4.70432e-039   6.67234e-039   [-0.000020,-0.000005,]
[1,17,]   341   1.76457e-006   -3.31947e-039   5.85253e-039   [-0.000033,-0.000006,]
[2,17,]   342   5.09805e-006   -2.84842e-039   5.12381e-039   [-0.000030,-0.000004,]
[3,17,]   343   1.45971e-005   -2.39654e-039   4.48618e-039   [-0.000023,-0.000002,]
[4,17,]   344   3.91648e-005   -1.85252e-039   3.93964e-039   [-0.000015,0.000001,]
[5,17,]   345   9.23048e-005   -1.35247e-039   3.48419e-039   [-0.000007,0.000002,]
[6,17,]   346   0.000183897   -9.6745e-040   3.11983e-039   [-0.000001,0.000003,]
[7,17,]   347   0.000306306   -7.03539e-040   2.84656e-039   [0.000004,0.000003,]
[8,17,]   348   0.000428086   -5.44843e-040   2.66438e-039   [0.000008,0.000002,]
[9,17,]   349   0.000506033   -4.71222e-040   2.57329e-039   [0.000009,0.000001,]
[10,17,]   350   0.000508577   -4.69327e-040   2.57329e-039   [0.000009,-0.000001,]
[11,17,]   351   0.000433848   -5.39643e-040   2.66438e-039   [0.000007,-0.000002,]
[12,17,]   352   0.000311444   -6.9632e-040   2.84656e-039   [0.000004,-0.000002,]
[13,17,]   353   0.000185887   -9.6092e-040   3.11983e-039   [-0.000001,-0.000003,]
[14,17,]   354   9.13297e-005   -1.35496e-039   3.48419e-039   [-0.000007,-0.000002,]
[15,17,]   355   3.69413e-005   -1.89195e-039   3.93964e-039   [-0.000016,-0.000001,]
[16,17,]   356   1.26135e-005   -2.54632e-039   4.48618e-039   [-0.000026,0.000002,]
[17,17,]   357   3.90171e-006   -3.19238e-039   5.12381e-039   [-0.000034,0.000006,]
[18,17,]   358   1.22366e-006   -3.22485e-039   5.85253e-039   [-0.000030,0.000009,]
[19,17,]   359   3.43617e-007   -5.29119e-039   6.67234e-039   [-0.000018,0.000010,]
[0,18,]   360   1.91789e-007   -5.75846e-039   7.40106e-039   [-0.000021,-0.000000,]
[1,18,]   361   5.2114e-007   -4.16147e-039   6.58125e-039   [-0.000033,-0.000002,]
[2,18,]   362   1.57997e-006   -3.6073e-039   5.85253e-039   [-0.000027,-0.000001,]
[3,18,]   363   4.65193e-006   -3.12274e-039   5.2149e-039   [-0.000021,0.000001,]
[4,18,]   364   1.25804e-005   -2.59439e-039   4.66836e-039   [-0.000013,0.000003,]
[5,18,]   365   2.96437e-005   -2.11579e-039   4.21291e-039   [-0.000006,0.000004,]
[6,18,]   366   5.9031e-005   -1.74049e-039   3.84855e-039   [-0.000000,0.000005,]
[7,18,]   367   9.84561e-005   -1.47425e-039   3.57528e-039   [0.000004,0.000004,]
[8,18,]   368   0.000137893   -1.30595e-039   3.3931e-039   [0.000007,0.000004,]
[9,18,]   369   0.000163165   -1.22141e-039   3.30201e-039   [0.000008,0.000003,]
[10,18,]   370   0.000163768   -1.21192e-039   3.30201e-039   [0.000008,0.000002,]
[11,18,]   371   0.000139246   -1.27921e-039   3.3931e-039   [0.000007,0.000001,]
[12,18,]   372   9.9624e-005   -1.43531e-039   3.57528e-039   [0.000004,0.000001,]
[13,18,]   373   5.94047e-005   -1.69813e-039   3.84855e-039   [-0.000000,0.000000,]
[14,18,]   374   2.92862e-005   -2.0861e-039   4.21291e-039   [-0.000006,0.000001,]
[15,18,]   375   1.19355e-005   -2.61198e-039   4.66836e-039   [-0.000014,0.000002,]
[16,18,]   376   4.09813e-006   -3.2595e-039   5.2149e-039   [-0.000023,0.000004,]
[17,18,]   377   1.24947e-006   -3.95207e-039   5.85253e-039   [-0.000031,0.000007,]
[18,18,]   378   3.71104e-007   -4.16514e-039   6.58125e-039   [-0.000027,0.000011,]
[19,18,]   379   9.67452e-008   -6.55982e-039   7.40106e-039   [-0.000017,0.000013,]
[0,19,]   380   4.56645e-008   -8.4793e-039   8.22087e-039   [-0.000021,0.000005,]
[1,19,]   381   1.271e-007   -6.43538e-039   7.40106e-039   [-0.000034,0.000003,]
[2,19,]   382   4.02125e-007   -5.51194e-039   6.67234e-039   [-0.000026,0.000003,]
[3,19,]   383   1.22396e-006   -4.80158e-039   6.03471e-039   [-0.000019,0.000004,]
[4,19,]   384   3.36929e-006   -4.20077e-039   5.48817e-039   [-0.000012,0.000005,]
[5,19,]   385   7.99835e-006   -3.71502e-039   5.03272e-039   [-0.000005,0.000006,]
[6,19,]   386   1.59647e-005   -3.33963e-039   4.66836e-039   [-0.000000,0.000007,]
[7,19,]   387   2.66164e-005   -3.06457e-039   4.39509e-039   [0.000003,0.000006,]
[8,19,]   388   3.71765e-005   -2.88506e-039   4.21291e-039   [0.000006,0.000006,]
[9,19,]   389   4.37645e-005   -2.79921e-039   4.12182e-039   [0.000007,0.000005,]
[10,19,]   390   4.36156e-005   -2.80516e-039   4.12182e-039   [0.000007,0.000004,]
[11,19,]   391   3.68044e-005   -2.90005e-039   4.21291e-039   [0.000006,0.000004,]
[12,19,]   392   2.61773e-005   -3.08134e-039   4.39509e-039   [0.000003,0.000003,]
[13,19,]   393   1.55804e-005   -3.34893e-039   4.66836e-039   [-0.000000,0.000003,]
[14,19,]   394   7.71399e-006   -3.70664e-039   5.03272e-039   [-0.000006,0.000003,]
[15,19,]   395   3.1811e-006   -4.16373e-039   5.48817e-039   [-0.000012,0.000004,]
[16,19,]   396   1.11191e-006   -4.7348e-039   6.03471e-039   [-0.000020,0.000006,]
[17,19,]   397   3.43534e-007   -5.47177e-039   6.67234e-039   [-0.000027,0.000009,]
[18,19,]   398   1.00746e-007   -6.08127e-039   7.40106e-039   [-0.000023,0.000013,]
[19,19,]   399   2.55039e-008   -8.97469e-039   8.22087e-039   [-0.000014,0.000017,]
