coordinates  index   rho      Q      V    velocities 
[0,0,]   0   2.92277e-008   -8.78853e-039   8.22087e-039   [0.000029,-0.000003,]
[1,0,]   1   1.06564e-007   -6.11688e-039   7.40106e-039   [0.000026,-0.000003,]
[2,0,]   2   3.56965e-007   -5.45798e-039   6.67234e-039   [0.000027,-0.000001,]
[3,0,]   3   1.13741e-006   -4.73699e-039   6.03471e-039   [0.000020,0.000002,]
[4,0,]   4   3.22437e-006   -4.15466e-039   5.48817e-039   [0.000012,0.000003,]
[5,0,]   5   7.77853e-006   -3.69054e-039   5.03272e-039   [0.000006,0.000004,]
[6,0,]   6   1.56664e-005   -3.32894e-039   4.66836e-039   [0.000000,0.000005,]
[7,0,]   7   2.62774e-005   -3.05993e-039   4.39509e-039   [-0.000003,0.000004,]
[8,0,]   8   3.68969e-005   -2.87934e-039   4.21291e-039   [-0.000006,0.000004,]
[9,0,]   9   4.36677e-005   -2.78674e-039   4.12182e-039   [-0.000007,0.000003,]
[10,0,]   10   4.37545e-005   -2.78362e-039   4.12182e-039   [-0.000007,0.000002,]
[11,0,]   11   3.71133e-005   -2.87154e-039   4.21291e-039   [-0.000006,0.000002,]
[12,0,]   12   2.65318e-005   -3.05138e-039   4.39509e-039   [-0.000003,0.000001,]
[13,0,]   13   1.58872e-005   -3.32466e-039   4.66836e-039   [0.000000,0.000001,]
[14,0,]   14   7.93998e-006   -3.69605e-039   5.03272e-039   [0.000005,0.000001,]
[15,0,]   15   3.33007e-006   -4.17571e-039   5.48817e-039   [0.000012,0.000002,]
[16,0,]   16   1.19992e-006   -4.77318e-039   6.03471e-039   [0.000019,0.000004,]
[17,0,]   17   3.89513e-007   -5.47073e-039   6.67234e-039   [0.000026,0.000006,]
[18,0,]   18   1.20563e-007   -6.30002e-039   7.40106e-039   [0.000032,0.000008,]
[19,0,]   19   3.91837e-008   -8.55771e-039   8.22087e-039   [0.000031,0.000009,]
[0,1,]   20   1.158e-007   -6.257e-039   7.40106e-039   [0.000029,-0.000011,]
[1,1,]   21   4.05744e-007   -4.1187e-039   6.58125e-039   [0.000029,-0.000009,]
[2,1,]   22   1.32685e-006   -3.8464e-039   5.85253e-039   [0.000030,-0.000006,]
[3,1,]   23   4.22893e-006   -3.22218e-039   5.2149e-039   [0.000022,-0.000003,]
[4,1,]   24   1.21036e-005   -2.59939e-039   4.66836e-039   [0.000014,-0.000001,]
[5,1,]   25   2.94324e-005   -2.082e-039   4.21291e-039   [0.000006,0.000000,]
[6,1,]   26   5.94633e-005   -1.6958e-039   3.84855e-039   [0.000000,0.000001,]
[7,1,]   27   9.96007e-005   -1.43238e-039   3.57528e-039   [-0.000004,0.000001,]
[8,1,]   28   0.000139265   -1.27431e-039   3.3931e-039   [-0.000007,0.000000,]
[9,1,]   29   0.000163997   -1.2039e-039   3.30201e-039   [-0.000008,-0.000001,]
[10,1,]   30   0.000163654   -1.20946e-039   3.30201e-039   [-0.000008,-0.000002,]
[11,1,]   31   0.000138495   -1.28998e-039   3.3931e-039   [-0.000007,-0.000003,]
[12,1,]   32   9.8935e-005   -1.45518e-039   3.57528e-039   [-0.000004,-0.000003,]
[13,1,]   33   5.92482e-005   -1.72055e-039   3.84855e-039   [0.000000,-0.000004,]
[14,1,]   34   2.96328e-005   -2.09928e-039   4.21291e-039   [0.000006,-0.000003,]
[15,1,]   35   1.24679e-005   -2.58911e-039   4.66836e-039   [0.000013,-0.000002,]
[16,1,]   36   4.54226e-006   -3.14289e-039   5.2149e-039   [0.000021,-0.000000,]
[17,1,]   37   1.51405e-006   -3.64318e-039   5.85253e-039   [0.000028,0.000002,]
[18,1,]   38   4.88799e-007   -4.10088e-039   6.58125e-039   [0.000032,0.000004,]
[19,1,]   39   1.6546e-007   -5.83519e-039   7.40106e-039   [0.000029,0.000003,]
[0,2,]   40   4.09917e-007   -5.09489e-039   6.67234e-039   [0.000028,-0.000009,]
[1,2,]   41   1.34357e-006   -3.22788e-039   5.85253e-039   [0.000031,-0.000008,]
[2,2,]   42   4.17207e-006   -3.09488e-039   5.12381e-039   [0.000033,-0.000005,]
[3,2,]   43   1.30606e-005   -2.51354e-039   4.48618e-039   [0.000025,-0.000002,]
[4,2,]   44   3.74602e-005   -1.88359e-039   3.93964e-039   [0.000015,0.000001,]
[5,2,]   45   9.16221e-005   -1.35389e-039   3.48419e-039   [0.000007,0.000002,]
[6,2,]   46   0.000185618   -9.61328e-040   3.11983e-039   [0.000001,0.000003,]
[7,2,]   47   0.000310594   -6.96901e-040   2.84656e-039   [-0.000004,0.000002,]
[8,2,]   48   0.000432953   -5.39947e-040   2.66438e-039   [-0.000007,0.000002,]
[9,2,]   49   0.000508433   -4.69041e-040   2.57329e-039   [-0.000009,0.000001,]
[10,2,]   50   0.000506999   -4.70088e-040   2.57329e-039   [-0.000009,-0.000001,]
[11,2,]   51   0.000429703   -5.42836e-040   2.66438e-039   [-0.000008,-0.000002,]
[12,2,]   52   0.000307695   -7.00928e-040   2.84656e-039   [-0.000004,-0.000003,]
[13,2,]   53   0.000184493   -9.64979e-040   3.11983e-039   [0.000001,-0.000003,]
[14,2,]   54   9.2171e-005   -1.35246e-039   3.48419e-039   [0.000007,-0.000002,]
[15,2,]   55   3.8714e-005   -1.8613e-039   3.93964e-039   [0.000015,-0.000001,]
[16,2,]   56   1.41797e-005   -2.42903e-039   4.48618e-039   [0.000024,0.000002,]
[17,2,]   57   4.84795e-006   -2.8967e-039   5.12381e-039   [0.000031,0.000005,]
[18,2,]   58   1.64311e-006   -3.26943e-039   5.85253e-039   [0.000033,0.000007,]
[19,2,]   59   5.86004e-007   -4.79122e-039   6.67234e-039   [0.000028,0.000006,]
[0,3,]   60   1.23224e-006   -3.99392e-039   6.03471e-039   [0.000027,-0.000010,]
[1,3,]   61   3.72371e-006   -2.4438e-039   5.2149e-039   [0.000032,-0.000010,]
[2,3,]   62   1.07649e-005   -2.47734e-039   4.48618e-039   [0.000037,-0.000007,]
[3,3,]   63   3.27701e-005   -1.94108e-039   3.84855e-039   [0.000029,-0.000002,]
[4,3,]   64   9.42019e-005   -1.28441e-039   3.30201e-039   [0.000018,0.000001,]
[5,3,]   65   0.000232294   -7.28482e-040   2.84656e-039   [0.000008,0.000003,]
[6,3,]   66   0.000472434   -3.2439e-040   2.4822e-039   [0.000001,0.000004,]
[7,3,]   67   0.000789344   -5.9937e-041   2.20893e-039   [-0.000005,0.000003,]
[8,3,]   68   0.00109545   9.10338e-041   2.02675e-039   [-0.000009,0.000002,]
[9,3,]   69   0.00128138   1.56055e-040   1.93566e-039   [-0.000011,0.000001,]
[10,3,]   70   0.00127665   1.54025e-040   1.93566e-039   [-0.000011,-0.000001,]
[11,3,]   71   0.00108468   8.55713e-041   2.02675e-039   [-0.000009,-0.000002,]
[12,3,]   72   0.000779558   -6.72683e-041   2.20893e-039   [-0.000005,-0.000003,]
[13,3,]   73   0.000468275   -3.31174e-040   2.4822e-039   [0.000001,-0.000004,]
[14,3,]   74   0.000233512   -7.28583e-040   2.84656e-039   [0.000008,-0.000003,]
[15,3,]   75   9.77819e-005   -1.25685e-039   3.30201e-039   [0.000017,-0.000001,]
[16,3,]   76   3.60696e-005   -1.82963e-039   3.84855e-039   [0.000027,0.000002,]
[17,3,]   77   1.27754e-005   -2.23037e-039   4.48618e-039   [0.000034,0.000006,]
[18,3,]   78   4.61181e-006   -2.48315e-039   5.2149e-039   [0.000033,0.000008,]
[19,3,]   79   1.7464e-006   -3.76395e-039   6.03471e-039   [0.000027,0.000007,]
[0,4,]   80   3.14911e-006   -2.86655e-039   5.48817e-039   [0.000025,-0.000011,]
[1,4,]   81   8.65066e-006   -1.69603e-039   4.66836e-039   [0.000033,-0.000011,]
[2,4,]   82   2.26468e-005   -1.95731e-039   3.93964e-039   [0.000041,-0.000009,]
[3,4,]   83   6.59e-005   -1.50507e-039   3.30201e-039   [0.000035,-0.000003,]
[4,4,]   84   0.000189869   -8.08146e-040   2.75547e-039   [0.000021,0.000002,]
[5,4,]   85   0.000473955   -2.1231e-040   2.30002e-039   [0.000009,0.000004,]
[6,4,]   86   0.000969496   2.08888e-040   1.93566e-039   [0.000001,0.000005,]
[7,4,]   87   0.00161605   4.73671e-040   1.66239e-039   [-0.000006,0.000005,]
[8,4,]   88   0.00222761   6.16118e-040   1.48021e-039   [-0.000010,0.000003,]
[9,4,]   89   0.00259019   6.72704e-040   1.38912e-039   [-0.000013,0.000001,]
[10,4,]   90   0.00257777   6.69456e-040   1.38912e-039   [-0.000013,-0.000001,]
[11,4,]   91   0.00219924   6.07624e-040   1.48021e-039   [-0.000010,-0.000003,]
[12,4,]   92   0.00158998   4.62676e-040   1.66239e-039   [-0.000006,-0.000005,]
[13,4,]   93   0.000957793   1.98725e-040   1.93566e-039   [0.000001,-0.000005,]
[14,4,]   94   0.000476104   -2.1413e-040   2.30002e-039   [0.000009,-0.000004,]
[15,4,]   95   0.000198278   -7.7328e-040   2.75547e-039   [0.000020,-0.000002,]
[16,4,]   96   7.38762e-005   -1.35348e-039   3.30201e-039   [0.000032,0.000003,]
[17,4,]   97   2.75419e-005   -1.65012e-039   3.93964e-039   [0.000037,0.000008,]
[18,4,]   98   1.07984e-005   -1.75131e-039   4.66836e-039   [0.000033,0.000010,]
[19,4,]   99   4.3752e-006   -2.75832e-039   5.48817e-039   [0.000024,0.000008,]
[0,5,]   100   6.87203e-006   -1.6808e-039   5.03272e-039   [0.000023,-0.000012,]
[1,5,]   101   1.69657e-005   -9.44189e-040   4.21291e-039   [0.000033,-0.000014,]
[2,5,]   102   3.87065e-005   -1.50816e-039   3.48419e-039   [0.000046,-0.000013,]
[3,5,]   103   0.000104256   -1.22649e-039   2.84656e-039   [0.000042,-0.000005,]
[4,5,]   104   0.000300932   -4.6583e-040   2.30002e-039   [0.000026,0.000002,]
[5,5,]   105   0.0007663   1.96736e-040   1.84457e-039   [0.000011,0.000006,]
[6,5,]   106   0.00158206   6.45052e-040   1.48021e-039   [0.000001,0.000007,]
[7,5,]   107   0.00262671   9.11033e-040   1.20694e-039   [-0.000007,0.000007,]
[8,5,]   108   0.00358015   1.04096e-039   1.02476e-039   [-0.000012,0.000005,]
[9,5,]   109   0.00412173   1.08397e-039   9.33673e-040   [-0.000015,0.000002,]
[10,5,]   110   0.00409575   1.07945e-039   9.33673e-040   [-0.000015,-0.000002,]
[11,5,]   111   0.00352065   1.0288e-039   1.02476e-039   [-0.000012,-0.000005,]
[12,5,]   112   0.0025716   8.95839e-040   1.20694e-039   [-0.000007,-0.000007,]
[13,5,]   113   0.0015564   6.3121e-040   1.48021e-039   [0.000001,-0.000007,]
[14,5,]   114   0.000769187   1.92986e-040   1.84457e-039   [0.000011,-0.000006,]
[15,5,]   115   0.000317021   -4.18974e-040   2.30002e-039   [0.000025,-0.000002,]
[16,5,]   116   0.000119935   -1.00862e-039   2.84656e-039   [0.000039,0.000004,]
[17,5,]   117   4.83785e-005   -1.12916e-039   3.48419e-039   [0.000041,0.000011,]
[18,5,]   118   2.11601e-005   -1.04516e-039   4.21291e-039   [0.000032,0.000012,]
[19,5,]   119   9.23917e-006   -1.74515e-039   5.03272e-039   [0.000021,0.000008,]
[0,6,]   120   1.28536e-005   -4.4433e-040   4.66836e-039   [0.000020,-0.000014,]
[1,6,]   121   2.83961e-005   -1.6173e-040   3.84855e-039   [0.000031,-0.000016,]
[2,6,]   122   5.37977e-005   -1.07083e-039   3.11983e-039   [0.000050,-0.000018,]
[3,6,]   123   0.000125605   -1.17805e-039   2.4822e-039   [0.000053,-0.000009,]
[4,6,]   124   0.000362581   -2.95526e-040   1.93566e-039   [0.000033,0.000004,]
[5,6,]   125   0.000957483   4.78727e-040   1.48021e-039   [0.000014,0.000010,]
[6,6,]   126   0.00200942   9.74811e-040   1.11585e-039   [0.000001,0.000011,]
[7,6,]   127   0.0033116   1.24465e-039   8.42583e-040   [-0.000008,0.000010,]
[8,6,]   128   0.00442   1.35529e-039   6.60403e-040   [-0.000015,0.000008,]
[9,6,]   129   0.00499497   1.38812e-039   5.69313e-040   [-0.000020,0.000003,]
[10,6,]   130   0.00495145   1.37997e-039   5.69313e-040   [-0.000020,-0.000003,]
[11,6,]   131   0.00432095   1.33786e-039   6.60403e-040   [-0.000015,-0.000008,]
[12,6,]   132   0.00321943   1.22488e-039   8.42583e-040   [-0.000008,-0.000011,]
[13,6,]   133   0.00196531   9.57416e-040   1.11585e-039   [0.000001,-0.000011,]
[14,6,]   134   0.000959999   4.72694e-040   1.48021e-039   [0.000014,-0.000010,]
[15,6,]   135   0.000387132   -2.29937e-040   1.93566e-039   [0.000031,-0.000004,]
[16,6,]   136   0.000150307   -8.23006e-040   2.4822e-039   [0.000048,0.000007,]
[17,6,]   137   6.90406e-005   -6.24433e-040   3.11983e-039   [0.000045,0.000015,]
[18,6,]   138   3.48875e-005   -3.45437e-040   3.84855e-039   [0.000028,0.000014,]
[19,6,]   139   1.64961e-005   -7.13943e-040   4.66836e-039   [0.000017,0.000009,]
[0,7,]   140   2.06809e-005   7.63168e-040   4.39509e-039   [0.000016,-0.000014,]
[1,7,]   141   4.11854e-005   6.34849e-040   3.57528e-039   [0.000027,-0.000019,]
[2,7,]   142   6.19045e-005   -4.59098e-040   2.84656e-039   [0.000050,-0.000025,]
[3,7,]   143   0.000108279   -1.6327e-039   2.20893e-039   [0.000070,-0.000016,]
[4,7,]   144   0.000309414   -5.37924e-040   1.66239e-039   [0.000046,0.000008,]
[5,7,]   145   0.000887782   5.59359e-040   1.20694e-039   [0.000018,0.000018,]
[6,7,]   146   0.00192565   1.14738e-039   8.42583e-040   [0.000001,0.000020,]
[7,7,]   147   0.00312371   1.42944e-039   5.69313e-040   [-0.000010,0.000018,]
[8,7,]   148   0.00398341   1.51632e-039   3.87133e-040   [-0.000020,0.000014,]
[9,7,]   149   0.00430031   1.48511e-039   2.96043e-040   [-0.000027,0.000005,]
[10,7,]   150   0.00424453   1.47121e-039   2.96043e-040   [-0.000027,-0.000006,]
[11,7,]   151   0.00385467   1.49772e-039   3.87133e-040   [-0.000021,-0.000014,]
[12,7,]   152   0.0030027   1.40202e-039   5.69313e-040   [-0.000010,-0.000019,]
[13,7,]   153   0.00186608   1.12372e-039   8.42583e-040   [0.000002,-0.000020,]
[14,7,]   154   0.000887696   5.53025e-040   1.20694e-039   [0.000018,-0.000017,]
[15,7,]   155   0.000338375   -4.00241e-040   1.66239e-039   [0.000042,-0.000008,]
[16,7,]   156   0.000138222   -9.58697e-040   2.20893e-039   [0.000064,0.000012,]
[17,7,]   157   8.0359e-005   -2.38146e-041   2.84656e-039   [0.000046,0.000021,]
[18,7,]   158   4.88589e-005   3.52234e-040   3.57528e-039   [0.000023,0.000016,]
[19,7,]   159   2.50107e-005   3.21776e-040   4.39509e-039   [0.000011,0.000009,]
[0,8,]   160   2.87411e-005   1.75213e-039   4.21291e-039   [0.000011,-0.000014,]
[1,8,]   161   5.26855e-005   1.33544e-039   3.3931e-039   [0.000019,-0.000020,]
[2,8,]   162   6.24975e-005   6.89379e-040   2.66438e-039   [0.000042,-0.000035,]
[3,8,]   163   5.99224e-005   -3.79957e-039   2.02675e-039   [0.000098,-0.000031,]
[4,8,]   164   0.000160476   -2.1573e-039   1.48021e-039   [0.000073,0.000029,]
[5,8,]   165   0.000577755   3.11578e-041   1.02476e-039   [0.000022,0.000038,]
[6,8,]   166   0.00135184   8.91691e-040   6.60403e-040   [0.000001,0.000038,]
[7,8,]   167   0.00210944   1.20017e-039   3.87133e-040   [-0.000013,0.000037,]
[8,8,]   168   0.00238415   1.15631e-039   2.04953e-040   [-0.000029,0.000033,]
[9,8,]   169   0.0022479   1.05064e-039   1.13863e-040   [-0.000044,0.000022,]
[10,8,]   170   0.00219656   1.02728e-039   1.13863e-040   [-0.000044,-0.000007,]
[11,8,]   171   0.00224945   9.91802e-040   2.04953e-040   [-0.000029,-0.000033,]
[12,8,]   172   0.00198707   1.06381e-039   3.87133e-040   [-0.000013,-0.000039,]
[13,8,]   173   0.00129002   7.87035e-040   6.60403e-040   [0.000002,-0.000039,]
[14,8,]   174   0.000571228   -7.71385e-041   1.02476e-039   [0.000023,-0.000036,]
[15,8,]   175   0.000183858   -1.68853e-039   1.48021e-039   [0.000066,-0.000014,]
[16,8,]   176   8.56457e-005   -1.90741e-039   2.02675e-039   [0.000090,0.000033,]
[17,8,]   177   7.80834e-005   8.41687e-040   2.66438e-039   [0.000039,0.000029,]
[18,8,]   178   5.90488e-005   1.03124e-039   3.3931e-039   [0.000014,0.000018,]
[19,8,]   179   3.23919e-005   1.30108e-039   4.21291e-039   [0.000005,0.000010,]
[0,9,]   180   3.46439e-005   2.26422e-039   4.12182e-039   [0.000006,-0.000013,]
[1,9,]   181   6.02428e-005   1.66831e-039   3.30201e-039   [0.000007,-0.000021,]
[2,9,]   182   6.18091e-005   2.13709e-039   2.57329e-039   [0.000022,-0.000041,]
[3,9,]   183   2.30727e-005   -1.00741e-038   1.93566e-039   [0.000109,-0.000100,]
[4,9,]   184   3.3425e-005   -1.85566e-038   1.38912e-039   [0.000131,0.000122,]
[5,9,]   185   0.000281986   -2.5924e-039   9.33673e-040   [0.000008,0.000085,]
[6,9,]   186   0.000775672   -5.952e-040   5.69313e-040   [-0.000001,0.000074,]
[7,9,]   187   0.00110214   -5.49041e-040   2.96043e-040   [-0.000009,0.000079,]
[8,9,]   188   0.000876501   -2.53471e-039   1.13863e-040   [-0.000021,0.000101,]
[9,9,]   189   0.000408638   -1.06711e-038   2.27725e-041   [-0.000093,0.000111,]
[10,9,]   190   0.000383826   -1.16543e-038   2.27725e-041   [-0.000108,-0.000096,]
[11,9,]   191   0.000810917   -3.23956e-039   1.13863e-040   [-0.000037,-0.000101,]
[12,9,]   192   0.00104943   -7.59901e-040   2.96043e-040   [-0.000009,-0.000080,]
[13,9,]   193   0.000748628   -7.4763e-040   5.69313e-040   [0.000003,-0.000074,]
[14,9,]   194   0.000276658   -2.92123e-039   9.33673e-040   [0.000024,-0.000084,]
[15,9,]   195   4.14593e-005   -1.5144e-038   1.38912e-039   [0.000128,-0.000106,]
[16,9,]   196   3.31471e-005   -6.034e-039   1.93566e-039   [0.000082,0.000104,]
[17,9,]   197   6.76383e-005   1.87028e-039   2.57329e-039   [0.000013,0.000038,]
[18,9,]   198   6.27457e-005   1.54323e-039   3.30201e-039   [0.000004,0.000020,]
[19,9,]   199   3.61117e-005   2.0755e-039   4.12182e-039   [-0.000001,0.000011,]
[0,10,]   200   3.60333e-005   2.07518e-039   4.12182e-039   [0.000000,-0.000011,]
[1,10,]   201   6.27068e-005   1.54375e-039   3.30201e-039   [-0.000004,-0.000020,]
[2,10,]   202   6.76384e-005   1.87212e-039   2.57329e-039   [-0.000013,-0.000038,]
[3,10,]   203   3.31471e-005   -6.034e-039   1.93566e-039   [-0.000082,-0.000104,]
[4,10,]   204   4.14593e-005   -1.5144e-038   1.38912e-039   [-0.000128,0.000106,]
[5,10,]   205   0.000276658   -2.92123e-039   9.33673e-040   [-0.000024,0.000084,]
[6,10,]   206   0.000748628   -7.4763e-040   5.69313e-040   [-0.000003,0.000074,]
[7,10,]   207   0.00104943   -7.59901e-040   2.96043e-040   [0.000009,0.000080,]
[8,10,]   208   0.000810917   -3.23956e-039   1.13863e-040   [0.000037,0.000101,]
[9,10,]   209   0.000383826   -1.16543e-038   2.27725e-041   [0.000108,0.000096,]
[10,10,]   210   0.000408638   -1.06711e-038   2.27725e-041   [0.000093,-0.000111,]
[11,10,]   211   0.000876501   -2.53471e-039   1.13863e-040   [0.000021,-0.000101,]
[12,10,]   212   0.00110214   -5.49041e-040   2.96043e-040   [0.000009,-0.000079,]
[13,10,]   213   0.000775672   -5.952e-040   5.69313e-040   [0.000001,-0.000074,]
[14,10,]   214   0.000281986   -2.5924e-039   9.33673e-040   [-0.000008,-0.000085,]
[15,10,]   215   3.3425e-005   -1.85566e-038   1.38912e-039   [-0.000131,-0.000122,]
[16,10,]   216   2.30727e-005   -1.00742e-038   1.93566e-039   [-0.000109,0.000100,]
[17,10,]   217   6.18095e-005   2.13512e-039   2.57329e-039   [-0.000022,0.000041,]
[18,10,]   218   6.02834e-005   1.66785e-039   3.30201e-039   [-0.000007,0.000021,]
[19,10,]   219   3.47238e-005   2.26443e-039   4.12182e-039   [-0.000007,0.000013,]
[0,11,]   220   3.23679e-005   1.30121e-039   4.21291e-039   [-0.000005,-0.000010,]
[1,11,]   221   5.90374e-005   1.03169e-039   3.3931e-039   [-0.000014,-0.000018,]
[2,11,]   222   7.80835e-005   8.4223e-040   2.66438e-039   [-0.000039,-0.000029,]
[3,11,]   223   8.56457e-005   -1.90742e-039   2.02675e-039   [-0.000090,-0.000033,]
[4,11,]   224   0.000183858   -1.68853e-039   1.48021e-039   [-0.000066,0.000014,]
[5,11,]   225   0.000571228   -7.71386e-041   1.02476e-039   [-0.000023,0.000036,]
[6,11,]   226   0.00129002   7.87035e-040   6.60403e-040   [-0.000002,0.000039,]
[7,11,]   227   0.00198707   1.06381e-039   3.87133e-040   [0.000013,0.000039,]
[8,11,]   228   0.00224945   9.91802e-040   2.04953e-040   [0.000029,0.000033,]
[9,11,]   229   0.00219656   1.02728e-039   1.13863e-040   [0.000044,0.000007,]
[10,11,]   230   0.0022479   1.05064e-039   1.13863e-040   [0.000044,-0.000022,]
[11,11,]   231   0.00238415   1.15631e-039   2.04953e-040   [0.000029,-0.000033,]
[12,11,]   232   0.00210944   1.20017e-039   3.87133e-040   [0.000013,-0.000037,]
[13,11,]   233   0.00135184   8.91691e-040   6.60403e-040   [-0.000001,-0.000038,]
[14,11,]   234   0.000577755   3.11579e-041   1.02476e-039   [-0.000022,-0.000038,]
[15,11,]   235   0.000160476   -2.1573e-039   1.48021e-039   [-0.000073,-0.000029,]
[16,11,]   236   5.99224e-005   -3.79958e-039   2.02675e-039   [-0.000098,0.000031,]
[17,11,]   237   6.24978e-005   6.88617e-040   2.66438e-039   [-0.000042,0.000035,]
[18,11,]   238   5.27009e-005   1.33504e-039   3.3931e-039   [-0.000019,0.000020,]
[19,11,]   239   2.87705e-005   1.75184e-039   4.21291e-039   [-0.000012,0.000014,]
[0,12,]   240   2.50432e-005   3.22501e-040   4.39509e-039   [-0.000010,-0.000009,]
[1,12,]   241   4.8875e-005   3.5202e-040   3.57528e-039   [-0.000023,-0.000016,]
[2,12,]   242   8.03586e-005   -2.4622e-041   2.84656e-039   [-0.000046,-0.000021,]
[3,12,]   243   0.000138222   -9.58687e-040   2.20893e-039   [-0.000064,-0.000012,]
[4,12,]   244   0.000338375   -4.00242e-040   1.66239e-039   [-0.000042,0.000008,]
[5,12,]   245   0.000887696   5.53025e-040   1.20694e-039   [-0.000018,0.000017,]
[6,12,]   246   0.00186608   1.12372e-039   8.42583e-040   [-0.000002,0.000020,]
[7,12,]   247   0.0030027   1.40202e-039   5.69313e-040   [0.000010,0.000019,]
[8,12,]   248   0.00385467   1.49772e-039   3.87133e-040   [0.000021,0.000014,]
[9,12,]   249   0.00424453   1.47121e-039   2.96043e-040   [0.000027,0.000006,]
[10,12,]   250   0.00430031   1.48511e-039   2.96043e-040   [0.000027,-0.000005,]
[11,12,]   251   0.00398341   1.51632e-039   3.87133e-040   [0.000020,-0.000014,]
[12,12,]   252   0.00312371   1.42944e-039   5.69313e-040   [0.000010,-0.000018,]
[13,12,]   253   0.00192565   1.14738e-039   8.42583e-040   [-0.000001,-0.000020,]
[14,12,]   254   0.000887782   5.59359e-040   1.20694e-039   [-0.000018,-0.000018,]
[15,12,]   255   0.000309414   -5.37924e-040   1.66239e-039   [-0.000046,-0.000008,]
[16,12,]   256   0.000108279   -1.63269e-039   2.20893e-039   [-0.000070,0.000016,]
[17,12,]   257   6.19041e-005   -4.5845e-040   2.84656e-039   [-0.000050,0.000025,]
[18,12,]   258   4.1174e-005   6.34993e-040   3.57528e-039   [-0.000027,0.000019,]
[19,12,]   259   2.06585e-005   7.62592e-040   4.39509e-039   [-0.000015,0.000014,]
[0,13,]   260   1.65524e-005   -7.12245e-040   4.66836e-039   [-0.000014,-0.000008,]
[1,13,]   261   3.49147e-005   -3.467e-040   3.84855e-039   [-0.000028,-0.000014,]
[2,13,]   262   6.90398e-005   -6.26207e-040   3.11983e-039   [-0.000045,-0.000015,]
[3,13,]   263   0.000150307   -8.22982e-040   2.4822e-039   [-0.000048,-0.000007,]
[4,13,]   264   0.000387132   -2.29938e-040   1.93566e-039   [-0.000031,0.000004,]
[5,13,]   265   0.000959999   4.72694e-040   1.48021e-039   [-0.000014,0.000010,]
[6,13,]   266   0.00196531   9.57416e-040   1.11585e-039   [-0.000001,0.000011,]
[7,13,]   267   0.00321943   1.22488e-039   8.42583e-040   [0.000008,0.000011,]
[8,13,]   268   0.00432095   1.33786e-039   6.60403e-040   [0.000015,0.000008,]
[9,13,]   269   0.00495145   1.37997e-039   5.69313e-040   [0.000020,0.000003,]
[10,13,]   270   0.00499497   1.38812e-039   5.69313e-040   [0.000020,-0.000003,]
[11,13,]   271   0.00442   1.35529e-039   6.60403e-040   [0.000015,-0.000008,]
[12,13,]   272   0.0033116   1.24465e-039   8.42583e-040   [0.000008,-0.000010,]
[13,13,]   273   0.00200942   9.74811e-040   1.11585e-039   [-0.000001,-0.000011,]
[14,13,]   274   0.000957483   4.78727e-040   1.48021e-039   [-0.000014,-0.000010,]
[15,13,]   275   0.000362581   -2.95525e-040   1.93566e-039   [-0.000033,-0.000004,]
[16,13,]   276   0.000125605   -1.17802e-039   2.4822e-039   [-0.000053,0.000009,]
[17,13,]   277   5.37968e-005   -1.06915e-039   3.11983e-039   [-0.000050,0.000018,]
[18,13,]   278   2.83729e-005   -1.60697e-040   3.84855e-039   [-0.000031,0.000016,]
[19,13,]   279   1.2809e-005   -4.46053e-040   4.66836e-039   [-0.000018,0.000014,]
[0,14,]   280   9.28787e-006   -1.74241e-039   5.03272e-039   [-0.000018,-0.000008,]
[1,14,]   281   2.11834e-005   -1.04762e-039   4.21291e-039   [-0.000032,-0.000012,]
[2,14,]   282   4.83777e-005   -1.13151e-039   3.48419e-039   [-0.000041,-0.000011,]
[3,14,]   283   0.000119935   -1.00859e-039   2.84656e-039   [-0.000039,-0.000004,]
[4,14,]   284   0.000317021   -4.18976e-040   2.30002e-039   [-0.000025,0.000002,]
[5,14,]   285   0.000769187   1.92986e-040   1.84457e-039   [-0.000011,0.000006,]
[6,14,]   286   0.0015564   6.3121e-040   1.48021e-039   [-0.000001,0.000007,]
[7,14,]   287   0.0025716   8.95839e-040   1.20694e-039   [0.000007,0.000007,]
[8,14,]   288   0.00352065   1.0288e-039   1.02476e-039   [0.000012,0.000005,]
[9,14,]   289   0.00409575   1.07945e-039   9.33673e-040   [0.000015,0.000002,]
[10,14,]   290   0.00412173   1.08397e-039   9.33673e-040   [0.000015,-0.000002,]
[11,14,]   291   0.00358015   1.04096e-039   1.02476e-039   [0.000012,-0.000005,]
[12,14,]   292   0.00262671   9.11033e-040   1.20694e-039   [0.000007,-0.000007,]
[13,14,]   293   0.00158206   6.45051e-040   1.48021e-039   [-0.000001,-0.000007,]
[14,14,]   294   0.0007663   1.96736e-040   1.84457e-039   [-0.000011,-0.000006,]
[15,14,]   295   0.000300932   -4.65829e-040   2.30002e-039   [-0.000026,-0.000002,]
[16,14,]   296   0.000104256   -1.22644e-039   2.84656e-039   [-0.000042,0.000005,]
[17,14,]   297   3.87056e-005   -1.50589e-039   3.48419e-039   [-0.000046,0.000013,]
[18,14,]   298   1.6945e-005   -9.41977e-040   4.21291e-039   [-0.000033,0.000014,]
[19,14,]   299   6.8328e-006   -1.68429e-039   5.03272e-039   [-0.000019,0.000013,]
[0,15,]   300   4.40498e-006   -2.75438e-039   5.48817e-039   [-0.000020,-0.000008,]
[1,15,]   301   1.08125e-005   -1.75488e-039   4.66836e-039   [-0.000033,-0.000010,]
[2,15,]   302   2.75413e-005   -1.65278e-039   3.93964e-039   [-0.000037,-0.000008,]
[3,15,]   303   7.38762e-005   -1.35344e-039   3.30201e-039   [-0.000032,-0.000003,]
[4,15,]   304   0.000198278   -7.73281e-040   2.75547e-039   [-0.000020,0.000002,]
[5,15,]   305   0.000476104   -2.1413e-040   2.30002e-039   [-0.000009,0.000004,]
[6,15,]   306   0.000957794   1.98726e-040   1.93566e-039   [-0.000001,0.000005,]
[7,15,]   307   0.00158998   4.62676e-040   1.66239e-039   [0.000006,0.000005,]
[8,15,]   308   0.00219924   6.07624e-040   1.48021e-039   [0.000010,0.000003,]
[9,15,]   309   0.00257777   6.69457e-040   1.38912e-039   [0.000013,0.000001,]
[10,15,]   310   0.00259019   6.72704e-040   1.38912e-039   [0.000013,-0.000001,]
[11,15,]   311   0.00222761   6.16118e-040   1.48021e-039   [0.000010,-0.000003,]
[12,15,]   312   0.00161605   4.73671e-040   1.66239e-039   [0.000006,-0.000005,]
[13,15,]   313   0.000969497   2.08888e-040   1.93566e-039   [-0.000001,-0.000005,]
[14,15,]   314   0.000473956   -2.1231e-040   2.30002e-039   [-0.000009,-0.000004,]
[15,15,]   315   0.000189869   -8.08144e-040   2.75547e-039   [-0.000021,-0.000002,]
[16,15,]   316   6.59e-005   -1.50502e-039   3.30201e-039   [-0.000035,0.000003,]
[17,15,]   317   2.26462e-005   -1.95475e-039   3.93964e-039   [-0.000041,0.000009,]
[18,15,]   318   8.63792e-006   -1.69258e-039   4.66836e-039   [-0.000033,0.000011,]
[19,15,]   319   3.12507e-006   -2.87214e-039   5.48817e-039   [-0.000021,0.000011,]
[0,16,]   320   1.76046e-006   -3.75866e-039   6.03471e-039   [-0.000022,-0.000007,]
[1,16,]   321   4.61844e-006   -2.48763e-039   5.2149e-039   [-0.000033,-0.000008,]
[2,16,]   322   1.27751e-005   -2.23318e-039   4.48618e-039   [-0.000034,-0.000006,]
[3,16,]   323   3.60696e-005   -1.82957e-039   3.84855e-039   [-0.000027,-0.000002,]
[4,16,]   324   9.7782e-005   -1.25685e-039   3.30201e-039   [-0.000017,0.000001,]
[5,16,]   325   0.000233512   -7.28581e-040   2.84656e-039   [-0.000008,0.000003,]
[6,16,]   326   0.000468275   -3.31173e-040   2.4822e-039   [-0.000001,0.000004,]
[7,16,]   327   0.000779558   -6.72668e-041   2.20893e-039   [0.000005,0.000003,]
[8,16,]   328   0.00108468   8.55736e-041   2.02675e-039   [0.000009,0.000002,]
[9,16,]   329   0.00127665   1.54029e-040   1.93566e-039   [0.000011,0.000001,]
[10,16,]   330   0.00128138   1.5606e-040   1.93566e-039   [0.000011,-0.000001,]
[11,16,]   331   0.00109545   9.104e-041   2.02675e-039   [0.000009,-0.000002,]
[12,16,]   332   0.000789345   -5.99298e-041   2.20893e-039   [0.000005,-0.000003,]
[13,16,]   333   0.000472434   -3.24383e-040   2.4822e-039   [-0.000001,-0.000004,]
[14,16,]   334   0.000232294   -7.28476e-040   2.84656e-039   [-0.000008,-0.000003,]
[15,16,]   335   9.4202e-005   -1.2844e-039   3.30201e-039   [-0.000018,-0.000001,]
[16,16,]   336   3.27701e-005   -1.94102e-039   3.84855e-039   [-0.000029,0.000002,]
[17,16,]   337   1.07646e-005   -2.47467e-039   4.48618e-039   [-0.000037,0.000007,]
[18,16,]   338   3.71767e-006   -2.43924e-039   5.2149e-039   [-0.000032,0.000010,]
[19,16,]   339   1.2209e-006   -4.00168e-039   6.03471e-039   [-0.000021,0.000010,]
[0,17,]   340   5.91316e-007   -4.7819e-039   6.67234e-039   [-0.000023,-0.000006,]
[1,17,]   341   1.6456e-006   -3.27236e-039   5.85253e-039   [-0.000033,-0.000007,]
[2,17,]   342   4.8478e-006   -2.89751e-039   5.12381e-039   [-0.000031,-0.000005,]
[3,17,]   343   1.41796e-005   -2.42703e-039   4.48618e-039   [-0.000024,-0.000002,]
[4,17,]   344   3.8714e-005   -1.85937e-039   3.93964e-039   [-0.000015,0.000001,]
[5,17,]   345   9.2171e-005   -1.35052e-039   3.48419e-039   [-0.000007,0.000002,]
[6,17,]   346   0.000184493   -9.63022e-040   3.11983e-039   [-0.000001,0.000003,]
[7,17,]   347   0.000307695   -6.98975e-040   2.84656e-039   [0.000004,0.000003,]
[8,17,]   348   0.000429703   -5.40899e-040   2.66438e-039   [0.000008,0.000002,]
[9,17,]   349   0.000506998   -4.68165e-040   2.57329e-039   [0.000009,0.000001,]
[10,17,]   350   0.000508433   -4.67121e-040   2.57329e-039   [0.000009,-0.000001,]
[11,17,]   351   0.000432952   -5.38018e-040   2.66438e-039   [0.000007,-0.000002,]
[12,17,]   352   0.000310594   -6.9496e-040   2.84656e-039   [0.000004,-0.000003,]
[13,17,]   353   0.000185617   -9.59383e-040   3.11983e-039   [-0.000001,-0.000003,]
[14,17,]   354   9.16219e-005   -1.35196e-039   3.48419e-039   [-0.000007,-0.000002,]
[15,17,]   355   3.74602e-005   -1.88167e-039   3.93964e-039   [-0.000015,-0.000001,]
[16,17,]   356   1.30606e-005   -2.51152e-039   4.48618e-039   [-0.000025,0.000002,]
[17,17,]   357   4.17194e-006   -3.09003e-039   5.12381e-039   [-0.000033,0.000005,]
[18,17,]   358   1.34128e-006   -3.21994e-039   5.85253e-039   [-0.000031,0.000008,]
[19,17,]   359   4.05623e-007   -5.10192e-039   6.67234e-039   [-0.000021,0.000009,]
[0,18,]   360   1.66823e-007   -5.82283e-039   7.40106e-039   [-0.000023,-0.000003,]
[1,18,]   361   4.88868e-007   -4.10064e-039   6.58125e-039   [-0.000032,-0.000004,]
[2,18,]   362   1.51211e-006   -3.64028e-039   5.85253e-039   [-0.000028,-0.000002,]
[3,18,]   363   4.53707e-006   -3.13724e-039   5.2149e-039   [-0.000021,0.000000,]
[4,18,]   364   1.2454e-005   -2.58361e-039   4.66836e-039   [-0.000013,0.000002,]
[5,18,]   365   2.95995e-005   -2.0938e-039   4.21291e-039   [-0.000006,0.000003,]
[6,18,]   366   5.91812e-005   -1.71508e-039   3.84855e-039   [-0.000000,0.000004,]
[7,18,]   367   9.88234e-005   -1.44972e-039   3.57528e-039   [0.000004,0.000003,]
[8,18,]   368   0.00013834   -1.28454e-039   3.3931e-039   [0.000007,0.000003,]
[9,18,]   369   0.000163472   -1.20404e-039   3.30201e-039   [0.000008,0.000002,]
[10,18,]   370   0.000163814   -1.19846e-039   3.30201e-039   [0.000008,0.000001,]
[11,18,]   371   0.000139108   -1.26885e-039   3.3931e-039   [0.000007,-0.000000,]
[12,18,]   372   9.94877e-005   -1.4269e-039   3.57528e-039   [0.000004,-0.000001,]
[13,18,]   373   5.93957e-005   -1.6903e-039   3.84855e-039   [-0.000000,-0.000001,]
[14,18,]   374   2.93992e-005   -2.0765e-039   4.21291e-039   [-0.000006,-0.000000,]
[15,18,]   375   1.20902e-005   -2.59388e-039   4.66836e-039   [-0.000014,0.000001,]
[16,18,]   376   4.22417e-006   -3.21652e-039   5.2149e-039   [-0.000022,0.000003,]
[17,18,]   377   1.32517e-006   -3.83783e-039   5.85253e-039   [-0.000030,0.000006,]
[18,18,]   378   4.04449e-007   -4.10546e-039   6.58125e-039   [-0.000029,0.000009,]
[19,18,]   379   1.14271e-007   -6.25895e-039   7.40106e-039   [-0.000021,0.000011,]
[0,19,]   380   3.91315e-008   -8.56817e-039   8.22087e-039   [-0.000023,0.000000,]
[1,19,]   381   1.1942e-007   -6.31934e-039   7.40106e-039   [-0.000032,-0.000001,]
[2,19,]   382   3.85776e-007   -5.47933e-039   6.67234e-039   [-0.000026,0.000000,]
[3,19,]   383   1.18963e-006   -4.77424e-039   6.03471e-039   [-0.000019,0.000002,]
[4,19,]   384   3.3023e-006   -4.17647e-039   5.48817e-039   [-0.000012,0.000003,]
[5,19,]   385   7.87331e-006   -3.69748e-039   5.03272e-039   [-0.000005,0.000004,]
[6,19,]   386   1.5753e-005   -3.32648e-039   4.66836e-039   [-0.000000,0.000004,]
[7,19,]   387   2.63084e-005   -3.05311e-039   4.39509e-039   [0.000003,0.000004,]
[8,19,]   388   3.68035e-005   -2.87293e-039   4.21291e-039   [0.000006,0.000004,]
[9,19,]   389   4.33911e-005   -2.78476e-039   4.12182e-039   [0.000007,0.000003,]
[10,19,]   390   4.33039e-005   -2.78792e-039   4.12182e-039   [0.000007,0.000002,]
[11,19,]   391   3.6586e-005   -2.88085e-039   4.21291e-039   [0.000006,0.000002,]
[12,19,]   392   2.60533e-005   -3.06181e-039   4.39509e-039   [0.000003,0.000001,]
[13,19,]   393   1.55323e-005   -3.33088e-039   4.66836e-039   [-0.000000,0.000001,]
[14,19,]   394   7.71263e-006   -3.69195e-039   5.03272e-039   [-0.000006,0.000001,]
[15,19,]   395   3.19756e-006   -4.15506e-039   5.48817e-039   [-0.000012,0.000002,]
[16,19,]   396   1.12787e-006   -4.73708e-039   6.03471e-039   [-0.000020,0.000004,]
[17,19,]   397   3.53648e-007   -5.45844e-039   6.67234e-039   [-0.000027,0.000007,]
[18,19,]   398   1.05155e-007   -6.12062e-039   7.40106e-039   [-0.000026,0.000010,]
[19,19,]   399   2.84117e-008   -8.83747e-039   8.22087e-039   [-0.000020,0.000012,]
