coordinates  index   rho      Q      V    velocities 
[0,0,]   0   2.79134e-008   -8.81286e-039   8.22087e-039   [0.000031,-0.000001,]
[1,0,]   1   1.05022e-007   -6.07003e-039   7.40106e-039   [0.000024,-0.000000,]
[2,0,]   2   3.53621e-007   -5.47048e-039   6.67234e-039   [0.000027,0.000002,]
[3,0,]   3   1.14085e-006   -4.73505e-039   6.03471e-039   [0.000020,0.000004,]
[4,0,]   4   3.26243e-006   -4.16162e-039   5.48817e-039   [0.000012,0.000005,]
[5,0,]   5   7.91382e-006   -3.70087e-039   5.03272e-039   [0.000006,0.000006,]
[6,0,]   6   1.59868e-005   -3.34132e-039   4.66836e-039   [0.000000,0.000007,]
[7,0,]   7   2.68557e-005   -3.07382e-039   4.39509e-039   [-0.000003,0.000006,]
[8,0,]   8   3.77436e-005   -2.8937e-039   4.21291e-039   [-0.000006,0.000006,]
[9,0,]   9   4.47117e-005   -2.79997e-039   4.12182e-039   [-0.000007,0.000005,]
[10,0,]   10   4.48555e-005   -2.79437e-039   4.12182e-039   [-0.000007,0.000004,]
[11,0,]   11   3.81038e-005   -2.87964e-039   4.21291e-039   [-0.000006,0.000004,]
[12,0,]   12   2.72833e-005   -3.05824e-039   4.39509e-039   [-0.000003,0.000003,]
[13,0,]   13   1.63648e-005   -3.33294e-039   4.66836e-039   [0.000000,0.000003,]
[14,0,]   14   8.19712e-006   -3.70913e-039   5.03272e-039   [0.000005,0.000003,]
[15,0,]   15   3.45222e-006   -4.19616e-039   5.48817e-039   [0.000012,0.000004,]
[16,0,]   16   1.25471e-006   -4.7954e-039   6.03471e-039   [0.000019,0.000006,]
[17,0,]   17   4.13305e-007   -5.48202e-039   6.67234e-039   [0.000026,0.000008,]
[18,0,]   18   1.30434e-007   -6.37134e-039   7.40106e-039   [0.000033,0.000010,]
[19,0,]   19   4.55728e-008   -8.45107e-039   8.22087e-039   [0.000035,0.000011,]
[0,1,]   20   1.01693e-007   -6.53028e-039   7.40106e-039   [0.000031,-0.000013,]
[1,1,]   21   3.76252e-007   -4.20154e-039   6.58125e-039   [0.000028,-0.000011,]
[2,1,]   22   1.25762e-006   -3.97222e-039   5.85253e-039   [0.000031,-0.000007,]
[3,1,]   23   4.11759e-006   -3.27461e-039   5.2149e-039   [0.000023,-0.000004,]
[4,1,]   24   1.1983e-005   -2.62749e-039   4.66836e-039   [0.000014,-0.000002,]
[5,1,]   25   2.93934e-005   -2.10186e-039   4.21291e-039   [0.000006,-0.000001,]
[6,1,]   26   5.96143e-005   -1.71395e-039   3.84855e-039   [0.000000,-0.000000,]
[7,1,]   27   9.99695e-005   -1.45106e-039   3.57528e-039   [-0.000004,-0.000000,]
[8,1,]   28   0.000139726   -1.2948e-039   3.3931e-039   [-0.000007,-0.000001,]
[9,1,]   29   0.000164336   -1.22733e-039   3.30201e-039   [-0.000008,-0.000002,]
[10,1,]   30   0.00016374   -1.23664e-039   3.30201e-039   [-0.000008,-0.000003,]
[11,1,]   31   0.000138388   -1.32103e-039   3.3931e-039   [-0.000007,-0.000004,]
[12,1,]   32   9.8814e-005   -1.48925e-039   3.57528e-039   [-0.000004,-0.000004,]
[13,1,]   33   5.92433e-005   -1.75549e-039   3.84855e-039   [0.000000,-0.000005,]
[14,1,]   34   2.97448e-005   -2.13096e-039   4.21291e-039   [0.000006,-0.000004,]
[15,1,]   35   1.26187e-005   -2.6101e-039   4.66836e-039   [0.000013,-0.000003,]
[16,1,]   36   4.66369e-006   -3.14e-039   5.2149e-039   [0.000021,-0.000001,]
[17,1,]   37   1.58355e-006   -3.61627e-039   5.85253e-039   [0.000027,0.000001,]
[18,1,]   38   5.19688e-007   -4.15865e-039   6.58125e-039   [0.000032,0.000002,]
[19,1,]   39   1.863e-007   -5.7944e-039   7.40106e-039   [0.000032,0.000000,]
[0,2,]   40   3.58028e-007   -5.25612e-039   6.67234e-039   [0.000030,-0.000010,]
[1,2,]   41   1.23523e-006   -3.24873e-039   5.85253e-039   [0.000030,-0.000009,]
[2,2,]   42   3.91377e-006   -3.20223e-039   5.12381e-039   [0.000034,-0.000006,]
[3,2,]   43   1.26323e-005   -2.55113e-039   4.48618e-039   [0.000026,-0.000002,]
[4,2,]   44   3.69637e-005   -1.89737e-039   3.93964e-039   [0.000016,0.000001,]
[5,2,]   45   9.13444e-005   -1.36069e-039   3.48419e-039   [0.000007,0.000002,]
[6,2,]   46   0.000185881   -9.66734e-040   3.11983e-039   [0.000001,0.000003,]
[7,2,]   47   0.000311418   -7.02134e-040   2.84656e-039   [-0.000004,0.000002,]
[8,2,]   48   0.000433822   -5.45417e-040   2.66438e-039   [-0.000007,0.000002,]
[9,2,]   49   0.000508582   -4.75058e-040   2.57329e-039   [-0.000009,0.000001,]
[10,2,]   50   0.000506082   -4.7693e-040   2.57329e-039   [-0.000009,-0.000001,]
[11,2,]   51   0.00042816   -5.50558e-040   2.66438e-039   [-0.000008,-0.000002,]
[12,2,]   52   0.000306367   -7.09276e-040   2.84656e-039   [-0.000004,-0.000003,]
[13,2,]   53   0.000183924   -9.7321e-040   3.11983e-039   [0.000001,-0.000003,]
[14,2,]   54   9.23004e-005   -1.35831e-039   3.48419e-039   [0.000007,-0.000002,]
[15,2,]   55   3.91468e-005   -1.85867e-039   3.93964e-039   [0.000015,-0.000001,]
[16,2,]   56   1.45801e-005   -2.40398e-039   4.48618e-039   [0.000023,0.000001,]
[17,2,]   57   5.08857e-006   -2.84763e-039   5.12381e-039   [0.000030,0.000004,]
[18,2,]   58   1.75184e-006   -3.3086e-039   5.85253e-039   [0.000033,0.000006,]
[19,2,]   59   6.58203e-007   -4.73289e-039   6.67234e-039   [0.000030,0.000006,]
[0,3,]   60   1.07998e-006   -4.09131e-039   6.03471e-039   [0.000029,-0.000011,]
[1,3,]   61   3.41187e-006   -2.44475e-039   5.2149e-039   [0.000032,-0.000010,]
[2,3,]   62   1.00119e-005   -2.60222e-039   4.48618e-039   [0.000038,-0.000007,]
[3,3,]   63   3.15285e-005   -1.98357e-039   3.84855e-039   [0.000030,-0.000003,]
[4,3,]   64   9.28482e-005   -1.29258e-039   3.30201e-039   [0.000018,0.000001,]
[5,3,]   65   0.000231805   -7.26852e-040   2.84656e-039   [0.000008,0.000003,]
[6,3,]   66   0.000473898   -3.209e-040   2.4822e-039   [0.000001,0.000004,]
[7,3,]   67   0.000792843   -5.62934e-041   2.20893e-039   [-0.000005,0.000003,]
[8,3,]   68   0.00109928   9.40748e-041   2.02675e-039   [-0.000009,0.000002,]
[9,3,]   69   0.00128295   1.57716e-040   1.93566e-039   [-0.000011,0.000001,]
[10,3,]   70   0.00127471   1.54176e-040   1.93566e-039   [-0.000011,-0.000001,]
[11,3,]   71   0.00108051   8.44673e-041   2.02675e-039   [-0.000009,-0.000002,]
[12,3,]   72   0.00077579   -6.91782e-041   2.20893e-039   [-0.000005,-0.000003,]
[13,3,]   73   0.000466652   -3.3281e-040   2.4822e-039   [0.000001,-0.000004,]
[14,3,]   74   0.00023393   -7.27115e-040   2.84656e-039   [0.000008,-0.000003,]
[15,3,]   75   9.90868e-005   -1.24464e-039   3.30201e-039   [0.000017,-0.000001,]
[16,3,]   76   3.72757e-005   -1.78904e-039   3.84855e-039   [0.000027,0.000002,]
[17,3,]   77   1.35072e-005   -2.16063e-039   4.48618e-039   [0.000033,0.000006,]
[18,3,]   78   4.94518e-006   -2.50727e-039   5.2149e-039   [0.000033,0.000008,]
[19,3,]   79   1.96034e-006   -3.70529e-039   6.03471e-039   [0.000028,0.000006,]
[0,4,]   80   2.78073e-006   -2.88468e-039   5.48817e-039   [0.000028,-0.000013,]
[1,4,]   81   7.91606e-006   -1.67569e-039   4.66836e-039   [0.000034,-0.000012,]
[2,4,]   82   2.08407e-005   -2.11679e-039   3.93964e-039   [0.000043,-0.000010,]
[3,4,]   83   6.28964e-005   -1.56784e-039   3.30201e-039   [0.000035,-0.000004,]
[4,4,]   84   0.000186697   -8.18809e-040   2.75547e-039   [0.000021,0.000002,]
[5,4,]   85   0.000473118   -2.10843e-040   2.30002e-039   [0.000009,0.000004,]
[6,4,]   86   0.000973742   2.12517e-040   1.93566e-039   [0.000001,0.000005,]
[7,4,]   87   0.00162554   4.77493e-040   1.66239e-039   [-0.000006,0.000005,]
[8,4,]   88   0.00223789   6.19001e-040   1.48021e-039   [-0.000010,0.000003,]
[9,4,]   89   0.00259462   6.74262e-040   1.38912e-039   [-0.000013,0.000001,]
[10,4,]   90   0.00257298   6.68567e-040   1.38912e-039   [-0.000013,-0.000001,]
[11,4,]   91   0.00218849   6.04175e-040   1.48021e-039   [-0.000010,-0.000003,]
[12,4,]   92   0.00158015   4.58375e-040   1.66239e-039   [-0.000006,-0.000005,]
[13,4,]   93   0.000953377   1.94863e-040   1.93566e-039   [0.000001,-0.000005,]
[14,4,]   94   0.000476873   -2.14023e-040   2.30002e-039   [0.000009,-0.000004,]
[15,4,]   95   0.000201353   -7.58655e-040   2.75547e-039   [0.000020,-0.000002,]
[16,4,]   96   7.67939e-005   -1.30193e-039   3.30201e-039   [0.000031,0.000003,]
[17,4,]   97   2.93424e-005   -1.56809e-039   3.93964e-039   [0.000036,0.000007,]
[18,4,]   98   1.1626e-005   -1.77485e-039   4.66836e-039   [0.000033,0.000009,]
[19,4,]   99   4.88907e-006   -2.72205e-039   5.48817e-039   [0.000025,0.000006,]
[0,5,]   100   6.1423e-006   -1.59539e-039   5.03272e-039   [0.000025,-0.000014,]
[1,5,]   101   1.55771e-005   -8.82283e-040   4.21291e-039   [0.000034,-0.000015,]
[2,5,]   102   3.52295e-005   -1.70488e-039   3.48419e-039   [0.000048,-0.000013,]
[3,5,]   103   9.83299e-005   -1.32103e-039   2.84656e-039   [0.000043,-0.000006,]
[4,5,]   104   0.000294812   -4.80631e-040   2.30002e-039   [0.000026,0.000002,]
[5,5,]   105   0.000765227   2.00409e-040   1.84457e-039   [0.000011,0.000006,]
[6,5,]   106   0.00159157   6.50437e-040   1.48021e-039   [0.000001,0.000007,]
[7,5,]   107   0.00264702   9.16567e-040   1.20694e-039   [-0.000007,0.000007,]
[8,5,]   108   0.00360205   1.04608e-039   1.02476e-039   [-0.000012,0.000005,]
[9,5,]   109   0.0041311   1.08555e-039   9.33673e-040   [-0.000015,0.000002,]
[10,5,]   110   0.00408583   1.07863e-039   9.33673e-040   [-0.000015,-0.000002,]
[11,5,]   111   0.00349847   1.02559e-039   1.02476e-039   [-0.000012,-0.000005,]
[12,5,]   112   0.00255107   8.90419e-040   1.20694e-039   [-0.000007,-0.000007,]
[13,5,]   113   0.00154691   6.26598e-040   1.48021e-039   [0.000001,-0.000007,]
[14,5,]   114   0.000770281   1.9415e-040   1.84457e-039   [0.000011,-0.000006,]
[15,5,]   115   0.000322862   -3.98969e-040   2.30002e-039   [0.000024,-0.000002,]
[16,5,]   116   0.000125663   -9.38121e-040   2.84656e-039   [0.000037,0.000004,]
[17,5,]   117   5.19985e-005   -1.03088e-039   3.48419e-039   [0.000040,0.000010,]
[18,5,]   118   2.28336e-005   -1.07081e-039   4.21291e-039   [0.000031,0.000011,]
[19,5,]   119   1.02374e-005   -1.73943e-039   5.03272e-039   [0.000021,0.000007,]
[0,6,]   120   1.1674e-005   -2.68079e-040   4.66836e-039   [0.000022,-0.000016,]
[1,6,]   121   2.63196e-005   -4.83387e-041   3.84855e-039   [0.000033,-0.000017,]
[2,6,]   122   4.86028e-005   -1.27354e-039   3.11983e-039   [0.000052,-0.000019,]
[3,6,]   123   0.000116089   -1.35456e-039   2.4822e-039   [0.000054,-0.000009,]
[4,6,]   124   0.000353059   -2.97202e-040   1.93566e-039   [0.000034,0.000004,]
[5,6,]   125   0.000956469   4.84267e-040   1.48021e-039   [0.000014,0.000010,]
[6,6,]   126   0.00202587   9.81543e-040   1.11585e-039   [0.000001,0.000011,]
[7,6,]   127   0.00334562   1.25206e-039   8.42583e-040   [-0.000008,0.000010,]
[8,6,]   128   0.00445598   1.36238e-039   6.60403e-040   [-0.000015,0.000008,]
[9,6,]   129   0.005011   1.40967e-039   5.69313e-040   [-0.000020,0.000003,]
[10,6,]   130   0.00493364   1.39278e-039   5.69313e-040   [-0.000020,-0.000003,]
[11,6,]   131   0.00428278   1.33103e-039   6.60403e-040   [-0.000015,-0.000008,]
[12,6,]   132   0.00318487   1.21769e-039   8.42583e-040   [-0.000008,-0.000011,]
[13,6,]   133   0.00194892   9.51108e-040   1.11585e-039   [0.000001,-0.000011,]
[14,6,]   134   0.000960775   4.71738e-040   1.48021e-039   [0.000014,-0.000010,]
[15,6,]   135   0.000395778   -1.93127e-040   1.93566e-039   [0.000030,-0.000004,]
[16,6,]   136   0.00015927   -6.99961e-040   2.4822e-039   [0.000047,0.000006,]
[17,6,]   137   7.49369e-005   -5.02581e-040   3.11983e-039   [0.000043,0.000014,]
[18,6,]   138   3.75996e-005   -3.79547e-040   3.84855e-039   [0.000028,0.000013,]
[19,6,]   139   1.80303e-005   -7.52247e-040   4.66836e-039   [0.000016,0.000007,]
[0,7,]   140   1.91616e-005   9.55061e-040   4.39509e-039   [0.000018,-0.000016,]
[1,7,]   141   3.87707e-005   7.70095e-040   3.57528e-039   [0.000029,-0.000020,]
[2,7,]   142   5.62608e-005   -5.29771e-040   2.84656e-039   [0.000053,-0.000027,]
[3,7,]   143   9.62636e-005   -2.07636e-039   2.20893e-039   [0.000072,-0.000016,]
[4,7,]   144   0.000295942   -6.47412e-040   1.66239e-039   [0.000047,0.000008,]
[5,7,]   145   0.000887525   5.75254e-040   1.20694e-039   [0.000017,0.000018,]
[6,7,]   146   0.00194816   1.15796e-039   8.42583e-040   [0.000001,0.000019,]
[7,7,]   147   0.00316835   1.44036e-039   5.69313e-040   [-0.000010,0.000018,]
[8,7,]   148   0.00402795   1.53913e-039   3.87133e-040   [-0.000020,0.000014,]
[9,7,]   149   0.00429524   1.46167e-039   2.96043e-040   [-0.000027,0.000005,]
[10,7,]   150   0.00419645   1.41805e-039   2.96043e-040   [-0.000027,-0.000005,]
[11,7,]   151   0.00380421   1.50594e-039   3.87133e-040   [-0.000021,-0.000014,]
[12,7,]   152   0.00295741   1.39274e-039   5.69313e-040   [-0.000010,-0.000019,]
[13,7,]   153   0.00184432   1.11624e-039   8.42583e-040   [0.000002,-0.000020,]
[14,7,]   154   0.000887752   5.60069e-040   1.20694e-039   [0.000018,-0.000017,]
[15,7,]   155   0.000346748   -4.05081e-040   1.66239e-039   [0.000041,-0.000007,]
[16,7,]   156   0.000148044   -8.07727e-040   2.20893e-039   [0.000062,0.000010,]
[17,7,]   157   8.79126e-005   1.43649e-040   2.84656e-039   [0.000044,0.000020,]
[18,7,]   158   5.22359e-005   2.95488e-040   3.57528e-039   [0.000022,0.000015,]
[19,7,]   159   2.68016e-005   2.274e-040   4.39509e-039   [0.000010,0.000007,]
[0,8,]   160   2.73344e-005   1.86223e-039   4.21291e-039   [0.000013,-0.000016,]
[1,8,]   161   5.05873e-005   1.4319e-039   3.3931e-039   [0.000020,-0.000021,]
[2,8,]   162   5.84356e-005   8.97614e-040   2.66438e-039   [0.000045,-0.000037,]
[3,8,]   163   5.04825e-005   -5.13468e-039   2.02675e-039   [0.000102,-0.000030,]
[4,8,]   164   0.000149914   -2.66273e-039   1.48021e-039   [0.000074,0.000034,]
[5,8,]   165   0.000580326   7.57344e-041   1.02476e-039   [0.000022,0.000038,]
[6,8,]   166   0.0013756   9.3802e-040   6.60403e-040   [0.000000,0.000038,]
[7,8,]   167   0.0021552   1.26744e-039   3.87133e-040   [-0.000013,0.000037,]
[8,8,]   168   0.00242865   1.19891e-039   2.04953e-040   [-0.000029,0.000033,]
[9,8,]   169   0.00224896   8.859e-040   1.13863e-040   [-0.000044,0.000025,]
[10,8,]   170   0.00217284   9.00798e-040   1.13863e-040   [-0.000044,-0.000003,]
[11,8,]   171   0.00219872   9.26013e-040   2.04953e-040   [-0.000029,-0.000033,]
[12,8,]   172   0.00194136   1.02277e-039   3.87133e-040   [-0.000013,-0.000039,]
[13,8,]   173   0.00126767   7.48145e-040   6.60403e-040   [0.000003,-0.000039,]
[14,8,]   174   0.000570428   -9.66053e-041   1.02476e-039   [0.000023,-0.000036,]
[15,8,]   175   0.000192206   -1.6288e-039   1.48021e-039   [0.000063,-0.000010,]
[16,8,]   176   9.33544e-005   -1.82903e-039   2.02675e-039   [0.000086,0.000032,]
[17,8,]   177   8.52412e-005   1.0722e-039   2.66438e-039   [0.000038,0.000028,]
[18,8,]   178   6.20129e-005   9.63441e-040   3.3931e-039   [0.000013,0.000017,]
[19,8,]   179   3.38336e-005   1.15485e-039   4.21291e-039   [0.000003,0.000008,]
[0,9,]   180   3.40629e-005   2.30203e-039   4.12182e-039   [0.000008,-0.000013,]
[1,9,]   181   5.9016e-005   1.64699e-039   3.30201e-039   [0.000008,-0.000020,]
[2,9,]   182   5.98271e-005   1.988e-039   2.57329e-039   [0.000026,-0.000041,]
[3,9,]   183   2.20699e-005   -1.07151e-038   1.93566e-039   [0.000119,-0.000102,]
[4,9,]   184   3.50363e-005   -1.77259e-038   1.38912e-039   [0.000131,0.000125,]
[5,9,]   185   0.000286847   -2.49255e-039   9.33673e-040   [0.000002,0.000086,]
[6,9,]   186   0.000784239   -5.60159e-040   5.69313e-040   [-0.000002,0.000073,]
[7,9,]   187   0.00111544   -5.39293e-040   2.96043e-040   [-0.000009,0.000079,]
[8,9,]   188   0.000907919   -2.35477e-039   1.13863e-040   [-0.000017,0.000101,]
[9,9,]   189   0.000456962   -9.42579e-039   2.27725e-041   [-0.000088,0.000115,]
[10,9,]   190   0.000419497   -1.05899e-038   2.27725e-041   [-0.000111,-0.000093,]
[11,9,]   191   0.000789345   -3.7163e-039   1.13863e-040   [-0.000042,-0.000102,]
[12,9,]   192   0.00102294   -9.12983e-040   2.96043e-040   [-0.000009,-0.000081,]
[13,9,]   193   0.000737848   -8.06188e-040   5.69313e-040   [0.000004,-0.000075,]
[14,9,]   194   0.000277196   -3.0703e-039   9.33673e-040   [0.000028,-0.000084,]
[15,9,]   195   4.88345e-005   -1.2891e-038   1.38912e-039   [0.000124,-0.000102,]
[16,9,]   196   3.94328e-005   -4.49589e-039   1.93566e-039   [0.000075,0.000107,]
[17,9,]   197   7.04861e-005   1.7126e-039   2.57329e-039   [0.000012,0.000036,]
[18,9,]   198   6.36738e-005   1.4543e-039   3.30201e-039   [0.000003,0.000019,]
[19,9,]   199   3.66768e-005   1.96075e-039   4.12182e-039   [-0.000004,0.000010,]
[0,10,]   200   3.64392e-005   1.95937e-039   4.12182e-039   [0.000002,-0.000010,]
[1,10,]   201   6.35561e-005   1.45588e-039   3.30201e-039   [-0.000003,-0.000019,]
[2,10,]   202   7.04856e-005   1.71799e-039   2.57329e-039   [-0.000012,-0.000036,]
[3,10,]   203   3.94329e-005   -4.49582e-039   1.93566e-039   [-0.000075,-0.000107,]
[4,10,]   204   4.88346e-005   -1.2891e-038   1.38912e-039   [-0.000124,0.000102,]
[5,10,]   205   0.000277196   -3.07031e-039   9.33673e-040   [-0.000028,0.000084,]
[6,10,]   206   0.000737848   -8.06187e-040   5.69313e-040   [-0.000004,0.000075,]
[7,10,]   207   0.00102294   -9.12983e-040   2.96043e-040   [0.000009,0.000081,]
[8,10,]   208   0.000789345   -3.7163e-039   1.13863e-040   [0.000042,0.000102,]
[9,10,]   209   0.000419497   -1.05899e-038   2.27725e-041   [0.000111,0.000093,]
[10,10,]   210   0.000456962   -9.42579e-039   2.27725e-041   [0.000088,-0.000115,]
[11,10,]   211   0.000907919   -2.35477e-039   1.13863e-040   [0.000017,-0.000101,]
[12,10,]   212   0.00111544   -5.39293e-040   2.96043e-040   [0.000009,-0.000079,]
[13,10,]   213   0.000784239   -5.60159e-040   5.69313e-040   [0.000002,-0.000073,]
[14,10,]   214   0.000286847   -2.49255e-039   9.33673e-040   [-0.000002,-0.000086,]
[15,10,]   215   3.50362e-005   -1.77259e-038   1.38912e-039   [-0.000131,-0.000125,]
[16,10,]   216   2.20699e-005   -1.07153e-038   1.93566e-039   [-0.000119,0.000102,]
[17,10,]   217   5.98299e-005   1.98182e-039   2.57329e-039   [-0.000026,0.000041,]
[18,10,]   218   5.9144e-005   1.64603e-039   3.30201e-039   [-0.000008,0.000020,]
[19,10,]   219   3.4311e-005   2.30338e-039   4.12182e-039   [-0.000010,0.000013,]
[0,11,]   220   3.37701e-005   1.15583e-039   4.21291e-039   [-0.000003,-0.000008,]
[1,11,]   221   6.19844e-005   9.65057e-040   3.3931e-039   [-0.000013,-0.000017,]
[2,11,]   222   8.52416e-005   1.07353e-039   2.66438e-039   [-0.000038,-0.000028,]
[3,11,]   223   9.33545e-005   -1.82904e-039   2.02675e-039   [-0.000086,-0.000032,]
[4,11,]   224   0.000192206   -1.62879e-039   1.48021e-039   [-0.000063,0.000010,]
[5,11,]   225   0.000570428   -9.66064e-041   1.02476e-039   [-0.000023,0.000036,]
[6,11,]   226   0.00126767   7.48145e-040   6.60403e-040   [-0.000003,0.000039,]
[7,11,]   227   0.00194136   1.02277e-039   3.87133e-040   [0.000013,0.000039,]
[8,11,]   228   0.00219872   9.26013e-040   2.04953e-040   [0.000029,0.000033,]
[9,11,]   229   0.00217284   9.00798e-040   1.13863e-040   [0.000044,0.000003,]
[10,11,]   230   0.00224896   8.859e-040   1.13863e-040   [0.000044,-0.000025,]
[11,11,]   231   0.00242865   1.19891e-039   2.04953e-040   [0.000029,-0.000033,]
[12,11,]   232   0.0021552   1.26744e-039   3.87133e-040   [0.000013,-0.000037,]
[13,11,]   233   0.0013756   9.3802e-040   6.60403e-040   [-0.000000,-0.000038,]
[14,11,]   234   0.000580326   7.57347e-041   1.02476e-039   [-0.000022,-0.000038,]
[15,11,]   235   0.000149914   -2.66273e-039   1.48021e-039   [-0.000074,-0.000034,]
[16,11,]   236   5.04826e-005   -5.13477e-039   2.02675e-039   [-0.000102,0.000030,]
[17,11,]   237   5.84377e-005   8.9519e-040   2.66438e-039   [-0.000045,0.000037,]
[18,11,]   238   5.06371e-005   1.43047e-039   3.3931e-039   [-0.000021,0.000021,]
[19,11,]   239   2.74259e-005   1.86024e-039   4.21291e-039   [-0.000014,0.000016,]
[0,12,]   240   2.69119e-005   2.29366e-040   4.39509e-039   [-0.000008,-0.000007,]
[1,12,]   241   5.22905e-005   2.94693e-040   3.57528e-039   [-0.000022,-0.000015,]
[2,12,]   242   8.79111e-005   1.41114e-040   2.84656e-039   [-0.000044,-0.000020,]
[3,12,]   243   0.000148044   -8.07687e-040   2.20893e-039   [-0.000062,-0.000010,]
[4,12,]   244   0.000346748   -4.05086e-040   1.66239e-039   [-0.000041,0.000007,]
[5,12,]   245   0.000887752   5.6007e-040   1.20694e-039   [-0.000018,0.000017,]
[6,12,]   246   0.00184432   1.11624e-039   8.42583e-040   [-0.000002,0.000020,]
[7,12,]   247   0.00295741   1.39274e-039   5.69313e-040   [0.000010,0.000019,]
[8,12,]   248   0.00380421   1.50594e-039   3.87133e-040   [0.000021,0.000014,]
[9,12,]   249   0.00419645   1.41805e-039   2.96043e-040   [0.000027,0.000005,]
[10,12,]   250   0.00429524   1.46167e-039   2.96043e-040   [0.000027,-0.000005,]
[11,12,]   251   0.00402795   1.53913e-039   3.87133e-040   [0.000020,-0.000014,]
[12,12,]   252   0.00316835   1.44036e-039   5.69313e-040   [0.000010,-0.000018,]
[13,12,]   253   0.00194816   1.15796e-039   8.42583e-040   [-0.000001,-0.000019,]
[14,12,]   254   0.000887525   5.75254e-040   1.20694e-039   [-0.000017,-0.000018,]
[15,12,]   255   0.000295942   -6.47408e-040   1.66239e-039   [-0.000047,-0.000008,]
[16,12,]   256   9.62635e-005   -2.07629e-039   2.20893e-039   [-0.000072,0.000016,]
[17,12,]   257   5.62589e-005   -5.2806e-040   2.84656e-039   [-0.000053,0.000027,]
[18,12,]   258   3.87411e-005   7.70505e-040   3.57528e-039   [-0.000029,0.000020,]
[19,12,]   259   1.9104e-005   9.53668e-040   4.39509e-039   [-0.000017,0.000016,]
[0,13,]   260   1.82146e-005   -7.47441e-040   4.66836e-039   [-0.000012,-0.000007,]
[1,13,]   261   3.76868e-005   -3.83566e-040   3.84855e-039   [-0.000028,-0.000013,]
[2,13,]   262   7.49331e-005   -5.07951e-040   3.11983e-039   [-0.000043,-0.000014,]
[3,13,]   263   0.000159269   -6.99853e-040   2.4822e-039   [-0.000047,-0.000006,]
[4,13,]   264   0.000395777   -1.93136e-040   1.93566e-039   [-0.000030,0.000004,]
[5,13,]   265   0.000960776   4.71742e-040   1.48021e-039   [-0.000014,0.000010,]
[6,13,]   266   0.00194892   9.51107e-040   1.11585e-039   [-0.000001,0.000011,]
[7,13,]   267   0.00318487   1.21769e-039   8.42583e-040   [0.000008,0.000011,]
[8,13,]   268   0.00428278   1.33103e-039   6.60403e-040   [0.000015,0.000008,]
[9,13,]   269   0.00493364   1.39278e-039   5.69313e-040   [0.000020,0.000003,]
[10,13,]   270   0.005011   1.40967e-039   5.69313e-040   [0.000020,-0.000003,]
[11,13,]   271   0.00445598   1.36238e-039   6.60403e-040   [0.000015,-0.000008,]
[12,13,]   272   0.00334562   1.25206e-039   8.42583e-040   [0.000008,-0.000010,]
[13,13,]   273   0.00202587   9.81542e-040   1.11585e-039   [-0.000001,-0.000011,]
[14,13,]   274   0.000956469   4.84265e-040   1.48021e-039   [-0.000014,-0.000010,]
[15,13,]   275   0.000353059   -2.9719e-040   1.93566e-039   [-0.000034,-0.000004,]
[16,13,]   276   0.000116089   -1.35438e-039   2.4822e-039   [-0.000054,0.000009,]
[17,13,]   277   4.85977e-005   -1.26873e-039   3.11983e-039   [-0.000052,0.000019,]
[18,13,]   278   2.62536e-005   -4.54017e-041   3.84855e-039   [-0.000033,0.000017,]
[19,13,]   279   1.15518e-005   -2.72762e-040   4.66836e-039   [-0.000018,0.000016,]
[0,14,]   280   1.03964e-005   -1.73197e-039   5.03272e-039   [-0.000015,-0.000007,]
[1,14,]   281   2.29072e-005   -1.07841e-039   4.21291e-039   [-0.000031,-0.000011,]
[2,14,]   282   5.19943e-005   -1.03799e-039   3.48419e-039   [-0.000040,-0.000010,]
[3,14,]   283   0.000125663   -9.37965e-040   2.84656e-039   [-0.000037,-0.000004,]
[4,14,]   284   0.000322861   -3.98986e-040   2.30002e-039   [-0.000024,0.000002,]
[5,14,]   285   0.000770281   1.9415e-040   1.84457e-039   [-0.000011,0.000006,]
[6,14,]   286   0.00154691   6.26593e-040   1.48021e-039   [-0.000001,0.000007,]
[7,14,]   287   0.00255107   8.90414e-040   1.20694e-039   [0.000007,0.000007,]
[8,14,]   288   0.00349847   1.02558e-039   1.02476e-039   [0.000012,0.000005,]
[9,14,]   289   0.00408583   1.07863e-039   9.33673e-040   [0.000015,0.000002,]
[10,14,]   290   0.0041311   1.08555e-039   9.33673e-040   [0.000015,-0.000002,]
[11,14,]   291   0.00360205   1.04607e-039   1.02476e-039   [0.000012,-0.000005,]
[12,14,]   292   0.00264702   9.16562e-040   1.20694e-039   [0.000007,-0.000007,]
[13,14,]   293   0.00159157   6.50433e-040   1.48021e-039   [-0.000001,-0.000007,]
[14,14,]   294   0.000765227   2.00402e-040   1.84457e-039   [-0.000011,-0.000006,]
[15,14,]   295   0.000294813   -4.80621e-040   2.30002e-039   [-0.000026,-0.000002,]
[16,14,]   296   9.83296e-005   -1.32079e-039   2.84656e-039   [-0.000043,0.000006,]
[17,14,]   297   3.52242e-005   -1.69826e-039   3.48419e-039   [-0.000048,0.000013,]
[18,14,]   298   1.55173e-005   -8.75891e-040   4.21291e-039   [-0.000034,0.000015,]
[19,14,]   299   6.03352e-006   -1.60637e-039   5.03272e-039   [-0.000019,0.000015,]
[0,15,]   300   4.98628e-006   -2.71148e-039   5.48817e-039   [-0.000018,-0.000006,]
[1,15,]   301   1.16704e-005   -1.78566e-039   4.66836e-039   [-0.000033,-0.000009,]
[2,15,]   302   2.93395e-005   -1.57617e-039   3.93964e-039   [-0.000036,-0.000007,]
[3,15,]   303   7.6794e-005   -1.30173e-039   3.30201e-039   [-0.000031,-0.000003,]
[4,15,]   304   0.000201353   -7.58665e-040   2.75547e-039   [-0.000020,0.000002,]
[5,15,]   305   0.000476874   -2.14017e-040   2.30002e-039   [-0.000009,0.000004,]
[6,15,]   306   0.000953379   1.94866e-040   1.93566e-039   [-0.000001,0.000005,]
[7,15,]   307   0.00158016   4.58378e-040   1.66239e-039   [0.000006,0.000005,]
[8,15,]   308   0.0021885   6.04177e-040   1.48021e-039   [0.000010,0.000003,]
[9,15,]   309   0.00257299   6.68569e-040   1.38912e-039   [0.000013,0.000001,]
[10,15,]   310   0.00259463   6.74264e-040   1.38912e-039   [0.000013,-0.000001,]
[11,15,]   311   0.0022379   6.19003e-040   1.48021e-039   [0.000010,-0.000003,]
[12,15,]   312   0.00162554   4.77496e-040   1.66239e-039   [0.000006,-0.000005,]
[13,15,]   313   0.000973744   2.12519e-040   1.93566e-039   [-0.000001,-0.000005,]
[14,15,]   314   0.000473119   -2.10843e-040   2.30002e-039   [-0.000009,-0.000004,]
[15,15,]   315   0.000186698   -8.18791e-040   2.75547e-039   [-0.000021,-0.000002,]
[16,15,]   316   6.28964e-005   -1.56756e-039   3.30201e-039   [-0.000035,0.000004,]
[17,15,]   317   2.08371e-005   -2.10929e-039   3.93964e-039   [-0.000043,0.000010,]
[18,15,]   318   7.87897e-006   -1.66547e-039   4.66836e-039   [-0.000033,0.000012,]
[19,15,]   319   2.71392e-006   -2.90375e-039   5.48817e-039   [-0.000019,0.000013,]
[0,16,]   320   2.00625e-006   -3.69105e-039   6.03471e-039   [-0.000019,-0.000006,]
[1,16,]   321   4.96602e-006   -2.52065e-039   5.2149e-039   [-0.000034,-0.000008,]
[2,16,]   322   1.35056e-005   -2.16917e-039   4.48618e-039   [-0.000033,-0.000006,]
[3,16,]   323   3.72758e-005   -1.78877e-039   3.84855e-039   [-0.000027,-0.000002,]
[4,16,]   324   9.9087e-005   -1.24462e-039   3.30201e-039   [-0.000017,0.000001,]
[5,16,]   325   0.000233931   -7.27085e-040   2.84656e-039   [-0.000008,0.000003,]
[6,16,]   326   0.000466654   -3.32787e-040   2.4822e-039   [-0.000001,0.000004,]
[7,16,]   327   0.000775793   -6.91537e-041   2.20893e-039   [0.000005,0.000003,]
[8,16,]   328   0.00108051   8.44959e-041   2.02675e-039   [0.000009,0.000002,]
[9,16,]   329   0.00127471   1.54211e-040   1.93566e-039   [0.000011,0.000001,]
[10,16,]   330   0.00128295   1.57758e-040   1.93566e-039   [0.000011,-0.000001,]
[11,16,]   331   0.00109928   9.41239e-041   2.02675e-039   [0.000009,-0.000002,]
[12,16,]   332   0.000792847   -5.6239e-041   2.20893e-039   [0.000005,-0.000003,]
[13,16,]   333   0.0004739   -3.20844e-040   2.4822e-039   [-0.000001,-0.000004,]
[14,16,]   334   0.000231806   -7.26802e-040   2.84656e-039   [-0.000008,-0.000003,]
[15,16,]   335   9.28488e-005   -1.29252e-039   3.30201e-039   [-0.000018,-0.000001,]
[16,16,]   336   3.15286e-005   -1.98324e-039   3.84855e-039   [-0.000030,0.000003,]
[17,16,]   337   1.00101e-005   -2.59437e-039   4.48618e-039   [-0.000038,0.000007,]
[18,16,]   338   3.39424e-006   -2.43097e-039   5.2149e-039   [-0.000032,0.000010,]
[19,16,]   339   1.04844e-006   -4.11869e-039   6.03471e-039   [-0.000019,0.000011,]
[0,17,]   340   6.75488e-007   -4.70714e-039   6.67234e-039   [-0.000020,-0.000005,]
[1,17,]   341   1.7596e-006   -3.31724e-039   5.85253e-039   [-0.000033,-0.000006,]
[2,17,]   342   5.08777e-006   -2.85021e-039   5.12381e-039   [-0.000030,-0.000004,]
[3,17,]   343   1.45799e-005   -2.39778e-039   4.48618e-039   [-0.000023,-0.000002,]
[4,17,]   344   3.91464e-005   -1.85278e-039   3.93964e-039   [-0.000015,0.000001,]
[5,17,]   345   9.23001e-005   -1.35236e-039   3.48419e-039   [-0.000007,0.000002,]
[6,17,]   346   0.000183923   -9.67231e-040   3.11983e-039   [-0.000001,0.000003,]
[7,17,]   347   0.000306367   -7.03314e-040   2.84656e-039   [0.000004,0.000003,]
[8,17,]   348   0.000428158   -5.44646e-040   2.66438e-039   [0.000008,0.000002,]
[9,17,]   349   0.000506078   -4.71064e-040   2.57329e-039   [0.000009,0.000001,]
[10,17,]   350   0.000508576   -4.69206e-040   2.57329e-039   [0.000009,-0.000001,]
[11,17,]   351   0.000433815   -5.39545e-040   2.66438e-039   [0.000007,-0.000002,]
[12,17,]   352   0.000311412   -6.96232e-040   2.84656e-039   [0.000004,-0.000002,]
[13,17,]   353   0.000185877   -9.60824e-040   3.11983e-039   [-0.000001,-0.000003,]
[14,17,]   354   9.13428e-005   -1.35481e-039   3.48419e-039   [-0.000007,-0.000002,]
[15,17,]   355   3.69633e-005   -1.8915e-039   3.93964e-039   [-0.000016,-0.000001,]
[16,17,]   356   1.26322e-005   -2.54484e-039   4.48618e-039   [-0.000026,0.000002,]
[17,17,]   357   3.91304e-006   -3.18774e-039   5.12381e-039   [-0.000034,0.000006,]
[18,17,]   358   1.22854e-006   -3.22434e-039   5.85253e-039   [-0.000030,0.000009,]
[19,17,]   359   3.46093e-007   -5.28248e-039   6.67234e-039   [-0.000018,0.000010,]
[0,18,]   360   1.90687e-007   -5.76021e-039   7.40106e-039   [-0.000021,-0.000000,]
[1,18,]   361   5.19799e-007   -4.15827e-039   6.58125e-039   [-0.000033,-0.000002,]
[2,18,]   362   1.5772e-006   -3.60817e-039   5.85253e-039   [-0.000027,-0.000001,]
[3,18,]   363   4.64722e-006   -3.12314e-039   5.2149e-039   [-0.000021,0.000001,]
[4,18,]   364   1.25753e-005   -2.59378e-039   4.66836e-039   [-0.000013,0.000003,]
[5,18,]   365   2.96422e-005   -2.11472e-039   4.21291e-039   [-0.000006,0.000004,]
[6,18,]   366   5.90379e-005   -1.73928e-039   3.84855e-039   [-0.000000,0.000005,]
[7,18,]   367   9.84725e-005   -1.47308e-039   3.57528e-039   [0.000004,0.000004,]
[8,18,]   368   0.000137913   -1.3049e-039   3.3931e-039   [0.000007,0.000004,]
[9,18,]   369   0.00016318   -1.22053e-039   3.30201e-039   [0.000008,0.000003,]
[10,18,]   370   0.000163772   -1.21119e-039   3.30201e-039   [0.000008,0.000002,]
[11,18,]   371   0.000139242   -1.27859e-039   3.3931e-039   [0.000007,0.000001,]
[12,18,]   372   9.96197e-005   -1.43476e-039   3.57528e-039   [0.000004,0.000000,]
[13,18,]   373   5.94052e-005   -1.6976e-039   3.84855e-039   [-0.000000,0.000000,]
[14,18,]   374   2.92913e-005   -2.08552e-039   4.21291e-039   [-0.000006,0.000001,]
[15,18,]   375   1.19421e-005   -2.61108e-039   4.66836e-039   [-0.000014,0.000002,]
[16,18,]   376   4.10343e-006   -3.25761e-039   5.2149e-039   [-0.000023,0.000004,]
[17,18,]   377   1.25265e-006   -3.94693e-039   5.85253e-039   [-0.000031,0.000007,]
[18,18,]   378   3.72493e-007   -4.16202e-039   6.58125e-039   [-0.000027,0.000011,]
[19,18,]   379   9.74429e-008   -6.54569e-039   7.40106e-039   [-0.000017,0.000013,]
[0,19,]   380   4.53573e-008   -8.48291e-039   8.22087e-039   [-0.000021,0.000005,]
[1,19,]   381   1.26748e-007   -6.43021e-039   7.40106e-039   [-0.000034,0.000003,]
[2,19,]   382   4.01387e-007   -5.51032e-039   6.67234e-039   [-0.000026,0.000003,]
[3,19,]   383   1.2224e-006   -4.80031e-039   6.03471e-039   [-0.000019,0.000004,]
[4,19,]   384   3.36619e-006   -4.1996e-039   5.48817e-039   [-0.000012,0.000005,]
[5,19,]   385   7.99245e-006   -3.71414e-039   5.03272e-039   [-0.000005,0.000006,]
[6,19,]   386   1.59545e-005   -3.33894e-039   4.66836e-039   [-0.000000,0.000006,]
[7,19,]   387   2.66014e-005   -3.06395e-039   4.39509e-039   [0.000003,0.000006,]
[8,19,]   388   3.71579e-005   -2.8844e-039   4.21291e-039   [0.000006,0.000006,]
[9,19,]   389   4.37453e-005   -2.79845e-039   4.12182e-039   [0.000007,0.000005,]
[10,19,]   390   4.35987e-005   -2.80428e-039   4.12182e-039   [0.000007,0.000004,]
[11,19,]   391   3.67918e-005   -2.89908e-039   4.21291e-039   [0.000006,0.000004,]
[12,19,]   392   2.61696e-005   -3.08035e-039   4.39509e-039   [0.000003,0.000003,]
[13,19,]   393   1.55769e-005   -3.348e-039   4.66836e-039   [-0.000000,0.000003,]
[14,19,]   394   7.71323e-006   -3.70584e-039   5.03272e-039   [-0.000006,0.000003,]
[15,19,]   395   3.18154e-006   -4.16319e-039   5.48817e-039   [-0.000012,0.000004,]
[16,19,]   396   1.11251e-006   -4.73478e-039   6.03471e-039   [-0.000020,0.000006,]
[17,19,]   397   3.43944e-007   -5.47099e-039   6.67234e-039   [-0.000027,0.000009,]
[18,19,]   398   1.00924e-007   -6.0825e-039   7.40106e-039   [-0.000023,0.000013,]
[19,19,]   399   2.5616e-008   -8.96869e-039   8.22087e-039   [-0.000014,0.000017,]
