coordinates  index   rho      Q      V    velocities 
[0,0,]   0   2.94514e-008   -8.46821e-039   8.22087e-039   [0.000037,0.000005,]
[1,0,]   1   1.07867e-007   -5.97415e-039   7.40106e-039   [0.000018,0.000006,]
[2,0,]   2   3.60411e-007   -5.57732e-039   6.67234e-039   [0.000027,0.000008,]
[3,0,]   3   1.22134e-006   -4.75672e-039   6.03471e-039   [0.000020,0.000010,]
[4,0,]   4   3.62546e-006   -4.20961e-039   5.48817e-039   [0.000013,0.000012,]
[5,0,]   5   9.00789e-006   -3.74721e-039   5.03272e-039   [0.000006,0.000013,]
[6,0,]   6   1.84174e-005   -3.38794e-039   4.66836e-039   [0.000001,0.000013,]
[7,0,]   7   3.1071e-005   -3.12385e-039   4.39509e-039   [-0.000003,0.000013,]
[8,0,]   8   4.36865e-005   -2.94679e-039   4.21291e-039   [-0.000006,0.000012,]
[9,0,]   9   5.17399e-005   -2.85155e-039   4.12182e-039   [-0.000007,0.000012,]
[10,0,]   10   5.19572e-005   -2.83739e-039   4.12182e-039   [-0.000007,0.000011,]
[11,0,]   11   4.42548e-005   -2.91105e-039   4.21291e-039   [-0.000006,0.000010,]
[12,0,]   12   3.18152e-005   -3.08256e-039   4.39509e-039   [-0.000003,0.000010,]
[13,0,]   13   1.91836e-005   -3.36001e-039   4.66836e-039   [0.000000,0.000009,]
[14,0,]   14   9.6877e-006   -3.75126e-039   5.03272e-039   [0.000005,0.000010,]
[15,0,]   15   4.14601e-006   -4.2594e-039   5.48817e-039   [0.000011,0.000011,]
[16,0,]   16   1.55747e-006   -4.84943e-039   6.03471e-039   [0.000018,0.000012,]
[17,0,]   17   5.41307e-007   -5.48023e-039   6.67234e-039   [0.000025,0.000015,]
[18,0,]   18   1.83e-007   -6.51133e-039   7.40106e-039   [0.000036,0.000017,]
[19,0,]   19   7.80549e-008   -8.08009e-039   8.22087e-039   [0.000041,0.000017,]
[0,1,]   20   7.41879e-008   -7.48499e-039   7.40106e-039   [0.000037,-0.000020,]
[1,1,]   21   2.95621e-007   -4.68549e-039   6.58125e-039   [0.000024,-0.000016,]
[2,1,]   22   1.0528e-006   -4.4995e-039   5.85253e-039   [0.000033,-0.000010,]
[3,1,]   23   3.79907e-006   -3.48458e-039   5.2149e-039   [0.000023,-0.000006,]
[4,1,]   24   1.16813e-005   -2.77734e-039   4.66836e-039   [0.000014,-0.000004,]
[5,1,]   25   2.94498e-005   -2.23624e-039   4.21291e-039   [0.000006,-0.000003,]
[6,1,]   26   6.0441e-005   -1.84778e-039   3.84855e-039   [0.000000,-0.000003,]
[7,1,]   27   0.000101724   -1.58573e-039   3.57528e-039   [-0.000004,-0.000003,]
[8,1,]   28   0.000142028   -1.43129e-039   3.3931e-039   [-0.000006,-0.000004,]
[9,1,]   29   0.000166434   -1.36857e-039   3.30201e-039   [-0.000008,-0.000005,]
[10,1,]   30   0.000165072   -1.38492e-039   3.30201e-039   [-0.000008,-0.000006,]
[11,1,]   31   0.000138976   -1.47789e-039   3.3931e-039   [-0.000007,-0.000007,]
[12,1,]   32   9.91025e-005   -1.65415e-039   3.57528e-039   [-0.000004,-0.000007,]
[13,1,]   33   5.96268e-005   -1.92305e-039   3.84855e-039   [0.000000,-0.000008,]
[14,1,]   34   3.02899e-005   -2.28982e-039   4.21291e-039   [0.000006,-0.000007,]
[15,1,]   35   1.31644e-005   -2.74191e-039   4.66836e-039   [0.000012,-0.000006,]
[16,1,]   36   5.06268e-006   -3.21661e-039   5.2149e-039   [0.000019,-0.000005,]
[17,1,]   37   1.80087e-006   -3.66947e-039   5.85253e-039   [0.000025,-0.000004,]
[18,1,]   38   6.15247e-007   -4.48186e-039   6.58125e-039   [0.000034,-0.000004,]
[19,1,]   39   2.55978e-007   -5.90475e-039   7.40106e-039   [0.000037,-0.000006,]
[0,2,]   40   2.4615e-007   -5.7767e-039   6.67234e-039   [0.000036,-0.000015,]
[1,2,]   41   9.31911e-007   -3.45183e-039   5.85253e-039   [0.000028,-0.000011,]
[2,2,]   42   3.12392e-006   -3.68445e-039   5.12381e-039   [0.000037,-0.000007,]
[3,2,]   43   1.12912e-005   -2.69389e-039   4.48618e-039   [0.000027,-0.000002,]
[4,2,]   44   3.53594e-005   -1.95738e-039   3.93964e-039   [0.000016,0.000001,]
[5,2,]   45   9.02847e-005   -1.40228e-039   3.48419e-039   [0.000007,0.000002,]
[6,2,]   46   0.000186239   -1.00569e-039   3.11983e-039   [0.000000,0.000002,]
[7,2,]   47   0.0003132   -7.40339e-040   2.84656e-039   [-0.000004,0.000002,]
[8,2,]   48   0.000435496   -5.84393e-040   2.66438e-039   [-0.000007,0.000001,]
[9,2,]   49   0.000507945   -5.14908e-040   2.57329e-039   [-0.000009,0.000000,]
[10,2,]   50   0.000502188   -5.20018e-040   2.57329e-039   [-0.000009,-0.000001,]
[11,2,]   51   0.000422475   -5.97833e-040   2.66438e-039   [-0.000008,-0.000002,]
[12,2,]   52   0.000301607   -7.58546e-040   2.84656e-039   [-0.000004,-0.000003,]
[13,2,]   53   0.000181756   -1.02222e-039   3.11983e-039   [0.000001,-0.000003,]
[14,2,]   54   9.24788e-005   -1.39854e-039   3.48419e-039   [0.000007,-0.000003,]
[15,2,]   55   4.03626e-005   -1.87042e-039   3.93964e-039   [0.000014,-0.000001,]
[16,2,]   56   1.57426e-005   -2.35313e-039   4.48618e-039   [0.000021,0.000001,]
[17,2,]   57   5.78151e-006   -2.75984e-039   5.12381e-039   [0.000027,0.000003,]
[18,2,]   58   2.06719e-006   -3.47649e-039   5.85253e-039   [0.000034,0.000005,]
[19,2,]   59   8.88873e-007   -4.68341e-039   6.67234e-039   [0.000034,0.000003,]
[0,3,]   60   7.33703e-007   -4.25472e-039   6.03471e-039   [0.000035,-0.000017,]
[1,3,]   61   2.56017e-006   -2.47019e-039   5.2149e-039   [0.000032,-0.000013,]
[2,3,]   62   7.75684e-006   -3.1532e-039   4.48618e-039   [0.000042,-0.000008,]
[3,3,]   63   2.76786e-005   -2.12558e-039   3.84855e-039   [0.000031,-0.000003,]
[4,3,]   64   8.8597e-005   -1.31331e-039   3.30201e-039   [0.000018,0.000001,]
[5,3,]   65   0.000230134   -7.1767e-040   2.84656e-039   [0.000008,0.000003,]
[6,3,]   66   0.000477979   -3.08561e-040   2.4822e-039   [0.000001,0.000004,]
[7,3,]   67   0.000802879   -4.40671e-041   2.20893e-039   [-0.000005,0.000003,]
[8,3,]   68   0.00111019   1.05103e-040   2.02675e-039   [-0.000008,0.000002,]
[9,3,]   69   0.00128686   1.61866e-040   1.93566e-039   [-0.000011,0.000001,]
[10,3,]   70   0.0012679   1.54594e-040   1.93566e-039   [-0.000011,-0.000001,]
[11,3,]   71   0.00106699   8.23421e-041   2.02675e-039   [-0.000009,-0.000002,]
[12,3,]   72   0.000763679   -7.4968e-041   2.20893e-039   [-0.000005,-0.000003,]
[13,3,]   73   0.000461359   -3.36938e-040   2.4822e-039   [0.000001,-0.000004,]
[14,3,]   74   0.00023505   -7.1913e-040   2.84656e-039   [0.000008,-0.000003,]
[15,3,]   75   0.00010296   -1.20342e-039   3.30201e-039   [0.000016,-0.000001,]
[16,3,]   76   4.08671e-005   -1.67189e-039   3.84855e-039   [0.000024,0.000002,]
[17,3,]   77   1.56633e-005   -1.99936e-039   4.48618e-039   [0.000030,0.000004,]
[18,3,]   78   5.94558e-006   -2.6001e-039   5.2149e-039   [0.000033,0.000006,]
[19,3,]   79   2.66129e-006   -3.60273e-039   6.03471e-039   [0.000031,0.000004,]
[0,4,]   80   1.88379e-006   -2.67716e-039   5.48817e-039   [0.000034,-0.000020,]
[1,4,]   81   5.95717e-006   -1.53351e-039   4.66836e-039   [0.000036,-0.000016,]
[2,4,]   82   1.56079e-005   -2.79935e-039   3.93964e-039   [0.000048,-0.000011,]
[3,4,]   83   5.35584e-005   -1.80621e-039   3.30201e-039   [0.000037,-0.000004,]
[4,4,]   84   0.000176839   -8.30656e-040   2.75547e-039   [0.000022,0.000002,]
[5,4,]   85   0.000470337   -2.03352e-040   2.30002e-039   [0.000009,0.000004,]
[6,4,]   86   0.000986203   2.22836e-040   1.93566e-039   [0.000001,0.000005,]
[7,4,]   87   0.00165367   4.88488e-040   1.66239e-039   [-0.000006,0.000005,]
[8,4,]   88   0.00226842   6.25411e-040   1.48021e-039   [-0.000010,0.000003,]
[9,4,]   89   0.00260867   6.87081e-040   1.38912e-039   [-0.000012,0.000001,]
[10,4,]   90   0.00255847   6.73622e-040   1.38912e-039   [-0.000013,-0.000001,]
[11,4,]   91   0.00215501   5.91041e-040   1.48021e-039   [-0.000010,-0.000003,]
[12,4,]   92   0.0015498   4.452e-040   1.66239e-039   [-0.000006,-0.000004,]
[13,4,]   93   0.000939733   1.82866e-040   1.93566e-039   [0.000001,-0.000005,]
[14,4,]   94   0.000479125   -2.11509e-040   2.30002e-039   [0.000009,-0.000004,]
[15,4,]   95   0.00021057   -7.04643e-040   2.75547e-039   [0.000019,-0.000001,]
[16,4,]   96   8.55576e-005   -1.15093e-039   3.30201e-039   [0.000028,0.000002,]
[17,4,]   97   3.47106e-005   -1.3888e-039   3.93964e-039   [0.000033,0.000006,]
[18,4,]   98   1.41777e-005   -1.86076e-039   4.66836e-039   [0.000032,0.000008,]
[19,4,]   99   6.60739e-006   -2.65353e-039   5.48817e-039   [0.000027,0.000004,]
[0,5,]   100   4.19728e-006   -1.06519e-039   5.03272e-039   [0.000031,-0.000022,]
[1,5,]   101   1.19225e-005   -5.36459e-040   4.21291e-039   [0.000040,-0.000019,]
[2,5,]   102   2.57096e-005   -2.43767e-039   3.48419e-039   [0.000055,-0.000016,]
[3,5,]   103   7.97321e-005   -1.73474e-039   2.84656e-039   [0.000045,-0.000005,]
[4,5,]   104   0.000275024   -5.08107e-040   2.30002e-039   [0.000027,0.000002,]
[5,5,]   105   0.000761728   2.23475e-040   1.84457e-039   [0.000011,0.000006,]
[6,5,]   106   0.00162035   6.66311e-040   1.48021e-039   [0.000001,0.000007,]
[7,5,]   107   0.00270816   9.28348e-040   1.20694e-039   [-0.000007,0.000007,]
[8,5,]   108   0.00366891   1.06728e-039   1.02476e-039   [-0.000012,0.000005,]
[9,5,]   109   0.00415626   1.09606e-039   9.33673e-040   [-0.000015,0.000002,]
[10,5,]   110   0.00404982   1.07593e-039   9.33673e-040   [-0.000015,-0.000002,]
[11,5,]   111   0.00343154   1.02875e-039   1.02476e-039   [-0.000012,-0.000005,]
[12,5,]   112   0.00248867   8.74572e-040   1.20694e-039   [-0.000007,-0.000007,]
[13,5,]   113   0.00151836   6.16157e-040   1.48021e-039   [0.000001,-0.000007,]
[14,5,]   114   0.000773771   2.08973e-040   1.84457e-039   [0.000011,-0.000006,]
[15,5,]   115   0.000339805   -3.42042e-040   2.30002e-039   [0.000022,-0.000002,]
[16,5,]   116   0.000142749   -7.2665e-040   2.84656e-039   [0.000033,0.000002,]
[17,5,]   117   6.29492e-005   -8.19836e-040   3.48419e-039   [0.000036,0.000008,]
[18,5,]   118   2.81833e-005   -1.14625e-039   4.21291e-039   [0.000030,0.000009,]
[19,5,]   119   1.36584e-005   -1.70563e-039   5.03272e-039   [0.000022,0.000003,]
[0,6,]   120   8.23152e-006   2.9872e-040   4.66836e-039   [0.000028,-0.000023,]
[1,6,]   121   2.07491e-005   3.81894e-040   3.84855e-039   [0.000040,-0.000021,]
[2,6,]   122   3.5689e-005   -1.63591e-039   3.11983e-039   [0.000062,-0.000025,]
[3,6,]   123   8.61602e-005   -2.35025e-039   2.4822e-039   [0.000058,-0.000008,]
[4,6,]   124   0.000320022   -3.59684e-040   1.93566e-039   [0.000034,0.000005,]
[5,6,]   125   0.000952491   5.2474e-040   1.48021e-039   [0.000014,0.000010,]
[6,6,]   126   0.00207725   1.00675e-039   1.11585e-039   [0.000000,0.000011,]
[7,6,]   127   0.00345208   1.28689e-039   8.42583e-040   [-0.000008,0.000010,]
[8,6,]   128   0.00456404   1.39691e-039   6.60403e-040   [-0.000015,0.000007,]
[9,6,]   129   0.00504304   1.47077e-039   5.69313e-040   [-0.000020,0.000003,]
[10,6,]   130   0.00485882   1.42225e-039   5.69313e-040   [-0.000019,-0.000002,]
[11,6,]   131   0.00415991   1.32086e-039   6.60403e-040   [-0.000015,-0.000008,]
[12,6,]   132   0.0030786   1.20496e-039   8.42583e-040   [-0.000008,-0.000011,]
[13,6,]   133   0.00189859   9.30309e-040   1.11585e-039   [0.000001,-0.000011,]
[14,6,]   134   0.000962593   4.7428e-040   1.48021e-039   [0.000013,-0.000009,]
[15,6,]   135   0.00041995   -1.07088e-040   1.93566e-039   [0.000027,-0.000003,]
[16,6,]   136   0.000184845   -4.32473e-040   2.4822e-039   [0.000041,0.000004,]
[17,6,]   137   9.31956e-005   -1.76778e-040   3.11983e-039   [0.000039,0.000010,]
[18,6,]   138   4.67453e-005   -4.18789e-040   3.84855e-039   [0.000026,0.000011,]
[19,6,]   139   2.34403e-005   -7.64447e-040   4.66836e-039   [0.000015,0.000003,]
[0,7,]   140   1.45628e-005   1.29302e-039   4.39509e-039   [0.000024,-0.000021,]
[1,7,]   141   3.18036e-005   1.08798e-039   3.57528e-039   [0.000035,-0.000021,]
[2,7,]   142   4.34208e-005   -1.66952e-040   2.84656e-039   [0.000066,-0.000037,]
[3,7,]   143   6.25789e-005   -4.42471e-039   2.20893e-039   [0.000082,-0.000011,]
[4,7,]   144   0.000252248   -1.08368e-039   1.66239e-039   [0.000046,0.000014,]
[5,7,]   145   0.000883934   6.44156e-040   1.20694e-039   [0.000016,0.000019,]
[6,7,]   146   0.00201777   1.21196e-039   8.42583e-040   [0.000000,0.000019,]
[7,7,]   147   0.00330113   1.4835e-039   5.69313e-040   [-0.000011,0.000017,]
[8,7,]   148   0.00415109   1.63951e-039   3.87133e-040   [-0.000020,0.000014,]
[9,7,]   149   0.00425282   1.41314e-039   2.96043e-040   [-0.000026,0.000007,]
[10,7,]   150   0.00402319   1.16589e-039   2.96043e-040   [-0.000028,-0.000004,]
[11,7,]   151   0.00363157   1.50202e-039   3.87133e-040   [-0.000021,-0.000013,]
[12,7,]   152   0.00281219   1.3592e-039   5.69313e-040   [-0.000010,-0.000019,]
[13,7,]   153   0.00177857   1.10454e-039   8.42583e-040   [0.000002,-0.000019,]
[14,7,]   154   0.000888619   5.67152e-040   1.20694e-039   [0.000018,-0.000015,]
[15,7,]   155   0.000371525   -4.59365e-040   1.66239e-039   [0.000037,-0.000005,]
[16,7,]   156   0.000175622   -4.19768e-040   2.20893e-039   [0.000053,0.000009,]
[17,7,]   157   0.000110836   4.82013e-040   2.84656e-039   [0.000041,0.000015,]
[18,7,]   158   6.42117e-005   2.85351e-040   3.57528e-039   [0.000020,0.000013,]
[19,7,]   159   3.33217e-005   1.59005e-040   4.39509e-039   [0.000006,0.000002,]
[0,8,]   160   2.33109e-005   1.95534e-039   4.21291e-039   [0.000019,-0.000018,]
[1,8,]   161   4.34541e-005   1.34557e-039   3.3931e-039   [0.000022,-0.000020,]
[2,8,]   162   4.91939e-005   1.65545e-039   2.66438e-039   [0.000062,-0.000040,]
[3,8,]   163   3.16221e-005   -8.75286e-039   2.02675e-039   [0.000122,-0.000041,]
[4,8,]   164   0.000117034   -5.04072e-039   1.48021e-039   [0.000070,0.000038,]
[5,8,]   165   0.000581877   9.2324e-041   1.02476e-039   [0.000016,0.000038,]
[6,8,]   166   0.00144366   1.07535e-039   6.60403e-040   [-0.000001,0.000036,]
[7,8,]   167   0.00228048   1.45521e-039   3.87133e-040   [-0.000012,0.000035,]
[8,8,]   168   0.0025183   1.16242e-039   2.04953e-040   [-0.000026,0.000030,]
[9,8,]   169   0.00219814   3.88925e-041   1.13863e-040   [-0.000042,0.000026,]
[10,8,]   170   0.00215457   7.09686e-040   1.13863e-040   [-0.000044,0.000000,]
[11,8,]   171   0.00204885   6.54529e-040   2.04953e-040   [-0.000030,-0.000030,]
[12,8,]   172   0.00179697   8.46687e-040   3.87133e-040   [-0.000014,-0.000039,]
[13,8,]   173   0.00120047   6.10283e-040   6.60403e-040   [0.000004,-0.000040,]
[14,8,]   174   0.000575772   -1.0917e-040   1.02476e-039   [0.000024,-0.000033,]
[15,8,]   175   0.000224877   -1.04867e-039   1.48021e-039   [0.000058,-0.000010,]
[16,8,]   176   0.000110707   -2.50786e-039   2.02675e-039   [0.000074,0.000019,]
[17,8,]   177   0.000107346   1.6036e-039   2.66438e-039   [0.000033,0.000025,]
[18,8,]   178   7.29462e-005   8.75423e-040   3.3931e-039   [0.000012,0.000014,]
[19,8,]   179   3.94281e-005   9.92613e-040   4.21291e-039   [-0.000003,0.000003,]
[0,9,]   180   3.17579e-005   2.40066e-039   4.12182e-039   [0.000014,-0.000011,]
[1,9,]   181   5.52528e-005   1.56752e-039   3.30201e-039   [0.000014,-0.000019,]
[2,9,]   182   5.39973e-005   8.32707e-040   2.57329e-039   [0.000028,-0.000037,]
[3,9,]   183   2.31812e-005   -1.02607e-038   1.93566e-039   [0.000135,-0.000123,]
[4,9,]   184   4.32881e-005   -1.45302e-038   1.38912e-039   [0.000141,0.000121,]
[5,9,]   185   0.000309017   -2.02582e-039   9.33673e-040   [-0.000004,0.000088,]
[6,9,]   186   0.000811781   -4.65739e-040   5.69313e-040   [-0.000004,0.000074,]
[7,9,]   187   0.00115591   -5.56065e-040   2.96043e-040   [-0.000011,0.000080,]
[8,9,]   188   0.00103078   -1.58085e-039   1.13863e-040   [-0.000014,0.000104,]
[9,9,]   189   0.000646417   -6.40546e-039   2.27725e-041   [-0.000081,0.000118,]
[10,9,]   190   0.000609857   -6.3318e-039   2.27725e-041   [-0.000109,-0.000093,]
[11,9,]   191   0.000736175   -5.46094e-039   1.13863e-040   [-0.000046,-0.000106,]
[12,9,]   192   0.000944959   -1.41557e-039   2.96043e-040   [-0.000013,-0.000083,]
[13,9,]   193   0.000705864   -1.04854e-039   5.69313e-040   [0.000007,-0.000076,]
[14,9,]   194   0.000287529   -3.26969e-039   9.33673e-040   [0.000030,-0.000086,]
[15,9,]   195   7.68797e-005   -7.83883e-039   1.38912e-039   [0.000105,-0.000098,]
[16,9,]   196   6.08574e-005   -1.58935e-039   1.93566e-039   [0.000063,0.000102,]
[17,9,]   197   8.33694e-005   1.81999e-039   2.57329e-039   [0.000019,0.000036,]
[18,9,]   198   6.86454e-005   1.30843e-039   3.30201e-039   [-0.000001,0.000017,]
[19,9,]   199   3.852e-005   1.57779e-039   4.12182e-039   [-0.000013,0.000004,]
[0,10,]   200   3.73194e-005   1.57621e-039   4.12182e-039   [0.000008,-0.000005,]
[1,10,]   201   6.80339e-005   1.32065e-039   3.30201e-039   [0.000001,-0.000017,]
[2,10,]   202   8.33367e-005   1.84308e-039   2.57329e-039   [-0.000019,-0.000036,]
[3,10,]   203   6.08643e-005   -1.58635e-039   1.93566e-039   [-0.000063,-0.000102,]
[4,10,]   204   7.68828e-005   -7.83849e-039   1.38912e-039   [-0.000105,0.000098,]
[5,10,]   205   0.000287529   -3.26978e-039   9.33673e-040   [-0.000030,0.000086,]
[6,10,]   206   0.000705864   -1.04853e-039   5.69313e-040   [-0.000007,0.000076,]
[7,10,]   207   0.000944959   -1.41557e-039   2.96043e-040   [0.000013,0.000083,]
[8,10,]   208   0.000736175   -5.46094e-039   1.13863e-040   [0.000046,0.000106,]
[9,10,]   209   0.000609857   -6.33181e-039   2.27725e-041   [0.000109,0.000093,]
[10,10,]   210   0.000646417   -6.40546e-039   2.27725e-041   [0.000081,-0.000118,]
[11,10,]   211   0.00103078   -1.58085e-039   1.13863e-040   [0.000014,-0.000104,]
[12,10,]   212   0.00115591   -5.56063e-040   2.96043e-040   [0.000011,-0.000080,]
[13,10,]   213   0.00081178   -4.65744e-040   5.69313e-040   [0.000004,-0.000074,]
[14,10,]   214   0.000309016   -2.02586e-039   9.33673e-040   [0.000004,-0.000088,]
[15,10,]   215   4.32884e-005   -1.45305e-038   1.38912e-039   [-0.000141,-0.000121,]
[16,10,]   216   2.31869e-005   -1.02625e-038   1.93566e-039   [-0.000135,0.000123,]
[17,10,]   217   5.40665e-005   7.9907e-040   2.57329e-039   [-0.000028,0.000037,]
[18,10,]   218   5.60543e-005   1.57453e-039   3.30201e-039   [-0.000014,0.000019,]
[19,10,]   219   3.32091e-005   2.43143e-039   4.12182e-039   [-0.000022,0.000011,]
[0,11,]   220   3.92329e-005   1.00432e-039   4.21291e-039   [0.000003,-0.000003,]
[1,11,]   221   7.28858e-005   8.86218e-040   3.3931e-039   [-0.000012,-0.000014,]
[2,11,]   222   0.000107348   1.60702e-039   2.66438e-039   [-0.000033,-0.000025,]
[3,11,]   223   0.000110712   -2.50747e-039   2.02675e-039   [-0.000074,-0.000019,]
[4,11,]   224   0.000224878   -1.04869e-039   1.48021e-039   [-0.000058,0.000010,]
[5,11,]   225   0.000575771   -1.09189e-040   1.02476e-039   [-0.000024,0.000033,]
[6,11,]   226   0.00120047   6.10284e-040   6.60403e-040   [-0.000004,0.000040,]
[7,11,]   227   0.00179697   8.46688e-040   3.87133e-040   [0.000014,0.000039,]
[8,11,]   228   0.00204885   6.5453e-040   2.04953e-040   [0.000030,0.000030,]
[9,11,]   229   0.00215457   7.09687e-040   1.13863e-040   [0.000044,-0.000000,]
[10,11,]   230   0.00219814   3.88934e-041   1.13863e-040   [0.000042,-0.000026,]
[11,11,]   231   0.0025183   1.16243e-039   2.04953e-040   [0.000026,-0.000030,]
[12,11,]   232   0.00228048   1.45521e-039   3.87133e-040   [0.000012,-0.000035,]
[13,11,]   233   0.00144366   1.07535e-039   6.60403e-040   [0.000001,-0.000036,]
[14,11,]   234   0.000581876   9.23087e-041   1.02476e-039   [-0.000016,-0.000038,]
[15,11,]   235   0.000117034   -5.04105e-039   1.48021e-039   [-0.000070,-0.000038,]
[16,11,]   236   3.1628e-005   -8.75301e-039   2.02675e-039   [-0.000122,0.000041,]
[17,11,]   237   4.92305e-005   1.64015e-039   2.66438e-039   [-0.000062,0.000040,]
[18,11,]   238   4.37637e-005   1.33376e-039   3.3931e-039   [-0.000022,0.000020,]
[19,11,]   239   2.38297e-005   1.92472e-039   4.21291e-039   [-0.000023,0.000019,]
[0,12,]   240   3.40796e-005   1.63849e-040   4.39509e-039   [-0.000002,-0.000002,]
[1,12,]   241   6.45921e-005   2.79672e-040   3.57528e-039   [-0.000020,-0.000012,]
[2,12,]   242   0.000110828   4.68312e-040   2.84656e-039   [-0.000041,-0.000015,]
[3,12,]   243   0.000175618   -4.19738e-040   2.20893e-039   [-0.000053,-0.000009,]
[4,12,]   244   0.000371517   -4.59467e-040   1.66239e-039   [-0.000037,0.000005,]
[5,12,]   245   0.00088862   5.67201e-040   1.20694e-039   [-0.000018,0.000015,]
[6,12,]   246   0.00177856   1.10453e-039   8.42583e-040   [-0.000002,0.000019,]
[7,12,]   247   0.00281219   1.3592e-039   5.69313e-040   [0.000010,0.000019,]
[8,12,]   248   0.00363157   1.50202e-039   3.87133e-040   [0.000021,0.000013,]
[9,12,]   249   0.00402319   1.16589e-039   2.96043e-040   [0.000028,0.000004,]
[10,12,]   250   0.00425282   1.41314e-039   2.96043e-040   [0.000026,-0.000007,]
[11,12,]   251   0.00415109   1.63951e-039   3.87133e-040   [0.000020,-0.000014,]
[12,12,]   252   0.00330113   1.4835e-039   5.69313e-040   [0.000011,-0.000017,]
[13,12,]   253   0.00201777   1.21196e-039   8.42583e-040   [-0.000000,-0.000019,]
[14,12,]   254   0.000883935   6.44155e-040   1.20694e-039   [-0.000016,-0.000019,]
[15,12,]   255   0.000252249   -1.08363e-039   1.66239e-039   [-0.000046,-0.000014,]
[16,12,]   256   6.25758e-005   -4.42431e-039   2.20893e-039   [-0.000082,0.000011,]
[17,12,]   257   4.34027e-005   -1.61776e-040   2.84656e-039   [-0.000066,0.000037,]
[18,12,]   258   3.17095e-005   1.08643e-039   3.57528e-039   [-0.000034,0.000021,]
[19,12,]   259   1.43934e-005   1.28171e-039   4.39509e-039   [-0.000022,0.000022,]
[0,13,]   260   2.46394e-005   -7.43934e-040   4.66836e-039   [-0.000006,-0.000002,]
[1,13,]   261   4.72913e-005   -4.40233e-040   3.84855e-039   [-0.000027,-0.000011,]
[2,13,]   262   9.31661e-005   -2.0397e-040   3.11983e-039   [-0.000040,-0.000010,]
[3,13,]   263   0.000184838   -4.3192e-040   2.4822e-039   [-0.000041,-0.000004,]
[4,13,]   264   0.000419934   -1.07301e-040   1.93566e-039   [-0.000027,0.000003,]
[5,13,]   265   0.000962597   4.7438e-040   1.48021e-039   [-0.000013,0.000009,]
[6,13,]   266   0.00189859   9.30299e-040   1.11585e-039   [-0.000001,0.000011,]
[7,13,]   267   0.0030786   1.20496e-039   8.42583e-040   [0.000008,0.000011,]
[8,13,]   268   0.00415992   1.32085e-039   6.60403e-040   [0.000015,0.000008,]
[9,13,]   269   0.00485882   1.42225e-039   5.69313e-040   [0.000019,0.000002,]
[10,13,]   270   0.00504304   1.47077e-039   5.69313e-040   [0.000020,-0.000003,]
[11,13,]   271   0.00456404   1.39691e-039   6.60403e-040   [0.000015,-0.000007,]
[12,13,]   272   0.00345208   1.28689e-039   8.42583e-040   [0.000008,-0.000010,]
[13,13,]   273   0.00207725   1.00674e-039   1.11585e-039   [-0.000000,-0.000011,]
[14,13,]   274   0.000952494   5.24732e-040   1.48021e-039   [-0.000014,-0.000010,]
[15,13,]   275   0.000320028   -3.59381e-040   1.93566e-039   [-0.000034,-0.000005,]
[16,13,]   276   8.61489e-005   -2.34816e-039   2.4822e-039   [-0.000058,0.000008,]
[17,13,]   277   3.56271e-005   -1.61885e-039   3.11983e-039   [-0.000062,0.000025,]
[18,13,]   278   2.04741e-005   3.97531e-040   3.84855e-039   [-0.000040,0.000021,]
[19,13,]   279   7.78303e-006   2.87328e-040   4.66836e-039   [-0.000020,0.000024,]
[0,14,]   280   1.46881e-005   -1.67626e-039   5.03272e-039   [-0.000009,-0.000003,]
[1,14,]   281   2.86277e-005   -1.18577e-039   4.21291e-039   [-0.000031,-0.000009,]
[2,14,]   282   6.29123e-005   -8.56195e-040   3.48419e-039   [-0.000036,-0.000008,]
[3,14,]   283   0.000142742   -7.25682e-040   2.84656e-039   [-0.000033,-0.000002,]
[4,14,]   284   0.000339789   -3.42433e-040   2.30002e-039   [-0.000022,0.000002,]
[5,14,]   285   0.000773774   2.08975e-040   1.84457e-039   [-0.000011,0.000006,]
[6,14,]   286   0.00151836   6.16021e-040   1.48021e-039   [-0.000001,0.000007,]
[7,14,]   287   0.00248867   8.74448e-040   1.20694e-039   [0.000007,0.000007,]
[8,14,]   288   0.00343154   1.02862e-039   1.02476e-039   [0.000012,0.000005,]
[9,14,]   289   0.00404983   1.07581e-039   9.33673e-040   [0.000015,0.000002,]
[10,14,]   290   0.00415626   1.09594e-039   9.33673e-040   [0.000015,-0.000002,]
[11,14,]   291   0.00366892   1.06716e-039   1.02476e-039   [0.000012,-0.000005,]
[12,14,]   292   0.00270817   9.28229e-040   1.20694e-039   [0.000007,-0.000007,]
[13,14,]   293   0.00162036   6.66185e-040   1.48021e-039   [-0.000001,-0.000007,]
[14,14,]   294   0.000761733   2.23336e-040   1.84457e-039   [-0.000011,-0.000006,]
[15,14,]   295   0.000275033   -5.07818e-040   2.30002e-039   [-0.000027,-0.000002,]
[16,14,]   296   7.97213e-005   -1.73163e-039   2.84656e-039   [-0.000045,0.000005,]
[17,14,]   297   2.56432e-005   -2.41274e-039   3.48419e-039   [-0.000055,0.000016,]
[18,14,]   298   1.16611e-005   -5.02347e-040   4.21291e-039   [-0.000039,0.000019,]
[19,14,]   299   3.78469e-006   -1.10873e-039   5.03272e-039   [-0.000017,0.000023,]
[0,15,]   300   7.23864e-006   -2.611e-039   5.48817e-039   [-0.000012,-0.000003,]
[1,15,]   301   1.44421e-005   -1.91536e-039   4.66836e-039   [-0.000033,-0.000008,]
[2,15,]   302   3.46841e-005   -1.43067e-039   3.93964e-039   [-0.000033,-0.000006,]
[3,15,]   303   8.5558e-005   -1.14931e-039   3.30201e-039   [-0.000028,-0.000002,]
[4,15,]   304   0.00021057   -7.04863e-040   2.75547e-039   [-0.000019,0.000001,]
[5,15,]   305   0.000479152   -2.11291e-040   2.30002e-039   [-0.000009,0.000004,]
[6,15,]   306   0.000939783   1.82931e-040   1.93566e-039   [-0.000001,0.000005,]
[7,15,]   307   0.00154988   4.45278e-040   1.66239e-039   [0.000006,0.000004,]
[8,15,]   308   0.00215512   5.91117e-040   1.48021e-039   [0.000010,0.000003,]
[9,15,]   309   0.00255861   6.737e-040   1.38912e-039   [0.000013,0.000001,]
[10,15,]   310   0.00260881   6.87164e-040   1.38912e-039   [0.000012,-0.000001,]
[11,15,]   311   0.00226854   6.255e-040   1.48021e-039   [0.000010,-0.000003,]
[12,15,]   312   0.00165376   4.8858e-040   1.66239e-039   [0.000006,-0.000005,]
[13,15,]   313   0.000986257   2.2292e-040   1.93566e-039   [-0.000001,-0.000005,]
[14,15,]   314   0.000470365   -2.03299e-040   2.30002e-039   [-0.000009,-0.000004,]
[15,15,]   315   0.000176855   -8.3014e-040   2.75547e-039   [-0.000022,-0.000002,]
[16,15,]   316   5.35551e-005   -1.80234e-039   3.30201e-039   [-0.000037,0.000004,]
[17,15,]   317   1.5563e-005   -2.76856e-039   3.93964e-039   [-0.000048,0.000011,]
[18,15,]   318   5.79002e-006   -1.48177e-039   4.66836e-039   [-0.000035,0.000016,]
[19,15,]   319   1.62506e-006   -2.79786e-039   5.48817e-039   [-0.000012,0.000021,]
[0,16,]   320   2.95874e-006   -3.5455e-039   6.03471e-039   [-0.000013,-0.000003,]
[1,16,]   321   6.06812e-006   -2.66551e-039   5.2149e-039   [-0.000035,-0.000006,]
[2,16,]   322   1.56494e-005   -2.04337e-039   4.48618e-039   [-0.000030,-0.000004,]
[3,16,]   323   4.08696e-005   -1.66897e-039   3.84855e-039   [-0.000024,-0.000002,]
[4,16,]   324   0.000102966   -1.20278e-039   3.30201e-039   [-0.000016,0.000001,]
[5,16,]   325   0.000235078   -7.18106e-040   2.84656e-039   [-0.000008,0.000003,]
[6,16,]   326   0.000461411   -3.36087e-040   2.4822e-039   [-0.000001,0.000004,]
[7,16,]   327   0.000763765   -7.40886e-041   2.20893e-039   [0.000005,0.000003,]
[8,16,]   328   0.00106711   8.32624e-041   2.02675e-039   [0.000009,0.000002,]
[9,16,]   329   0.00126804   1.55582e-040   1.93566e-039   [0.000011,0.000001,]
[10,16,]   330   0.001287   1.62938e-040   1.93566e-039   [0.000011,-0.000001,]
[11,16,]   331   0.00111031   1.06261e-040   2.02675e-039   [0.000008,-0.000002,]
[12,16,]   332   0.000802965   -4.28454e-041   2.20893e-039   [0.000005,-0.000003,]
[13,16,]   333   0.00047803   -3.07327e-040   2.4822e-039   [-0.000001,-0.000004,]
[14,16,]   334   0.000230161   -7.16515e-040   2.84656e-039   [-0.000008,-0.000003,]
[15,16,]   335   8.86109e-005   -1.3118e-039   3.30201e-039   [-0.000018,-0.000001,]
[16,16,]   336   2.76794e-005   -2.12059e-039   3.84855e-039   [-0.000031,0.000003,]
[17,16,]   337   7.7344e-006   -3.11882e-039   4.48618e-039   [-0.000042,0.000008,]
[18,16,]   338   2.47915e-006   -2.40084e-039   5.2149e-039   [-0.000030,0.000013,]
[19,16,]   339   6.10265e-007   -4.46822e-039   6.03471e-039   [-0.000008,0.000018,]
[0,17,]   340   9.99147e-007   -4.57419e-039   6.67234e-039   [-0.000014,-0.000003,]
[1,17,]   341   2.11085e-006   -3.51698e-039   5.85253e-039   [-0.000035,-0.000005,]
[2,17,]   342   5.7719e-006   -2.7739e-039   5.12381e-039   [-0.000027,-0.000003,]
[3,17,]   343   1.57362e-005   -2.31869e-039   4.48618e-039   [-0.000021,-0.000001,]
[4,17,]   344   4.035e-005   -1.83857e-039   3.93964e-039   [-0.000014,0.000001,]
[5,17,]   345   9.24595e-005   -1.36607e-039   3.48419e-039   [-0.000007,0.000003,]
[6,17,]   346   0.000181719   -9.898e-040   3.11983e-039   [-0.000001,0.000003,]
[7,17,]   347   0.000301544   -7.26233e-040   2.84656e-039   [0.000004,0.000003,]
[8,17,]   348   0.000422377   -5.65798e-040   2.66438e-039   [0.000008,0.000002,]
[9,17,]   349   0.000502052   -4.8826e-040   2.57329e-039   [0.000009,0.000001,]
[10,17,]   350   0.000507781   -4.83304e-040   2.57329e-039   [0.000009,-0.000000,]
[11,17,]   351   0.000435333   -5.52801e-040   2.66438e-039   [0.000007,-0.000001,]
[12,17,]   352   0.00031307   -7.08692e-040   2.84656e-039   [0.000004,-0.000002,]
[13,17,]   353   0.00018616   -9.74048e-040   3.11983e-039   [-0.000000,-0.000003,]
[14,17,]   354   9.02495e-005   -1.37075e-039   3.48419e-039   [-0.000007,-0.000002,]
[15,17,]   355   3.53501e-005   -1.92529e-039   3.93964e-039   [-0.000016,-0.000001,]
[16,17,]   356   1.12883e-005   -2.657e-039   4.48618e-039   [-0.000027,0.000002,]
[17,17,]   357   3.11424e-006   -3.61375e-039   5.12381e-039   [-0.000037,0.000007,]
[18,17,]   358   9.00476e-007   -3.32668e-039   5.85253e-039   [-0.000025,0.000011,]
[19,17,]   359   1.99162e-007   -6.0278e-039   6.67234e-039   [-0.000004,0.000016,]
[0,18,]   360   2.82857e-007   -5.77274e-039   7.40106e-039   [-0.000015,0.000008,]
[1,18,]   361   6.13485e-007   -4.49737e-039   6.58125e-039   [-0.000035,0.000004,]
[2,18,]   362   1.7584e-006   -3.64619e-039   5.85253e-039   [-0.000025,0.000004,]
[3,18,]   363   4.95931e-006   -3.1399e-039   5.2149e-039   [-0.000019,0.000005,]
[4,18,]   364   1.29054e-005   -2.66797e-039   4.66836e-039   [-0.000012,0.000006,]
[5,18,]   365   2.96994e-005   -2.21607e-039   4.21291e-039   [-0.000006,0.000007,]
[6,18,]   366   5.84639e-005   -1.84979e-039   3.84855e-039   [-0.000000,0.000008,]
[7,18,]   367   9.71756e-005   -1.58094e-039   3.57528e-039   [0.000004,0.000007,]
[8,18,]   368   0.000136286   -1.40459e-039   3.3931e-039   [0.000007,0.000007,]
[9,18,]   369   0.000161876   -1.31152e-039   3.30201e-039   [0.000008,0.000006,]
[10,18,]   370   0.000163185   -1.2951e-039   3.30201e-039   [0.000008,0.000005,]
[11,18,]   371   0.000139217   -1.35782e-039   3.3931e-039   [0.000006,0.000004,]
[12,18,]   372   9.96847e-005   -1.51224e-039   3.57528e-039   [0.000004,0.000004,]
[13,18,]   373   5.92261e-005   -1.7741e-039   3.84855e-039   [-0.000000,0.000004,]
[14,18,]   374   2.88658e-005   -2.16196e-039   4.21291e-039   [-0.000006,0.000004,]
[15,18,]   375   1.14562e-005   -2.70106e-039   4.66836e-039   [-0.000014,0.000004,]
[16,18,]   376   3.72626e-006   -3.40182e-039   5.2149e-039   [-0.000023,0.000006,]
[17,18,]   377   1.02796e-006   -4.38424e-039   5.85253e-039   [-0.000033,0.000010,]
[18,18,]   378   2.78155e-007   -4.51403e-039   6.58125e-039   [-0.000021,0.000016,]
[19,18,]   379   5.71002e-008   -7.80062e-039   7.40106e-039   [-0.000000,0.000020,]
[0,19,]   380   7.60299e-008   -8.24053e-039   8.22087e-039   [-0.000015,0.000019,]
[1,19,]   381   1.59496e-007   -6.82223e-039   7.40106e-039   [-0.000039,0.000014,]
[2,19,]   382   4.67377e-007   -5.66193e-039   6.67234e-039   [-0.000026,0.000012,]
[3,19,]   383   1.36437e-006   -4.91007e-039   6.03471e-039   [-0.000019,0.000011,]
[4,19,]   384   3.65217e-006   -4.30426e-039   5.48817e-039   [-0.000012,0.000011,]
[5,19,]   385   8.54576e-006   -3.79599e-039   5.03272e-039   [-0.000005,0.000012,]
[6,19,]   386   1.69261e-005   -3.40661e-039   4.66836e-039   [-0.000000,0.000012,]
[7,19,]   387   2.80799e-005   -3.12726e-039   4.39509e-039   [0.000003,0.000012,]
[8,19,]   388   3.90679e-005   -2.95219e-039   4.21291e-039   [0.000006,0.000011,]
[9,19,]   389   4.58471e-005   -2.87719e-039   4.12182e-039   [0.000007,0.000011,]
[10,19,]   390   4.55895e-005   -2.89454e-039   4.12182e-039   [0.000007,0.000010,]
[11,19,]   391   3.84119e-005   -2.99653e-039   4.21291e-039   [0.000006,0.000010,]
[12,19,]   392   2.72681e-005   -3.17989e-039   4.39509e-039   [0.000003,0.000010,]
[13,19,]   393   1.61549e-005   -3.44446e-039   4.66836e-039   [-0.000001,0.000009,]
[14,19,]   394   7.91462e-006   -3.79376e-039   5.03272e-039   [-0.000006,0.000009,]
[15,19,]   395   3.19692e-006   -4.23425e-039   5.48817e-039   [-0.000013,0.000009,]
[16,19,]   396   1.07925e-006   -4.7563e-039   6.03471e-039   [-0.000021,0.000010,]
[17,19,]   397   3.15073e-007   -5.57186e-039   6.67234e-039   [-0.000027,0.000014,]
[18,19,]   398   8.87383e-008   -6.07619e-039   7.40106e-039   [-0.000015,0.000020,]
[19,19,]   399   1.93204e-008   -9.30466e-039   8.22087e-039   [0.000004,0.000025,]
