coordinates  index   rho      Q      V    velocities 
[0,0,]   0   3.59551e-008   -7.47093e-039   8.22087e-039   [0.000042,0.000010,]
[1,0,]   1   1.1561e-007   -5.83519e-039   7.40106e-039   [0.000017,0.000011,]
[2,0,]   2   3.74926e-007   -5.76213e-039   6.67234e-039   [0.000028,0.000013,]
[3,0,]   3   1.35372e-006   -4.78788e-039   6.03471e-039   [0.000020,0.000015,]
[4,0,]   4   4.22695e-006   -4.23246e-039   5.48817e-039   [0.000013,0.000017,]
[5,0,]   5   1.08174e-005   -3.74815e-039   5.03272e-039   [0.000006,0.000018,]
[6,0,]   6   2.24116e-005   -3.38234e-039   4.66836e-039   [0.000001,0.000018,]
[7,0,]   7   3.79318e-005   -3.11964e-039   4.39509e-039   [-0.000003,0.000018,]
[8,0,]   8   5.32118e-005   -2.94728e-039   4.21291e-039   [-0.000006,0.000018,]
[9,0,]   9   6.27729e-005   -2.85593e-039   4.12182e-039   [-0.000007,0.000017,]
[10,0,]   10   6.28267e-005   -2.83575e-039   4.12182e-039   [-0.000007,0.000016,]
[11,0,]   11   5.34433e-005   -2.89699e-039   4.21291e-039   [-0.000006,0.000015,]
[12,0,]   12   3.84751e-005   -3.06042e-039   4.39509e-039   [-0.000003,0.000015,]
[13,0,]   13   2.33022e-005   -3.33739e-039   4.66836e-039   [0.000001,0.000015,]
[14,0,]   14   1.18817e-005   -3.73684e-039   5.03272e-039   [0.000005,0.000015,]
[15,0,]   15   5.18572e-006   -4.25069e-039   5.48817e-039   [0.000011,0.000016,]
[16,0,]   16   2.01757e-006   -4.81299e-039   6.03471e-039   [0.000017,0.000018,]
[17,0,]   17   7.36258e-007   -5.3783e-039   6.67234e-039   [0.000025,0.000020,]
[18,0,]   18   2.63286e-007   -6.46638e-039   7.40106e-039   [0.000037,0.000022,]
[19,0,]   19   1.27056e-007   -7.70261e-039   8.22087e-039   [0.000044,0.000023,]
[0,1,]   20   6.83762e-008   -7.68093e-039   7.40106e-039   [0.000042,-0.000022,]
[1,1,]   21   2.44621e-007   -5.20813e-039   6.58125e-039   [0.000020,-0.000019,]
[2,1,]   22   8.95979e-007   -5.07863e-039   5.85253e-039   [0.000033,-0.000012,]
[3,1,]   23   3.56064e-006   -3.69287e-039   5.2149e-039   [0.000022,-0.000008,]
[4,1,]   24   1.15439e-005   -2.94697e-039   4.66836e-039   [0.000014,-0.000006,]
[5,1,]   25   2.98514e-005   -2.39764e-039   4.21291e-039   [0.000006,-0.000006,]
[6,1,]   26   6.19095e-005   -2.01264e-039   3.84855e-039   [0.000000,-0.000006,]
[7,1,]   27   0.000104523   -1.75094e-039   3.57528e-039   [-0.000004,-0.000006,]
[8,1,]   28   0.000145806   -1.59423e-039   3.3931e-039   [-0.000006,-0.000006,]
[9,1,]   29   0.000170314   -1.53319e-039   3.30201e-039   [-0.000008,-0.000007,]
[10,1,]   30   0.000168271   -1.54895e-039   3.30201e-039   [-0.000008,-0.000008,]
[11,1,]   31   0.000141219   -1.64173e-039   3.3931e-039   [-0.000007,-0.000009,]
[12,1,]   32   0.0001006   -1.82202e-039   3.57528e-039   [-0.000004,-0.000010,]
[13,1,]   33   6.07207e-005   -2.0921e-039   3.84855e-039   [0.000000,-0.000010,]
[14,1,]   34   3.11536e-005   -2.45456e-039   4.21291e-039   [0.000006,-0.000010,]
[15,1,]   35   1.38047e-005   -2.89396e-039   4.66836e-039   [0.000012,-0.000009,]
[16,1,]   36   5.46671e-006   -3.34525e-039   5.2149e-039   [0.000018,-0.000008,]
[17,1,]   37   2.00667e-006   -3.80781e-039   5.85253e-039   [0.000024,-0.000007,]
[18,1,]   38   7.0579e-007   -4.81154e-039   6.58125e-039   [0.000035,-0.000007,]
[19,1,]   39   3.25569e-007   -6.08118e-039   7.40106e-039   [0.000039,-0.000010,]
[0,2,]   40   1.96737e-007   -5.78446e-039   6.67234e-039   [0.000042,-0.000022,]
[1,2,]   41   7.26457e-007   -3.7027e-039   5.85253e-039   [0.000027,-0.000016,]
[2,2,]   42   2.49631e-006   -4.3197e-039   5.12381e-039   [0.000039,-0.000008,]
[3,2,]   43   1.01241e-005   -2.87106e-039   4.48618e-039   [0.000026,-0.000003,]
[4,2,]   44   3.39234e-005   -2.02809e-039   3.93964e-039   [0.000016,-0.000000,]
[5,2,]   45   8.92256e-005   -1.46207e-039   3.48419e-039   [0.000007,0.000001,]
[6,2,]   46   0.000186217   -1.06471e-039   3.11983e-039   [0.000000,0.000002,]
[7,2,]   47   0.000314187   -7.9781e-040   2.84656e-039   [-0.000004,0.000001,]
[8,2,]   48   0.000436193   -6.45254e-040   2.66438e-039   [-0.000007,0.000000,]
[9,2,]   49   0.0005067   -5.73333e-040   2.57329e-039   [-0.000009,-0.000001,]
[10,2,]   50   0.000498151   -5.81716e-040   2.57329e-039   [-0.000009,-0.000002,]
[11,2,]   51   0.000416905   -6.68524e-040   2.66438e-039   [-0.000008,-0.000003,]
[12,2,]   52   0.00029705   -8.28482e-040   2.84656e-039   [-0.000004,-0.000004,]
[13,2,]   53   0.000179602   -1.09265e-039   3.11983e-039   [0.000000,-0.000004,]
[14,2,]   54   9.24663e-005   -1.45991e-039   3.48419e-039   [0.000006,-0.000004,]
[15,2,]   55   4.13019e-005   -1.90257e-039   3.93964e-039   [0.000013,-0.000002,]
[16,2,]   56   1.66577e-005   -2.34648e-039   4.48618e-039   [0.000019,-0.000000,]
[17,2,]   57   6.31895e-006   -2.75097e-039   5.12381e-039   [0.000025,0.000002,]
[18,2,]   58   2.31782e-006   -3.65168e-039   5.85253e-039   [0.000034,0.000003,]
[19,2,]   59   1.09469e-006   -4.72903e-039   6.67234e-039   [0.000036,0.000000,]
[0,3,]   60   5.28662e-007   -3.88155e-039   6.03471e-039   [0.000041,-0.000024,]
[1,3,]   61   1.98312e-006   -2.37556e-039   5.2149e-039   [0.000035,-0.000018,]
[2,3,]   62   6.03851e-006   -3.84794e-039   4.48618e-039   [0.000046,-0.000009,]
[3,3,]   63   2.43316e-005   -2.29978e-039   3.84855e-039   [0.000030,-0.000002,]
[4,3,]   64   8.4776e-005   -1.32258e-039   3.30201e-039   [0.000018,0.000001,]
[5,3,]   65   0.00022838   -7.0755e-040   2.84656e-039   [0.000008,0.000003,]
[6,3,]   66   0.000480724   -3.00514e-040   2.4822e-039   [0.000000,0.000003,]
[7,3,]   67   0.000810147   -3.96927e-041   2.20893e-039   [-0.000005,0.000003,]
[8,3,]   68   0.00111813   1.1195e-040   2.02675e-039   [-0.000008,0.000002,]
[9,3,]   69   0.00128877   1.61385e-040   1.93566e-039   [-0.000010,0.000000,]
[10,3,]   70   0.00126055   1.50075e-040   1.93566e-039   [-0.000011,-0.000001,]
[11,3,]   71   0.00105439   7.91599e-041   2.02675e-039   [-0.000009,-0.000002,]
[12,3,]   72   0.000752415   -8.59266e-041   2.20893e-039   [-0.000005,-0.000004,]
[13,3,]   73   0.000456332   -3.42987e-040   2.4822e-039   [0.000001,-0.000004,]
[14,3,]   74   0.000235745   -7.10754e-040   2.84656e-039   [0.000007,-0.000003,]
[15,3,]   75   0.00010603   -1.17005e-039   3.30201e-039   [0.000015,-0.000002,]
[16,3,]   76   4.37722e-005   -1.57638e-039   3.84855e-039   [0.000022,0.000001,]
[17,3,]   77   1.73687e-005   -1.9224e-039   4.48618e-039   [0.000028,0.000003,]
[18,3,]   78   6.76239e-006   -2.69773e-039   5.2149e-039   [0.000033,0.000005,]
[19,3,]   79   3.30312e-006   -3.58008e-039   6.03471e-039   [0.000032,0.000001,]
[0,4,]   80   1.22114e-006   -2.15048e-039   5.48817e-039   [0.000039,-0.000027,]
[1,4,]   81   4.59784e-006   -1.21577e-039   4.66836e-039   [0.000042,-0.000021,]
[2,4,]   82   1.19551e-005   -3.45626e-039   3.93964e-039   [0.000055,-0.000013,]
[3,4,]   83   4.54657e-005   -2.14777e-039   3.30201e-039   [0.000036,-0.000003,]
[4,4,]   84   0.000167841   -8.24354e-040   2.75547e-039   [0.000021,0.000002,]
[5,4,]   85   0.000467513   -1.87012e-040   2.30002e-039   [0.000009,0.000004,]
[6,4,]   86   0.000996016   2.29448e-040   1.93566e-039   [0.000000,0.000005,]
[7,4,]   87   0.00167675   4.98301e-040   1.66239e-039   [-0.000006,0.000005,]
[8,4,]   88   0.00229374   6.29778e-040   1.48021e-039   [-0.000010,0.000003,]
[9,4,]   89   0.00262102   7.10526e-040   1.38912e-039   [-0.000012,0.000001,]
[10,4,]   90   0.00254557   6.91606e-040   1.38912e-039   [-0.000012,-0.000001,]
[11,4,]   91   0.00212628   5.81288e-040   1.48021e-039   [-0.000010,-0.000003,]
[12,4,]   92   0.001524   4.36609e-040   1.66239e-039   [-0.000006,-0.000004,]
[13,4,]   93   0.000927958   1.71127e-040   1.93566e-039   [0.000001,-0.000005,]
[14,4,]   94   0.000480876   -2.04921e-040   2.30002e-039   [0.000009,-0.000004,]
[15,4,]   95   0.000218021   -6.48656e-040   2.75547e-039   [0.000017,-0.000001,]
[16,4,]   96   9.26772e-005   -1.03665e-039   3.30201e-039   [0.000025,0.000001,]
[17,4,]   97   3.90955e-005   -1.27906e-039   3.93964e-039   [0.000030,0.000005,]
[18,4,]   98   1.63517e-005   -1.94813e-039   4.66836e-039   [0.000032,0.000007,]
[19,4,]   99   8.23995e-006   -2.63859e-039   5.48817e-039   [0.000028,0.000002,]
[0,5,]   100   2.55422e-006   -7.83378e-040   5.03272e-039   [0.000037,-0.000028,]
[1,5,]   101   9.20053e-006   -1.32746e-040   4.21291e-039   [0.000047,-0.000023,]
[2,5,]   102   1.97488e-005   -2.77029e-039   3.48419e-039   [0.000066,-0.000023,]
[3,5,]   103   6.39731e-005   -2.44552e-039   2.84656e-039   [0.000047,-0.000003,]
[4,5,]   104   0.000255963   -5.2337e-040   2.30002e-039   [0.000025,0.000003,]
[5,5,]   105   0.000757535   2.63743e-040   1.84457e-039   [0.000011,0.000006,]
[6,5,]   106   0.00164486   6.84145e-040   1.48021e-039   [0.000000,0.000007,]
[7,5,]   107   0.00275981   9.3249e-040   1.20694e-039   [-0.000007,0.000006,]
[8,5,]   108   0.00372684   1.10555e-039   1.02476e-039   [-0.000012,0.000005,]
[9,5,]   109   0.00417029   1.13007e-039   9.33673e-040   [-0.000015,0.000001,]
[10,5,]   110   0.00400513   1.05609e-039   9.33673e-040   [-0.000015,-0.000002,]
[11,5,]   111   0.00337464   1.05522e-039   1.02476e-039   [-0.000012,-0.000005,]
[12,5,]   112   0.00243613   8.6529e-040   1.20694e-039   [-0.000007,-0.000007,]
[13,5,]   113   0.00149508   6.16663e-040   1.48021e-039   [0.000001,-0.000007,]
[14,5,]   114   0.000776729   2.33839e-040   1.84457e-039   [0.000011,-0.000006,]
[15,5,]   115   0.00035263   -3.25435e-040   2.30002e-039   [0.000020,-0.000002,]
[16,5,]   116   0.00015646   -5.23125e-040   2.84656e-039   [0.000029,0.000002,]
[17,5,]   117   7.1955e-005   -6.99035e-040   3.48419e-039   [0.000033,0.000005,]
[18,5,]   118   3.29699e-005   -1.1924e-039   4.21291e-039   [0.000029,0.000008,]
[19,5,]   119   1.70471e-005   -1.67607e-039   5.03272e-039   [0.000021,0.000001,]
[0,6,]   120   5.386e-006   1.82233e-040   4.66836e-039   [0.000034,-0.000027,]
[1,6,]   121   1.61002e-005   5.14944e-040   3.84855e-039   [0.000045,-0.000023,]
[2,6,]   122   2.81287e-005   -1.31598e-039   3.11983e-039   [0.000075,-0.000037,]
[3,6,]   123   6.41965e-005   -3.63414e-039   2.4822e-039   [0.000066,-0.000003,]
[4,6,]   124   0.000285278   -7.39411e-040   1.93566e-039   [0.000031,0.000008,]
[5,6,]   125   0.000944109   5.57529e-040   1.48021e-039   [0.000013,0.000010,]
[6,6,]   126   0.00212195   1.03885e-039   1.11585e-039   [0.000000,0.000011,]
[7,6,]   127   0.00354701   1.3431e-039   8.42583e-040   [-0.000008,0.000010,]
[8,6,]   128   0.00464159   1.4239e-039   6.60403e-040   [-0.000015,0.000007,]
[9,6,]   129   0.00501617   1.41702e-039   5.69313e-040   [-0.000019,0.000003,]
[10,6,]   130   0.00477085   1.40391e-039   5.69313e-040   [-0.000019,-0.000001,]
[11,6,]   131   0.00404096   1.3196e-039   6.60403e-040   [-0.000015,-0.000008,]
[12,6,]   132   0.00298502   1.20835e-039   8.42583e-040   [-0.000008,-0.000011,]
[13,6,]   133   0.00185494   9.13258e-040   1.11585e-039   [0.000002,-0.000011,]
[14,6,]   134   0.000963366   4.71747e-040   1.48021e-039   [0.000013,-0.000009,]
[15,6,]   135   0.000439789   -3.90962e-041   1.93566e-039   [0.000025,-0.000002,]
[16,6,]   136   0.000202144   -4.72427e-040   2.4822e-039   [0.000036,0.000002,]
[17,6,]   137   0.00010814   6.34986e-041   3.11983e-039   [0.000036,0.000008,]
[18,6,]   138   5.5269e-005   -4.13799e-040   3.84855e-039   [0.000025,0.000009,]
[19,6,]   139   2.90877e-005   -6.94963e-040   4.66836e-039   [0.000013,-0.000001,]
[0,7,]   140   1.13883e-005   1.23352e-039   4.39509e-039   [0.000029,-0.000024,]
[1,7,]   141   2.55413e-005   1.0198e-039   3.57528e-039   [0.000035,-0.000020,]
[2,7,]   142   3.46845e-005   1.64304e-040   2.84656e-039   [0.000082,-0.000046,]
[3,7,]   143   4.39232e-005   -6.66335e-039   2.20893e-039   [0.000098,-0.000015,]
[4,7,]   144   0.000221097   -1.67458e-039   1.66239e-039   [0.000040,0.000023,]
[5,7,]   145   0.00087738   6.58657e-040   1.20694e-039   [0.000013,0.000020,]
[6,7,]   146   0.00207739   1.31643e-039   8.42583e-040   [-0.000000,0.000019,]
[7,7,]   147   0.00340987   1.5589e-039   5.69313e-040   [-0.000011,0.000017,]
[8,7,]   148   0.00425023   1.75257e-039   3.87133e-040   [-0.000019,0.000015,]
[9,7,]   149   0.00423526   1.39292e-039   2.96043e-040   [-0.000024,0.000011,]
[10,7,]   150   0.00393363   1.05924e-039   2.96043e-040   [-0.000028,-0.000003,]
[11,7,]   151   0.0034495   1.3366e-039   3.87133e-040   [-0.000023,-0.000011,]
[12,7,]   152   0.00267604   1.30437e-039   5.69313e-040   [-0.000010,-0.000018,]
[13,7,]   153   0.00172161   1.09846e-039   8.42583e-040   [0.000002,-0.000019,]
[14,7,]   154   0.000890641   5.31012e-040   1.20694e-039   [0.000019,-0.000014,]
[15,7,]   155   0.000399386   -3.35884e-040   1.66239e-039   [0.000033,-0.000006,]
[16,7,]   156   0.000198606   -2.3451e-040   2.20893e-039   [0.000046,0.000012,]
[17,7,]   157   0.000128895   5.93814e-040   2.84656e-039   [0.000037,0.000011,]
[18,7,]   158   7.5812e-005   4.20405e-040   3.57528e-039   [0.000019,0.000011,]
[19,7,]   159   4.02993e-005   2.08253e-040   4.39509e-039   [0.000003,-0.000001,]
[0,8,]   160   2.10699e-005   2.2734e-039   4.21291e-039   [0.000025,-0.000019,]
[1,8,]   161   3.71422e-005   9.86533e-040   3.3931e-039   [0.000021,-0.000020,]
[2,8,]   162   4.11388e-005   1.36983e-039   2.66438e-039   [0.000070,-0.000032,]
[3,8,]   163   2.47406e-005   -1.01358e-038   2.02675e-039   [0.000148,-0.000065,]
[4,8,]   164   0.000108548   -5.17026e-039   1.48021e-039   [0.000072,0.000034,]
[5,8,]   165   0.000581383   -1.44395e-041   1.02476e-039   [0.000005,0.000037,]
[6,8,]   166   0.00147487   1.02959e-039   6.60403e-040   [-0.000004,0.000035,]
[7,8,]   167   0.00233612   1.44806e-039   3.87133e-040   [-0.000011,0.000033,]
[8,8,]   168   0.00254558   9.73545e-040   2.04953e-040   [-0.000021,0.000024,]
[9,8,]   169   0.00218337   -4.66199e-040   1.13863e-040   [-0.000042,0.000022,]
[10,8,]   170   0.00221915   9.70067e-040   1.13863e-040   [-0.000046,-0.000007,]
[11,8,]   171   0.00194046   2.90827e-040   2.04953e-040   [-0.000031,-0.000025,]
[12,8,]   172   0.00168156   6.22571e-040   3.87133e-040   [-0.000015,-0.000039,]
[13,8,]   173   0.00114641   4.60677e-040   6.60403e-040   [0.000005,-0.000040,]
[14,8,]   174   0.000588695   -6.94507e-041   1.02476e-039   [0.000023,-0.000032,]
[15,8,]   175   0.000260204   -3.25635e-040   1.48021e-039   [0.000058,-0.000014,]
[16,8,]   176   0.00012898   -2.47195e-039   2.02675e-039   [0.000066,0.000008,]
[17,8,]   177   0.000123422   1.49829e-039   2.66438e-039   [0.000025,0.000021,]
[18,8,]   178   8.26756e-005   6.78903e-040   3.3931e-039   [0.000011,0.000012,]
[19,8,]   179   4.62275e-005   1.02292e-039   4.21291e-039   [-0.000009,-0.000001,]
[0,9,]   180   2.78867e-005   2.20212e-039   4.12182e-039   [0.000019,-0.000008,]
[1,9,]   181   5.37983e-005   1.69411e-039   3.30201e-039   [0.000023,-0.000018,]
[2,9,]   182   5.26868e-005   5.79506e-040   2.57329e-039   [0.000020,-0.000033,]
[3,9,]   183   2.20499e-005   -1.12969e-038   1.93566e-039   [0.000139,-0.000136,]
[4,9,]   184   4.28322e-005   -1.56465e-038   1.38912e-039   [0.000157,0.000107,]
[5,9,]   185   0.000326212   -1.69667e-039   9.33673e-040   [-0.000004,0.000088,]
[6,9,]   186   0.000847644   -1.55232e-040   5.69313e-040   [-0.000004,0.000074,]
[7,9,]   187   0.00119819   -4.77198e-040   2.96043e-040   [-0.000015,0.000081,]
[8,9,]   188   0.00112316   -1.11205e-039   1.13863e-040   [-0.000015,0.000108,]
[9,9,]   189   0.000774783   -5.21832e-039   2.27725e-041   [-0.000081,0.000108,]
[10,9,]   190   0.000753414   -4.50094e-039   2.27725e-041   [-0.000101,-0.000097,]
[11,9,]   191   0.00074293   -5.86491e-039   1.13863e-040   [-0.000040,-0.000114,]
[12,9,]   192   0.000912327   -1.65235e-039   2.96043e-040   [-0.000018,-0.000086,]
[13,9,]   193   0.000682117   -1.44972e-039   5.69313e-040   [0.000008,-0.000079,]
[14,9,]   194   0.000306077   -2.87502e-039   9.33673e-040   [0.000026,-0.000089,]
[15,9,]   195   9.56339e-005   -6.08466e-039   1.38912e-039   [0.000089,-0.000099,]
[16,9,]   196   7.55877e-005   -6.79379e-040   1.93566e-039   [0.000056,0.000082,]
[17,9,]   197   9.81743e-005   2.34302e-039   2.57329e-039   [0.000024,0.000039,]
[18,9,]   198   7.64482e-005   1.47956e-039   3.30201e-039   [-0.000002,0.000014,]
[19,9,]   199   4.07954e-005   1.52039e-039   4.12182e-039   [-0.000020,-0.000001,]
[0,10,]   200   3.83937e-005   1.56296e-039   4.12182e-039   [0.000014,-0.000000,]
[1,10,]   201   7.51578e-005   1.5197e-039   3.30201e-039   [0.000002,-0.000014,]
[2,10,]   202   9.80238e-005   2.38452e-039   2.57329e-039   [-0.000024,-0.000039,]
[3,10,]   203   7.56338e-005   -6.64789e-040   1.93566e-039   [-0.000056,-0.000082,]
[4,10,]   204   9.56424e-005   -6.0843e-039   1.38912e-039   [-0.000089,0.000099,]
[5,10,]   205   0.000306077   -2.87524e-039   9.33673e-040   [-0.000026,0.000089,]
[6,10,]   206   0.000682121   -1.44967e-039   5.69313e-040   [-0.000008,0.000079,]
[7,10,]   207   0.000912326   -1.65239e-039   2.96043e-040   [0.000018,0.000086,]
[8,10,]   208   0.00074293   -5.86491e-039   1.13863e-040   [0.000040,0.000114,]
[9,10,]   209   0.000753414   -4.50094e-039   2.27725e-041   [0.000101,0.000097,]
[10,10,]   210   0.000774783   -5.21832e-039   2.27725e-041   [0.000081,-0.000108,]
[11,10,]   211   0.00112316   -1.11205e-039   1.13863e-040   [0.000015,-0.000108,]
[12,10,]   212   0.00119819   -4.7718e-040   2.96043e-040   [0.000015,-0.000081,]
[13,10,]   213   0.000847635   -1.55315e-040   5.69313e-040   [0.000004,-0.000074,]
[14,10,]   214   0.000326209   -1.69708e-039   9.33673e-040   [0.000004,-0.000088,]
[15,10,]   215   4.28473e-005   -1.56431e-038   1.38912e-039   [-0.000157,-0.000107,]
[16,10,]   216   2.20871e-005   -1.13016e-038   1.93566e-039   [-0.000139,0.000136,]
[17,10,]   217   5.30356e-005   5.2804e-040   2.57329e-039   [-0.000020,0.000033,]
[18,10,]   218   5.5747e-005   1.71444e-039   3.30201e-039   [-0.000024,0.000018,]
[19,10,]   219   3.10885e-005   2.29514e-039   4.12182e-039   [-0.000033,0.000008,]
[0,11,]   220   4.57901e-005   1.02149e-039   4.21291e-039   [0.000008,0.000001,]
[1,11,]   221   8.25777e-005   6.96116e-040   3.3931e-039   [-0.000011,-0.000012,]
[2,11,]   222   0.000123437   1.50595e-039   2.66438e-039   [-0.000024,-0.000020,]
[3,11,]   223   0.000129008   -2.47045e-039   2.02675e-039   [-0.000066,-0.000008,]
[4,11,]   224   0.000260207   -3.2577e-040   1.48021e-039   [-0.000058,0.000014,]
[5,11,]   225   0.000588697   -6.94778e-041   1.02476e-039   [-0.000023,0.000032,]
[6,11,]   226   0.00114642   4.60674e-040   6.60403e-040   [-0.000005,0.000040,]
[7,11,]   227   0.00168156   6.22575e-040   3.87133e-040   [0.000015,0.000039,]
[8,11,]   228   0.00194046   2.90837e-040   2.04953e-040   [0.000031,0.000025,]
[9,11,]   229   0.00221915   9.70075e-040   1.13863e-040   [0.000046,0.000007,]
[10,11,]   230   0.00218337   -4.66191e-040   1.13863e-040   [0.000042,-0.000022,]
[11,11,]   231   0.00254558   9.73553e-040   2.04953e-040   [0.000021,-0.000024,]
[12,11,]   232   0.00233612   1.44808e-039   3.87133e-040   [0.000011,-0.000033,]
[13,11,]   233   0.00147486   1.02959e-039   6.60403e-040   [0.000004,-0.000035,]
[14,11,]   234   0.000581378   -1.46202e-041   1.02476e-039   [-0.000005,-0.000037,]
[15,11,]   235   0.000108557   -5.17209e-039   1.48021e-039   [-0.000072,-0.000034,]
[16,11,]   236   2.47832e-005   -1.0125e-038   2.02675e-039   [-0.000148,0.000065,]
[17,11,]   237   4.12911e-005   1.32002e-039   2.66438e-039   [-0.000070,0.000032,]
[18,11,]   238   3.80273e-005   9.79017e-040   3.3931e-039   [-0.000022,0.000020,]
[19,11,]   239   2.24885e-005   2.21926e-039   4.21291e-039   [-0.000035,0.000021,]
[0,12,]   240   4.22805e-005   2.28377e-040   4.39509e-039   [0.000003,0.000002,]
[1,12,]   241   7.68448e-005   4.13376e-040   3.57528e-039   [-0.000019,-0.000011,]
[2,12,]   242   0.000128903   5.64046e-040   2.84656e-039   [-0.000037,-0.000011,]
[3,12,]   243   0.000198583   -2.3551e-040   2.20893e-039   [-0.000046,-0.000012,]
[4,12,]   244   0.000399351   -3.36267e-040   1.66239e-039   [-0.000033,0.000006,]
[5,12,]   245   0.000890649   5.31242e-040   1.20694e-039   [-0.000019,0.000014,]
[6,12,]   246   0.0017216   1.09841e-039   8.42583e-040   [-0.000002,0.000019,]
[7,12,]   247   0.00267603   1.30437e-039   5.69313e-040   [0.000010,0.000018,]
[8,12,]   248   0.00344949   1.33659e-039   3.87133e-040   [0.000023,0.000011,]
[9,12,]   249   0.00393362   1.05922e-039   2.96043e-040   [0.000028,0.000003,]
[10,12,]   250   0.00423526   1.39291e-039   2.96043e-040   [0.000024,-0.000011,]
[11,12,]   251   0.00425022   1.75255e-039   3.87133e-040   [0.000019,-0.000015,]
[12,12,]   252   0.00340986   1.55888e-039   5.69313e-040   [0.000011,-0.000017,]
[13,12,]   253   0.00207739   1.31642e-039   8.42583e-040   [0.000000,-0.000019,]
[14,12,]   254   0.000877381   6.58659e-040   1.20694e-039   [-0.000013,-0.000020,]
[15,12,]   255   0.000221094   -1.67469e-039   1.66239e-039   [-0.000040,-0.000023,]
[16,12,]   256   4.39125e-005   -6.66463e-039   2.20893e-039   [-0.000098,0.000015,]
[17,12,]   257   3.46467e-005   1.68232e-040   2.84656e-039   [-0.000082,0.000046,]
[18,12,]   258   2.54317e-005   9.87306e-040   3.57528e-039   [-0.000034,0.000020,]
[19,12,]   259   1.12205e-005   1.15864e-039   4.39509e-039   [-0.000027,0.000026,]
[0,13,]   260   3.21591e-005   -6.56266e-040   4.66836e-039   [-0.000001,0.000002,]
[1,13,]   261   5.66656e-005   -4.54581e-040   3.84855e-039   [-0.000026,-0.000009,]
[2,13,]   262   0.000108092   6.86473e-042   3.11983e-039   [-0.000036,-0.000008,]
[3,13,]   263   0.000202095   -4.72576e-040   2.4822e-039   [-0.000036,-0.000002,]
[4,13,]   264   0.000439715   -3.9909e-041   1.93566e-039   [-0.000025,0.000002,]
[5,13,]   265   0.000963384   4.72218e-040   1.48021e-039   [-0.000013,0.000009,]
[6,13,]   266   0.00185494   9.13188e-040   1.11585e-039   [-0.000002,0.000011,]
[7,13,]   267   0.00298502   1.20835e-039   8.42583e-040   [0.000008,0.000011,]
[8,13,]   268   0.00404096   1.31958e-039   6.60403e-040   [0.000015,0.000008,]
[9,13,]   269   0.00477085   1.40389e-039   5.69313e-040   [0.000019,0.000001,]
[10,13,]   270   0.00501618   1.41699e-039   5.69313e-040   [0.000019,-0.000003,]
[11,13,]   271   0.0046416   1.42387e-039   6.60403e-040   [0.000015,-0.000007,]
[12,13,]   272   0.00354702   1.34306e-039   8.42583e-040   [0.000008,-0.000010,]
[13,13,]   273   0.00212196   1.0388e-039   1.11585e-039   [-0.000000,-0.000011,]
[14,13,]   274   0.000944129   5.57599e-040   1.48021e-039   [-0.000013,-0.000010,]
[15,13,]   275   0.000285282   -7.38213e-040   1.93566e-039   [-0.000031,-0.000008,]
[16,13,]   276   6.41379e-005   -3.63076e-039   2.4822e-039   [-0.000066,0.000003,]
[17,13,]   277   2.7951e-005   -1.29589e-039   3.11983e-039   [-0.000075,0.000037,]
[18,13,]   278   1.56322e-005   5.49224e-040   3.84855e-039   [-0.000044,0.000022,]
[19,13,]   279   4.71528e-006   1.41791e-040   4.66836e-039   [-0.000021,0.000029,]
[0,14,]   280   1.96857e-005   -1.61986e-039   5.03272e-039   [-0.000004,0.000001,]
[1,14,]   281   3.40766e-005   -1.2713e-039   4.21291e-039   [-0.000030,-0.000007,]
[2,14,]   282   7.18773e-005   -7.75232e-040   3.48419e-039   [-0.000034,-0.000005,]
[3,14,]   283   0.000156416   -5.22463e-040   2.84656e-039   [-0.000030,-0.000002,]
[4,14,]   284   0.000352556   -3.27032e-040   2.30002e-039   [-0.000020,0.000002,]
[5,14,]   285   0.000776752   2.33885e-040   1.84457e-039   [-0.000011,0.000006,]
[6,14,]   286   0.00149509   6.16024e-040   1.48021e-039   [-0.000001,0.000007,]
[7,14,]   287   0.00243616   8.64733e-040   1.20694e-039   [0.000007,0.000007,]
[8,14,]   288   0.00337467   1.05465e-039   1.02476e-039   [0.000012,0.000005,]
[9,14,]   289   0.00400518   1.05553e-039   9.33673e-040   [0.000015,0.000002,]
[10,14,]   290   0.00417034   1.12952e-039   9.33673e-040   [0.000015,-0.000001,]
[11,14,]   291   0.00372689   1.10502e-039   1.02476e-039   [0.000012,-0.000005,]
[12,14,]   292   0.00275985   9.31962e-040   1.20694e-039   [0.000007,-0.000006,]
[13,14,]   293   0.0016449   6.83598e-040   1.48021e-039   [-0.000000,-0.000007,]
[14,14,]   294   0.000757572   2.63301e-040   1.84457e-039   [-0.000011,-0.000006,]
[15,14,]   295   0.000255983   -5.22182e-040   2.30002e-039   [-0.000025,-0.000003,]
[16,14,]   296   6.39125e-005   -2.43729e-039   2.84656e-039   [-0.000047,0.000003,]
[17,14,]   297   1.95492e-005   -2.74865e-039   3.48419e-039   [-0.000065,0.000023,]
[18,14,]   298   8.74923e-006   -1.8315e-041   4.21291e-039   [-0.000045,0.000023,]
[19,14,]   299   1.93755e-006   -8.41975e-040   5.03272e-039   [-0.000014,0.000030,]
[0,15,]   300   9.86243e-006   -2.55341e-039   5.48817e-039   [-0.000006,-0.000000,]
[1,15,]   301   1.7002e-005   -2.0569e-039   4.66836e-039   [-0.000033,-0.000006,]
[2,15,]   302   3.90385e-005   -1.36719e-039   3.93964e-039   [-0.000031,-0.000005,]
[3,15,]   303   9.26722e-005   -1.03362e-039   3.30201e-039   [-0.000025,-0.000001,]
[4,15,]   304   0.000218022   -6.49364e-040   2.75547e-039   [-0.000017,0.000001,]
[5,15,]   305   0.000481009   -2.03764e-040   2.30002e-039   [-0.000009,0.000004,]
[6,15,]   306   0.00092819   1.71516e-040   1.93566e-039   [-0.000001,0.000005,]
[7,15,]   307   0.00152439   4.37085e-040   1.66239e-039   [0.000006,0.000004,]
[8,15,]   308   0.00212683   5.81754e-040   1.48021e-039   [0.000010,0.000003,]
[9,15,]   309   0.00254623   6.92087e-040   1.38912e-039   [0.000012,0.000001,]
[10,15,]   310   0.00262169   7.11035e-040   1.38912e-039   [0.000012,-0.000001,]
[11,15,]   311   0.00229433   6.30327e-040   1.48021e-039   [0.000010,-0.000003,]
[12,15,]   312   0.00167719   4.98861e-040   1.66239e-039   [0.000006,-0.000005,]
[13,15,]   313   0.000996279   2.2998e-040   1.93566e-039   [-0.000000,-0.000005,]
[14,15,]   314   0.000467652   -1.86436e-040   2.30002e-039   [-0.000009,-0.000004,]
[15,15,]   315   0.000167904   -8.21906e-040   2.75547e-039   [-0.000021,-0.000002,]
[16,15,]   316   4.54401e-005   -2.13559e-039   3.30201e-039   [-0.000037,0.000003,]
[17,15,]   317   1.18169e-005   -3.4243e-039   3.93964e-039   [-0.000055,0.000013,]
[18,15,]   318   4.29881e-006   -1.06683e-039   4.66836e-039   [-0.000038,0.000021,]
[19,15,]   319   8.22423e-007   -2.36025e-039   5.48817e-039   [-0.000007,0.000030,]
[0,16,]   320   4.06415e-006   -3.4694e-039   6.03471e-039   [-0.000008,-0.000001,]
[1,16,]   321   7.05901e-006   -2.82718e-039   5.2149e-039   [-0.000035,-0.000005,]
[2,16,]   322   1.73374e-005   -2.01377e-039   4.48618e-039   [-0.000028,-0.000003,]
[3,16,]   323   4.37779e-005   -1.5682e-039   3.84855e-039   [-0.000022,-0.000001,]
[4,16,]   324   0.000106051   -1.16699e-039   3.30201e-039   [-0.000015,0.000001,]
[5,16,]   325   0.000235862   -7.05879e-040   2.84656e-039   [-0.000007,0.000003,]
[6,16,]   326   0.000456549   -3.38938e-040   2.4822e-039   [-0.000001,0.000004,]
[7,16,]   327   0.000752776   -8.17327e-041   2.20893e-039   [0.000005,0.000003,]
[8,16,]   328   0.00105489   8.34586e-041   2.02675e-039   [0.000009,0.000002,]
[9,16,]   329   0.00126114   1.54577e-040   1.93566e-039   [0.000011,0.000001,]
[10,16,]   330   0.00128936   1.6613e-040   1.93566e-039   [0.000010,-0.000001,]
[11,16,]   331   0.00111863   1.1694e-040   2.02675e-039   [0.000008,-0.000002,]
[12,16,]   332   0.000810499   -3.45222e-041   2.20893e-039   [0.000005,-0.000003,]
[13,16,]   333   0.000480935   -2.9532e-040   2.4822e-039   [-0.000000,-0.000004,]
[14,16,]   334   0.000228491   -7.0245e-040   2.84656e-039   [-0.000008,-0.000003,]
[15,16,]   335   8.48299e-005   -1.31571e-039   3.30201e-039   [-0.000018,-0.000001,]
[16,16,]   336   2.43284e-005   -2.28202e-039   3.84855e-039   [-0.000030,0.000002,]
[17,16,]   337   5.96865e-006   -3.80001e-039   4.48618e-039   [-0.000046,0.000008,]
[18,16,]   338   1.83189e-006   -2.22152e-039   5.2149e-039   [-0.000029,0.000017,]
[19,16,]   339   3.30336e-007   -4.37442e-039   6.03471e-039   [0.000002,0.000027,]
[0,17,]   340   1.37208e-006   -4.51803e-039   6.67234e-039   [-0.000009,0.000000,]
[1,17,]   341   2.4181e-006   -3.72879e-039   5.85253e-039   [-0.000037,-0.000003,]
[2,17,]   342   6.28805e-006   -2.77947e-039   5.12381e-039   [-0.000026,-0.000002,]
[3,17,]   343   1.66246e-005   -2.26974e-039   4.48618e-039   [-0.000020,-0.000000,]
[4,17,]   344   4.12355e-005   -1.83169e-039   3.93964e-039   [-0.000013,0.000002,]
[5,17,]   345   9.23578e-005   -1.38687e-039   3.48419e-039   [-0.000006,0.000003,]
[6,17,]   346   0.000179392   -1.02038e-039   3.11983e-039   [-0.000000,0.000004,]
[7,17,]   347   0.000296697   -7.56402e-040   2.84656e-039   [0.000004,0.000003,]
[8,17,]   348   0.000416379   -5.97018e-040   2.66438e-039   [0.000008,0.000003,]
[9,17,]   349   0.00049746   -5.10794e-040   2.57329e-039   [0.000009,0.000001,]
[10,17,]   350   0.000505908   -5.02866e-040   2.57329e-039   [0.000009,0.000000,]
[11,17,]   351   0.000435429   -5.75047e-040   2.66438e-039   [0.000007,-0.000001,]
[12,17,]   352   0.000313589   -7.27713e-040   2.84656e-039   [0.000004,-0.000002,]
[13,17,]   353   0.000185855   -9.94709e-040   3.11983e-039   [-0.000000,-0.000002,]
[14,17,]   354   8.90669e-005   -1.39197e-039   3.48419e-039   [-0.000007,-0.000002,]
[15,17,]   355   3.38787e-005   -1.955e-039   3.93964e-039   [-0.000016,-0.000000,]
[16,17,]   356   1.01081e-005   -2.78295e-039   4.48618e-039   [-0.000026,0.000003,]
[17,17,]   357   2.4646e-006   -4.18575e-039   5.12381e-039   [-0.000039,0.000007,]
[18,17,]   358   6.64733e-007   -3.47473e-039   5.85253e-039   [-0.000021,0.000015,]
[19,17,]   359   1.18095e-007   -6.49029e-039   6.67234e-039   [0.000010,0.000024,]
[0,18,]   360   3.90491e-007   -5.87779e-039   7.40106e-039   [-0.000009,0.000014,]
[1,18,]   361   6.95952e-007   -4.89546e-039   6.58125e-039   [-0.000038,0.000009,]
[2,18,]   362   1.89369e-006   -3.80716e-039   5.85253e-039   [-0.000024,0.000008,]
[3,18,]   363   5.1982e-006   -3.21805e-039   5.2149e-039   [-0.000018,0.000008,]
[4,18,]   364   1.31571e-005   -2.76865e-039   4.66836e-039   [-0.000012,0.000009,]
[5,18,]   365   2.97222e-005   -2.32706e-039   4.21291e-039   [-0.000006,0.000010,]
[6,18,]   366   5.79404e-005   -1.96581e-039   3.84855e-039   [-0.000000,0.000010,]
[7,18,]   367   9.6008e-005   -1.6955e-039   3.57528e-039   [0.000004,0.000010,]
[8,18,]   368   0.000134782   -1.51474e-039   3.3931e-039   [0.000007,0.000009,]
[9,18,]   369   0.000160566   -1.42211e-039   3.30201e-039   [0.000008,0.000008,]
[10,18,]   370   0.000162418   -1.40733e-039   3.30201e-039   [0.000008,0.000008,]
[11,18,]   371   0.000138929   -1.46983e-039   3.3931e-039   [0.000006,0.000007,]
[12,18,]   372   9.95206e-005   -1.62797e-039   3.57528e-039   [0.000004,0.000007,]
[13,18,]   373   5.89372e-005   -1.88948e-039   3.84855e-039   [-0.000000,0.000007,]
[14,18,]   374   2.8441e-005   -2.27114e-039   4.21291e-039   [-0.000006,0.000007,]
[15,18,]   375   1.10179e-005   -2.81065e-039   4.66836e-039   [-0.000014,0.000007,]
[16,18,]   376   3.4005e-006   -3.53266e-039   5.2149e-039   [-0.000022,0.000008,]
[17,18,]   377   8.43647e-007   -4.87239e-039   5.85253e-039   [-0.000033,0.000012,]
[18,18,]   378   2.10099e-007   -4.99071e-039   6.58125e-039   [-0.000013,0.000020,]
[19,18,]   379   3.80386e-008   -8.67875e-039   7.40106e-039   [0.000017,0.000024,]
[0,19,]   380   1.20869e-007   -8.03845e-039   8.22087e-039   [-0.000009,0.000027,]
[1,19,]   381   2.02517e-007   -7.12335e-039   7.40106e-039   [-0.000042,0.000021,]
[2,19,]   382   5.49089e-007   -5.81168e-039   6.67234e-039   [-0.000026,0.000018,]
[3,19,]   383   1.5405e-006   -5.00841e-039   6.03471e-039   [-0.000019,0.000017,]
[4,19,]   384   4.00476e-006   -4.40189e-039   5.48817e-039   [-0.000012,0.000016,]
[5,19,]   385   9.21919e-006   -3.87301e-039   5.03272e-039   [-0.000006,0.000016,]
[6,19,]   386   1.81057e-005   -3.47165e-039   4.66836e-039   [-0.000001,0.000016,]
[7,19,]   387   2.99093e-005   -3.1903e-039   4.39509e-039   [0.000003,0.000016,]
[8,19,]   388   4.15279e-005   -3.02278e-039   4.21291e-039   [0.000006,0.000016,]
[9,19,]   389   4.87269e-005   -2.96391e-039   4.12182e-039   [0.000008,0.000015,]
[10,19,]   390   4.85115e-005   -2.99504e-039   4.12182e-039   [0.000008,0.000015,]
[11,19,]   391   4.09404e-005   -3.10244e-039   4.21291e-039   [0.000006,0.000015,]
[12,19,]   392   2.90786e-005   -3.28851e-039   4.39509e-039   [0.000003,0.000015,]
[13,19,]   393   1.71634e-005   -3.55196e-039   4.66836e-039   [-0.000001,0.000015,]
[14,19,]   394   8.30897e-006   -3.89621e-039   5.03272e-039   [-0.000006,0.000014,]
[15,19,]   395   3.26954e-006   -4.32937e-039   5.48817e-039   [-0.000014,0.000014,]
[16,19,]   396   1.05332e-006   -4.80543e-039   6.03471e-039   [-0.000021,0.000014,]
[17,19,]   397   2.86127e-007   -5.7476e-039   6.67234e-039   [-0.000028,0.000016,]
[18,19,]   398   7.80638e-008   -6.13915e-039   7.40106e-039   [-0.000008,0.000024,]
[19,19,]   399   1.61118e-008   -8.82643e-039   8.22087e-039   [0.000018,0.000025,]
