coordinates  index   rho      Q      V      velocities
[0,0,]   0   1.6968e-14   -2.56981e-38   -1.91064e-39   [0.000007,-0.000006,]
[1,0,]   1   1.06656e-13   -1.74182e-38   -2.01368e-39   [-0.000005,-0.000005,]
[2,0,]   2   6.47756e-13   -1.85417e-38   -2.12079e-39   [0.000017,-0.000005,]
[3,0,]   3   3.5339e-12   -1.97602e-38   -2.23002e-39   [0.000020,-0.000005,]
[4,0,]   4   1.66947e-11   -2.10431e-38   -2.33843e-39   [0.000022,-0.000004,]
[5,0,]   5   6.64111e-11   -2.22831e-38   -2.44195e-39   [0.000024,-0.000003,]
[6,0,]   6   2.13595e-10   -2.34132e-38   -2.53545e-39   [0.000024,-0.000003,]
[7,0,]   7   5.30602e-10   -2.43134e-38   -2.61308e-39   [0.000022,-0.000001,]
[8,0,]   8   9.77196e-10   -2.47397e-38   -2.66899e-39   [0.000019,-0.000000,]
[9,0,]   9   1.30343e-09   -2.46721e-38   -2.69832e-39   [0.000014,0.000001,]
[10,0,]   10   1.25257e-09   -2.43638e-38   -2.69832e-39   [0.000009,0.000002,]
[11,0,]   11   8.75048e-10   -2.39414e-38   -2.66899e-39   [0.000005,0.000004,]
[12,0,]   12   4.53275e-10   -2.34925e-38   -2.61308e-39   [0.000002,0.000005,]
[13,0,]   13   1.79022e-10   -2.30113e-38   -2.53545e-39   [-0.000001,0.000005,]
[14,0,]   14   5.57042e-11   -2.24187e-38   -2.44195e-39   [-0.000003,0.000006,]
[15,0,]   15   1.41467e-11   -2.16378e-38   -2.33843e-39   [-0.000003,0.000006,]
[16,0,]   16   3.03631e-12   -2.06353e-38   -2.23002e-39   [-0.000004,0.000007,]
[17,0,]   17   5.65807e-13   -1.94827e-38   -2.12079e-39   [-0.000003,0.000007,]
[18,0,]   18   9.4265e-14   -1.83334e-38   -2.01368e-39   [0.000016,0.000007,]
[19,0,]   19   1.5907e-14   -2.55972e-38   -1.91064e-39   [0.000035,0.000007,]
[0,1,]   20   9.48401e-14   -1.83942e-38   -2.01368e-39   [0.000007,-0.000017,]
[1,1,]   21   5.45617e-13   -1.08382e-38   -2.13542e-39   [-0.000015,-0.000027,]
[2,1,]   22   3.3523e-12   -1.06392e-38   -2.26447e-39   [0.000007,-0.000031,]
[3,1,]   23   1.82033e-11   -1.0614e-38   -2.39891e-39   [0.000009,-0.000037,]
[4,1,]   24   8.4025e-11   -1.0712e-38   -2.53545e-39   [0.000010,-0.000042,]
[5,1,]   25   3.21284e-10   -1.08994e-38   -2.66899e-39   [0.000011,-0.000048,]
[6,1,]   26   9.82258e-10   -1.11844e-38   -2.79247e-39   [0.000013,-0.000054,]
[7,1,]   27   2.31164e-09   -1.15311e-38   -2.89723e-39   [0.000014,-0.000058,]
[8,1,]   28   4.05757e-09   -1.18064e-38   -2.97399e-39   [0.000014,-0.000061,]
[9,1,]   29   5.24832e-09   -1.18944e-38   -3.01473e-39   [0.000014,-0.000061,]
[10,1,]   30   5.02381e-09   -1.17977e-38   -3.01473e-39   [0.000013,-0.000059,]
[11,1,]   31   3.59312e-09   -1.15768e-38   -2.97399e-39   [0.000013,-0.000056,]
[12,1,]   32   1.95256e-09   -1.13019e-38   -2.89723e-39   [0.000012,-0.000051,]
[13,1,]   33   8.23128e-10   -1.10305e-38   -2.79247e-39   [0.000011,-0.000045,]
[14,1,]   34   2.75296e-10   -1.07984e-38   -2.66899e-39   [0.000010,-0.000039,]
[15,1,]   35   7.47962e-11   -1.06267e-38   -2.53545e-39   [0.000009,-0.000032,]
[16,1,]   36   1.69096e-11   -1.05204e-38   -2.39891e-39   [0.000008,-0.000026,]
[17,1,]   37   3.24307e-12   -1.05136e-38   -2.26447e-39   [0.000008,-0.000020,]
[18,1,]   38   5.4122e-13   -1.07888e-38   -2.13542e-39   [0.000026,-0.000015,]
[19,1,]   39   9.79294e-14   -1.76923e-38   -2.01368e-39   [0.000044,-0.000006,]
[0,2,]   40   5.65751e-13   -1.94909e-38   -2.12079e-39   [0.000007,0.000003,]
[1,2,]   41   3.24281e-12   -1.05242e-38   -2.26447e-39   [-0.000020,-0.000008,]
[2,2,]   42   2.21384e-11   -1.00712e-38   -2.42014e-39   [0.000007,-0.000008,]
[3,2,]   43   1.34748e-10   -9.84817e-39   -2.58642e-39   [0.000009,-0.000008,]
[4,2,]   44   7.01002e-10   -9.72383e-39   -2.76e-39   [0.000010,-0.000008,]
[5,2,]   45   3.03033e-09   -9.66676e-39   -2.93485e-39   [0.000012,-0.000008,]
[6,2,]   46   1.04396e-08   -9.71936e-39   -3.1015e-39   [0.000014,-0.000007,]
[7,2,]   47   2.72499e-08   -9.89921e-39   -3.24696e-39   [0.000015,-0.000005,]
[8,2,]   48   5.11777e-08   -1.01704e-38   -3.35613e-39   [0.000016,-0.000003,]
[9,2,]   49   6.77437e-08   -1.01658e-38   -3.41502e-39   [0.000016,-0.000001,]
[10,2,]   50   6.38757e-08   -1.01004e-38   -3.41502e-39   [0.000015,0.000001,]
[11,2,]   51   4.36038e-08   -9.90958e-39   -3.35613e-39   [0.000014,0.000002,]
[12,2,]   52   2.20965e-08   -9.78156e-39   -3.24696e-39   [0.000013,0.000004,]
[13,2,]   53   8.54695e-09   -9.7114e-39   -3.1015e-39   [0.000012,0.000005,]
[14,2,]   54   2.59283e-09   -9.70061e-39   -2.93485e-39   [0.000011,0.000006,]
[15,2,]   55   6.34322e-10   -9.75691e-39   -2.76e-39   [0.000010,0.000006,]
[16,2,]   56   1.28695e-10   -9.86736e-39   -2.58642e-39   [0.000009,0.000007,]
[17,2,]   57   2.21405e-11   -1.00593e-38   -2.42014e-39   [0.000008,0.000007,]
[18,2,]   58   3.32063e-12   -1.05821e-38   -2.26447e-39   [0.000030,0.000007,]
[19,2,]   59   5.84312e-13   -1.89807e-38   -2.12079e-39   [0.000053,0.000017,]
[0,3,]   60   3.03629e-12   -2.06352e-38   -2.23002e-39   [0.000007,0.000004,]
[1,3,]   61   1.69095e-11   -1.05203e-38   -2.39891e-39   [-0.000026,-0.000008,]
[2,3,]   62   1.28694e-10   -9.86727e-39   -2.58642e-39   [0.000007,-0.000009,]
[3,3,]   63   8.82903e-10   -9.54172e-39   -2.79247e-39   [0.000009,-0.000009,]
[4,3,]   64   5.22186e-09   -9.30301e-39   -3.01473e-39   [0.000010,-0.000009,]
[5,3,]   65   2.58573e-08   -9.11731e-39   -3.24696e-39   [0.000013,-0.000009,]
[6,3,]   66   1.02356e-07   -9.03362e-39   -3.47711e-39   [0.000015,-0.000009,]
[7,3,]   67   3.04207e-07   -9.15092e-39   -3.68592e-39   [0.000017,-0.000008,]
[8,3,]   68   6.28534e-07   -9.47535e-39   -3.84802e-39   [0.000018,-0.000005,]
[9,3,]   69   8.52284e-07   -9.75424e-39   -3.93752e-39   [0.000018,-0.000002,]
[10,3,]   70   7.90681e-07   -9.40221e-39   -3.93752e-39   [0.000017,0.000000,]
[11,3,]   71   5.08301e-07   -9.2014e-39   -3.84802e-39   [0.000016,0.000003,]
[12,3,]   72   2.37522e-07   -9.10886e-39   -3.68592e-39   [0.000014,0.000005,]
[13,3,]   73   8.33095e-08   -9.09227e-39   -3.47711e-39   [0.000013,0.000006,]
[14,3,]   74   2.26138e-08   -9.17241e-39   -3.24696e-39   [0.000011,0.000007,]
[15,3,]   75   4.91267e-09   -9.32782e-39   -3.01473e-39   [0.000010,0.000008,]
[16,3,]   76   8.82908e-10   -9.54181e-39   -2.79247e-39   [0.000009,0.000009,]
[17,3,]   77   1.34763e-10   -9.83487e-39   -2.58642e-39   [0.000008,0.000009,]
[18,3,]   78   1.8002e-11   -1.05509e-38   -2.39891e-39   [0.000035,0.000009,]
[19,3,]   79   3.12471e-12   -2.04397e-38   -2.23002e-39   [0.000063,0.000019,]
[0,4,]   80   1.41467e-11   -2.16378e-38   -2.33843e-39   [0.000006,0.000003,]
[1,4,]   81   7.47961e-11   -1.06267e-38   -2.53545e-39   [-0.000032,-0.000009,]
[2,4,]   82   6.34322e-10   -9.75691e-39   -2.76e-39   [0.000006,-0.000010,]
[3,4,]   83   4.91266e-09   -9.32782e-39   -3.01473e-39   [0.000008,-0.000010,]
[4,4,]   84   3.31959e-08   -8.96409e-39   -3.30019e-39   [0.000010,-0.000011,]
[5,4,]   85   1.90237e-07   -8.60993e-39   -3.6122e-39   [0.000013,-0.000011,]
[6,4,]   86   8.81171e-07   -8.34459e-39   -3.93752e-39   [0.000016,-0.000011,]
[7,4,]   87   3.08106e-06   -8.18785e-39   -4.24884e-39   [0.000019,-0.000010,]
[8,4,]   88   7.2953e-06   -8.60622e-39   -4.50273e-39   [0.000022,-0.000008,]
[9,4,]   89   1.0406e-05   -8.75662e-39   -4.64801e-39   [0.000021,-0.000003,]
[10,4,]   90   9.22743e-06   -8.58259e-39   -4.64801e-39   [0.000020,0.000000,]
[11,4,]   91   5.4813e-06   -8.37666e-39   -4.50273e-39   [0.000018,0.000004,]
[12,4,]   92   2.33029e-06   -8.35304e-39   -4.24884e-39   [0.000016,0.000007,]
[13,4,]   93   7.29835e-07   -8.47919e-39   -3.93752e-39   [0.000014,0.000008,]
[14,4,]   94   1.74603e-07   -8.67163e-39   -3.6122e-39   [0.000012,0.000009,]
[15,4,]   95   3.31959e-08   -8.96409e-39   -3.30019e-39   [0.000011,0.000010,]
[16,4,]   96   5.22189e-09   -9.30312e-39   -3.01473e-39   [0.000009,0.000010,]
[17,4,]   97   7.01087e-10   -9.70908e-39   -2.76e-39   [0.000008,0.000010,]
[18,4,]   98   8.29389e-11   -1.06441e-38   -2.53545e-39   [0.000041,0.000010,]
[19,4,]   99   1.44389e-11   -2.20405e-38   -2.33843e-39   [0.000074,0.000021,]
[0,5,]   100   5.57042e-11   -2.24187e-38   -2.44195e-39   [0.000006,0.000003,]
[1,5,]   101   2.75296e-10   -1.07984e-38   -2.66899e-39   [-0.000039,-0.000010,]
[2,5,]   102   2.59283e-09   -9.70061e-39   -2.93485e-39   [0.000006,-0.000011,]
[3,5,]   103   2.26138e-08   -9.17241e-39   -3.24696e-39   [0.000007,-0.000011,]
[4,5,]   104   1.74603e-07   -8.67163e-39   -3.6122e-39   [0.000009,-0.000012,]
[5,5,]   105   1.16251e-06   -8.1462e-39   -4.03357e-39   [0.000012,-0.000013,]
[6,5,]   106   6.38464e-06   -7.58109e-39   -4.50273e-39   [0.000016,-0.000013,]
[7,5,]   107   2.68801e-05   -7.19094e-39   -4.98648e-39   [0.000021,-0.000013,]
[8,5,]   108   7.81171e-05   -6.59014e-39   -5.4116e-39   [0.000026,-0.000011,]
[9,5,]   109   0.000118144   -8.09982e-39   -5.66944e-39   [0.000026,-0.000006,]
[10,5,]   110   9.93167e-05   -6.74536e-39   -5.66944e-39   [0.000024,0.000001,]
[11,5,]   111   5.33015e-05   -7.29107e-39   -5.4116e-39   [0.000022,0.000006,]
[12,5,]   112   2.03611e-05   -7.58816e-39   -4.98648e-39   [0.000018,0.000009,]
[13,5,]   113   5.62158e-06   -7.73562e-39   -4.50273e-39   [0.000015,0.000011,]
[14,5,]   114   1.16251e-06   -8.1462e-39   -4.03357e-39   [0.000013,0.000012,]
[15,5,]   115   1.90238e-07   -8.60992e-39   -3.6122e-39   [0.000011,0.000013,]
[16,5,]   116   2.58574e-08   -9.11742e-39   -3.24696e-39   [0.000009,0.000013,]
[17,5,]   117   3.03073e-09   -9.65051e-39   -2.93485e-39   [0.000008,0.000012,]
[18,5,]   118   3.16454e-10   -1.08289e-38   -2.66899e-39   [0.000046,0.000011,]
[19,5,]   119   5.60945e-11   -2.36793e-38   -2.44195e-39   [0.000085,0.000023,]
[0,6,]   120   1.79022e-10   -2.30113e-38   -2.53545e-39   [0.000005,0.000001,]
[1,6,]   121   8.23128e-10   -1.10305e-38   -2.79247e-39   [-0.000045,-0.000011,]
[2,6,]   122   8.54695e-09   -9.7114e-39   -3.1015e-39   [0.000005,-0.000012,]
[3,6,]   123   8.33095e-08   -9.09227e-39   -3.47711e-39   [0.000006,-0.000013,]
[4,6,]   124   7.29835e-07   -8.47919e-39   -3.93752e-39   [0.000008,-0.000014,]
[5,6,]   125   5.62158e-06   -7.73562e-39   -4.50273e-39   [0.000011,-0.000015,]
[6,6,]   126   3.65302e-05   -6.97669e-39   -5.18602e-39   [0.000015,-0.000017,]
[7,6,]   127   0.000188404   -5.83376e-39   -5.96803e-39   [0.000021,-0.000016,]
[8,6,]   128   0.000683371   -4.78982e-39   -6.74114e-39   [0.000029,-0.000017,]
[9,6,]   129   0.00128678   -3.64605e-39   -7.26043e-39   [0.000034,-0.000007,]
[10,6,]   130   0.000880232   -5.56016e-39   -7.26043e-39   [0.000033,0.000001,]
[11,6,]   131   0.000445415   -6.07917e-39   -6.74114e-39   [0.000027,0.000010,]
[12,6,]   132   0.000155271   -6.10888e-39   -5.96803e-39   [0.000021,0.000014,]
[13,6,]   133   3.65302e-05   -6.97669e-39   -5.18602e-39   [0.000017,0.000015,]
[14,6,]   134   6.38464e-06   -7.58109e-39   -4.50273e-39   [0.000013,0.000016,]
[15,6,]   135   8.81172e-07   -8.34458e-39   -3.93752e-39   [0.000011,0.000016,]
[16,6,]   136   1.02356e-07   -9.03374e-39   -3.47711e-39   [0.000009,0.000015,]
[17,6,]   137   1.0441e-08   -9.70165e-39   -3.1015e-39   [0.000007,0.000014,]
[18,6,]   138   9.65254e-10   -1.11144e-38   -2.79247e-39   [0.000051,0.000013,]
[19,6,]   139   1.76146e-10   -2.52712e-38   -2.53545e-39   [0.000096,0.000023,]
[0,7,]   140   4.53275e-10   -2.34925e-38   -2.61308e-39   [0.000005,-0.000002,]
[1,7,]   141   1.95256e-09   -1.13019e-38   -2.89723e-39   [-0.000051,-0.000012,]
[2,7,]   142   2.20965e-08   -9.78156e-39   -3.24696e-39   [0.000004,-0.000013,]
[3,7,]   143   2.37522e-07   -9.10886e-39   -3.68592e-39   [0.000005,-0.000014,]
[4,7,]   144   2.33029e-06   -8.35304e-39   -4.24884e-39   [0.000007,-0.000016,]
[5,7,]   145   2.03611e-05   -7.58816e-39   -4.98648e-39   [0.000009,-0.000018,]
[6,7,]   146   0.000155271   -6.10888e-39   -5.96803e-39   [0.000014,-0.000021,]
[7,7,]   147   0.000939621   -5.22228e-39   -7.26043e-39   [0.000019,-0.000023,]
[8,7,]   148   0.00444136   -8.47018e-40   -8.80456e-39   [0.000035,-0.000019,]
[9,7,]   149   0.00965021   -3.58959e-39   -1.00684e-38   [0.000048,-0.000019,]
[10,7,]   150   0.00620301   -1.45191e-39   -1.00684e-38   [0.000044,0.000018,]
[11,7,]   151   0.00313704   -2.97205e-39   -8.80456e-39   [0.000035,0.000020,]
[12,7,]   152   0.000939621   -5.22228e-39   -7.26043e-39   [0.000023,0.000019,]
[13,7,]   153   0.000188404   -5.83376e-39   -5.96803e-39   [0.000016,0.000021,]
[14,7,]   154   2.68801e-05   -7.19094e-39   -4.98648e-39   [0.000013,0.000021,]
[15,7,]   155   3.08106e-06   -8.18784e-39   -4.24884e-39   [0.000010,0.000019,]
[16,7,]   156   3.04207e-07   -9.15103e-39   -3.68592e-39   [0.000008,0.000017,]
[17,7,]   157   2.72537e-08   -9.88015e-39   -3.24696e-39   [0.000005,0.000015,]
[18,7,]   158   2.26628e-09   -1.14656e-38   -2.89723e-39   [0.000055,0.000014,]
[19,7,]   159   4.28006e-10   -2.66386e-38   -2.61308e-39   [0.000106,0.000022,]
[0,8,]   160   8.75048e-10   -2.39414e-38   -2.66899e-39   [0.000004,-0.000005,]
[1,8,]   161   3.59312e-09   -1.15768e-38   -2.97399e-39   [-0.000056,-0.000013,]
[2,8,]   162   4.36038e-08   -9.90958e-39   -3.35613e-39   [0.000002,-0.000014,]
[3,8,]   163   5.08301e-07   -9.2014e-39   -3.84802e-39   [0.000003,-0.000016,]
[4,8,]   164   5.4813e-06   -8.37666e-39   -4.50273e-39   [0.000004,-0.000018,]
[5,8,]   165   5.33015e-05   -7.29107e-39   -5.4116e-39   [0.000006,-0.000022,]
[6,8,]   166   0.000445415   -6.07917e-39   -6.74114e-39   [0.000010,-0.000027,]
[7,8,]   167   0.00313704   -2.97205e-39   -8.80456e-39   [0.000020,-0.000035,]
[8,8,]   168   0.0145908   -2.97027e-39   -1.21007e-38   [0.000029,-0.000025,]
[9,8,]   169   0.0725978   8.17702e-39   -1.62348e-38   [0.000078,-0.000001,]
[10,8,]   170   0.0224575   -8.8574e-39   -1.62348e-38   [0.000081,0.000047,]
[11,8,]   171   0.0145908   -2.97027e-39   -1.21007e-38   [0.000025,0.000029,]
[12,8,]   172   0.00444136   -8.47018e-40   -8.80456e-39   [0.000019,0.000035,]
[13,8,]   173   0.000683371   -4.78982e-39   -6.74114e-39   [0.000017,0.000029,]
[14,8,]   174   7.81171e-05   -6.59014e-39   -5.4116e-39   [0.000011,0.000026,]
[15,8,]   175   7.29531e-06   -8.60621e-39   -4.50273e-39   [0.000008,0.000022,]
[16,8,]   176   6.28535e-07   -9.47547e-39   -3.84802e-39   [0.000005,0.000018,]
[17,8,]   177   5.11847e-08   -1.01501e-38   -3.35613e-39   [0.000003,0.000016,]
[18,8,]   178   3.96939e-09   -1.17478e-38   -2.97399e-39   [0.000057,0.000014,]
[19,8,]   179   7.74579e-10   -2.74293e-38   -2.66899e-39   [0.000112,0.000018,]
[0,9,]   180   1.25257e-09   -2.43638e-38   -2.69832e-39   [0.000002,-0.000009,]
[1,9,]   181   5.02381e-09   -1.17977e-38   -3.01473e-39   [-0.000059,-0.000013,]
[2,9,]   182   6.38757e-08   -1.01004e-38   -3.41502e-39   [0.000001,-0.000015,]
[3,9,]   183   7.90681e-07   -9.40221e-39   -3.93752e-39   [0.000000,-0.000017,]
[4,9,]   184   9.22743e-06   -8.58259e-39   -4.64801e-39   [0.000000,-0.000020,]
[5,9,]   185   9.93167e-05   -6.74536e-39   -5.66944e-39   [0.000001,-0.000024,]
[6,9,]   186   0.000880232   -5.56016e-39   -7.26043e-39   [0.000001,-0.000033,]
[7,9,]   187   0.00620301   -1.45191e-39   -1.00684e-38   [0.000018,-0.000044,]
[8,9,]   188   0.0224575   -8.8574e-39   -1.62348e-38   [0.000047,-0.000081,]
[9,9,]   189   0.121041   4.85124e-39   -3.63021e-38   [0.000129,-0.000083,]
[10,9,]   190   0.121041   4.85124e-39   -3.63021e-38   [0.000083,0.000129,]
[11,9,]   191   0.0725978   8.17702e-39   -1.62348e-38   [0.000001,0.000078,]
[12,9,]   192   0.00965021   -3.58959e-39   -1.00684e-38   [0.000019,0.000048,]
[13,9,]   193   0.00128678   -3.64605e-39   -7.26043e-39   [0.000007,0.000034,]
[14,9,]   194   0.000118144   -8.09982e-39   -5.66944e-39   [0.000006,0.000026,]
[15,9,]   195   1.0406e-05   -8.75661e-39   -4.64801e-39   [0.000003,0.000021,]
[16,9,]   196   8.52285e-07   -9.75435e-39   -3.93752e-39   [0.000002,0.000018,]
[17,9,]   197   6.77525e-08   -1.01444e-38   -3.41502e-39   [0.000001,0.000016,]
[18,9,]   198   5.12631e-09   -1.18423e-38   -3.01473e-39   [0.000058,0.000014,]
[19,9,]   199   1.0227e-09   -2.75364e-38   -2.69832e-39   [0.000115,0.000014,]
[0,10,]   200   1.30343e-09   -2.46721e-38   -2.69832e-39   [0.000001,-0.000014,]
[1,10,]   201   5.24832e-09   -1.18944e-38   -3.01473e-39   [-0.000061,-0.000014,]
[2,10,]   202   6.77437e-08   -1.01658e-38   -3.41502e-39   [-0.000001,-0.000016,]
[3,10,]   203   8.52284e-07   -9.75424e-39   -3.93752e-39   [-0.000002,-0.000018,]
[4,10,]   204   1.0406e-05   -8.75662e-39   -4.64801e-39   [-0.000003,-0.000021,]
[5,10,]   205   0.000118144   -8.09982e-39   -5.66944e-39   [-0.000006,-0.000026,]
[6,10,]   206   0.00128678   -3.64605e-39   -7.26043e-39   [-0.000007,-0.000034,]
[7,10,]   207   0.00965021   -3.58959e-39   -1.00684e-38   [-0.000019,-0.000048,]
[8,10,]   208   0.0725978   8.17702e-39   -1.62348e-38   [-0.000001,-0.000078,]
[9,10,]   209   0.121041   4.85124e-39   -3.63021e-38   [-0.000083,-0.000129,]
[10,10,]   210   0.121041   4.85124e-39   -3.63021e-38   [-0.000129,0.000083,]
[11,10,]   211   0.0224575   -8.8574e-39   -1.62348e-38   [-0.000047,0.000081,]
[12,10,]   212   0.00620301   -1.45191e-39   -1.00684e-38   [-0.000018,0.000044,]
[13,10,]   213   0.000880232   -5.56016e-39   -7.26043e-39   [-0.000001,0.000033,]
[14,10,]   214   9.93167e-05   -6.74536e-39   -5.66944e-39   [-0.000001,0.000024,]
[15,10,]   215   9.22744e-06   -8.58258e-39   -4.64801e-39   [-0.000000,0.000020,]
[16,10,]   216   7.90682e-07   -9.40231e-39   -3.93752e-39   [-0.000001,0.000017,]
[17,10,]   217   6.38835e-08   -1.00785e-38   -3.41502e-39   [-0.000001,0.000015,]
[18,10,]   218   4.9043e-09   -1.17484e-38   -3.01473e-39   [0.000056,0.000013,]
[19,10,]   219   9.81325e-10   -2.7204e-38   -2.69832e-39   [0.000113,0.000010,]
[0,11,]   220   9.77196e-10   -2.47397e-38   -2.66899e-39   [-0.000000,-0.000019,]
[1,11,]   221   4.05757e-09   -1.18064e-38   -2.97399e-39   [-0.000061,-0.000014,]
[2,11,]   222   5.11777e-08   -1.01704e-38   -3.35613e-39   [-0.000003,-0.000016,]
[3,11,]   223   6.28534e-07   -9.47535e-39   -3.84802e-39   [-0.000005,-0.000018,]
[4,11,]   224   7.2953e-06   -8.60622e-39   -4.50273e-39   [-0.000008,-0.000022,]
[5,11,]   225   7.81171e-05   -6.59014e-39   -5.4116e-39   [-0.000011,-0.000026,]
[6,11,]   226   0.000683371   -4.78982e-39   -6.74114e-39   [-0.000017,-0.000029,]
[7,11,]   227   0.00444136   -8.47018e-40   -8.80456e-39   [-0.000019,-0.000035,]
[8,11,]   228   0.0145908   -2.97027e-39   -1.21007e-38   [-0.000025,-0.000029,]
[9,11,]   229   0.0224575   -8.8574e-39   -1.62348e-38   [-0.000081,-0.000047,]
[10,11,]   230   0.0725978   8.17702e-39   -1.62348e-38   [-0.000078,0.000001,]
[11,11,]   231   0.0145908   -2.97027e-39   -1.21007e-38   [-0.000029,0.000025,]
[12,11,]   232   0.00313704   -2.97205e-39   -8.80456e-39   [-0.000020,0.000035,]
[13,11,]   233   0.000445415   -6.07917e-39   -6.74114e-39   [-0.000010,0.000027,]
[14,11,]   234   5.33015e-05   -7.29107e-39   -5.4116e-39   [-0.000006,0.000022,]
[15,11,]   235   5.4813e-06   -8.37666e-39   -4.50273e-39   [-0.000004,0.000018,]
[16,11,]   236   5.08302e-07   -9.20149e-39   -3.84802e-39   [-0.000003,0.000016,]
[17,11,]   237   4.36085e-08   -9.88792e-39   -3.35613e-39   [-0.000002,0.000014,]
[18,11,]   238   3.50963e-09   -1.15259e-38   -2.97399e-39   [0.000053,0.000013,]
[19,11,]   239   6.90417e-10   -2.65832e-38   -2.66899e-39   [0.000109,0.000006,]
[0,12,]   240   5.30602e-10   -2.43134e-38   -2.61308e-39   [-0.000001,-0.000022,]
[1,12,]   241   2.31164e-09   -1.15311e-38   -2.89723e-39   [-0.000058,-0.000014,]
[2,12,]   242   2.72499e-08   -9.89921e-39   -3.24696e-39   [-0.000005,-0.000015,]
[3,12,]   243   3.04207e-07   -9.15092e-39   -3.68592e-39   [-0.000008,-0.000017,]
[4,12,]   244   3.08106e-06   -8.18785e-39   -4.24884e-39   [-0.000010,-0.000019,]
[5,12,]   245   2.68801e-05   -7.19094e-39   -4.98648e-39   [-0.000013,-0.000021,]
[6,12,]   246   0.000188404   -5.83376e-39   -5.96803e-39   [-0.000016,-0.000021,]
[7,12,]   247   0.000939621   -5.22228e-39   -7.26043e-39   [-0.000023,-0.000019,]
[8,12,]   248   0.00313704   -2.97205e-39   -8.80456e-39   [-0.000035,-0.000020,]
[9,12,]   249   0.00620301   -1.45191e-39   -1.00684e-38   [-0.000044,-0.000018,]
[10,12,]   250   0.00965021   -3.58959e-39   -1.00684e-38   [-0.000048,0.000019,]
[11,12,]   251   0.00444136   -8.47018e-40   -8.80456e-39   [-0.000035,0.000019,]
[12,12,]   252   0.000939621   -5.22228e-39   -7.26043e-39   [-0.000019,0.000023,]
[13,12,]   253   0.000155271   -6.10888e-39   -5.96803e-39   [-0.000014,0.000021,]
[14,12,]   254   2.03611e-05   -7.58816e-39   -4.98648e-39   [-0.000009,0.000018,]
[15,12,]   255   2.3303e-06   -8.35303e-39   -4.24884e-39   [-0.000007,0.000016,]
[16,12,]   256   2.37523e-07   -9.10892e-39   -3.68592e-39   [-0.000005,0.000014,]
[17,12,]   257   2.20984e-08   -9.76091e-39   -3.24696e-39   [-0.000004,0.000013,]
[18,12,]   258   1.9102e-09   -1.12462e-38   -2.89723e-39   [0.000049,0.000012,]
[19,12,]   259   3.62735e-10   -2.5817e-38   -2.61308e-39   [0.000101,0.000003,]
[0,13,]   260   2.13595e-10   -2.34132e-38   -2.53545e-39   [-0.000003,-0.000024,]
[1,13,]   261   9.82258e-10   -1.11844e-38   -2.79247e-39   [-0.000054,-0.000013,]
[2,13,]   262   1.04396e-08   -9.71936e-39   -3.1015e-39   [-0.000007,-0.000014,]
[3,13,]   263   1.02356e-07   -9.03362e-39   -3.47711e-39   [-0.000009,-0.000015,]
[4,13,]   264   8.81171e-07   -8.34459e-39   -3.93752e-39   [-0.000011,-0.000016,]
[5,13,]   265   6.38464e-06   -7.58109e-39   -4.50273e-39   [-0.000013,-0.000016,]
[6,13,]   266   3.65302e-05   -6.97669e-39   -5.18602e-39   [-0.000017,-0.000015,]
[7,13,]   267   0.000155271   -6.10888e-39   -5.96803e-39   [-0.000021,-0.000014,]
[8,13,]   268   0.000445415   -6.07917e-39   -6.74114e-39   [-0.000027,-0.000010,]
[9,13,]   269   0.000880232   -5.56016e-39   -7.26043e-39   [-0.000033,-0.000001,]
[10,13,]   270   0.00128678   -3.64605e-39   -7.26043e-39   [-0.000034,0.000007,]
[11,13,]   271   0.000683371   -4.78982e-39   -6.74114e-39   [-0.000029,0.000017,]
[12,13,]   272   0.000188404   -5.83376e-39   -5.96803e-39   [-0.000021,0.000016,]
[13,13,]   273   3.65302e-05   -6.97669e-39   -5.18602e-39   [-0.000015,0.000017,]
[14,13,]   274   5.62158e-06   -7.73562e-39   -4.50273e-39   [-0.000011,0.000015,]
[15,13,]   275   7.29835e-07   -8.47919e-39   -3.93752e-39   [-0.000008,0.000014,]
[16,13,]   276   8.33098e-08   -9.09229e-39   -3.47711e-39   [-0.000006,0.000013,]
[17,13,]   277   8.54747e-09   -9.69235e-39   -3.1015e-39   [-0.000005,0.000012,]
[18,13,]   278   8.07097e-10   -1.09691e-38   -2.79247e-39   [0.000043,0.000011,]
[19,13,]   279   1.46025e-10   -2.49569e-38   -2.53545e-39   [0.000091,0.000000,]
[0,14,]   280   6.64111e-11   -2.22831e-38   -2.44195e-39   [-0.000003,-0.000024,]
[1,14,]   281   3.21284e-10   -1.08994e-38   -2.66899e-39   [-0.000048,-0.000011,]
[2,14,]   282   3.03033e-09   -9.66676e-39   -2.93485e-39   [-0.000008,-0.000012,]
[3,14,]   283   2.58573e-08   -9.11731e-39   -3.24696e-39   [-0.000009,-0.000013,]
[4,14,]   284   1.90237e-07   -8.60993e-39   -3.6122e-39   [-0.000011,-0.000013,]
[5,14,]   285   1.16251e-06   -8.1462e-39   -4.03357e-39   [-0.000013,-0.000012,]
[6,14,]   286   5.62158e-06   -7.73562e-39   -4.50273e-39   [-0.000015,-0.000011,]
[7,14,]   287   2.03611e-05   -7.58816e-39   -4.98648e-39   [-0.000018,-0.000009,]
[8,14,]   288   5.33015e-05   -7.29107e-39   -5.4116e-39   [-0.000022,-0.000006,]
[9,14,]   289   9.93167e-05   -6.74536e-39   -5.66944e-39   [-0.000024,-0.000001,]
[10,14,]   290   0.000118144   -8.09982e-39   -5.66944e-39   [-0.000026,0.000006,]
[11,14,]   291   7.81171e-05   -6.59014e-39   -5.4116e-39   [-0.000026,0.000011,]
[12,14,]   292   2.68801e-05   -7.19094e-39   -4.98648e-39   [-0.000021,0.000013,]
[13,14,]   293   6.38464e-06   -7.58109e-39   -4.50273e-39   [-0.000016,0.000013,]
[14,14,]   294   1.16251e-06   -8.1462e-39   -4.03357e-39   [-0.000012,0.000013,]
[15,14,]   295   1.74603e-07   -8.67162e-39   -3.6122e-39   [-0.000009,0.000012,]
[16,14,]   296   2.26139e-08   -9.1724e-39   -3.24696e-39   [-0.000007,0.000011,]
[17,14,]   297   2.59292e-09   -9.68347e-39   -2.93485e-39   [-0.000006,0.000011,]
[18,14,]   298   2.70629e-10   -1.07327e-38   -2.66899e-39   [0.000037,0.000010,]
[19,14,]   299   4.64366e-11   -2.39705e-38   -2.44195e-39   [0.000080,-0.000002,]
[0,15,]   300   1.66948e-11   -2.10431e-38   -2.33843e-39   [-0.000004,-0.000022,]
[1,15,]   301   8.40251e-11   -1.0712e-38   -2.53545e-39   [-0.000042,-0.000010,]
[2,15,]   302   7.01002e-10   -9.72383e-39   -2.76e-39   [-0.000008,-0.000010,]
[3,15,]   303   5.22187e-09   -9.30301e-39   -3.01473e-39   [-0.000009,-0.000010,]
[4,15,]   304   3.31959e-08   -8.96409e-39   -3.30019e-39   [-0.000011,-0.000010,]
[5,15,]   305   1.74603e-07   -8.67162e-39   -3.6122e-39   [-0.000012,-0.000009,]
[6,15,]   306   7.29835e-07   -8.47919e-39   -3.93752e-39   [-0.000014,-0.000008,]
[7,15,]   307   2.3303e-06   -8.35303e-39   -4.24884e-39   [-0.000016,-0.000007,]
[8,15,]   308   5.4813e-06   -8.37666e-39   -4.50273e-39   [-0.000018,-0.000004,]
[9,15,]   309   9.22744e-06   -8.58258e-39   -4.64801e-39   [-0.000020,-0.000000,]
[10,15,]   310   1.0406e-05   -8.75661e-39   -4.64801e-39   [-0.000021,0.000003,]
[11,15,]   311   7.29531e-06   -8.60621e-39   -4.50273e-39   [-0.000022,0.000008,]
[12,15,]   312   3.08106e-06   -8.18784e-39   -4.24884e-39   [-0.000019,0.000010,]
[13,15,]   313   8.81172e-07   -8.34458e-39   -3.93752e-39   [-0.000016,0.000011,]
[14,15,]   314   1.90238e-07   -8.60992e-39   -3.6122e-39   [-0.000013,0.000011,]
[15,15,]   315   3.31959e-08   -8.96408e-39   -3.30019e-39   [-0.000010,0.000011,]
[16,15,]   316   4.9127e-09   -9.32778e-39   -3.01473e-39   [-0.000008,0.000010,]
[17,15,]   317   6.34332e-10   -9.74172e-39   -2.76e-39   [-0.000006,0.000010,]
[18,15,]   318   7.37146e-11   -1.05598e-38   -2.53545e-39   [0.000031,0.000009,]
[19,15,]   319   1.20619e-11   -2.28166e-38   -2.33843e-39   [0.000069,-0.000003,]
[0,16,]   320   3.53392e-12   -1.97602e-38   -2.23002e-39   [-0.000005,-0.000020,]
[1,16,]   321   1.82034e-11   -1.06139e-38   -2.39891e-39   [-0.000037,-0.000009,]
[2,16,]   322   1.34749e-10   -9.84811e-39   -2.58642e-39   [-0.000008,-0.000009,]
[3,16,]   323   8.82909e-10   -9.54167e-39   -2.79247e-39   [-0.000009,-0.000009,]
[4,16,]   324   4.91269e-09   -9.32779e-39   -3.01473e-39   [-0.000010,-0.000008,]
[5,16,]   325   2.26139e-08   -9.1724e-39   -3.24696e-39   [-0.000011,-0.000007,]
[6,16,]   326   8.33098e-08   -9.09229e-39   -3.47711e-39   [-0.000013,-0.000006,]
[7,16,]   327   2.37523e-07   -9.10892e-39   -3.68592e-39   [-0.000014,-0.000005,]
[8,16,]   328   5.08302e-07   -9.20149e-39   -3.84802e-39   [-0.000016,-0.000003,]
[9,16,]   329   7.90682e-07   -9.40231e-39   -3.93752e-39   [-0.000017,-0.000001,]
[10,16,]   330   8.52285e-07   -9.75435e-39   -3.93752e-39   [-0.000018,0.000002,]
[11,16,]   331   6.28535e-07   -9.47547e-39   -3.84802e-39   [-0.000018,0.000005,]
[12,16,]   332   3.04207e-07   -9.15103e-39   -3.68592e-39   [-0.000017,0.000008,]
[13,16,]   333   1.02356e-07   -9.03374e-39   -3.47711e-39   [-0.000015,0.000009,]
[14,16,]   334   2.58574e-08   -9.11742e-39   -3.24696e-39   [-0.000013,0.000009,]
[15,16,]   335   5.22189e-09   -9.30311e-39   -3.01473e-39   [-0.000010,0.000009,]
[16,16,]   336   8.82913e-10   -9.54176e-39   -2.79247e-39   [-0.000009,0.000009,]
[17,16,]   337   1.28694e-10   -9.85397e-39   -2.58642e-39   [-0.000007,0.000009,]
[18,16,]   338   1.67032e-11   -1.04552e-38   -2.39891e-39   [0.000025,0.000008,]
[19,16,]   339   2.64653e-12   -2.14845e-38   -2.23002e-39   [0.000057,-0.000003,]
[0,17,]   340   6.47765e-13   -1.85332e-38   -2.12079e-39   [-0.000005,-0.000017,]
[1,17,]   341   3.35224e-12   -1.06288e-38   -2.26447e-39   [-0.000031,-0.000008,]
[2,17,]   342   2.21381e-11   -1.00594e-38   -2.42014e-39   [-0.000008,-0.000007,]
[3,17,]   343   1.28694e-10   -9.85388e-39   -2.58642e-39   [-0.000009,-0.000007,]
[4,17,]   344   6.34331e-10   -9.74172e-39   -2.76e-39   [-0.000010,-0.000006,]
[5,17,]   345   2.59292e-09   -9.68347e-39   -2.93485e-39   [-0.000011,-0.000006,]
[6,17,]   346   8.54747e-09   -9.69235e-39   -3.1015e-39   [-0.000012,-0.000005,]
[7,17,]   347   2.20984e-08   -9.76091e-39   -3.24696e-39   [-0.000013,-0.000004,]
[8,17,]   348   4.36085e-08   -9.88792e-39   -3.35613e-39   [-0.000014,-0.000002,]
[9,17,]   349   6.38835e-08   -1.00785e-38   -3.41502e-39   [-0.000015,-0.000001,]
[10,17,]   350   6.77525e-08   -1.01444e-38   -3.41502e-39   [-0.000016,0.000001,]
[11,17,]   351   5.11847e-08   -1.01501e-38   -3.35613e-39   [-0.000016,0.000003,]
[12,17,]   352   2.72537e-08   -9.88015e-39   -3.24696e-39   [-0.000015,0.000005,]
[13,17,]   353   1.0441e-08   -9.70165e-39   -3.1015e-39   [-0.000014,0.000007,]
[14,17,]   354   3.03073e-09   -9.65051e-39   -2.93485e-39   [-0.000012,0.000008,]
[15,17,]   355   7.01087e-10   -9.70908e-39   -2.76e-39   [-0.000010,0.000008,]
[16,17,]   356   1.34763e-10   -9.83481e-39   -2.58642e-39   [-0.000009,0.000008,]
[17,17,]   357   2.21402e-11   -1.00474e-38   -2.42014e-39   [-0.000007,0.000008,]
[18,17,]   358   3.20974e-12   -1.04526e-38   -2.26447e-39   [0.000019,0.000008,]
[19,17,]   359   5.03543e-13   -2.00573e-38   -2.12079e-39   [0.000046,-0.000003,]
[0,18,]   360   1.05938e-13   -1.73484e-38   -2.01368e-39   [-0.000005,0.000005,]
[1,18,]   361   5.40896e-13   -1.07839e-38   -2.13542e-39   [-0.000027,0.000014,]
[2,18,]   362   3.20948e-12   -1.04632e-38   -2.26447e-39   [-0.000008,0.000019,]
[3,18,]   363   1.67031e-11   -1.04551e-38   -2.39891e-39   [-0.000008,0.000025,]
[4,18,]   364   7.37145e-11   -1.05598e-38   -2.53545e-39   [-0.000009,0.000031,]
[5,18,]   365   2.70629e-10   -1.07327e-38   -2.66899e-39   [-0.000010,0.000037,]
[6,18,]   366   8.07097e-10   -1.09691e-38   -2.79247e-39   [-0.000011,0.000043,]
[7,18,]   367   1.9102e-09   -1.12462e-38   -2.89723e-39   [-0.000012,0.000049,]
[8,18,]   368   3.50963e-09   -1.15259e-38   -2.97399e-39   [-0.000013,0.000053,]
[9,18,]   369   4.9043e-09   -1.17484e-38   -3.01473e-39   [-0.000013,0.000056,]
[10,18,]   370   5.12631e-09   -1.18423e-38   -3.01473e-39   [-0.000014,0.000058,]
[11,18,]   371   3.96939e-09   -1.17478e-38   -2.97399e-39   [-0.000014,0.000057,]
[12,18,]   372   2.26628e-09   -1.14656e-38   -2.89723e-39   [-0.000014,0.000055,]
[13,18,]   373   9.65254e-10   -1.11144e-38   -2.79247e-39   [-0.000013,0.000051,]
[14,18,]   374   3.16454e-10   -1.08289e-38   -2.66899e-39   [-0.000011,0.000046,]
[15,18,]   375   8.2939e-11   -1.06441e-38   -2.53545e-39   [-0.000010,0.000041,]
[16,18,]   376   1.80021e-11   -1.05508e-38   -2.39891e-39   [-0.000009,0.000035,]
[17,18,]   377   3.32056e-12   -1.05717e-38   -2.26447e-39   [-0.000008,0.000030,]
[18,18,]   378   5.3653e-13   -1.07344e-38   -2.13542e-39   [0.000014,0.000026,]
[19,18,]   379   8.55177e-14   -1.86945e-38   -2.01368e-39   [0.000036,0.000016,]
[0,19,]   380   1.56658e-14   -2.57057e-38   -1.91064e-39   [-0.000006,0.000027,]
[1,19,]   381   8.60399e-14   -1.87571e-38   -2.01368e-39   [-0.000017,0.000036,]
[2,19,]   382   5.03494e-13   -2.00655e-38   -2.12079e-39   [0.000003,0.000046,]
[3,19,]   383   2.64651e-12   -2.14845e-38   -2.23002e-39   [0.000003,0.000057,]
[4,19,]   384   1.20618e-11   -2.28166e-38   -2.33843e-39   [0.000003,0.000069,]
[5,19,]   385   4.64366e-11   -2.39705e-38   -2.44195e-39   [0.000002,0.000080,]
[6,19,]   386   1.46025e-10   -2.49569e-38   -2.53545e-39   [-0.000000,0.000091,]
[7,19,]   387   3.62735e-10   -2.5817e-38   -2.61308e-39   [-0.000003,0.000101,]
[8,19,]   388   6.90417e-10   -2.65832e-38   -2.66899e-39   [-0.000006,0.000109,]
[9,19,]   389   9.81325e-10   -2.7204e-38   -2.69832e-39   [-0.000010,0.000113,]
[10,19,]   390   1.0227e-09   -2.75364e-38   -2.69832e-39   [-0.000014,0.000115,]
[11,19,]   391   7.74579e-10   -2.74293e-38   -2.66899e-39   [-0.000018,0.000112,]
[12,19,]   392   4.28006e-10   -2.66386e-38   -2.61308e-39   [-0.000022,0.000106,]
[13,19,]   393   1.76146e-10   -2.52712e-38   -2.53545e-39   [-0.000023,0.000096,]
[14,19,]   394   5.60945e-11   -2.36793e-38   -2.44195e-39   [-0.000023,0.000085,]
[15,19,]   395   1.44389e-11   -2.20405e-38   -2.33843e-39   [-0.000021,0.000074,]
[16,19,]   396   3.12474e-12   -2.04397e-38   -2.23002e-39   [-0.000019,0.000063,]
[17,19,]   397   5.84318e-13   -1.89722e-38   -2.12079e-39   [-0.000017,0.000053,]
[18,19,]   398   9.72654e-14   -1.7621e-38   -2.01368e-39   [0.000005,0.000044,]
[19,19,]   399   1.46943e-14   -2.55707e-38   -1.91064e-39   [0.000027,0.000035,]
