coordinates  index   rho      Q      V    velocities 
[0,0,]   0   3.44595e-008   -8.58938e-039   8.22087e-039   [0.000027,-0.000005,]
[1,0,]   1   1.14579e-007   -6.18162e-039   7.40106e-039   [0.000028,-0.000005,]
[2,0,]   2   3.69544e-007   -5.47969e-039   6.67234e-039   [0.000026,-0.000003,]
[3,0,]   3   1.1497e-006   -4.7647e-039   6.03471e-039   [0.000020,-0.000000,]
[4,0,]   4   3.22933e-006   -4.16717e-039   5.48817e-039   [0.000012,0.000001,]
[5,0,]   5   7.76666e-006   -3.6942e-039   5.03272e-039   [0.000006,0.000002,]
[6,0,]   6   1.56148e-005   -3.32777e-039   4.66836e-039   [0.000000,0.000002,]
[7,0,]   7   2.61333e-005   -3.05604e-039   4.39509e-039   [-0.000003,0.000002,]
[8,0,]   8   3.65982e-005   -2.87451e-039   4.21291e-039   [-0.000006,0.000002,]
[9,0,]   9   4.32107e-005   -2.78288e-039   4.12182e-039   [-0.000007,0.000001,]
[10,0,]   10   4.32309e-005   -2.78221e-039   4.12182e-039   [-0.000007,0.000000,]
[11,0,]   11   3.66485e-005   -2.87283e-039   4.21291e-039   [-0.000006,-0.000000,]
[12,0,]   12   2.61922e-005   -3.0542e-039   4.39509e-039   [-0.000003,-0.000001,]
[13,0,]   13   1.56654e-005   -3.32691e-039   4.66836e-039   [0.000000,-0.000001,]
[14,0,]   14   7.80316e-006   -3.69559e-039   5.03272e-039   [0.000005,-0.000001,]
[15,0,]   15   3.2529e-006   -4.17193e-039   5.48817e-039   [0.000012,0.000000,]
[16,0,]   16   1.16343e-006   -4.7721e-039   6.03471e-039   [0.000020,0.000002,]
[17,0,]   17   3.7654e-007   -5.48211e-039   6.67234e-039   [0.000026,0.000004,]
[18,0,]   18   1.17585e-007   -6.22483e-039   7.40106e-039   [0.000030,0.000006,]
[19,0,]   19   3.67226e-008   -8.55025e-039   8.22087e-039   [0.000027,0.000007,]
[0,1,]   20   1.45295e-007   -5.82091e-039   7.40106e-039   [0.000026,-0.000008,]
[1,1,]   21   4.58627e-007   -4.01166e-039   6.58125e-039   [0.000030,-0.000007,]
[2,1,]   22   1.42109e-006   -3.74114e-039   5.85253e-039   [0.000029,-0.000005,]
[3,1,]   23   4.3548e-006   -3.19974e-039   5.2149e-039   [0.000022,-0.000002,]
[4,1,]   24   1.22426e-005   -2.59709e-039   4.66836e-039   [0.000013,0.000000,]
[5,1,]   25   2.9572e-005   -2.08019e-039   4.21291e-039   [0.000006,0.000002,]
[6,1,]   26   5.95756e-005   -1.69195e-039   3.84855e-039   [0.000000,0.000002,]
[7,1,]   27   9.96014e-005   -1.42793e-039   3.57528e-039   [-0.000004,0.000002,]
[8,1,]   28   0.000139095   -1.26981e-039   3.3931e-039   [-0.000007,0.000001,]
[9,1,]   29   0.000163801   -1.19788e-039   3.30201e-039   [-0.000008,0.000000,]
[10,1,]   30   0.000163724   -1.19916e-039   3.30201e-039   [-0.000008,-0.000001,]
[11,1,]   31   0.000138923   -1.27342e-039   3.3931e-039   [-0.000007,-0.000002,]
[12,1,]   32   9.94519e-005   -1.4332e-039   3.57528e-039   [-0.000004,-0.000002,]
[13,1,]   33   5.95274e-005   -1.69769e-039   3.84855e-039   [0.000000,-0.000002,]
[14,1,]   34   2.96176e-005   -2.08417e-039   4.21291e-039   [0.000006,-0.000002,]
[15,1,]   35   1.2325e-005   -2.59448e-039   4.66836e-039   [0.000013,-0.000001,]
[16,1,]   36   4.42512e-006   -3.18095e-039   5.2149e-039   [0.000022,0.000001,]
[17,1,]   37   1.46273e-006   -3.69666e-039   5.85253e-039   [0.000029,0.000004,]
[18,1,]   38   4.77326e-007   -4.01201e-039   6.58125e-039   [0.000031,0.000006,]
[19,1,]   39   1.56978e-007   -5.74403e-039   7.40106e-039   [0.000027,0.000006,]
[0,2,]   40   5.20429e-007   -4.71525e-039   6.67234e-039   [0.000026,-0.000008,]
[1,2,]   41   1.54311e-006   -3.14826e-039   5.85253e-039   [0.000032,-0.000008,]
[2,2,]   42   4.52457e-006   -2.99751e-039   5.12381e-039   [0.000032,-0.000005,]
[3,2,]   43   1.35274e-005   -2.5031e-039   4.48618e-039   [0.000025,-0.000002,]
[4,2,]   44   3.79788e-005   -1.88949e-039   3.93964e-039   [0.000015,0.000001,]
[5,2,]   45   9.21802e-005   -1.35525e-039   3.48419e-039   [0.000007,0.000002,]
[6,2,]   46   0.000186161   -9.5865e-040   3.11983e-039   [0.000001,0.000003,]
[7,2,]   47   0.000310836   -6.94471e-040   2.84656e-039   [-0.000004,0.000003,]
[8,2,]   48   0.000432676   -5.40245e-040   2.66438e-039   [-0.000008,0.000002,]
[9,2,]   49   0.00050818   -4.7145e-040   2.57329e-039   [-0.000009,0.000001,]
[10,2,]   50   0.00050786   -4.71685e-040   2.57329e-039   [-0.000009,-0.000001,]
[11,2,]   51   0.000431949   -5.40897e-040   2.66438e-039   [-0.000008,-0.000002,]
[12,2,]   52   0.000310186   -6.95399e-040   2.84656e-039   [-0.000004,-0.000003,]
[13,2,]   53   0.000185909   -9.5953e-040   3.11983e-039   [0.000001,-0.000003,]
[14,2,]   54   9.23064e-005   -1.35494e-039   3.48419e-039   [0.000007,-0.000002,]
[15,2,]   55   3.82631e-005   -1.88409e-039   3.93964e-039   [0.000015,-0.000001,]
[16,2,]   56   1.37783e-005   -2.48314e-039   4.48618e-039   [0.000025,0.000002,]
[17,2,]   57   4.67469e-006   -2.95552e-039   5.12381e-039   [0.000032,0.000005,]
[18,2,]   58   1.6107e-006   -3.16339e-039   5.85253e-039   [0.000032,0.000007,]
[19,2,]   59   5.62161e-007   -4.66602e-039   6.67234e-039   [0.000026,0.000007,]
[0,3,]   60   1.57469e-006   -3.63946e-039   6.03471e-039   [0.000025,-0.000009,]
[1,3,]   61   4.34252e-006   -2.35409e-039   5.2149e-039   [0.000033,-0.000009,]
[2,3,]   62   1.18389e-005   -2.35516e-039   4.48618e-039   [0.000036,-0.000007,]
[3,3,]   63   3.41469e-005   -1.93012e-039   3.84855e-039   [0.000029,-0.000002,]
[4,3,]   64   9.56597e-005   -1.29745e-039   3.30201e-039   [0.000018,0.000001,]
[5,3,]   65   0.000233821   -7.35652e-040   2.84656e-039   [0.000008,0.000003,]
[6,3,]   66   0.000473895   -3.26336e-040   2.4822e-039   [0.000001,0.000004,]
[7,3,]   67   0.000789787   -6.21633e-041   2.20893e-039   [-0.000005,0.000003,]
[8,3,]   68   0.00109411   8.54722e-041   2.02675e-039   [-0.000009,0.000002,]
[9,3,]   69   0.00128003   1.48149e-040   1.93566e-039   [-0.000011,0.000001,]
[10,3,]   70   0.00127898   1.47689e-040   1.93566e-039   [-0.000011,-0.000001,]
[11,3,]   71   0.0010917   8.42303e-041   2.02675e-039   [-0.000009,-0.000002,]
[12,3,]   72   0.000787595   -6.38606e-041   2.20893e-039   [-0.000005,-0.000003,]
[13,3,]   73   0.000472964   -3.27967e-040   2.4822e-039   [0.000001,-0.000004,]
[14,3,]   74   0.000234105   -7.35714e-040   2.84656e-039   [0.000008,-0.000003,]
[15,3,]   75   9.64722e-005   -1.2907e-039   3.30201e-039   [0.000017,-0.000001,]
[16,3,]   76   3.48851e-005   -1.90382e-039   3.84855e-039   [0.000028,0.000002,]
[17,3,]   77   1.2284e-005   -2.30378e-039   4.48618e-039   [0.000035,0.000006,]
[18,3,]   78   4.54343e-006   -2.36958e-039   5.2149e-039   [0.000033,0.000009,]
[19,3,]   79   1.69756e-006   -3.60641e-039   6.03471e-039   [0.000025,0.000008,]
[0,4,]   80   4.0348e-006   -2.56203e-039   5.48817e-039   [0.000023,-0.000010,]
[1,4,]   81   1.02486e-005   -1.59906e-039   4.66836e-039   [0.000033,-0.000011,]
[2,4,]   82   2.53633e-005   -1.7945e-039   3.93964e-039   [0.000040,-0.000009,]
[3,4,]   83   6.9267e-005   -1.48728e-039   3.30201e-039   [0.000034,-0.000003,]
[4,4,]   84   0.000193319   -8.26952e-040   2.75547e-039   [0.000021,0.000002,]
[5,4,]   85   0.000477733   -2.22255e-040   2.30002e-039   [0.000009,0.000004,]
[6,4,]   86   0.000973561   2.06332e-040   1.93566e-039   [0.000001,0.000005,]
[7,4,]   87   0.0016178   4.70779e-040   1.66239e-039   [-0.000006,0.000005,]
[8,4,]   88   0.00222448   6.08747e-040   1.48021e-039   [-0.000010,0.000003,]
[9,4,]   89   0.00258662   6.62195e-040   1.38912e-039   [-0.000013,0.000001,]
[10,4,]   90   0.00258386   6.61452e-040   1.38912e-039   [-0.000013,-0.000001,]
[11,4,]   91   0.00221817   6.06788e-040   1.48021e-039   [-0.000010,-0.000003,]
[12,4,]   92   0.00161197   4.68187e-040   1.66239e-039   [-0.000006,-0.000005,]
[13,4,]   93   0.000970947   2.03833e-040   1.93566e-039   [0.000001,-0.000005,]
[14,4,]   94   0.000478247   -2.2277e-040   2.30002e-039   [0.000009,-0.000004,]
[15,4,]   95   0.000195231   -8.18244e-040   2.75547e-039   [0.000021,-0.000002,]
[16,4,]   96   7.10465e-005   -1.45162e-039   3.30201e-039   [0.000033,0.000003,]
[17,4,]   97   2.64434e-005   -1.73239e-039   3.93964e-039   [0.000039,0.000008,]
[18,4,]   98   1.0737e-005   -1.6182e-039   4.66836e-039   [0.000033,0.000010,]
[19,4,]   99   4.33125e-006   -2.5529e-039   5.48817e-039   [0.000023,0.000009,]
[0,5,]   100   8.7821e-006   -1.46607e-039   5.03272e-039   [0.000021,-0.000011,]
[1,5,]   101   2.03883e-005   -8.59166e-040   4.21291e-039   [0.000032,-0.000013,]
[2,5,]   102   4.43644e-005   -1.28981e-039   3.48419e-039   [0.000044,-0.000012,]
[3,5,]   103   0.000110987   -1.19739e-039   2.84656e-039   [0.000041,-0.000005,]
[4,5,]   104   0.000307619   -4.95641e-040   2.30002e-039   [0.000025,0.000002,]
[5,5,]   105   0.000774355   1.81115e-040   1.84457e-039   [0.000011,0.000006,]
[6,5,]   106   0.0015924   6.40755e-040   1.48021e-039   [0.000001,0.000007,]
[7,5,]   107   0.00263329   9.06349e-040   1.20694e-039   [-0.000007,0.000007,]
[8,5,]   108   0.00357555   1.02961e-039   1.02476e-039   [-0.000012,0.000005,]
[9,5,]   109   0.00411442   1.06836e-039   9.33673e-040   [-0.000015,0.000002,]
[10,5,]   110   0.00410869   1.06722e-039   9.33673e-040   [-0.000015,-0.000002,]
[11,5,]   111   0.00356239   1.02667e-039   1.02476e-039   [-0.000012,-0.000005,]
[12,5,]   112   0.00262104   9.02606e-040   1.20694e-039   [-0.000007,-0.000007,]
[13,5,]   113   0.00158671   6.37147e-040   1.48021e-039   [0.000001,-0.000007,]
[14,5,]   114   0.000775096   1.79944e-040   1.84457e-039   [0.000011,-0.000006,]
[15,5,]   115   0.00031129   -4.83802e-040   2.30002e-039   [0.000025,-0.000002,]
[16,5,]   116   0.00011447   -1.14636e-039   2.84656e-039   [0.000040,0.000005,]
[17,5,]   117   4.6489e-005   -1.21656e-039   3.48419e-039   [0.000043,0.000011,]
[18,5,]   118   2.13504e-005   -8.86451e-040   4.21291e-039   [0.000032,0.000012,]
[19,5,]   119   9.36285e-006   -1.48784e-039   5.03272e-039   [0.000020,0.000010,]
[0,6,]   120   1.62942e-005   -3.52326e-040   4.66836e-039   [0.000018,-0.000011,]
[1,6,]   121   3.44743e-005   -1.15895e-040   3.84855e-039   [0.000030,-0.000015,]
[2,6,]   122   6.34186e-005   -7.86596e-040   3.11983e-039   [0.000048,-0.000017,]
[3,6,]   123   0.000136526   -1.12058e-039   2.4822e-039   [0.000051,-0.000008,]
[4,6,]   124   0.000373045   -3.56527e-040   1.93566e-039   [0.000032,0.000004,]
[5,6,]   125   0.000972324   4.54315e-040   1.48021e-039   [0.000014,0.000010,]
[6,6,]   126   0.00203272   9.68287e-040   1.11585e-039   [0.000001,0.000011,]
[7,6,]   127   0.00333156   1.23776e-039   8.42583e-040   [-0.000008,0.000010,]
[8,6,]   128   0.00441868   1.33795e-039   6.60403e-040   [-0.000015,0.000008,]
[9,6,]   129   0.00498349   1.35293e-039   5.69313e-040   [-0.000020,0.000003,]
[10,6,]   130   0.00497413   1.35107e-039   5.69313e-040   [-0.000020,-0.000003,]
[11,6,]   131   0.00439717   1.3334e-039   6.60403e-040   [-0.000015,-0.000008,]
[12,6,]   132   0.00331142   1.23226e-039   8.42583e-040   [-0.000008,-0.000011,]
[13,6,]   133   0.00202315   9.63012e-040   1.11585e-039   [0.000001,-0.000011,]
[14,6,]   134   0.000973166   4.51984e-040   1.48021e-039   [0.000014,-0.000010,]
[15,6,]   135   0.000378693   -3.38795e-040   1.93566e-039   [0.000032,-0.000004,]
[16,6,]   136   0.000141968   -1.04059e-039   2.4822e-039   [0.000050,0.000007,]
[17,6,]   137   6.67505e-005   -7.05974e-040   3.11983e-039   [0.000046,0.000016,]
[18,6,]   138   3.59853e-005   -1.55754e-040   3.84855e-039   [0.000029,0.000015,]
[19,6,]   139   1.72027e-005   -4.07726e-040   4.66836e-039   [0.000017,0.000010,]
[0,7,]   140   2.58627e-005   7.35868e-040   4.39509e-039   [0.000014,-0.000012,]
[1,7,]   141   5.01532e-005   6.22826e-040   3.57528e-039   [0.000025,-0.000017,]
[2,7,]   142   7.5065e-005   -1.58546e-040   2.84656e-039   [0.000048,-0.000023,]
[3,7,]   143   0.000122545   -1.43873e-039   2.20893e-039   [0.000068,-0.000015,]
[4,7,]   144   0.00032328   -5.96901e-040   1.66239e-039   [0.000045,0.000008,]
[5,7,]   145   0.00091084   5.13613e-040   1.20694e-039   [0.000017,0.000018,]
[6,7,]   146   0.00196993   1.13578e-039   8.42583e-040   [0.000001,0.000020,]
[7,7,]   147   0.00316961   1.41689e-039   5.69313e-040   [-0.000010,0.000019,]
[8,7,]   148   0.00399577   1.47998e-039   3.87133e-040   [-0.000020,0.000014,]
[9,7,]   149   0.00430116   1.45533e-039   2.96043e-040   [-0.000027,0.000006,]
[10,7,]   150   0.00428954   1.45179e-039   2.96043e-040   [-0.000027,-0.000006,]
[11,7,]   151   0.00396901   1.47171e-039   3.87133e-040   [-0.000020,-0.000014,]
[12,7,]   152   0.00314445   1.40761e-039   5.69313e-040   [-0.000010,-0.000019,]
[13,7,]   153   0.00195779   1.12709e-039   8.42583e-040   [0.000001,-0.000020,]
[14,7,]   154   0.000911581   5.08672e-040   1.20694e-039   [0.000018,-0.000017,]
[15,7,]   155   0.000330014   -5.63918e-040   1.66239e-039   [0.000044,-0.000008,]
[16,7,]   156   0.000129099   -1.29248e-039   2.20893e-039   [0.000066,0.000014,]
[17,7,]   157   7.90907e-005   -8.78712e-041   2.84656e-039   [0.000047,0.000023,]
[18,7,]   158   5.19816e-005   5.70575e-040   3.57528e-039   [0.000024,0.000017,]
[19,7,]   159   2.69594e-005   6.54933e-040   4.39509e-039   [0.000012,0.000011,]
[0,8,]   160   3.52312e-005   1.67262e-039   4.21291e-039   [0.000009,-0.000013,]
[1,8,]   161   6.37424e-005   1.28197e-039   3.3931e-039   [0.000017,-0.000019,]
[2,8,]   162   7.68362e-005   8.46742e-040   2.66438e-039   [0.000040,-0.000032,]
[3,8,]   163   7.32882e-005   -2.91507e-039   2.02675e-039   [0.000095,-0.000033,]
[4,8,]   164   0.000171971   -2.21332e-039   1.48021e-039   [0.000071,0.000023,]
[5,8,]   165   0.000606881   -6.88019e-041   1.02476e-039   [0.000022,0.000037,]
[6,8,]   166   0.00142215   8.67975e-040   6.60403e-040   [0.000001,0.000038,]
[7,8,]   167   0.00219138   1.15345e-039   3.87133e-040   [-0.000013,0.000038,]
[8,8,]   168   0.00241724   1.0454e-039   2.04953e-040   [-0.000029,0.000033,]
[9,8,]   169   0.00224631   9.94904e-040   1.13863e-040   [-0.000044,0.000017,]
[10,8,]   170   0.00223628   9.83926e-040   1.13863e-040   [-0.000044,-0.000013,]
[11,8,]   171   0.00239402   1.02017e-039   2.04953e-040   [-0.000029,-0.000034,]
[12,8,]   172   0.00216949   1.13168e-039   3.87133e-040   [-0.000013,-0.000038,]
[13,8,]   173   0.00141149   8.49742e-040   6.60403e-040   [0.000002,-0.000039,]
[14,8,]   174   0.000607356   -8.15126e-041   1.02476e-039   [0.000022,-0.000037,]
[15,8,]   175   0.00017766   -2.10335e-039   1.48021e-039   [0.000070,-0.000019,]
[16,8,]   176   7.88575e-005   -2.55273e-039   2.02675e-039   [0.000093,0.000033,]
[17,8,]   177   8.02655e-005   8.62225e-040   2.66438e-039   [0.000039,0.000031,]
[18,8,]   178   6.53026e-005   1.23044e-039   3.3931e-039   [0.000016,0.000019,]
[19,8,]   179   3.61665e-005   1.59323e-039   4.21291e-039   [0.000007,0.000012,]
[0,9,]   180   4.12888e-005   2.23138e-039   4.12182e-039   [0.000003,-0.000013,]
[1,9,]   181   7.18353e-005   1.6873e-039   3.30201e-039   [0.000006,-0.000021,]
[2,9,]   182   7.46105e-005   2.26886e-039   2.57329e-039   [0.000017,-0.000040,]
[3,9,]   183   2.89724e-005   -8.26351e-039   1.93566e-039   [0.000098,-0.000100,]
[4,9,]   184   3.64169e-005   -1.85981e-038   1.38912e-039   [0.000131,0.000116,]
[5,9,]   185   0.000317272   -2.3608e-039   9.33673e-040   [0.000015,0.000085,]
[6,9,]   186   0.00087924   -3.54368e-040   5.69313e-040   [0.000001,0.000074,]
[7,9,]   187   0.00124089   -2.56787e-040   2.96043e-040   [-0.000009,0.000079,]
[8,9,]   188   0.000949976   -2.29564e-039   1.13863e-040   [-0.000027,0.000100,]
[9,9,]   189   0.000392734   -1.18203e-038   2.27725e-041   [-0.000099,0.000105,]
[10,9,]   190   0.000388705   -1.19908e-038   2.27725e-041   [-0.000103,-0.000101,]
[11,9,]   191   0.000940626   -2.36606e-039   1.13863e-040   [-0.000031,-0.000101,]
[12,9,]   192   0.00123211   -2.86505e-040   2.96043e-040   [-0.000009,-0.000080,]
[13,9,]   193   0.00087495   -3.75845e-040   5.69313e-040   [0.000001,-0.000074,]
[14,9,]   194   0.000317424   -2.39417e-039   9.33673e-040   [0.000019,-0.000085,]
[15,9,]   195   3.86608e-005   -1.7565e-038   1.38912e-039   [0.000130,-0.000113,]
[16,9,]   196   3.11858e-005   -7.497e-039   1.93566e-039   [0.000091,0.000101,]
[17,9,]   197   7.59746e-005   2.22117e-039   2.57329e-039   [0.000015,0.000039,]
[18,9,]   198   7.24572e-005   1.66423e-039   3.30201e-039   [0.000006,0.000020,]
[19,9,]   199   4.16635e-005   2.19656e-039   4.12182e-039   [0.000002,0.000012,]
[0,10,]   200   4.1659e-005   2.19657e-039   4.12182e-039   [-0.000002,-0.000012,]
[1,10,]   201   7.24549e-005   1.66427e-039   3.30201e-039   [-0.000006,-0.000020,]
[2,10,]   202   7.59746e-005   2.22126e-039   2.57329e-039   [-0.000015,-0.000039,]
[3,10,]   203   3.11858e-005   -7.497e-039   1.93566e-039   [-0.000091,-0.000101,]
[4,10,]   204   3.86608e-005   -1.7565e-038   1.38912e-039   [-0.000130,0.000113,]
[5,10,]   205   0.000317424   -2.39417e-039   9.33673e-040   [-0.000019,0.000085,]
[6,10,]   206   0.00087495   -3.75845e-040   5.69313e-040   [-0.000001,0.000074,]
[7,10,]   207   0.00123211   -2.86505e-040   2.96043e-040   [0.000009,0.000080,]
[8,10,]   208   0.000940626   -2.36606e-039   1.13863e-040   [0.000031,0.000101,]
[9,10,]   209   0.000388705   -1.19908e-038   2.27725e-041   [0.000103,0.000101,]
[10,10,]   210   0.000392734   -1.18203e-038   2.27725e-041   [0.000099,-0.000105,]
[11,10,]   211   0.000949976   -2.29564e-039   1.13863e-040   [0.000027,-0.000100,]
[12,10,]   212   0.00124089   -2.56787e-040   2.96043e-040   [0.000009,-0.000079,]
[13,10,]   213   0.00087924   -3.54368e-040   5.69313e-040   [-0.000001,-0.000074,]
[14,10,]   214   0.000317272   -2.3608e-039   9.33673e-040   [-0.000015,-0.000085,]
[15,10,]   215   3.64169e-005   -1.85981e-038   1.38912e-039   [-0.000131,-0.000116,]
[16,10,]   216   2.89724e-005   -8.26351e-039   1.93566e-039   [-0.000098,0.000100,]
[17,10,]   217   7.46105e-005   2.26876e-039   2.57329e-039   [-0.000017,0.000040,]
[18,10,]   218   7.18376e-005   1.68727e-039   3.30201e-039   [-0.000006,0.000021,]
[19,10,]   219   4.12933e-005   2.23137e-039   4.12182e-039   [-0.000004,0.000013,]
[0,11,]   220   3.61647e-005   1.59325e-039   4.21291e-039   [-0.000008,-0.000012,]
[1,11,]   221   6.53017e-005   1.23046e-039   3.3931e-039   [-0.000016,-0.000019,]
[2,11,]   222   8.02655e-005   8.62261e-040   2.66438e-039   [-0.000039,-0.000031,]
[3,11,]   223   7.88575e-005   -2.55273e-039   2.02675e-039   [-0.000093,-0.000033,]
[4,11,]   224   0.00017766   -2.10335e-039   1.48021e-039   [-0.000070,0.000019,]
[5,11,]   225   0.000607356   -8.15126e-041   1.02476e-039   [-0.000022,0.000037,]
[6,11,]   226   0.00141149   8.49742e-040   6.60403e-040   [-0.000002,0.000039,]
[7,11,]   227   0.00216949   1.13168e-039   3.87133e-040   [0.000013,0.000038,]
[8,11,]   228   0.00239402   1.02017e-039   2.04953e-040   [0.000029,0.000034,]
[9,11,]   229   0.00223628   9.83926e-040   1.13863e-040   [0.000044,0.000013,]
[10,11,]   230   0.00224631   9.94904e-040   1.13863e-040   [0.000044,-0.000017,]
[11,11,]   231   0.00241724   1.0454e-039   2.04953e-040   [0.000029,-0.000033,]
[12,11,]   232   0.00219138   1.15345e-039   3.87133e-040   [0.000013,-0.000038,]
[13,11,]   233   0.00142215   8.67975e-040   6.60403e-040   [-0.000001,-0.000038,]
[14,11,]   234   0.000606881   -6.88019e-041   1.02476e-039   [-0.000022,-0.000037,]
[15,11,]   235   0.000171971   -2.21332e-039   1.48021e-039   [-0.000071,-0.000023,]
[16,11,]   236   7.32882e-005   -2.91507e-039   2.02675e-039   [-0.000095,0.000033,]
[17,11,]   237   7.68362e-005   8.46703e-040   2.66438e-039   [-0.000040,0.000032,]
[18,11,]   238   6.37433e-005   1.28195e-039   3.3931e-039   [-0.000017,0.000019,]
[19,11,]   239   3.5233e-005   1.67261e-039   4.21291e-039   [-0.000009,0.000013,]
[0,12,]   240   2.69607e-005   6.5497e-040   4.39509e-039   [-0.000012,-0.000011,]
[1,12,]   241   5.19822e-005   5.70572e-040   3.57528e-039   [-0.000024,-0.000017,]
[2,12,]   242   7.90907e-005   -8.79016e-041   2.84656e-039   [-0.000047,-0.000023,]
[3,12,]   243   0.000129099   -1.29248e-039   2.20893e-039   [-0.000066,-0.000014,]
[4,12,]   244   0.000330014   -5.63918e-040   1.66239e-039   [-0.000044,0.000008,]
[5,12,]   245   0.000911581   5.08672e-040   1.20694e-039   [-0.000018,0.000017,]
[6,12,]   246   0.00195779   1.12709e-039   8.42583e-040   [-0.000001,0.000020,]
[7,12,]   247   0.00314445   1.40761e-039   5.69313e-040   [0.000010,0.000019,]
[8,12,]   248   0.00396901   1.47171e-039   3.87133e-040   [0.000020,0.000014,]
[9,12,]   249   0.00428954   1.45179e-039   2.96043e-040   [0.000027,0.000006,]
[10,12,]   250   0.00430116   1.45533e-039   2.96043e-040   [0.000027,-0.000006,]
[11,12,]   251   0.00399577   1.47998e-039   3.87133e-040   [0.000020,-0.000014,]
[12,12,]   252   0.00316961   1.41689e-039   5.69313e-040   [0.000010,-0.000019,]
[13,12,]   253   0.00196993   1.13578e-039   8.42583e-040   [-0.000001,-0.000020,]
[14,12,]   254   0.00091084   5.13613e-040   1.20694e-039   [-0.000017,-0.000018,]
[15,12,]   255   0.00032328   -5.96901e-040   1.66239e-039   [-0.000045,-0.000008,]
[16,12,]   256   0.000122545   -1.43873e-039   2.20893e-039   [-0.000068,0.000015,]
[17,12,]   257   7.5065e-005   -1.58517e-040   2.84656e-039   [-0.000048,0.000023,]
[18,12,]   258   5.01526e-005   6.22829e-040   3.57528e-039   [-0.000025,0.000017,]
[19,12,]   259   2.58616e-005   7.35832e-040   4.39509e-039   [-0.000013,0.000012,]
[0,13,]   260   1.72052e-005   -4.07654e-040   4.66836e-039   [-0.000016,-0.000010,]
[1,13,]   261   3.59866e-005   -1.55802e-040   3.84855e-039   [-0.000029,-0.000015,]
[2,13,]   262   6.67505e-005   -7.06054e-040   3.11983e-039   [-0.000046,-0.000016,]
[3,13,]   263   0.000141968   -1.04059e-039   2.4822e-039   [-0.000050,-0.000007,]
[4,13,]   264   0.000378693   -3.38795e-040   1.93566e-039   [-0.000032,0.000004,]
[5,13,]   265   0.000973166   4.51984e-040   1.48021e-039   [-0.000014,0.000010,]
[6,13,]   266   0.00202315   9.63012e-040   1.11585e-039   [-0.000001,0.000011,]
[7,13,]   267   0.00331142   1.23226e-039   8.42583e-040   [0.000008,0.000011,]
[8,13,]   268   0.00439717   1.3334e-039   6.60403e-040   [0.000015,0.000008,]
[9,13,]   269   0.00497413   1.35107e-039   5.69313e-040   [0.000020,0.000003,]
[10,13,]   270   0.00498349   1.35293e-039   5.69313e-040   [0.000020,-0.000003,]
[11,13,]   271   0.00441868   1.33795e-039   6.60403e-040   [0.000015,-0.000008,]
[12,13,]   272   0.00333156   1.23776e-039   8.42583e-040   [0.000008,-0.000010,]
[13,13,]   273   0.00203272   9.68287e-040   1.11585e-039   [-0.000001,-0.000011,]
[14,13,]   274   0.000972324   4.54315e-040   1.48021e-039   [-0.000014,-0.000010,]
[15,13,]   275   0.000373045   -3.56527e-040   1.93566e-039   [-0.000032,-0.000004,]
[16,13,]   276   0.000136526   -1.12058e-039   2.4822e-039   [-0.000051,0.000008,]
[17,13,]   277   6.34186e-005   -7.86516e-040   3.11983e-039   [-0.000048,0.000017,]
[18,13,]   278   3.44731e-005   -1.15849e-040   3.84855e-039   [-0.000030,0.000015,]
[19,13,]   279   1.62918e-005   -3.52398e-040   4.66836e-039   [-0.000017,0.000011,]
[0,14,]   280   9.36513e-006   -1.48772e-039   5.03272e-039   [-0.000020,-0.000010,]
[1,14,]   281   2.13515e-005   -8.86554e-040   4.21291e-039   [-0.000032,-0.000012,]
[2,14,]   282   4.6489e-005   -1.21667e-039   3.48419e-039   [-0.000043,-0.000011,]
[3,14,]   283   0.00011447   -1.14636e-039   2.84656e-039   [-0.000040,-0.000005,]
[4,14,]   284   0.00031129   -4.83802e-040   2.30002e-039   [-0.000025,0.000002,]
[5,14,]   285   0.000775096   1.79944e-040   1.84457e-039   [-0.000011,0.000006,]
[6,14,]   286   0.00158671   6.37147e-040   1.48021e-039   [-0.000001,0.000007,]
[7,14,]   287   0.00262104   9.02606e-040   1.20694e-039   [0.000007,0.000007,]
[8,14,]   288   0.00356239   1.02667e-039   1.02476e-039   [0.000012,0.000005,]
[9,14,]   289   0.00410869   1.06722e-039   9.33673e-040   [0.000015,0.000002,]
[10,14,]   290   0.00411442   1.06836e-039   9.33673e-040   [0.000015,-0.000002,]
[11,14,]   291   0.00357555   1.02961e-039   1.02476e-039   [0.000012,-0.000005,]
[12,14,]   292   0.00263329   9.06349e-040   1.20694e-039   [0.000007,-0.000007,]
[13,14,]   293   0.0015924   6.40755e-040   1.48021e-039   [-0.000001,-0.000007,]
[14,14,]   294   0.000774355   1.81115e-040   1.84457e-039   [-0.000011,-0.000006,]
[15,14,]   295   0.000307619   -4.95641e-040   2.30002e-039   [-0.000025,-0.000002,]
[16,14,]   296   0.000110987   -1.19739e-039   2.84656e-039   [-0.000041,0.000005,]
[17,14,]   297   4.43644e-005   -1.2897e-039   3.48419e-039   [-0.000044,0.000012,]
[18,14,]   298   2.03872e-005   -8.59065e-040   4.21291e-039   [-0.000032,0.000013,]
[19,14,]   299   8.77992e-006   -1.4662e-039   5.03272e-039   [-0.000020,0.000011,]
[0,15,]   300   4.33266e-006   -2.55272e-039   5.48817e-039   [-0.000022,-0.000009,]
[1,15,]   301   1.07377e-005   -1.61835e-039   4.66836e-039   [-0.000033,-0.000010,]
[2,15,]   302   2.64434e-005   -1.73252e-039   3.93964e-039   [-0.000039,-0.000008,]
[3,15,]   303   7.10465e-005   -1.45162e-039   3.30201e-039   [-0.000033,-0.000003,]
[4,15,]   304   0.000195231   -8.18244e-040   2.75547e-039   [-0.000021,0.000002,]
[5,15,]   305   0.000478247   -2.2277e-040   2.30002e-039   [-0.000009,0.000004,]
[6,15,]   306   0.000970947   2.03833e-040   1.93566e-039   [-0.000001,0.000005,]
[7,15,]   307   0.00161197   4.68187e-040   1.66239e-039   [0.000006,0.000005,]
[8,15,]   308   0.00221817   6.06788e-040   1.48021e-039   [0.000010,0.000003,]
[9,15,]   309   0.00258386   6.61452e-040   1.38912e-039   [0.000013,0.000001,]
[10,15,]   310   0.00258662   6.62195e-040   1.38912e-039   [0.000013,-0.000001,]
[11,15,]   311   0.00222448   6.08747e-040   1.48021e-039   [0.000010,-0.000003,]
[12,15,]   312   0.0016178   4.70779e-040   1.66239e-039   [0.000006,-0.000005,]
[13,15,]   313   0.000973561   2.06332e-040   1.93566e-039   [-0.000001,-0.000005,]
[14,15,]   314   0.000477733   -2.22255e-040   2.30002e-039   [-0.000009,-0.000004,]
[15,15,]   315   0.000193319   -8.26952e-040   2.75547e-039   [-0.000021,-0.000002,]
[16,15,]   316   6.9267e-005   -1.48728e-039   3.30201e-039   [-0.000034,0.000003,]
[17,15,]   317   2.53633e-005   -1.79438e-039   3.93964e-039   [-0.000040,0.000009,]
[18,15,]   318   1.0248e-005   -1.5989e-039   4.66836e-039   [-0.000033,0.000011,]
[19,15,]   319   4.03346e-006   -2.56223e-039   5.48817e-039   [-0.000022,0.000010,]
[0,16,]   320   1.69823e-006   -3.60615e-039   6.03471e-039   [-0.000024,-0.000008,]
[1,16,]   321   4.54376e-006   -2.36979e-039   5.2149e-039   [-0.000033,-0.000009,]
[2,16,]   322   1.2284e-005   -2.30391e-039   4.48618e-039   [-0.000035,-0.000006,]
[3,16,]   323   3.48851e-005   -1.90382e-039   3.84855e-039   [-0.000028,-0.000002,]
[4,16,]   324   9.64722e-005   -1.2907e-039   3.30201e-039   [-0.000017,0.000001,]
[5,16,]   325   0.000234105   -7.35714e-040   2.84656e-039   [-0.000008,0.000003,]
[6,16,]   326   0.000472964   -3.27967e-040   2.4822e-039   [-0.000001,0.000004,]
[7,16,]   327   0.000787595   -6.38606e-041   2.20893e-039   [0.000005,0.000003,]
[8,16,]   328   0.0010917   8.42303e-041   2.02675e-039   [0.000009,0.000002,]
[9,16,]   329   0.00127898   1.47689e-040   1.93566e-039   [0.000011,0.000001,]
[10,16,]   330   0.00128003   1.48149e-040   1.93566e-039   [0.000011,-0.000001,]
[11,16,]   331   0.00109411   8.54722e-041   2.02675e-039   [0.000009,-0.000002,]
[12,16,]   332   0.000789787   -6.21632e-041   2.20893e-039   [0.000005,-0.000003,]
[13,16,]   333   0.000473895   -3.26336e-040   2.4822e-039   [-0.000001,-0.000004,]
[14,16,]   334   0.000233821   -7.35652e-040   2.84656e-039   [-0.000008,-0.000003,]
[15,16,]   335   9.56597e-005   -1.29745e-039   3.30201e-039   [-0.000018,-0.000001,]
[16,16,]   336   3.41469e-005   -1.93012e-039   3.84855e-039   [-0.000029,0.000002,]
[17,16,]   337   1.18389e-005   -2.35502e-039   4.48618e-039   [-0.000036,0.000007,]
[18,16,]   338   4.3422e-006   -2.35388e-039   5.2149e-039   [-0.000033,0.000009,]
[19,16,]   339   1.57406e-006   -3.63974e-039   6.03471e-039   [-0.000024,0.000009,]
[0,17,]   340   5.62413e-007   -4.66554e-039   6.67234e-039   [-0.000025,-0.000007,]
[1,17,]   341   1.61083e-006   -3.16352e-039   5.85253e-039   [-0.000032,-0.000007,]
[2,17,]   342   4.67469e-006   -2.95555e-039   5.12381e-039   [-0.000032,-0.000005,]
[3,17,]   343   1.37783e-005   -2.48304e-039   4.48618e-039   [-0.000025,-0.000002,]
[4,17,]   344   3.82631e-005   -1.884e-039   3.93964e-039   [-0.000015,0.000001,]
[5,17,]   345   9.23064e-005   -1.35484e-039   3.48419e-039   [-0.000007,0.000002,]
[6,17,]   346   0.000185909   -9.59431e-040   3.11983e-039   [-0.000001,0.000003,]
[7,17,]   347   0.000310186   -6.953e-040   2.84656e-039   [0.000004,0.000003,]
[8,17,]   348   0.000431949   -5.40798e-040   2.66438e-039   [0.000008,0.000002,]
[9,17,]   349   0.00050786   -4.71587e-040   2.57329e-039   [0.000009,0.000001,]
[10,17,]   350   0.00050818   -4.71353e-040   2.57329e-039   [0.000009,-0.000001,]
[11,17,]   351   0.000432676   -5.40147e-040   2.66438e-039   [0.000008,-0.000002,]
[12,17,]   352   0.000310836   -6.94372e-040   2.84656e-039   [0.000004,-0.000003,]
[13,17,]   353   0.000186161   -9.5855e-040   3.11983e-039   [-0.000001,-0.000003,]
[14,17,]   354   9.21802e-005   -1.35515e-039   3.48419e-039   [-0.000007,-0.000002,]
[15,17,]   355   3.79788e-005   -1.8894e-039   3.93964e-039   [-0.000015,-0.000001,]
[16,17,]   356   1.35274e-005   -2.503e-039   4.48618e-039   [-0.000025,0.000002,]
[17,17,]   357   4.52457e-006   -2.99726e-039   5.12381e-039   [-0.000032,0.000005,]
[18,17,]   358   1.54298e-006   -3.14789e-039   5.85253e-039   [-0.000032,0.000008,]
[19,17,]   359   5.20188e-007   -4.71547e-039   6.67234e-039   [-0.000025,0.000008,]
[0,18,]   360   1.57042e-007   -5.74338e-039   7.40106e-039   [-0.000025,-0.000006,]
[1,18,]   361   4.77329e-007   -4.01196e-039   6.58125e-039   [-0.000031,-0.000006,]
[2,18,]   362   1.46263e-006   -3.6965e-039   5.85253e-039   [-0.000029,-0.000004,]
[3,18,]   363   4.42486e-006   -3.18066e-039   5.2149e-039   [-0.000022,-0.000001,]
[4,18,]   364   1.23243e-005   -2.5942e-039   4.66836e-039   [-0.000013,0.000001,]
[5,18,]   365   2.96159e-005   -2.08389e-039   4.21291e-039   [-0.000006,0.000002,]
[6,18,]   366   5.95239e-005   -1.6974e-039   3.84855e-039   [-0.000000,0.000002,]
[7,18,]   367   9.94462e-005   -1.43291e-039   3.57528e-039   [0.000004,0.000002,]
[8,18,]   368   0.000138915   -1.27314e-039   3.3931e-039   [0.000007,0.000002,]
[9,18,]   369   0.000163715   -1.19888e-039   3.30201e-039   [0.000008,0.000001,]
[10,18,]   370   0.000163792   -1.1976e-039   3.30201e-039   [0.000008,-0.000000,]
[11,18,]   371   0.000139087   -1.26953e-039   3.3931e-039   [0.000007,-0.000001,]
[12,18,]   372   9.95957e-005   -1.42765e-039   3.57528e-039   [0.000004,-0.000002,]
[13,18,]   373   5.95722e-005   -1.69167e-039   3.84855e-039   [-0.000000,-0.000002,]
[14,18,]   374   2.95703e-005   -2.07991e-039   4.21291e-039   [-0.000006,-0.000002,]
[15,18,]   375   1.22419e-005   -2.5968e-039   4.66836e-039   [-0.000013,-0.000000,]
[16,18,]   376   4.35455e-006   -3.19945e-039   5.2149e-039   [-0.000022,0.000002,]
[17,18,]   377   1.42099e-006   -3.74069e-039   5.85253e-039   [-0.000029,0.000005,]
[18,18,]   378   4.58555e-007   -4.011e-039   6.58125e-039   [-0.000030,0.000007,]
[19,18,]   379   1.45208e-007   -5.82083e-039   7.40106e-039   [-0.000025,0.000008,]
[0,19,]   380   3.67189e-008   -8.55092e-039   8.22087e-039   [-0.000025,-0.000005,]
[1,19,]   381   1.17526e-007   -6.22585e-039   7.40106e-039   [-0.000030,-0.000004,]
[2,19,]   382   3.76355e-007   -5.48253e-039   6.67234e-039   [-0.000026,-0.000003,]
[3,19,]   383   1.16292e-006   -4.77212e-039   6.03471e-039   [-0.000020,-0.000000,]
[4,19,]   384   3.25151e-006   -4.17195e-039   5.48817e-039   [-0.000012,0.000001,]
[5,19,]   385   7.79978e-006   -3.69566e-039   5.03272e-039   [-0.000005,0.000002,]
[6,19,]   386   1.56585e-005   -3.32701e-039   4.66836e-039   [-0.000000,0.000002,]
[7,19,]   387   2.61808e-005   -3.05429e-039   4.39509e-039   [0.000003,0.000002,]
[8,19,]   388   3.66327e-005   -2.87289e-039   4.21291e-039   [0.000006,0.000002,]
[9,19,]   389   4.32124e-005   -2.78226e-039   4.12182e-039   [0.000007,0.000001,]
[10,19,]   390   4.31922e-005   -2.78293e-039   4.12182e-039   [0.000007,0.000000,]
[11,19,]   391   3.65824e-005   -2.87458e-039   4.21291e-039   [0.000006,-0.000000,]
[12,19,]   392   2.61219e-005   -3.05613e-039   4.39509e-039   [0.000003,-0.000001,]
[13,19,]   393   1.56079e-005   -3.32787e-039   4.66836e-039   [-0.000000,-0.000001,]
[14,19,]   394   7.76328e-006   -3.69427e-039   5.03272e-039   [-0.000006,-0.000001,]
[15,19,]   395   3.22795e-006   -4.16718e-039   5.48817e-039   [-0.000012,0.000000,]
[16,19,]   396   1.1492e-006   -4.76471e-039   6.03471e-039   [-0.000020,0.000002,]
[17,19,]   397   3.69363e-007   -5.47976e-039   6.67234e-039   [-0.000026,0.000004,]
[18,19,]   398   1.14499e-007   -6.1819e-039   7.40106e-039   [-0.000028,0.000006,]
[19,19,]   399   3.44108e-008   -8.59179e-039   8.22087e-039   [-0.000025,0.000008,]
