coordinates  index   rho      Q      V    velocities 
[0,0,]   0   3.48942e-008   -8.57934e-039   8.22087e-039   [0.000026,-0.000006,]
[1,0,]   1   1.15139e-007   -6.1892e-039   7.40106e-039   [0.000029,-0.000005,]
[2,0,]   2   3.70741e-007   -5.47942e-039   6.67234e-039   [0.000027,-0.000003,]
[3,0,]   3   1.15162e-006   -4.76813e-039   6.03471e-039   [0.000020,-0.000001,]
[4,0,]   4   3.23312e-006   -4.16727e-039   5.48817e-039   [0.000013,0.000001,]
[5,0,]   5   7.77172e-006   -3.69401e-039   5.03272e-039   [0.000006,0.000002,]
[6,0,]   6   1.5619e-005   -3.32755e-039   4.66836e-039   [0.000000,0.000002,]
[7,0,]   7   2.6135e-005   -3.05568e-039   4.39509e-039   [-0.000003,0.000002,]
[8,0,]   8   3.65962e-005   -2.87382e-039   4.21291e-039   [-0.000006,0.000001,]
[9,0,]   9   4.31995e-005   -2.78228e-039   4.12182e-039   [-0.000008,0.000001,]
[10,0,]   10   4.32062e-005   -2.78235e-039   4.12182e-039   [-0.000008,-0.000000,]
[11,0,]   11   3.66197e-005   -2.87309e-039   4.21291e-039   [-0.000006,-0.000001,]
[12,0,]   12   2.61682e-005   -3.05417e-039   4.39509e-039   [-0.000003,-0.000001,]
[13,0,]   13   1.56477e-005   -3.32675e-039   4.66836e-039   [0.000000,-0.000001,]
[14,0,]   14   7.79151e-006   -3.69534e-039   5.03272e-039   [0.000006,-0.000001,]
[15,0,]   15   3.24644e-006   -4.17128e-039   5.48817e-039   [0.000013,-0.000000,]
[16,0,]   16   1.16053e-006   -4.76824e-039   6.03471e-039   [0.000020,0.000001,]
[17,0,]   17   3.7499e-007   -5.48196e-039   6.67234e-039   [0.000027,0.000004,]
[18,0,]   18   1.16874e-007   -6.21698e-039   7.40106e-039   [0.000029,0.000006,]
[19,0,]   19   3.61958e-008   -8.56206e-039   8.22087e-039   [0.000027,0.000006,]
[0,1,]   20   1.47726e-007   -5.79961e-039   7.40106e-039   [0.000026,-0.000007,]
[1,1,]   21   4.62589e-007   -4.00888e-039   6.58125e-039   [0.000030,-0.000007,]
[2,1,]   22   1.42947e-006   -3.73033e-039   5.85253e-039   [0.000029,-0.000004,]
[3,1,]   23   4.36751e-006   -3.19805e-039   5.2149e-039   [0.000023,-0.000002,]
[4,1,]   24   1.22603e-005   -2.59537e-039   4.66836e-039   [0.000014,0.000001,]
[5,1,]   25   2.95835e-005   -2.08023e-039   4.21291e-039   [0.000006,0.000002,]
[6,1,]   26   5.95646e-005   -1.69288e-039   3.84855e-039   [0.000000,0.000002,]
[7,1,]   27   9.95684e-005   -1.42885e-039   3.57528e-039   [-0.000004,0.000002,]
[8,1,]   28   0.000139066   -1.26995e-039   3.3931e-039   [-0.000007,0.000001,]
[9,1,]   29   0.000163792   -1.19741e-039   3.30201e-039   [-0.000008,0.000000,]
[10,1,]   30   0.000163727   -1.19875e-039   3.30201e-039   [-0.000008,-0.000001,]
[11,1,]   31   0.000138946   -1.2724e-039   3.3931e-039   [-0.000007,-0.000002,]
[12,1,]   32   9.94811e-005   -1.43136e-039   3.57528e-039   [-0.000004,-0.000002,]
[13,1,]   33   5.95362e-005   -1.69583e-039   3.84855e-039   [0.000000,-0.000002,]
[14,1,]   34   2.9605e-005   -2.08323e-039   4.21291e-039   [0.000006,-0.000002,]
[15,1,]   35   1.23068e-005   -2.59535e-039   4.66836e-039   [0.000014,-0.000001,]
[16,1,]   36   4.41222e-006   -3.18183e-039   5.2149e-039   [0.000022,0.000001,]
[17,1,]   37   1.45435e-006   -3.70573e-039   5.85253e-039   [0.000029,0.000004,]
[18,1,]   38   4.73353e-007   -4.01234e-039   6.58125e-039   [0.000031,0.000006,]
[19,1,]   39   1.54437e-007   -5.76123e-039   7.40106e-039   [0.000026,0.000006,]
[0,2,]   40   5.29149e-007   -4.70095e-039   6.67234e-039   [0.000026,-0.000008,]
[1,2,]   41   1.55748e-006   -3.14928e-039   5.85253e-039   [0.000032,-0.000007,]
[2,2,]   42   4.55502e-006   -2.98756e-039   5.12381e-039   [0.000032,-0.000005,]
[3,2,]   43   1.35734e-005   -2.50187e-039   4.48618e-039   [0.000026,-0.000002,]
[4,2,]   44   3.80413e-005   -1.88741e-039   3.93964e-039   [0.000016,0.000001,]
[5,2,]   45   9.22164e-005   -1.35467e-039   3.48419e-039   [0.000007,0.000002,]
[6,2,]   46   0.000186111   -9.5891e-040   3.11983e-039   [0.000001,0.000003,]
[7,2,]   47   0.000310704   -6.94838e-040   2.84656e-039   [-0.000004,0.000003,]
[8,2,]   48   0.000432565   -5.40055e-040   2.66438e-039   [-0.000008,0.000002,]
[9,2,]   49   0.000508154   -4.71049e-040   2.57329e-039   [-0.000010,0.000001,]
[10,2,]   50   0.000507899   -4.71873e-040   2.57329e-039   [-0.000010,-0.000001,]
[11,2,]   51   0.000432072   -5.40866e-040   2.66438e-039   [-0.000008,-0.000002,]
[12,2,]   52   0.000310326   -6.94803e-040   2.84656e-039   [-0.000004,-0.000003,]
[13,2,]   53   0.000185964   -9.59039e-040   3.11983e-039   [0.000001,-0.000003,]
[14,2,]   54   9.22727e-005   -1.35531e-039   3.48419e-039   [0.000007,-0.000002,]
[15,2,]   55   3.82015e-005   -1.88599e-039   3.93964e-039   [0.000016,-0.000001,]
[16,2,]   56   1.37327e-005   -2.48422e-039   4.48618e-039   [0.000025,0.000002,]
[17,2,]   57   4.64459e-006   -2.96452e-039   5.12381e-039   [0.000032,0.000005,]
[18,2,]   58   1.59638e-006   -3.16142e-039   5.85253e-039   [0.000032,0.000007,]
[19,2,]   59   5.53115e-007   -4.67863e-039   6.67234e-039   [0.000026,0.000007,]
[0,3,]   60   1.60037e-006   -3.62899e-039   6.03471e-039   [0.000025,-0.000009,]
[1,3,]   61   4.38509e-006   -2.35534e-039   5.2149e-039   [0.000033,-0.000009,]
[2,3,]   62   1.1929e-005   -2.34315e-039   4.48618e-039   [0.000036,-0.000007,]
[3,3,]   63   3.4282e-005   -1.92814e-039   3.84855e-039   [0.000029,-0.000002,]
[4,3,]   64   9.58372e-005   -1.29508e-039   3.30201e-039   [0.000019,0.000001,]
[5,3,]   65   0.000233906   -7.3522e-040   2.84656e-039   [0.000008,0.000003,]
[6,3,]   66   0.000473701   -3.26915e-040   2.4822e-039   [0.000001,0.000004,]
[7,3,]   67   0.000789329   -6.28669e-041   2.20893e-039   [-0.000005,0.000003,]
[8,3,]   68   0.00109371   8.54414e-041   2.02675e-039   [-0.000009,0.000002,]
[9,3,]   69   0.00127991   1.4843e-040   1.93566e-039   [-0.000011,0.000001,]
[10,3,]   70   0.0012791   1.47368e-040   1.93566e-039   [-0.000011,-0.000001,]
[11,3,]   71   0.00109211   8.42255e-041   2.02675e-039   [-0.000009,-0.000002,]
[12,3,]   72   0.000788058   -6.31891e-041   2.20893e-039   [-0.000005,-0.000003,]
[13,3,]   73   0.000473161   -3.2742e-040   2.4822e-039   [0.000001,-0.000004,]
[14,3,]   74   0.000234022   -7.36196e-040   2.84656e-039   [0.000008,-0.000003,]
[15,3,]   75   9.6295e-005   -1.29315e-039   3.30201e-039   [0.000019,-0.000001,]
[16,3,]   76   3.47501e-005   -1.90585e-039   3.84855e-039   [0.000029,0.000002,]
[17,3,]   77   1.21944e-005   -2.31493e-039   4.48618e-039   [0.000035,0.000006,]
[18,3,]   78   4.50068e-006   -2.36794e-039   5.2149e-039   [0.000033,0.000009,]
[19,3,]   79   1.67091e-006   -3.61617e-039   6.03471e-039   [0.000025,0.000008,]
[0,4,]   80   4.09682e-006   -2.55694e-039   5.48817e-039   [0.000023,-0.000009,]
[1,4,]   81   1.03519e-005   -1.60109e-039   4.66836e-039   [0.000033,-0.000011,]
[2,4,]   82   2.55819e-005   -1.7799e-039   3.93964e-039   [0.000040,-0.000009,]
[3,4,]   83   6.95933e-005   -1.48393e-039   3.30201e-039   [0.000034,-0.000003,]
[4,4,]   84   0.000193737   -8.23974e-040   2.75547e-039   [0.000022,0.000002,]
[5,4,]   85   0.000477899   -2.21823e-040   2.30002e-039   [0.000009,0.000004,]
[6,4,]   86   0.000973013   2.05552e-040   1.93566e-039   [0.000001,0.000005,]
[7,4,]   87   0.00161658   4.6985e-040   1.66239e-039   [-0.000006,0.000005,]
[8,4,]   88   0.00222341   6.08627e-040   1.48021e-039   [-0.000010,0.000003,]
[9,4,]   89   0.00258628   6.62509e-040   1.38912e-039   [-0.000013,0.000001,]
[10,4,]   90   0.0025842   6.61135e-040   1.38912e-039   [-0.000013,-0.000001,]
[11,4,]   91   0.00221926   6.06911e-040   1.48021e-039   [-0.000010,-0.000003,]
[12,4,]   92   0.0016132   4.69126e-040   1.66239e-039   [-0.000006,-0.000005,]
[13,4,]   93   0.000971501   2.04621e-040   1.93566e-039   [0.000001,-0.000005,]
[14,4,]   94   0.000478083   -2.23223e-040   2.30002e-039   [0.000009,-0.000004,]
[15,4,]   95   0.000194814   -8.21271e-040   2.75547e-039   [0.000022,-0.000002,]
[16,4,]   96   7.07206e-005   -1.45488e-039   3.30201e-039   [0.000034,0.000003,]
[17,4,]   97   2.62254e-005   -1.74583e-039   3.93964e-039   [0.000039,0.000009,]
[18,4,]   98   1.06328e-005   -1.61602e-039   4.66836e-039   [0.000033,0.000010,]
[19,4,]   99   4.26696e-006   -2.55799e-039   5.48817e-039   [0.000023,0.000009,]
[0,5,]   100   8.90382e-006   -1.46804e-039   5.03272e-039   [0.000021,-0.000010,]
[1,5,]   101   2.0591e-005   -8.63104e-040   4.21291e-039   [0.000032,-0.000013,]
[2,5,]   102   4.47937e-005   -1.27244e-039   3.48419e-039   [0.000044,-0.000012,]
[3,5,]   103   0.000111627   -1.19171e-039   2.84656e-039   [0.000042,-0.000005,]
[4,5,]   104   0.000308421   -4.91764e-040   2.30002e-039   [0.000027,0.000002,]
[5,5,]   105   0.000774621   1.81505e-040   1.84457e-039   [0.000011,0.000006,]
[6,5,]   106   0.0015912   6.39688e-040   1.48021e-039   [0.000001,0.000007,]
[7,5,]   107   0.00263071   9.05095e-040   1.20694e-039   [-0.000007,0.000007,]
[8,5,]   108   0.00357326   1.02933e-039   1.02476e-039   [-0.000012,0.000005,]
[9,5,]   109   0.00411368   1.06869e-039   9.33673e-040   [-0.000016,0.000002,]
[10,5,]   110   0.00410944   1.06687e-039   9.33673e-040   [-0.000016,-0.000002,]
[11,5,]   111   0.0035647   1.02692e-039   1.02476e-039   [-0.000012,-0.000005,]
[12,5,]   112   0.00262363   9.03864e-040   1.20694e-039   [-0.000007,-0.000007,]
[13,5,]   113   0.00158792   6.38219e-040   1.48021e-039   [0.000001,-0.000007,]
[14,5,]   114   0.000774831   1.79501e-040   1.84457e-039   [0.000011,-0.000006,]
[15,5,]   115   0.000310489   -4.87773e-040   2.30002e-039   [0.000027,-0.000002,]
[16,5,]   116   0.000113831   -1.15181e-039   2.84656e-039   [0.000041,0.000005,]
[17,5,]   117   4.60588e-005   -1.23246e-039   3.48419e-039   [0.000043,0.000011,]
[18,5,]   118   2.11443e-005   -8.8288e-040   4.21291e-039   [0.000032,0.000012,]
[19,5,]   119   9.23697e-006   -1.48682e-039   5.03272e-039   [0.000020,0.000010,]
[0,6,]   120   1.64852e-005   -3.61922e-040   4.66836e-039   [0.000017,-0.000011,]
[1,6,]   121   3.47914e-005   -1.22765e-040   3.84855e-039   [0.000030,-0.000015,]
[2,6,]   122   6.40891e-005   -7.67268e-040   3.11983e-039   [0.000048,-0.000016,]
[3,6,]   123   0.000137527   -1.11036e-039   2.4822e-039   [0.000052,-0.000008,]
[4,6,]   124   0.000374281   -3.51258e-040   1.93566e-039   [0.000035,0.000004,]
[5,6,]   125   0.000972671   4.54682e-040   1.48021e-039   [0.000014,0.000010,]
[6,6,]   126   0.0020307   9.66825e-040   1.11585e-039   [0.000001,0.000011,]
[7,6,]   127   0.00332732   1.23606e-039   8.42583e-040   [-0.000008,0.000011,]
[8,6,]   128   0.00441491   1.33751e-039   6.60403e-040   [-0.000015,0.000008,]
[9,6,]   129   0.00498225   1.35295e-039   5.69313e-040   [-0.000020,0.000003,]
[10,6,]   130   0.00497539   1.35037e-039   5.69313e-040   [-0.000020,-0.000003,]
[11,6,]   131   0.00440099   1.33398e-039   6.60403e-040   [-0.000015,-0.000008,]
[12,6,]   132   0.00331568   1.23404e-039   8.42583e-040   [-0.000008,-0.000011,]
[13,6,]   133   0.00202517   9.64535e-040   1.11585e-039   [0.000001,-0.000011,]
[14,6,]   134   0.000972821   4.51666e-040   1.48021e-039   [0.000014,-0.000010,]
[15,6,]   135   0.000377462   -3.44657e-040   1.93566e-039   [0.000034,-0.000004,]
[16,6,]   136   0.000140969   -1.05057e-039   2.4822e-039   [0.000052,0.000008,]
[17,6,]   137   6.60723e-005   -7.23852e-040   3.11983e-039   [0.000047,0.000016,]
[18,6,]   138   3.56602e-005   -1.49782e-040   3.84855e-039   [0.000029,0.000015,]
[19,6,]   139   1.70061e-005   -3.99769e-040   4.66836e-039   [0.000017,0.000011,]
[0,7,]   140   2.60948e-005   7.2075e-040   4.39509e-039   [0.000013,-0.000012,]
[1,7,]   141   5.05355e-005   6.13189e-040   3.57528e-039   [0.000025,-0.000017,]
[2,7,]   142   7.5867e-005   -1.41956e-040   2.84656e-039   [0.000048,-0.000023,]
[3,7,]   143   0.000123764   -1.41587e-039   2.20893e-039   [0.000069,-0.000015,]
[4,7,]   144   0.00032479   -5.85968e-040   1.66239e-039   [0.000048,0.000008,]
[5,7,]   145   0.000911181   5.13402e-040   1.20694e-039   [0.000018,0.000018,]
[6,7,]   146   0.00196734   1.13342e-039   8.42583e-040   [0.000001,0.000020,]
[7,7,]   147   0.00316427   1.41412e-039   5.69313e-040   [-0.000010,0.000019,]
[8,7,]   148   0.00399098   1.47845e-039   3.87133e-040   [-0.000021,0.000014,]
[9,7,]   149   0.00430008   1.45651e-039   2.96043e-040   [-0.000028,0.000006,]
[10,7,]   150   0.00429162   1.45232e-039   2.96043e-040   [-0.000028,-0.000006,]
[11,7,]   151   0.00397374   1.4724e-039   3.87133e-040   [-0.000021,-0.000014,]
[12,7,]   152   0.00314973   1.41026e-039   5.69313e-040   [-0.000010,-0.000019,]
[13,7,]   153   0.00196033   1.12936e-039   8.42583e-040   [0.000001,-0.000020,]
[14,7,]   154   0.000911206   5.08285e-040   1.20694e-039   [0.000018,-0.000018,]
[15,7,]   155   0.000328581   -5.72048e-040   1.66239e-039   [0.000047,-0.000008,]
[16,7,]   156   0.000127909   -1.31183e-039   2.20893e-039   [0.000069,0.000014,]
[17,7,]   157   7.82628e-005   -1.05615e-040   2.84656e-039   [0.000048,0.000023,]
[18,7,]   158   5.15864e-005   5.79352e-040   3.57528e-039   [0.000024,0.000017,]
[19,7,]   159   2.67231e-005   6.68911e-040   4.39509e-039   [0.000013,0.000011,]
[0,8,]   160   3.5431e-005   1.65798e-039   4.21291e-039   [0.000009,-0.000012,]
[1,8,]   161   6.40682e-005   1.27216e-039   3.3931e-039   [0.000017,-0.000019,]
[2,8,]   162   7.75089e-005   8.50319e-040   2.66438e-039   [0.000040,-0.000032,]
[3,8,]   163   7.43231e-005   -2.847e-039   2.02675e-039   [0.000097,-0.000033,]
[4,8,]   164   0.000173207   -2.18189e-039   1.48021e-039   [0.000076,0.000022,]
[5,8,]   165   0.000607118   -7.01942e-041   1.02476e-039   [0.000022,0.000037,]
[6,8,]   166   0.00141989   8.63423e-040   6.60403e-040   [0.000001,0.000038,]
[7,8,]   167   0.00218676   1.14742e-039   3.87133e-040   [-0.000013,0.000038,]
[8,8,]   168   0.00241308   1.04094e-039   2.04953e-040   [-0.000029,0.000033,]
[9,8,]   169   0.00224507   9.97612e-040   1.13863e-040   [-0.000046,0.000016,]
[10,8,]   170   0.00223778   9.87049e-040   1.13863e-040   [-0.000046,-0.000014,]
[11,8,]   171   0.00239816   1.02394e-039   2.04953e-040   [-0.000029,-0.000033,]
[12,8,]   172   0.00217412   1.13684e-039   3.87133e-040   [-0.000013,-0.000038,]
[13,8,]   173   0.00141375   8.54082e-040   6.60403e-040   [0.000002,-0.000039,]
[14,8,]   174   0.000607052   -8.1065e-041   1.02476e-039   [0.000022,-0.000037,]
[15,8,]   175   0.000176408   -2.12739e-039   1.48021e-039   [0.000075,-0.000020,]
[16,8,]   176   7.78452e-005   -2.60254e-039   2.02675e-039   [0.000096,0.000033,]
[17,8,]   177   7.95493e-005   8.52782e-040   2.66438e-039   [0.000040,0.000031,]
[18,8,]   178   6.49643e-005   1.23965e-039   3.3931e-039   [0.000016,0.000019,]
[19,8,]   179   3.59661e-005   1.60846e-039   4.21291e-039   [0.000008,0.000012,]
[0,9,]   180   4.13682e-005   2.22509e-039   4.12182e-039   [0.000003,-0.000013,]
[1,9,]   181   7.19717e-005   1.68367e-039   3.30201e-039   [0.000006,-0.000020,]
[2,9,]   182   7.48858e-005   2.26471e-039   2.57329e-039   [0.000017,-0.000040,]
[3,9,]   183   2.93316e-005   -8.13671e-039   1.93566e-039   [0.000099,-0.000100,]
[4,9,]   184   3.67857e-005   -1.84154e-038   1.38912e-039   [0.000140,0.000115,]
[5,9,]   185   0.000317351   -2.36374e-039   9.33673e-040   [0.000016,0.000085,]
[6,9,]   186   0.000878424   -3.59034e-040   5.69313e-040   [0.000001,0.000074,]
[7,9,]   187   0.00123932   -2.62254e-040   2.96043e-040   [-0.000009,0.000079,]
[8,9,]   188   0.000948379   -2.3038e-039   1.13863e-040   [-0.000028,0.000101,]
[9,9,]   189   0.000391288   -1.18699e-038   2.27725e-041   [-0.000104,0.000104,]
[10,9,]   190   0.000388374   -1.19975e-038   2.27725e-041   [-0.000107,-0.000102,]
[11,9,]   191   0.000942399   -2.34851e-039   1.13863e-040   [-0.000030,-0.000101,]
[12,9,]   192   0.00123425   -2.77762e-040   2.96043e-040   [-0.000009,-0.000080,]
[13,9,]   193   0.000875949   -3.70666e-040   5.69313e-040   [0.000001,-0.000074,]
[14,9,]   194   0.000317307   -2.38665e-039   9.33673e-040   [0.000018,-0.000085,]
[15,9,]   195   3.80498e-005   -1.78404e-038   1.38912e-039   [0.000139,-0.000114,]
[16,9,]   196   3.07294e-005   -7.63488e-039   1.93566e-039   [0.000096,0.000101,]
[17,9,]   197   7.56965e-005   2.23145e-039   2.57329e-039   [0.000016,0.000039,]
[18,9,]   198   7.23283e-005   1.66933e-039   3.30201e-039   [0.000006,0.000020,]
[19,9,]   199   4.15817e-005   2.20368e-039   4.12182e-039   [0.000002,0.000012,]
[0,10,]   200   4.15803e-005   2.20368e-039   4.12182e-039   [-0.000002,-0.000012,]
[1,10,]   201   7.23276e-005   1.66934e-039   3.30201e-039   [-0.000006,-0.000020,]
[2,10,]   202   7.56965e-005   2.23148e-039   2.57329e-039   [-0.000016,-0.000039,]
[3,10,]   203   3.07294e-005   -7.63488e-039   1.93566e-039   [-0.000096,-0.000101,]
[4,10,]   204   3.80498e-005   -1.78404e-038   1.38912e-039   [-0.000139,0.000114,]
[5,10,]   205   0.000317307   -2.38665e-039   9.33673e-040   [-0.000018,0.000085,]
[6,10,]   206   0.000875949   -3.70666e-040   5.69313e-040   [-0.000001,0.000074,]
[7,10,]   207   0.00123425   -2.77762e-040   2.96043e-040   [0.000009,0.000080,]
[8,10,]   208   0.000942399   -2.34851e-039   1.13863e-040   [0.000030,0.000101,]
[9,10,]   209   0.000388374   -1.19975e-038   2.27725e-041   [0.000107,0.000102,]
[10,10,]   210   0.000391288   -1.18699e-038   2.27725e-041   [0.000104,-0.000104,]
[11,10,]   211   0.000948379   -2.3038e-039   1.13863e-040   [0.000028,-0.000101,]
[12,10,]   212   0.00123932   -2.62254e-040   2.96043e-040   [0.000009,-0.000079,]
[13,10,]   213   0.000878424   -3.59034e-040   5.69313e-040   [-0.000001,-0.000074,]
[14,10,]   214   0.000317351   -2.36374e-039   9.33673e-040   [-0.000016,-0.000085,]
[15,10,]   215   3.67857e-005   -1.84154e-038   1.38912e-039   [-0.000140,-0.000115,]
[16,10,]   216   2.93316e-005   -8.13671e-039   1.93566e-039   [-0.000099,0.000100,]
[17,10,]   217   7.48858e-005   2.26468e-039   2.57329e-039   [-0.000017,0.000040,]
[18,10,]   218   7.19724e-005   1.68366e-039   3.30201e-039   [-0.000006,0.000020,]
[19,10,]   219   4.13697e-005   2.22509e-039   4.12182e-039   [-0.000003,0.000013,]
[0,11,]   220   3.59656e-005   1.60847e-039   4.21291e-039   [-0.000008,-0.000012,]
[1,11,]   221   6.4964e-005   1.23966e-039   3.3931e-039   [-0.000016,-0.000019,]
[2,11,]   222   7.95493e-005   8.52794e-040   2.66438e-039   [-0.000040,-0.000031,]
[3,11,]   223   7.78452e-005   -2.60254e-039   2.02675e-039   [-0.000096,-0.000033,]
[4,11,]   224   0.000176408   -2.12739e-039   1.48021e-039   [-0.000075,0.000020,]
[5,11,]   225   0.000607052   -8.1065e-041   1.02476e-039   [-0.000022,0.000037,]
[6,11,]   226   0.00141375   8.54082e-040   6.60403e-040   [-0.000002,0.000039,]
[7,11,]   227   0.00217412   1.13684e-039   3.87133e-040   [0.000013,0.000038,]
[8,11,]   228   0.00239816   1.02394e-039   2.04953e-040   [0.000029,0.000033,]
[9,11,]   229   0.00223778   9.87049e-040   1.13863e-040   [0.000046,0.000014,]
[10,11,]   230   0.00224507   9.97612e-040   1.13863e-040   [0.000046,-0.000016,]
[11,11,]   231   0.00241308   1.04094e-039   2.04953e-040   [0.000029,-0.000033,]
[12,11,]   232   0.00218676   1.14742e-039   3.87133e-040   [0.000013,-0.000038,]
[13,11,]   233   0.00141989   8.63423e-040   6.60403e-040   [-0.000001,-0.000038,]
[14,11,]   234   0.000607118   -7.01942e-041   1.02476e-039   [-0.000022,-0.000037,]
[15,11,]   235   0.000173207   -2.18189e-039   1.48021e-039   [-0.000076,-0.000022,]
[16,11,]   236   7.43231e-005   -2.847e-039   2.02675e-039   [-0.000097,0.000033,]
[17,11,]   237   7.75089e-005   8.50307e-040   2.66438e-039   [-0.000040,0.000032,]
[18,11,]   238   6.40685e-005   1.27216e-039   3.3931e-039   [-0.000017,0.000019,]
[19,11,]   239   3.54316e-005   1.65797e-039   4.21291e-039   [-0.000009,0.000012,]
[0,12,]   240   2.67235e-005   6.68923e-040   4.39509e-039   [-0.000013,-0.000011,]
[1,12,]   241   5.15866e-005   5.79351e-040   3.57528e-039   [-0.000024,-0.000017,]
[2,12,]   242   7.82628e-005   -1.05625e-040   2.84656e-039   [-0.000048,-0.000023,]
[3,12,]   243   0.000127909   -1.31183e-039   2.20893e-039   [-0.000069,-0.000014,]
[4,12,]   244   0.000328581   -5.72048e-040   1.66239e-039   [-0.000047,0.000008,]
[5,12,]   245   0.000911206   5.08285e-040   1.20694e-039   [-0.000018,0.000018,]
[6,12,]   246   0.00196033   1.12936e-039   8.42583e-040   [-0.000001,0.000020,]
[7,12,]   247   0.00314973   1.41026e-039   5.69313e-040   [0.000010,0.000019,]
[8,12,]   248   0.00397374   1.4724e-039   3.87133e-040   [0.000021,0.000014,]
[9,12,]   249   0.00429162   1.45232e-039   2.96043e-040   [0.000028,0.000006,]
[10,12,]   250   0.00430008   1.45651e-039   2.96043e-040   [0.000028,-0.000006,]
[11,12,]   251   0.00399098   1.47845e-039   3.87133e-040   [0.000021,-0.000014,]
[12,12,]   252   0.00316427   1.41412e-039   5.69313e-040   [0.000010,-0.000019,]
[13,12,]   253   0.00196734   1.13342e-039   8.42583e-040   [-0.000001,-0.000020,]
[14,12,]   254   0.000911181   5.13402e-040   1.20694e-039   [-0.000018,-0.000018,]
[15,12,]   255   0.00032479   -5.85968e-040   1.66239e-039   [-0.000048,-0.000008,]
[16,12,]   256   0.000123764   -1.41587e-039   2.20893e-039   [-0.000069,0.000015,]
[17,12,]   257   7.5867e-005   -1.41946e-040   2.84656e-039   [-0.000048,0.000023,]
[18,12,]   258   5.05353e-005   6.13189e-040   3.57528e-039   [-0.000025,0.000017,]
[19,12,]   259   2.60944e-005   7.20738e-040   4.39509e-039   [-0.000013,0.000012,]
[0,13,]   260   1.70069e-005   -3.99745e-040   4.66836e-039   [-0.000017,-0.000011,]
[1,13,]   261   3.56606e-005   -1.49797e-040   3.84855e-039   [-0.000029,-0.000015,]
[2,13,]   262   6.60723e-005   -7.23878e-040   3.11983e-039   [-0.000047,-0.000016,]
[3,13,]   263   0.000140969   -1.05057e-039   2.4822e-039   [-0.000052,-0.000008,]
[4,13,]   264   0.000377462   -3.44657e-040   1.93566e-039   [-0.000034,0.000004,]
[5,13,]   265   0.000972821   4.51666e-040   1.48021e-039   [-0.000014,0.000010,]
[6,13,]   266   0.00202517   9.64535e-040   1.11585e-039   [-0.000001,0.000011,]
[7,13,]   267   0.00331568   1.23404e-039   8.42583e-040   [0.000008,0.000011,]
[8,13,]   268   0.00440099   1.33398e-039   6.60403e-040   [0.000015,0.000008,]
[9,13,]   269   0.00497539   1.35037e-039   5.69313e-040   [0.000020,0.000003,]
[10,13,]   270   0.00498225   1.35295e-039   5.69313e-040   [0.000020,-0.000003,]
[11,13,]   271   0.00441491   1.33751e-039   6.60403e-040   [0.000015,-0.000008,]
[12,13,]   272   0.00332732   1.23606e-039   8.42583e-040   [0.000008,-0.000011,]
[13,13,]   273   0.0020307   9.66825e-040   1.11585e-039   [-0.000001,-0.000011,]
[14,13,]   274   0.000972671   4.54682e-040   1.48021e-039   [-0.000014,-0.000010,]
[15,13,]   275   0.000374281   -3.51258e-040   1.93566e-039   [-0.000035,-0.000004,]
[16,13,]   276   0.000137527   -1.11036e-039   2.4822e-039   [-0.000052,0.000008,]
[17,13,]   277   6.40891e-005   -7.67242e-040   3.11983e-039   [-0.000048,0.000016,]
[18,13,]   278   3.4791e-005   -1.22749e-040   3.84855e-039   [-0.000030,0.000015,]
[19,13,]   279   1.64844e-005   -3.61946e-040   4.66836e-039   [-0.000017,0.000011,]
[0,14,]   280   9.23771e-006   -1.48678e-039   5.03272e-039   [-0.000020,-0.000010,]
[1,14,]   281   2.11447e-005   -8.82914e-040   4.21291e-039   [-0.000032,-0.000012,]
[2,14,]   282   4.60588e-005   -1.23249e-039   3.48419e-039   [-0.000043,-0.000011,]
[3,14,]   283   0.000113831   -1.15181e-039   2.84656e-039   [-0.000041,-0.000005,]
[4,14,]   284   0.000310489   -4.87773e-040   2.30002e-039   [-0.000027,0.000002,]
[5,14,]   285   0.000774831   1.79501e-040   1.84457e-039   [-0.000011,0.000006,]
[6,14,]   286   0.00158792   6.38219e-040   1.48021e-039   [-0.000001,0.000007,]
[7,14,]   287   0.00262363   9.03864e-040   1.20694e-039   [0.000007,0.000007,]
[8,14,]   288   0.0035647   1.02692e-039   1.02476e-039   [0.000012,0.000005,]
[9,14,]   289   0.00410944   1.06687e-039   9.33673e-040   [0.000016,0.000002,]
[10,14,]   290   0.00411368   1.06869e-039   9.33673e-040   [0.000016,-0.000002,]
[11,14,]   291   0.00357326   1.02933e-039   1.02476e-039   [0.000012,-0.000005,]
[12,14,]   292   0.00263071   9.05095e-040   1.20694e-039   [0.000007,-0.000007,]
[13,14,]   293   0.0015912   6.39688e-040   1.48021e-039   [-0.000001,-0.000007,]
[14,14,]   294   0.000774621   1.81505e-040   1.84457e-039   [-0.000011,-0.000006,]
[15,14,]   295   0.000308421   -4.91764e-040   2.30002e-039   [-0.000027,-0.000002,]
[16,14,]   296   0.000111627   -1.19171e-039   2.84656e-039   [-0.000042,0.000005,]
[17,14,]   297   4.47937e-005   -1.27241e-039   3.48419e-039   [-0.000044,0.000012,]
[18,14,]   298   2.05906e-005   -8.63071e-040   4.21291e-039   [-0.000032,0.000013,]
[19,14,]   299   8.9031e-006   -1.46808e-039   5.03272e-039   [-0.000020,0.000010,]
[0,15,]   300   4.26741e-006   -2.55793e-039   5.48817e-039   [-0.000022,-0.000009,]
[1,15,]   301   1.0633e-005   -1.61607e-039   4.66836e-039   [-0.000033,-0.000010,]
[2,15,]   302   2.62254e-005   -1.74587e-039   3.93964e-039   [-0.000039,-0.000009,]
[3,15,]   303   7.07206e-005   -1.45488e-039   3.30201e-039   [-0.000034,-0.000003,]
[4,15,]   304   0.000194814   -8.21271e-040   2.75547e-039   [-0.000022,0.000002,]
[5,15,]   305   0.000478083   -2.23223e-040   2.30002e-039   [-0.000009,0.000004,]
[6,15,]   306   0.000971501   2.04621e-040   1.93566e-039   [-0.000001,0.000005,]
[7,15,]   307   0.0016132   4.69126e-040   1.66239e-039   [0.000006,0.000005,]
[8,15,]   308   0.00221926   6.06911e-040   1.48021e-039   [0.000010,0.000003,]
[9,15,]   309   0.0025842   6.61135e-040   1.38912e-039   [0.000013,0.000001,]
[10,15,]   310   0.00258628   6.62509e-040   1.38912e-039   [0.000013,-0.000001,]
[11,15,]   311   0.00222341   6.08627e-040   1.48021e-039   [0.000010,-0.000003,]
[12,15,]   312   0.00161658   4.6985e-040   1.66239e-039   [0.000006,-0.000005,]
[13,15,]   313   0.000973013   2.05552e-040   1.93566e-039   [-0.000001,-0.000005,]
[14,15,]   314   0.000477899   -2.21823e-040   2.30002e-039   [-0.000009,-0.000004,]
[15,15,]   315   0.000193737   -8.23974e-040   2.75547e-039   [-0.000022,-0.000002,]
[16,15,]   316   6.95933e-005   -1.48393e-039   3.30201e-039   [-0.000034,0.000003,]
[17,15,]   317   2.55819e-005   -1.77986e-039   3.93964e-039   [-0.000040,0.000009,]
[18,15,]   318   1.03516e-005   -1.60104e-039   4.66836e-039   [-0.000033,0.000011,]
[19,15,]   319   4.09638e-006   -2.557e-039   5.48817e-039   [-0.000023,0.000009,]
[0,16,]   320   1.67112e-006   -3.61608e-039   6.03471e-039   [-0.000024,-0.000008,]
[1,16,]   321   4.50079e-006   -2.368e-039   5.2149e-039   [-0.000033,-0.000009,]
[2,16,]   322   1.21944e-005   -2.31497e-039   4.48618e-039   [-0.000035,-0.000006,]
[3,16,]   323   3.47501e-005   -1.90585e-039   3.84855e-039   [-0.000029,-0.000002,]
[4,16,]   324   9.6295e-005   -1.29315e-039   3.30201e-039   [-0.000019,0.000001,]
[5,16,]   325   0.000234022   -7.36196e-040   2.84656e-039   [-0.000008,0.000003,]
[6,16,]   326   0.000473161   -3.2742e-040   2.4822e-039   [-0.000001,0.000004,]
[7,16,]   327   0.000788058   -6.31891e-041   2.20893e-039   [0.000005,0.000003,]
[8,16,]   328   0.00109211   8.42255e-041   2.02675e-039   [0.000009,0.000002,]
[9,16,]   329   0.0012791   1.47368e-040   1.93566e-039   [0.000011,0.000001,]
[10,16,]   330   0.00127991   1.4843e-040   1.93566e-039   [0.000011,-0.000001,]
[11,16,]   331   0.00109371   8.54414e-041   2.02675e-039   [0.000009,-0.000002,]
[12,16,]   332   0.000789329   -6.28669e-041   2.20893e-039   [0.000005,-0.000003,]
[13,16,]   333   0.000473701   -3.26915e-040   2.4822e-039   [-0.000001,-0.000004,]
[14,16,]   334   0.000233906   -7.3522e-040   2.84656e-039   [-0.000008,-0.000003,]
[15,16,]   335   9.58372e-005   -1.29508e-039   3.30201e-039   [-0.000019,-0.000001,]
[16,16,]   336   3.4282e-005   -1.92814e-039   3.84855e-039   [-0.000029,0.000002,]
[17,16,]   337   1.1929e-005   -2.34311e-039   4.48618e-039   [-0.000036,0.000007,]
[18,16,]   338   4.38498e-006   -2.35527e-039   5.2149e-039   [-0.000033,0.000009,]
[19,16,]   339   1.60016e-006   -3.62908e-039   6.03471e-039   [-0.000024,0.000009,]
[0,17,]   340   5.53197e-007   -4.67847e-039   6.67234e-039   [-0.000025,-0.000007,]
[1,17,]   341   1.59642e-006   -3.16146e-039   5.85253e-039   [-0.000032,-0.000007,]
[2,17,]   342   4.64459e-006   -2.96453e-039   5.12381e-039   [-0.000032,-0.000005,]
[3,17,]   343   1.37327e-005   -2.48418e-039   4.48618e-039   [-0.000025,-0.000002,]
[4,17,]   344   3.82015e-005   -1.88596e-039   3.93964e-039   [-0.000016,0.000001,]
[5,17,]   345   9.22727e-005   -1.35528e-039   3.48419e-039   [-0.000007,0.000002,]
[6,17,]   346   0.000185964   -9.59006e-040   3.11983e-039   [-0.000001,0.000003,]
[7,17,]   347   0.000310326   -6.94771e-040   2.84656e-039   [0.000004,0.000003,]
[8,17,]   348   0.000432072   -5.40834e-040   2.66438e-039   [0.000008,0.000002,]
[9,17,]   349   0.000507899   -4.71841e-040   2.57329e-039   [0.000010,0.000001,]
[10,17,]   350   0.000508154   -4.71017e-040   2.57329e-039   [0.000010,-0.000001,]
[11,17,]   351   0.000432565   -5.40023e-040   2.66438e-039   [0.000008,-0.000002,]
[12,17,]   352   0.000310704   -6.94806e-040   2.84656e-039   [0.000004,-0.000003,]
[13,17,]   353   0.000186111   -9.58877e-040   3.11983e-039   [-0.000001,-0.000003,]
[14,17,]   354   9.22164e-005   -1.35463e-039   3.48419e-039   [-0.000007,-0.000002,]
[15,17,]   355   3.80413e-005   -1.88738e-039   3.93964e-039   [-0.000016,-0.000001,]
[16,17,]   356   1.35734e-005   -2.50184e-039   4.48618e-039   [-0.000026,0.000002,]
[17,17,]   357   4.55502e-006   -2.98748e-039   5.12381e-039   [-0.000032,0.000005,]
[18,17,]   358   1.55744e-006   -3.14916e-039   5.85253e-039   [-0.000032,0.000007,]
[19,17,]   359   5.2907e-007   -4.70103e-039   6.67234e-039   [-0.000025,0.000008,]
[0,18,]   360   1.54458e-007   -5.76102e-039   7.40106e-039   [-0.000025,-0.000006,]
[1,18,]   361   4.73354e-007   -4.01232e-039   6.58125e-039   [-0.000031,-0.000006,]
[2,18,]   362   1.45432e-006   -3.70567e-039   5.85253e-039   [-0.000029,-0.000004,]
[3,18,]   363   4.41214e-006   -3.18173e-039   5.2149e-039   [-0.000022,-0.000001,]
[4,18,]   364   1.23066e-005   -2.59526e-039   4.66836e-039   [-0.000014,0.000001,]
[5,18,]   365   2.96045e-005   -2.08314e-039   4.21291e-039   [-0.000006,0.000002,]
[6,18,]   366   5.95351e-005   -1.69573e-039   3.84855e-039   [-0.000000,0.000002,]
[7,18,]   367   9.94792e-005   -1.43127e-039   3.57528e-039   [0.000004,0.000002,]
[8,18,]   368   0.000138943   -1.2723e-039   3.3931e-039   [0.000007,0.000002,]
[9,18,]   369   0.000163724   -1.19866e-039   3.30201e-039   [0.000008,0.000001,]
[10,18,]   370   0.000163789   -1.19732e-039   3.30201e-039   [0.000008,-0.000000,]
[11,18,]   371   0.000139064   -1.26985e-039   3.3931e-039   [0.000007,-0.000001,]
[12,18,]   372   9.95666e-005   -1.42876e-039   3.57528e-039   [0.000004,-0.000002,]
[13,18,]   373   5.95635e-005   -1.69279e-039   3.84855e-039   [-0.000000,-0.000002,]
[14,18,]   374   2.95829e-005   -2.08014e-039   4.21291e-039   [-0.000006,-0.000002,]
[15,18,]   375   1.22601e-005   -2.59528e-039   4.66836e-039   [-0.000014,-0.000001,]
[16,18,]   376   4.36743e-006   -3.19796e-039   5.2149e-039   [-0.000023,0.000002,]
[17,18,]   377   1.42944e-006   -3.73019e-039   5.85253e-039   [-0.000029,0.000004,]
[18,18,]   378   4.62565e-007   -4.00867e-039   6.58125e-039   [-0.000030,0.000007,]
[19,18,]   379   1.47697e-007   -5.79957e-039   7.40106e-039   [-0.000025,0.000007,]
[0,19,]   380   3.61946e-008   -8.56228e-039   8.22087e-039   [-0.000026,-0.000005,]
[1,19,]   381   1.16855e-007   -6.21731e-039   7.40106e-039   [-0.000029,-0.000005,]
[2,19,]   382   3.74929e-007   -5.4821e-039   6.67234e-039   [-0.000027,-0.000003,]
[3,19,]   383   1.16037e-006   -4.76824e-039   6.03471e-039   [-0.000020,-0.000001,]
[4,19,]   384   3.24598e-006   -4.17128e-039   5.48817e-039   [-0.000013,0.000001,]
[5,19,]   385   7.79041e-006   -3.69536e-039   5.03272e-039   [-0.000006,0.000002,]
[6,19,]   386   1.56455e-005   -3.32678e-039   4.66836e-039   [-0.000000,0.000002,]
[7,19,]   387   2.61645e-005   -3.0542e-039   4.39509e-039   [0.000003,0.000002,]
[8,19,]   388   3.66146e-005   -2.87311e-039   4.21291e-039   [0.000006,0.000001,]
[9,19,]   389   4.32002e-005   -2.78236e-039   4.12182e-039   [0.000008,0.000001,]
[10,19,]   390   4.31935e-005   -2.7823e-039   4.12182e-039   [0.000008,-0.000000,]
[11,19,]   391   3.6591e-005   -2.87385e-039   4.21291e-039   [0.000006,-0.000001,]
[12,19,]   392   2.61312e-005   -3.05571e-039   4.39509e-039   [0.000003,-0.000001,]
[13,19,]   393   1.56167e-005   -3.32758e-039   4.66836e-039   [-0.000000,-0.000001,]
[14,19,]   394   7.77062e-006   -3.69403e-039   5.03272e-039   [-0.000006,-0.000001,]
[15,19,]   395   3.23267e-006   -4.16728e-039   5.48817e-039   [-0.000013,-0.000000,]
[16,19,]   396   1.15146e-006   -4.76814e-039   6.03471e-039   [-0.000020,0.000001,]
[17,19,]   397   3.70681e-007   -5.47945e-039   6.67234e-039   [-0.000027,0.000004,]
[18,19,]   398   1.15113e-007   -6.18929e-039   7.40106e-039   [-0.000029,0.000006,]
[19,19,]   399   3.48782e-008   -8.58011e-039   8.22087e-039   [-0.000025,0.000007,]
