coordinates  index   rho      Q      V    velocities 
[0,0,]   0   3.09848e-008   -8.41396e-039   8.22087e-039   [0.000034,0.000002,]
[1,0,]   1   1.12331e-007   -5.96619e-039   7.40106e-039   [0.000022,0.000003,]
[2,0,]   2   3.63385e-007   -5.53467e-039   6.67234e-039   [0.000027,0.000005,]
[3,0,]   3   1.17803e-006   -4.77492e-039   6.03471e-039   [0.000020,0.000007,]
[4,0,]   4   3.42401e-006   -4.20407e-039   5.48817e-039   [0.000013,0.000009,]
[5,0,]   5   8.42803e-006   -3.73551e-039   5.03272e-039   [0.000006,0.000010,]
[6,0,]   6   1.71563e-005   -3.37367e-039   4.66836e-039   [0.000000,0.000010,]
[7,0,]   7   2.88729e-005   -3.10759e-039   4.39509e-039   [-0.000003,0.000010,]
[8,0,]   8   4.05391e-005   -2.92925e-039   4.21291e-039   [-0.000006,0.000010,]
[9,0,]   9   4.79854e-005   -2.83469e-039   4.12182e-039   [-0.000007,0.000009,]
[10,0,]   10   4.81995e-005   -2.82444e-039   4.12182e-039   [-0.000007,0.000008,]
[11,0,]   11   4.10827e-005   -2.90346e-039   4.21291e-039   [-0.000006,0.000007,]
[12,0,]   12   2.95405e-005   -3.07848e-039   4.39509e-039   [-0.000003,0.000007,]
[13,0,]   13   1.77829e-005   -3.35609e-039   4.66836e-039   [0.000000,0.000007,]
[14,0,]   14   8.93479e-006   -3.74411e-039   5.03272e-039   [0.000005,0.000007,]
[15,0,]   15   3.78557e-006   -4.24952e-039   5.48817e-039   [0.000012,0.000008,]
[16,0,]   16   1.40072e-006   -4.85127e-039   6.03471e-039   [0.000019,0.000010,]
[17,0,]   17   4.79854e-007   -5.50373e-039   6.67234e-039   [0.000026,0.000012,]
[18,0,]   18   1.61096e-007   -6.45053e-039   7.40106e-039   [0.000035,0.000014,]
[19,0,]   19   6.48692e-008   -8.16748e-039   8.22087e-039   [0.000038,0.000015,]
[0,1,]   20   9.25151e-008   -6.73451e-039   7.40106e-039   [0.000034,-0.000018,]
[1,1,]   21   3.49533e-007   -4.34182e-039   6.58125e-039   [0.000027,-0.000014,]
[2,1,]   22   1.16582e-006   -4.23593e-039   5.85253e-039   [0.000033,-0.000009,]
[3,1,]   23   3.94366e-006   -3.41152e-039   5.2149e-039   [0.000023,-0.000005,]
[4,1,]   24   1.18016e-005   -2.71775e-039   4.66836e-039   [0.000014,-0.000003,]
[5,1,]   25   2.9459e-005   -2.17132e-039   4.21291e-039   [0.000006,-0.000002,]
[6,1,]   26   6.02202e-005   -1.77782e-039   3.84855e-039   [0.000000,-0.000002,]
[7,1,]   27   0.000101124   -1.51551e-039   3.57528e-039   [-0.000004,-0.000002,]
[8,1,]   28   0.000141025   -1.36298e-039   3.3931e-039   [-0.000007,-0.000003,]
[9,1,]   29   0.000165313   -1.30076e-039   3.30201e-039   [-0.000008,-0.000004,]
[10,1,]   30   0.000164291   -1.31508e-039   3.30201e-039   [-0.000008,-0.000004,]
[11,1,]   31   0.000138731   -1.40351e-039   3.3931e-039   [-0.000007,-0.000005,]
[12,1,]   32   9.9144e-005   -1.57486e-039   3.57528e-039   [-0.000004,-0.000006,]
[13,1,]   33   5.95981e-005   -1.84297e-039   3.84855e-039   [0.000000,-0.000006,]
[14,1,]   34   3.00899e-005   -2.21705e-039   4.21291e-039   [0.000006,-0.000006,]
[15,1,]   35   1.29182e-005   -2.68615e-039   4.66836e-039   [0.000013,-0.000005,]
[16,1,]   36   4.89039e-006   -3.18437e-039   5.2149e-039   [0.000020,-0.000003,]
[17,1,]   37   1.72408e-006   -3.62797e-039   5.85253e-039   [0.000025,-0.000002,]
[18,1,]   38   5.92826e-007   -4.28004e-039   6.58125e-039   [0.000032,-0.000002,]
[19,1,]   39   2.37432e-007   -5.71881e-039   7.40106e-039   [0.000034,-0.000004,]
[0,2,]   40   3.20843e-007   -5.18355e-039   6.67234e-039   [0.000034,-0.000013,]
[1,2,]   41   1.13711e-006   -3.2103e-039   5.85253e-039   [0.000030,-0.000010,]
[2,2,]   42   3.56593e-006   -3.41304e-039   5.12381e-039   [0.000037,-0.000006,]
[3,2,]   43   1.19229e-005   -2.65636e-039   4.48618e-039   [0.000027,-0.000002,]
[4,2,]   44   3.60858e-005   -1.94781e-039   3.93964e-039   [0.000016,0.000001,]
[5,2,]   45   9.1062e-005   -1.38568e-039   3.48419e-039   [0.000007,0.000002,]
[6,2,]   46   0.000187013   -9.83824e-040   3.11983e-039   [0.000000,0.000003,]
[7,2,]   47   0.000313722   -7.1898e-040   2.84656e-039   [-0.000004,0.000002,]
[8,2,]   48   0.000435681   -5.65664e-040   2.66438e-039   [-0.000007,0.000002,]
[9,2,]   49   0.000508477   -4.98683e-040   2.57329e-039   [-0.000009,0.000000,]
[10,2,]   50   0.000504169   -5.0223e-040   2.57329e-039   [-0.000009,-0.000001,]
[11,2,]   51   0.000425912   -5.75154e-040   2.66438e-039   [-0.000008,-0.000002,]
[12,2,]   52   0.000304993   -7.3233e-040   2.84656e-039   [-0.000004,-0.000003,]
[13,2,]   53   0.00018364   -9.96375e-040   3.11983e-039   [0.000001,-0.000003,]
[14,2,]   54   9.27545e-005   -1.38214e-039   3.48419e-039   [0.000007,-0.000003,]
[15,2,]   55   3.9892e-005   -1.87611e-039   3.93964e-039   [0.000014,-0.000001,]
[16,2,]   56   1.52777e-005   -2.3888e-039   4.48618e-039   [0.000022,0.000001,]
[17,2,]   57   5.5627e-006   -2.78794e-039   5.12381e-039   [0.000028,0.000004,]
[18,2,]   58   2.01083e-006   -3.34237e-039   5.85253e-039   [0.000033,0.000006,]
[19,2,]   59   8.39024e-007   -4.55896e-039   6.67234e-039   [0.000032,0.000004,]
[0,3,]   60   9.75449e-007   -3.85726e-039   6.03471e-039   [0.000033,-0.000014,]
[1,3,]   61   3.16934e-006   -2.31316e-039   5.2149e-039   [0.000033,-0.000012,]
[2,3,]   62   9.06221e-006   -2.82163e-039   4.48618e-039   [0.000041,-0.000008,]
[3,3,]   63   2.95199e-005   -2.09974e-039   3.84855e-039   [0.000031,-0.000003,]
[4,3,]   64   9.05281e-005   -1.33097e-039   3.30201e-039   [0.000018,0.000001,]
[5,3,]   65   0.00023186   -7.28593e-040   2.84656e-039   [0.000008,0.000003,]
[6,3,]   66   0.000479188   -3.12295e-040   2.4822e-039   [0.000000,0.000004,]
[7,3,]   67   0.000802639   -4.77371e-041   2.20893e-039   [-0.000005,0.000003,]
[8,3,]   68   0.00110817   9.77942e-041   2.02675e-039   [-0.000008,0.000002,]
[9,3,]   69   0.00128566   1.54325e-040   1.93566e-039   [-0.000011,0.000001,]
[10,3,]   70   0.00127147   1.48517e-040   1.93566e-039   [-0.000011,-0.000001,]
[11,3,]   71   0.00107578   8.04613e-041   2.02675e-039   [-0.000009,-0.000002,]
[12,3,]   72   0.000773142   -7.13084e-041   2.20893e-039   [-0.000005,-0.000003,]
[13,3,]   73   0.000466681   -3.3469e-040   2.4822e-039   [0.000001,-0.000004,]
[14,3,]   74   0.000235674   -7.29713e-040   2.84656e-039   [0.000008,-0.000003,]
[15,3,]   75   0.000101438   -1.24014e-039   3.30201e-039   [0.000016,-0.000001,]
[16,3,]   76   3.94188e-005   -1.74461e-039   3.84855e-039   [0.000025,0.000002,]
[17,3,]   77   1.499e-005   -2.05999e-039   4.48618e-039   [0.000030,0.000005,]
[18,3,]   78   5.78013e-006   -2.49263e-039   5.2149e-039   [0.000033,0.000007,]
[19,3,]   79   2.52941e-006   -3.49472e-039   6.03471e-039   [0.000029,0.000004,]
[0,4,]   80   2.54577e-006   -2.515e-039   5.48817e-039   [0.000031,-0.000016,]
[1,4,]   81   7.46049e-006   -1.47002e-039   4.66836e-039   [0.000036,-0.000014,]
[2,4,]   82   1.87591e-005   -2.36784e-039   3.93964e-039   [0.000047,-0.000011,]
[3,4,]   83   5.81262e-005   -1.7412e-039   3.30201e-039   [0.000037,-0.000004,]
[4,4,]   84   0.000181332   -8.6766e-040   2.75547e-039   [0.000021,0.000002,]
[5,4,]   85   0.000474271   -2.16723e-040   2.30002e-039   [0.000009,0.000004,]
[6,4,]   86   0.000988999   2.20398e-040   1.93566e-039   [0.000001,0.000005,]
[7,4,]   87   0.0016527   4.85393e-040   1.66239e-039   [-0.000006,0.000005,]
[8,4,]   88   0.0022623   6.18881e-040   1.48021e-039   [-0.000010,0.000003,]
[9,4,]   89   0.00260316   6.71063e-040   1.38912e-039   [-0.000012,0.000001,]
[10,4,]   90   0.00256587   6.60473e-040   1.38912e-039   [-0.000013,-0.000001,]
[11,4,]   91   0.00217745   5.92454e-040   1.48021e-039   [-0.000010,-0.000003,]
[12,4,]   92   0.00157455   4.50829e-040   1.66239e-039   [-0.000006,-0.000004,]
[13,4,]   93   0.000954022   1.87275e-040   1.93566e-039   [0.000001,-0.000005,]
[14,4,]   94   0.000481218   -2.23305e-040   2.30002e-039   [0.000009,-0.000004,]
[15,4,]   95   0.000206979   -7.55591e-040   2.75547e-039   [0.000019,-0.000001,]
[16,4,]   96   8.20169e-005   -1.24778e-039   3.30201e-039   [0.000029,0.000003,]
[17,4,]   97   3.30891e-005   -1.45481e-039   3.93964e-039   [0.000033,0.000007,]
[18,4,]   98   1.38268e-005   -1.74677e-039   4.66836e-039   [0.000032,0.000008,]
[19,4,]   99   6.35906e-006   -2.52193e-039   5.48817e-039   [0.000025,0.000005,]
[0,5,]   100   5.74532e-006   -1.12696e-039   5.03272e-039   [0.000029,-0.000018,]
[1,5,]   101   1.50265e-005   -6.00732e-040   4.21291e-039   [0.000037,-0.000017,]
[2,5,]   102   3.17998e-005   -1.9403e-039   3.48419e-039   [0.000053,-0.000015,]
[3,5,]   103   8.91283e-005   -1.58619e-039   2.84656e-039   [0.000045,-0.000006,]
[4,5,]   104   0.000284314   -5.57782e-040   2.30002e-039   [0.000026,0.000003,]
[5,5,]   105   0.00076968   1.99437e-040   1.84457e-039   [0.000011,0.000006,]
[6,5,]   106   0.00162702   6.63329e-040   1.48021e-039   [0.000001,0.000007,]
[7,5,]   107   0.00270791   9.28326e-040   1.20694e-039   [-0.000007,0.000007,]
[8,5,]   108   0.0036564   1.05362e-039   1.02476e-039   [-0.000012,0.000005,]
[9,5,]   109   0.00414749   1.07653e-039   9.33673e-040   [-0.000015,0.000002,]
[10,5,]   110   0.00406973   1.0637e-039   9.33673e-040   [-0.000015,-0.000002,]
[11,5,]   111   0.00347973   1.0134e-039   1.02476e-039   [-0.000012,-0.000005,]
[12,5,]   112   0.00254376   8.76631e-040   1.20694e-039   [-0.000007,-0.000007,]
[13,5,]   113   0.00155088   6.13628e-040   1.48021e-039   [0.000001,-0.000007,]
[14,5,]   114   0.000779728   1.80906e-040   1.84457e-039   [0.000011,-0.000006,]
[15,5,]   115   0.000333553   -4.06046e-040   2.30002e-039   [0.000023,-0.000002,]
[16,5,]   116   0.000135935   -8.64053e-040   2.84656e-039   [0.000035,0.000003,]
[17,5,]   117   5.98129e-005   -8.96383e-040   3.48419e-039   [0.000037,0.000009,]
[18,5,]   118   2.76641e-005   -1.02465e-039   4.21291e-039   [0.000030,0.000010,]
[19,5,]   119   1.33794e-005   -1.55068e-039   5.03272e-039   [0.000021,0.000005,]
[0,6,]   120   1.12736e-005   1.69863e-040   4.66836e-039   [0.000026,-0.000019,]
[1,6,]   121   2.62109e-005   2.51211e-040   3.84855e-039   [0.000037,-0.000019,]
[2,6,]   122   4.49007e-005   -1.32531e-039   3.11983e-039   [0.000058,-0.000022,]
[3,6,]   123   0.000101843   -1.86331e-039   2.4822e-039   [0.000058,-0.000009,]
[4,6,]   124   0.000336262   -4.09404e-040   1.93566e-039   [0.000034,0.000005,]
[5,6,]   125   0.0009666   4.75214e-040   1.48021e-039   [0.000013,0.000010,]
[6,6,]   126   0.00209148   9.93777e-040   1.11585e-039   [0.000000,0.000011,]
[7,6,]   127   0.00345484   1.26721e-039   8.42583e-040   [-0.000008,0.000010,]
[8,6,]   128   0.00454713   1.36439e-039   6.60403e-040   [-0.000015,0.000007,]
[9,6,]   129   0.00503557   1.42777e-039   5.69313e-040   [-0.000020,0.000003,]
[10,6,]   130   0.00490216   1.37824e-039   5.69313e-040   [-0.000020,-0.000002,]
[11,6,]   131   0.00426012   1.30029e-039   6.60403e-040   [-0.000016,-0.000008,]
[12,6,]   132   0.00318639   1.1951e-039   8.42583e-040   [-0.000008,-0.000011,]
[13,6,]   133   0.00196418   9.22655e-040   1.11585e-039   [0.000001,-0.000011,]
[14,6,]   134   0.000978782   4.37121e-040   1.48021e-039   [0.000014,-0.000009,]
[15,6,]   135   0.000412059   -2.20921e-040   1.93566e-039   [0.000029,-0.000003,]
[16,6,]   136   0.000175121   -6.04816e-040   2.4822e-039   [0.000043,0.000005,]
[17,6,]   137   8.83638e-005   -3.19614e-040   3.11983e-039   [0.000040,0.000012,]
[18,6,]   138   4.63971e-005   -3.06152e-040   3.84855e-039   [0.000026,0.000012,]
[19,6,]   139   2.35304e-005   -5.85226e-040   4.66836e-039   [0.000014,0.000005,]
[0,7,]   140   1.94107e-005   1.22031e-039   4.39509e-039   [0.000021,-0.000019,]
[1,7,]   141   4.01082e-005   9.74222e-040   3.57528e-039   [0.000032,-0.000020,]
[2,7,]   142   5.4873e-005   -1.74368e-040   2.84656e-039   [0.000059,-0.000032,]
[3,7,]   143   8.04372e-005   -3.15775e-039   2.20893e-039   [0.000079,-0.000016,]
[4,7,]   144   0.000273448   -1.04827e-039   1.66239e-039   [0.000047,0.000011,]
[5,7,]   145   0.000907631   5.93365e-040   1.20694e-039   [0.000016,0.000019,]
[6,7,]   146   0.00205031   1.203e-039   8.42583e-040   [0.000000,0.000019,]
[7,7,]   147   0.00332997   1.4834e-039   5.69313e-040   [-0.000010,0.000018,]
[8,7,]   148   0.00415359   1.58704e-039   3.87133e-040   [-0.000020,0.000014,]
[9,7,]   149   0.00427702   1.36502e-039   2.96043e-040   [-0.000026,0.000006,]
[10,7,]   150   0.00412498   1.22755e-039   2.96043e-040   [-0.000028,-0.000004,]
[11,7,]   151   0.00380947   1.51506e-039   3.87133e-040   [-0.000021,-0.000014,]
[12,7,]   152   0.00299381   1.37157e-039   5.69313e-040   [-0.000010,-0.000019,]
[13,7,]   153   0.00188894   1.09584e-039   8.42583e-040   [0.000002,-0.000020,]
[14,7,]   154   0.000921702   5.37056e-040   1.20694e-039   [0.000019,-0.000016,]
[15,7,]   155   0.000366699   -5.67794e-040   1.66239e-039   [0.000039,-0.000005,]
[16,7,]   156   0.00016605   -7.19447e-040   2.20893e-039   [0.000056,0.000010,]
[17,7,]   157   0.000106385   3.56416e-040   2.84656e-039   [0.000041,0.000017,]
[18,7,]   158   6.52402e-005   3.87517e-040   3.57528e-039   [0.000020,0.000014,]
[19,7,]   159   3.45863e-005   3.51928e-040   4.39509e-039   [0.000007,0.000005,]
[0,8,]   160   2.944e-005   1.94193e-039   4.21291e-039   [0.000017,-0.000017,]
[1,8,]   161   5.45901e-005   1.45947e-039   3.3931e-039   [0.000021,-0.000021,]
[2,8,]   162   6.14589e-005   1.5242e-039   2.66438e-039   [0.000052,-0.000039,]
[3,8,]   163   4.19777e-005   -6.99714e-039   2.02675e-039   [0.000114,-0.000036,]
[4,8,]   164   0.000133449   -4.29183e-039   1.48021e-039   [0.000075,0.000039,]
[5,8,]   165   0.000608711   6.55067e-041   1.02476e-039   [0.000018,0.000038,]
[6,8,]   166   0.00149239   1.03002e-039   6.60403e-040   [-0.000001,0.000036,]
[7,8,]   167   0.00233216   1.39236e-039   3.87133e-040   [-0.000012,0.000035,]
[8,8,]   168   0.00255013   1.17565e-039   2.04953e-040   [-0.000027,0.000031,]
[9,8,]   169   0.00224048   2.93691e-040   1.13863e-040   [-0.000043,0.000028,]
[10,8,]   170   0.00219512   6.56929e-040   1.13863e-040   [-0.000045,-0.000001,]
[11,8,]   171   0.0022422   8.92388e-040   2.04953e-040   [-0.000031,-0.000035,]
[12,8,]   172   0.00201931   1.03299e-039   3.87133e-040   [-0.000013,-0.000041,]
[13,8,]   173   0.00134325   7.51167e-040   6.60403e-040   [0.000004,-0.000041,]
[14,8,]   174   0.00061852   -6.44361e-041   1.02476e-039   [0.000025,-0.000037,]
[15,8,]   175   0.000220049   -1.45829e-039   1.48021e-039   [0.000061,-0.000011,]
[16,8,]   176   0.000107455   -2.40343e-039   2.02675e-039   [0.000078,0.000026,]
[17,8,]   177   0.000105915   1.37946e-039   2.66438e-039   [0.000034,0.000026,]
[18,8,]   178   7.72446e-005   1.03173e-039   3.3931e-039   [0.000012,0.000016,]
[19,8,]   179   4.26551e-005   1.18439e-039   4.21291e-039   [-0.000001,0.000006,]
[0,9,]   180   3.88287e-005   2.39933e-039   4.12182e-039   [0.000011,-0.000012,]
[1,9,]   181   6.70567e-005   1.68669e-039   3.30201e-039   [0.000010,-0.000020,]
[2,9,]   182   6.60231e-005   1.5924e-039   2.57329e-039   [0.000027,-0.000039,]
[3,9,]   183   2.48324e-005   -1.08397e-038   1.93566e-039   [0.000132,-0.000110,]
[4,9,]   184   4.41373e-005   -1.52224e-038   1.38912e-039   [0.000137,0.000122,]
[5,9,]   185   0.000328083   -2.19845e-039   9.33673e-040   [-0.000005,0.000084,]
[6,9,]   186   0.000885768   -3.76685e-040   5.69313e-040   [-0.000004,0.000071,]
[7,9,]   187   0.0012473   -4.15398e-040   2.96043e-040   [-0.000009,0.000077,]
[8,9,]   188   0.00103646   -1.95689e-039   1.13863e-040   [-0.000013,0.000099,]
[9,9,]   189   0.000590842   -7.3342e-039   2.27725e-041   [-0.000084,0.000117,]
[10,9,]   190   0.000550111   -7.96933e-039   2.27725e-041   [-0.000116,-0.000091,]
[11,9,]   191   0.00083953   -4.32383e-039   1.13863e-040   [-0.000047,-0.000103,]
[12,9,]   192   0.00111715   -7.95471e-040   2.96043e-040   [-0.000010,-0.000082,]
[13,9,]   193   0.000830734   -5.17758e-040   5.69313e-040   [0.000006,-0.000076,]
[14,9,]   194   0.000320366   -2.96862e-039   9.33673e-040   [0.000031,-0.000085,]
[15,9,]   195   7.2163e-005   -9.29133e-039   1.38912e-039   [0.000117,-0.000098,]
[16,9,]   196   5.67678e-005   -2.49299e-039   1.93566e-039   [0.000067,0.000103,]
[17,9,]   197   8.78131e-005   1.79793e-039   2.57329e-039   [0.000014,0.000035,]
[18,9,]   198   7.69166e-005   1.41576e-039   3.30201e-039   [0.000001,0.000018,]
[19,9,]   199   4.44758e-005   1.83504e-039   4.12182e-039   [-0.000010,0.000008,]
[0,10,]   200   4.3667e-005   1.83513e-039   4.12182e-039   [0.000006,-0.000008,]
[1,10,]   201   7.65122e-005   1.42188e-039   3.30201e-039   [-0.000001,-0.000018,]
[2,10,]   202   8.7804e-005   1.81263e-039   2.57329e-039   [-0.000013,-0.000035,]
[3,10,]   203   5.67699e-005   -2.49213e-039   1.93566e-039   [-0.000067,-0.000103,]
[4,10,]   204   7.21642e-005   -9.29118e-039   1.38912e-039   [-0.000117,0.000098,]
[5,10,]   205   0.000320366   -2.96865e-039   9.33673e-040   [-0.000031,0.000085,]
[6,10,]   206   0.000830734   -5.17755e-040   5.69313e-040   [-0.000006,0.000076,]
[7,10,]   207   0.00111715   -7.95472e-040   2.96043e-040   [0.000010,0.000082,]
[8,10,]   208   0.00083953   -4.32383e-039   1.13863e-040   [0.000047,0.000103,]
[9,10,]   209   0.000550111   -7.96933e-039   2.27725e-041   [0.000116,0.000091,]
[10,10,]   210   0.000590842   -7.3342e-039   2.27725e-041   [0.000084,-0.000117,]
[11,10,]   211   0.00103646   -1.95689e-039   1.13863e-040   [0.000013,-0.000099,]
[12,10,]   212   0.0012473   -4.15397e-040   2.96043e-040   [0.000009,-0.000077,]
[13,10,]   213   0.000885768   -3.76686e-040   5.69313e-040   [0.000004,-0.000071,]
[14,10,]   214   0.000328083   -2.19845e-039   9.33673e-040   [0.000005,-0.000084,]
[15,10,]   215   4.41369e-005   -1.52226e-038   1.38912e-039   [-0.000137,-0.000122,]
[16,10,]   216   2.48336e-005   -1.08406e-038   1.93566e-039   [-0.000132,0.000110,]
[17,10,]   217   6.60476e-005   1.57361e-039   2.57329e-039   [-0.000027,0.000039,]
[18,10,]   218   6.75325e-005   1.68566e-039   3.30201e-039   [-0.000011,0.000020,]
[19,10,]   219   3.97213e-005   2.40561e-039   4.12182e-039   [-0.000017,0.000012,]
[0,11,]   220   4.24311e-005   1.1916e-039   4.21291e-039   [0.000000,-0.000006,]
[1,11,]   221   7.71504e-005   1.03809e-039   3.3931e-039   [-0.000012,-0.000016,]
[2,11,]   222   0.000105917   1.38319e-039   2.66438e-039   [-0.000034,-0.000026,]
[3,11,]   223   0.000107457   -2.40335e-039   2.02675e-039   [-0.000078,-0.000026,]
[4,11,]   224   0.00022005   -1.45829e-039   1.48021e-039   [-0.000061,0.000011,]
[5,11,]   225   0.00061852   -6.44463e-041   1.02476e-039   [-0.000025,0.000037,]
[6,11,]   226   0.00134325   7.51168e-040   6.60403e-040   [-0.000004,0.000041,]
[7,11,]   227   0.00201931   1.03299e-039   3.87133e-040   [0.000013,0.000041,]
[8,11,]   228   0.0022422   8.92388e-040   2.04953e-040   [0.000031,0.000035,]
[9,11,]   229   0.00219512   6.56929e-040   1.13863e-040   [0.000045,0.000001,]
[10,11,]   230   0.00224048   2.93692e-040   1.13863e-040   [0.000043,-0.000028,]
[11,11,]   231   0.00255013   1.17565e-039   2.04953e-040   [0.000027,-0.000031,]
[12,11,]   232   0.00233216   1.39236e-039   3.87133e-040   [0.000012,-0.000035,]
[13,11,]   233   0.00149239   1.03002e-039   6.60403e-040   [0.000001,-0.000036,]
[14,11,]   234   0.000608711   6.55059e-041   1.02476e-039   [-0.000018,-0.000038,]
[15,11,]   235   0.000133449   -4.29193e-039   1.48021e-039   [-0.000075,-0.000039,]
[16,11,]   236   4.19793e-005   -6.99758e-039   2.02675e-039   [-0.000114,0.000036,]
[17,11,]   237   6.14753e-005   1.51582e-039   2.66438e-039   [-0.000052,0.000039,]
[18,11,]   238   5.47908e-005   1.45386e-039   3.3931e-039   [-0.000021,0.000021,]
[19,11,]   239   2.97916e-005   1.92994e-039   4.21291e-039   [-0.000019,0.000017,]
[0,12,]   240   3.49234e-005   3.55563e-040   4.39509e-039   [-0.000005,-0.000005,]
[1,12,]   241   6.54098e-005   3.85889e-040   3.57528e-039   [-0.000020,-0.000014,]
[2,12,]   242   0.00010638   3.50135e-040   2.84656e-039   [-0.000041,-0.000017,]
[3,12,]   243   0.00016605   -7.19373e-040   2.20893e-039   [-0.000056,-0.000010,]
[4,12,]   244   0.000366697   -5.67826e-040   1.66239e-039   [-0.000039,0.000005,]
[5,12,]   245   0.000921702   5.37069e-040   1.20694e-039   [-0.000019,0.000016,]
[6,12,]   246   0.00188894   1.09583e-039   8.42583e-040   [-0.000002,0.000020,]
[7,12,]   247   0.00299381   1.37157e-039   5.69313e-040   [0.000010,0.000019,]
[8,12,]   248   0.00380947   1.51506e-039   3.87133e-040   [0.000021,0.000014,]
[9,12,]   249   0.00412498   1.22755e-039   2.96043e-040   [0.000028,0.000004,]
[10,12,]   250   0.00427702   1.36502e-039   2.96043e-040   [0.000026,-0.000006,]
[11,12,]   251   0.00415359   1.58704e-039   3.87133e-040   [0.000020,-0.000014,]
[12,12,]   252   0.00332997   1.4834e-039   5.69313e-040   [0.000010,-0.000018,]
[13,12,]   253   0.00205031   1.203e-039   8.42583e-040   [-0.000000,-0.000019,]
[14,12,]   254   0.000907631   5.93364e-040   1.20694e-039   [-0.000016,-0.000019,]
[15,12,]   255   0.000273449   -1.04825e-039   1.66239e-039   [-0.000047,-0.000011,]
[16,12,]   256   8.04362e-005   -3.15754e-039   2.20893e-039   [-0.000079,0.000016,]
[17,12,]   257   5.48652e-005   -1.71537e-040   2.84656e-039   [-0.000059,0.000032,]
[18,12,]   258   4.00509e-005   9.73492e-040   3.57528e-039   [-0.000032,0.000020,]
[19,12,]   259   1.9302e-005   1.21361e-039   4.39509e-039   [-0.000020,0.000019,]
[0,13,]   260   2.41337e-005   -5.74319e-040   4.66836e-039   [-0.000009,-0.000004,]
[1,13,]   261   4.6676e-005   -3.161e-040   3.84855e-039   [-0.000026,-0.000012,]
[2,13,]   262   8.83493e-005   -3.34011e-040   3.11983e-039   [-0.000040,-0.000012,]
[3,13,]   263   0.000175119   -6.04476e-040   2.4822e-039   [-0.000043,-0.000005,]
[4,13,]   264   0.000412054   -2.20993e-040   1.93566e-039   [-0.000029,0.000003,]
[5,13,]   265   0.000978783   4.37149e-040   1.48021e-039   [-0.000014,0.000009,]
[6,13,]   266   0.00196418   9.22653e-040   1.11585e-039   [-0.000001,0.000011,]
[7,13,]   267   0.00318639   1.1951e-039   8.42583e-040   [0.000008,0.000011,]
[8,13,]   268   0.00426012   1.30029e-039   6.60403e-040   [0.000016,0.000008,]
[9,13,]   269   0.00490216   1.37824e-039   5.69313e-040   [0.000020,0.000002,]
[10,13,]   270   0.00503557   1.42777e-039   5.69313e-040   [0.000020,-0.000003,]
[11,13,]   271   0.00454713   1.36438e-039   6.60403e-040   [0.000015,-0.000007,]
[12,13,]   272   0.00345484   1.26721e-039   8.42583e-040   [0.000008,-0.000010,]
[13,13,]   273   0.00209148   9.93775e-040   1.11585e-039   [-0.000000,-0.000011,]
[14,13,]   274   0.000966601   4.75207e-040   1.48021e-039   [-0.000013,-0.000010,]
[15,13,]   275   0.000336265   -4.09304e-040   1.93566e-039   [-0.000034,-0.000005,]
[16,13,]   276   0.00010184   -1.86241e-039   2.4822e-039   [-0.000058,0.000009,]
[17,13,]   277   4.48736e-005   -1.31437e-039   3.11983e-039   [-0.000058,0.000022,]
[18,13,]   278   2.60341e-005   2.57781e-040   3.84855e-039   [-0.000036,0.000019,]
[19,13,]   279   1.09675e-005   1.5955e-040   4.66836e-039   [-0.000020,0.000019,]
[0,14,]   280   1.39113e-005   -1.53413e-039   5.03272e-039   [-0.000012,-0.000004,]
[1,14,]   281   2.79004e-005   -1.04435e-039   4.21291e-039   [-0.000030,-0.000010,]
[2,14,]   282   5.97954e-005   -9.16251e-040   3.48419e-039   [-0.000037,-0.000009,]
[3,14,]   283   0.000135934   -8.63506e-040   2.84656e-039   [-0.000035,-0.000003,]
[4,14,]   284   0.000333548   -4.0618e-040   2.30002e-039   [-0.000023,0.000002,]
[5,14,]   285   0.000779729   1.80902e-040   1.84457e-039   [-0.000011,0.000006,]
[6,14,]   286   0.00155088   6.13583e-040   1.48021e-039   [-0.000001,0.000007,]
[7,14,]   287   0.00254376   8.76589e-040   1.20694e-039   [0.000007,0.000007,]
[8,14,]   288   0.00347973   1.01336e-039   1.02476e-039   [0.000012,0.000005,]
[9,14,]   289   0.00406973   1.06366e-039   9.33673e-040   [0.000015,0.000002,]
[10,14,]   290   0.00414749   1.07649e-039   9.33673e-040   [0.000015,-0.000002,]
[11,14,]   291   0.0036564   1.05358e-039   1.02476e-039   [0.000012,-0.000005,]
[12,14,]   292   0.00270791   9.28285e-040   1.20694e-039   [0.000007,-0.000007,]
[13,14,]   293   0.00162702   6.63287e-040   1.48021e-039   [-0.000001,-0.000007,]
[14,14,]   294   0.000769681   1.99385e-040   1.84457e-039   [-0.000011,-0.000006,]
[15,14,]   295   0.000284317   -5.57691e-040   2.30002e-039   [-0.000026,-0.000003,]
[16,14,]   296   8.91252e-005   -1.58491e-039   2.84656e-039   [-0.000045,0.000006,]
[17,14,]   297   3.17709e-005   -1.92416e-039   3.48419e-039   [-0.000053,0.000015,]
[18,14,]   298   1.486e-005   -5.84629e-040   4.21291e-039   [-0.000037,0.000017,]
[19,14,]   299   5.46484e-006   -1.15098e-039   5.03272e-039   [-0.000019,0.000018,]
[0,15,]   300   6.68773e-006   -2.49808e-039   5.48817e-039   [-0.000014,-0.000004,]
[1,15,]   301   1.39696e-005   -1.77522e-039   4.66836e-039   [-0.000032,-0.000008,]
[2,15,]   302   3.30766e-005   -1.47798e-039   3.93964e-039   [-0.000034,-0.000007,]
[3,15,]   303   8.20174e-005   -1.24698e-039   3.30201e-039   [-0.000029,-0.000003,]
[4,15,]   304   0.000206979   -7.55672e-040   2.75547e-039   [-0.000019,0.000001,]
[5,15,]   305   0.000481227   -2.2324e-040   2.30002e-039   [-0.000009,0.000004,]
[6,15,]   306   0.000954039   1.87295e-040   1.93566e-039   [-0.000001,0.000005,]
[7,15,]   307   0.00157458   4.50852e-040   1.66239e-039   [0.000006,0.000004,]
[8,15,]   308   0.00217749   5.92477e-040   1.48021e-039   [0.000010,0.000003,]
[9,15,]   309   0.00256592   6.60496e-040   1.38912e-039   [0.000013,0.000001,]
[10,15,]   310   0.0026032   6.71087e-040   1.38912e-039   [0.000012,-0.000001,]
[11,15,]   311   0.00226234   6.18907e-040   1.48021e-039   [0.000010,-0.000003,]
[12,15,]   312   0.00165272   4.8542e-040   1.66239e-039   [0.000006,-0.000005,]
[13,15,]   313   0.000989016   2.20423e-040   1.93566e-039   [-0.000001,-0.000005,]
[14,15,]   314   0.000474281   -2.16714e-040   2.30002e-039   [-0.000009,-0.000004,]
[15,15,]   315   0.000181338   -8.67497e-040   2.75547e-039   [-0.000021,-0.000002,]
[16,15,]   316   5.81255e-005   -1.73963e-039   3.30201e-039   [-0.000037,0.000004,]
[17,15,]   317   1.87396e-005   -2.34861e-039   3.93964e-039   [-0.000047,0.000011,]
[18,15,]   318   7.3554e-006   -1.44362e-039   4.66836e-039   [-0.000035,0.000014,]
[19,15,]   319   2.37151e-006   -2.56552e-039   5.48817e-039   [-0.000017,0.000017,]
[0,16,]   320   2.68516e-006   -3.46192e-039   6.03471e-039   [-0.000016,-0.000004,]
[1,16,]   321   5.84702e-006   -2.52787e-039   5.2149e-039   [-0.000033,-0.000007,]
[2,16,]   322   1.49835e-005   -2.08469e-039   4.48618e-039   [-0.000030,-0.000005,]
[3,16,]   323   3.94198e-005   -1.74332e-039   3.84855e-039   [-0.000025,-0.000002,]
[4,16,]   324   0.00010144   -1.23994e-039   3.30201e-039   [-0.000016,0.000001,]
[5,16,]   325   0.000235683   -7.29389e-040   2.84656e-039   [-0.000008,0.000003,]
[6,16,]   326   0.000466699   -3.34421e-040   2.4822e-039   [-0.000001,0.000004,]
[7,16,]   327   0.000773172   -7.10295e-041   2.20893e-039   [0.000005,0.000003,]
[8,16,]   328   0.00107582   8.07589e-041   2.02675e-039   [0.000009,0.000002,]
[9,16,]   329   0.00127152   1.48845e-040   1.93566e-039   [0.000011,0.000001,]
[10,16,]   330   0.0012857   1.54691e-040   1.93566e-039   [0.000011,-0.000001,]
[11,16,]   331   0.00110821   9.8198e-041   2.02675e-039   [0.000008,-0.000002,]
[12,16,]   332   0.000802669   -4.73041e-041   2.20893e-039   [0.000005,-0.000003,]
[13,16,]   333   0.000479206   -3.11854e-040   2.4822e-039   [-0.000000,-0.000004,]
[14,16,]   334   0.000231869   -7.28191e-040   2.84656e-039   [-0.000008,-0.000003,]
[15,16,]   335   9.0533e-005   -1.33047e-039   3.30201e-039   [-0.000018,-0.000001,]
[16,16,]   336   2.95204e-005   -2.09779e-039   3.84855e-039   [-0.000031,0.000003,]
[17,16,]   337   9.05243e-006   -2.80076e-039   4.48618e-039   [-0.000041,0.000008,]
[18,16,]   338   3.11884e-006   -2.27671e-039   5.2149e-039   [-0.000032,0.000012,]
[19,16,]   339   8.92644e-007   -3.93931e-039   6.03471e-039   [-0.000015,0.000015,]
[0,17,]   340   8.97311e-007   -4.4943e-039   6.67234e-039   [-0.000017,-0.000004,]
[1,17,]   341   2.03519e-006   -3.36307e-039   5.85253e-039   [-0.000033,-0.000006,]
[2,17,]   342   5.55862e-006   -2.79514e-039   5.12381e-039   [-0.000028,-0.000004,]
[3,17,]   343   1.52757e-005   -2.36947e-039   4.48618e-039   [-0.000022,-0.000001,]
[4,17,]   344   3.98882e-005   -1.85804e-039   3.93964e-039   [-0.000014,0.000001,]
[5,17,]   345   9.27491e-005   -1.36375e-039   3.48419e-039   [-0.000007,0.000002,]
[6,17,]   346   0.00018363   -9.77934e-040   3.11983e-039   [-0.000001,0.000003,]
[7,17,]   347   0.000304975   -7.13955e-040   2.84656e-039   [0.000004,0.000003,]
[8,17,]   348   0.000425883   -5.56962e-040   2.66438e-039   [0.000008,0.000002,]
[9,17,]   349   0.000504126   -4.84212e-040   2.57329e-039   [0.000009,0.000001,]
[10,17,]   350   0.000508423   -4.80736e-040   2.57329e-039   [0.000009,-0.000001,]
[11,17,]   351   0.000435625   -5.47677e-040   2.66438e-039   [0.000007,-0.000002,]
[12,17,]   352   0.000313676   -7.00911e-040   2.84656e-039   [0.000004,-0.000002,]
[13,17,]   353   0.000186985   -9.65736e-040   3.11983e-039   [-0.000000,-0.000003,]
[14,17,]   354   9.10496e-005   -1.3677e-039   3.48419e-039   [-0.000007,-0.000002,]
[15,17,]   355   3.60827e-005   -1.92973e-039   3.93964e-039   [-0.000016,-0.000001,]
[16,17,]   356   1.19221e-005   -2.63617e-039   4.48618e-039   [-0.000027,0.000002,]
[17,17,]   357   3.56181e-006   -3.37122e-039   5.12381e-039   [-0.000037,0.000006,]
[18,17,]   358   1.11771e-006   -3.14091e-039   5.85253e-039   [-0.000029,0.000010,]
[19,17,]   359   2.89359e-007   -5.26905e-039   6.67234e-039   [-0.000013,0.000013,]
[0,18,]   360   2.51645e-007   -5.63595e-039   7.40106e-039   [-0.000017,0.000005,]
[1,18,]   361   5.92044e-007   -4.28015e-039   6.58125e-039   [-0.000033,0.000002,]
[2,18,]   362   1.70173e-006   -3.60812e-039   5.85253e-039   [-0.000025,0.000002,]
[3,18,]   363   4.83559e-006   -3.13633e-039   5.2149e-039   [-0.000020,0.000003,]
[4,18,]   364   1.2778e-005   -2.63992e-039   4.66836e-039   [-0.000013,0.000005,]
[5,18,]   365   2.97636e-005   -2.17109e-039   4.21291e-039   [-0.000006,0.000006,]
[6,18,]   366   5.89494e-005   -1.79722e-039   3.84855e-039   [-0.000000,0.000006,]
[7,18,]   367   9.80688e-005   -1.5292e-039   3.57528e-039   [0.000004,0.000006,]
[8,18,]   368   0.000137237   -1.35789e-039   3.3931e-039   [0.000007,0.000005,]
[9,18,]   369   0.000162528   -1.26945e-039   3.30201e-039   [0.000008,0.000005,]
[10,18,]   370   0.000163528   -1.25503e-039   3.30201e-039   [0.000008,0.000004,]
[11,18,]   371   0.000139483   -1.31711e-039   3.3931e-039   [0.000007,0.000003,]
[12,18,]   372   0.000100003   -1.46948e-039   3.57528e-039   [0.000004,0.000002,]
[13,18,]   373   5.95503e-005   -1.73165e-039   3.84855e-039   [-0.000000,0.000002,]
[14,18,]   374   2.91357e-005   -2.12497e-039   4.21291e-039   [-0.000006,0.000002,]
[15,18,]   375   1.16756e-005   -2.67069e-039   4.66836e-039   [-0.000014,0.000003,]
[16,18,]   376   3.90142e-006   -3.36165e-039   5.2149e-039   [-0.000023,0.000005,]
[17,18,]   377   1.15071e-006   -4.16502e-039   5.85253e-039   [-0.000033,0.000009,]
[18,18,]   378   3.38372e-007   -4.23545e-039   6.58125e-039   [-0.000025,0.000014,]
[19,18,]   379   8.10255e-008   -6.82223e-039   7.40106e-039   [-0.000011,0.000018,]
[0,19,]   380   6.34849e-008   -8.2789e-039   8.22087e-039   [-0.000017,0.000014,]
[1,19,]   381   1.47914e-007   -6.63573e-039   7.40106e-039   [-0.000036,0.000010,]
[2,19,]   382   4.39626e-007   -5.60245e-039   6.67234e-039   [-0.000026,0.000008,]
[3,19,]   383   1.2959e-006   -4.87586e-039   6.03471e-039   [-0.000019,0.000008,]
[4,19,]   384   3.51297e-006   -4.2673e-039   5.48817e-039   [-0.000012,0.000009,]
[5,19,]   385   8.29356e-006   -3.76503e-039   5.03272e-039   [-0.000005,0.000009,]
[6,19,]   386   1.65044e-005   -3.37947e-039   4.66836e-039   [-0.000000,0.000010,]
[7,19,]   387   2.74234e-005   -3.10074e-039   4.39509e-039   [0.000003,0.000010,]
[8,19,]   388   3.8154e-005   -2.92277e-039   4.21291e-039   [0.000006,0.000009,]
[9,19,]   389   4.47651e-005   -2.84188e-039   4.12182e-039   [0.000007,0.000008,]
[10,19,]   390   4.45356e-005   -2.85341e-039   4.12182e-039   [0.000007,0.000008,]
[11,19,]   391   3.75769e-005   -2.95202e-039   4.21291e-039   [0.000006,0.000007,]
[12,19,]   392   2.67307e-005   -3.1345e-039   4.39509e-039   [0.000003,0.000007,]
[13,19,]   393   1.58778e-005   -3.40107e-039   4.66836e-039   [-0.000001,0.000007,]
[14,19,]   394   7.80851e-006   -3.75669e-039   5.03272e-039   [-0.000006,0.000007,]
[15,19,]   395   3.17931e-006   -4.21204e-039   5.48817e-039   [-0.000013,0.000007,]
[16,19,]   396   1.09445e-006   -4.77248e-039   6.03471e-039   [-0.000020,0.000008,]
[17,19,]   397   3.34843e-007   -5.54006e-039   6.67234e-039   [-0.000027,0.000012,]
[18,19,]   398   9.97673e-008   -6.03288e-039   7.40106e-039   [-0.000020,0.000018,]
[19,19,]   399   2.42032e-008   -8.89444e-039   8.22087e-039   [-0.000006,0.000024,]
