coordinates  index   rho      Q      V    velocities 
[0,0,]   0   3.14731e-008   -8.62142e-039   8.22087e-039   [0.000029,-0.000003,]
[1,0,]   1   1.1101e-007   -6.09871e-039   7.40106e-039   [0.000026,-0.000002,]
[2,0,]   2   3.6106e-007   -5.48491e-039   6.67234e-039   [0.000027,-0.000000,]
[3,0,]   3   1.13873e-006   -4.75796e-039   6.03471e-039   [0.000020,0.000002,]
[4,0,]   4   3.23107e-006   -4.16806e-039   5.48817e-039   [0.000012,0.000004,]
[5,0,]   5   7.82027e-006   -3.70012e-039   5.03272e-039   [0.000006,0.000005,]
[6,0,]   6   1.57782e-005   -3.33719e-039   4.66836e-039   [0.000000,0.000005,]
[7,0,]   7   2.64604e-005   -3.06757e-039   4.39509e-039   [-0.000003,0.000005,]
[8,0,]   8   3.71124e-005   -2.8864e-039   4.21291e-039   [-0.000006,0.000004,]
[9,0,]   9   4.3888e-005   -2.79317e-039   4.12182e-039   [-0.000007,0.000004,]
[10,0,]   10   4.39914e-005   -2.78953e-039   4.12182e-039   [-0.000007,0.000003,]
[11,0,]   11   3.73709e-005   -2.87725e-039   4.21291e-039   [-0.000006,0.000002,]
[12,0,]   12   2.67645e-005   -3.0575e-039   4.39509e-039   [-0.000003,0.000002,]
[13,0,]   13   1.60426e-005   -3.3322e-039   4.66836e-039   [0.000000,0.000002,]
[14,0,]   14   8.01421e-006   -3.70676e-039   5.03272e-039   [0.000005,0.000002,]
[15,0,]   15   3.35833e-006   -4.1921e-039   5.48817e-039   [0.000012,0.000003,]
[16,0,]   16   1.21354e-006   -4.79583e-039   6.03471e-039   [0.000019,0.000004,]
[17,0,]   17   3.99365e-007   -5.49182e-039   6.67234e-039   [0.000026,0.000007,]
[18,0,]   18   1.27256e-007   -6.31622e-039   7.40106e-039   [0.000032,0.000009,]
[19,0,]   19   4.3372e-008   -8.44183e-039   8.22087e-039   [0.000032,0.000009,]
[0,1,]   20   1.23252e-007   -6.06269e-039   7.40106e-039   [0.000029,-0.000011,]
[1,1,]   21   4.19358e-007   -4.06271e-039   6.58125e-039   [0.000029,-0.000009,]
[2,1,]   22   1.33204e-006   -3.87122e-039   5.85253e-039   [0.000030,-0.000006,]
[3,1,]   23   4.2077e-006   -3.25612e-039   5.2149e-039   [0.000023,-0.000003,]
[4,1,]   24   1.20757e-005   -2.61934e-039   4.66836e-039   [0.000014,-0.000001,]
[5,1,]   25   2.94969e-005   -2.08972e-039   4.21291e-039   [0.000006,0.000000,]
[6,1,]   26   5.9724e-005   -1.69846e-039   3.84855e-039   [0.000000,0.000000,]
[7,1,]   27   9.99989e-005   -1.43528e-039   3.57528e-039   [-0.000004,0.000000,]
[8,1,]   28   0.000139577   -1.28009e-039   3.3931e-039   [-0.000007,-0.000000,]
[9,1,]   29   0.000164101   -1.21258e-039   3.30201e-039   [-0.000008,-0.000001,]
[10,1,]   30   0.000163696   -1.21917e-039   3.30201e-039   [-0.000008,-0.000002,]
[11,1,]   31   0.000138667   -1.29866e-039   3.3931e-039   [-0.000007,-0.000003,]
[12,1,]   32   9.92107e-005   -1.46237e-039   3.57528e-039   [-0.000004,-0.000004,]
[13,1,]   33   5.94706e-005   -1.72801e-039   3.84855e-039   [0.000000,-0.000004,]
[14,1,]   34   2.97391e-005   -2.11028e-039   4.21291e-039   [0.000006,-0.000003,]
[15,1,]   35   1.25119e-005   -2.60581e-039   4.66836e-039   [0.000013,-0.000002,]
[16,1,]   36   4.57945e-006   -3.15843e-039   5.2149e-039   [0.000021,-0.000000,]
[17,1,]   37   1.55206e-006   -3.63381e-039   5.85253e-039   [0.000027,0.000002,]
[18,1,]   38   5.17228e-007   -4.05664e-039   6.58125e-039   [0.000031,0.000003,]
[19,1,]   39   1.83309e-007   -5.65786e-039   7.40106e-039   [0.000030,0.000002,]
[0,2,]   40   4.40097e-007   -4.84887e-039   6.67234e-039   [0.000029,-0.000009,]
[1,2,]   41   1.39939e-006   -3.13801e-039   5.85253e-039   [0.000031,-0.000008,]
[2,2,]   42   4.1977e-006   -3.10836e-039   5.12381e-039   [0.000034,-0.000006,]
[3,2,]   43   1.29823e-005   -2.54992e-039   4.48618e-039   [0.000026,-0.000002,]
[4,2,]   44   3.73497e-005   -1.90479e-039   3.93964e-039   [0.000015,0.000001,]
[5,2,]   45   9.18577e-005   -1.36018e-039   3.48419e-039   [0.000007,0.000002,]
[6,2,]   46   0.00018659   -9.61366e-040   3.11983e-039   [0.000001,0.000003,]
[7,2,]   47   0.00031205   -6.97039e-040   2.84656e-039   [-0.000004,0.000002,]
[8,2,]   48   0.000433997   -5.43249e-040   2.66438e-039   [-0.000007,0.000002,]
[9,2,]   49   0.000508602   -4.75238e-040   2.57329e-039   [-0.000009,0.000001,]
[10,2,]   50   0.00050691   -4.765e-040   2.57329e-039   [-0.000009,-0.000001,]
[11,2,]   51   0.000430156   -5.4674e-040   2.66438e-039   [-0.000008,-0.000002,]
[12,2,]   52   0.000308613   -7.02e-040   2.84656e-039   [-0.000004,-0.000003,]
[13,2,]   53   0.000185259   -9.66067e-040   3.11983e-039   [0.000001,-0.000003,]
[14,2,]   54   9.25247e-005   -1.35859e-039   3.48419e-039   [0.000007,-0.000002,]
[15,2,]   55   3.88516e-005   -1.87629e-039   3.93964e-039   [0.000015,-0.000001,]
[16,2,]   56   1.43078e-005   -2.4445e-039   4.48618e-039   [0.000024,0.000002,]
[17,2,]   57   4.99009e-006   -2.88098e-039   5.12381e-039   [0.000030,0.000005,]
[18,2,]   58   1.75307e-006   -3.21039e-039   5.85253e-039   [0.000032,0.000007,]
[19,2,]   59   6.54991e-007   -4.59406e-039   6.67234e-039   [0.000028,0.000006,]
[0,3,]   60   1.33733e-006   -3.71814e-039   6.03471e-039   [0.000028,-0.000010,]
[1,3,]   61   3.92123e-006   -2.33019e-039   5.2149e-039   [0.000033,-0.000010,]
[2,3,]   62   1.08802e-005   -2.48412e-039   4.48618e-039   [0.000038,-0.000007,]
[3,3,]   63   3.25593e-005   -1.98695e-039   3.84855e-039   [0.000030,-0.000002,]
[4,3,]   64   9.3908e-005   -1.31048e-039   3.30201e-039   [0.000018,0.000001,]
[5,3,]   65   0.000233187   -7.34471e-040   2.84656e-039   [0.000008,0.000003,]
[6,3,]   66   0.000475822   -3.22179e-040   2.4822e-039   [0.000001,0.000004,]
[7,3,]   67   0.000794377   -5.78678e-041   2.20893e-039   [-0.000005,0.000003,]
[8,3,]   68   0.00109914   8.8872e-041   2.02675e-039   [-0.000009,0.000002,]
[9,3,]   69   0.00128217   1.49872e-040   1.93566e-039   [-0.000011,0.000001,]
[10,3,]   70   0.00127659   1.47432e-040   1.93566e-039   [-0.000011,-0.000001,]
[11,3,]   71   0.00108642   8.2268e-041   2.02675e-039   [-0.000009,-0.000002,]
[12,3,]   72   0.000782786   -6.68851e-041   2.20893e-039   [-0.000005,-0.000003,]
[13,3,]   73   0.000470901   -3.30832e-040   2.4822e-039   [0.000001,-0.000004,]
[14,3,]   74   0.000234687   -7.34813e-040   2.84656e-039   [0.000008,-0.000003,]
[15,3,]   75   9.82025e-005   -1.2748e-039   3.30201e-039   [0.000017,-0.000001,]
[16,3,]   76   3.64605e-005   -1.84785e-039   3.84855e-039   [0.000027,0.000002,]
[17,3,]   77   1.32305e-005   -2.20656e-039   4.48618e-039   [0.000033,0.000006,]
[18,3,]   78   4.97383e-006   -2.4074e-039   5.2149e-039   [0.000033,0.000008,]
[19,3,]   79   1.97272e-006   -3.55064e-039   6.03471e-039   [0.000027,0.000007,]
[0,4,]   80   3.45734e-006   -2.5743e-039   5.48817e-039   [0.000026,-0.000012,]
[1,4,]   81   9.23503e-006   -1.56022e-039   4.66836e-039   [0.000034,-0.000012,]
[2,4,]   82   2.30533e-005   -1.95246e-039   3.93964e-039   [0.000042,-0.000009,]
[3,4,]   83   6.54418e-005   -1.56766e-039   3.30201e-039   [0.000035,-0.000003,]
[4,4,]   84   0.000189203   -8.44451e-040   2.75547e-039   [0.000021,0.000002,]
[5,4,]   85   0.000476598   -2.20684e-040   2.30002e-039   [0.000009,0.000004,]
[6,4,]   86   0.000979053   2.11527e-040   1.93566e-039   [0.000001,0.000005,]
[7,4,]   87   0.0016301   4.76148e-040   1.66239e-039   [-0.000006,0.000005,]
[8,4,]   88   0.00223781   6.12834e-040   1.48021e-039   [-0.000010,0.000003,]
[9,4,]   89   0.00259236   6.63911e-040   1.38912e-039   [-0.000013,0.000001,]
[10,4,]   90   0.00257779   6.59979e-040   1.38912e-039   [-0.000013,-0.000001,]
[11,4,]   91   0.00220444   6.02497e-040   1.48021e-039   [-0.000010,-0.000003,]
[12,4,]   92   0.0015993   4.62464e-040   1.66239e-039   [-0.000006,-0.000005,]
[13,4,]   93   0.000965243   1.98346e-040   1.93566e-039   [0.000001,-0.000005,]
[14,4,]   94   0.000479317   -2.23373e-040   2.30002e-039   [0.000009,-0.000004,]
[15,4,]   95   0.000199311   -7.98582e-040   2.75547e-039   [0.000020,-0.000002,]
[16,4,]   96   7.48468e-005   -1.37856e-039   3.30201e-039   [0.000032,0.000003,]
[17,4,]   97   2.87527e-005   -1.61767e-039   3.93964e-039   [0.000037,0.000008,]
[18,4,]   98   1.17959e-005   -1.66023e-039   4.66836e-039   [0.000032,0.000010,]
[19,4,]   99   4.99659e-006   -2.53576e-039   5.48817e-039   [0.000024,0.000007,]
[0,5,]   100   7.63768e-006   -1.39353e-039   5.03272e-039   [0.000024,-0.000013,]
[1,5,]   101   1.84169e-005   -7.91299e-040   4.21291e-039   [0.000034,-0.000014,]
[2,5,]   102   3.98713e-005   -1.47634e-039   3.48419e-039   [0.000047,-0.000013,]
[3,5,]   103   0.000103502   -1.31497e-039   2.84656e-039   [0.000042,-0.000005,]
[4,5,]   104   0.000299709   -5.19374e-040   2.30002e-039   [0.000026,0.000003,]
[5,5,]   105   0.000772753   1.84955e-040   1.84457e-039   [0.000011,0.000006,]
[6,5,]   106   0.00160448   6.48473e-040   1.48021e-039   [0.000001,0.000007,]
[7,5,]   107   0.0026593   9.14323e-040   1.20694e-039   [-0.000007,0.000007,]
[8,5,]   108   0.00360352   1.03645e-039   1.02476e-039   [-0.000012,0.000005,]
[9,5,]   109   0.00412652   1.07095e-039   9.33673e-040   [-0.000015,0.000002,]
[10,5,]   110   0.00409622   1.06541e-039   9.33673e-040   [-0.000015,-0.000002,]
[11,5,]   111   0.00353396   1.0208e-039   1.02476e-039   [-0.000012,-0.000005,]
[12,5,]   112   0.00259458   8.94401e-040   1.20694e-039   [-0.000007,-0.000007,]
[13,5,]   113   0.00157442   6.29309e-040   1.48021e-039   [0.000001,-0.000007,]
[14,5,]   114   0.000776675   1.78579e-040   1.84457e-039   [0.000011,-0.000006,]
[15,5,]   115   0.000319109   -4.56753e-040   2.30002e-039   [0.000024,-0.000002,]
[16,5,]   116   0.000121913   -1.04398e-039   2.84656e-039   [0.000038,0.000004,]
[17,5,]   117   5.10722e-005   -1.08302e-039   3.48419e-039   [0.000041,0.000010,]
[18,5,]   118   2.34699e-005   -9.37905e-040   4.21291e-039   [0.000031,0.000011,]
[19,5,]   119   1.06686e-005   -1.51926e-039   5.03272e-039   [0.000021,0.000008,]
[0,6,]   120   1.44691e-005   -1.99108e-040   4.66836e-039   [0.000020,-0.000014,]
[1,6,]   121   3.14206e-005   -1.13026e-041   3.84855e-039   [0.000032,-0.000016,]
[2,6,]   122   5.65252e-005   -9.81444e-040   3.11983e-039   [0.000051,-0.000018,]
[3,6,]   123   0.00012477   -1.31027e-039   2.4822e-039   [0.000053,-0.000009,]
[4,6,]   124   0.000360788   -3.8058e-040   1.93566e-039   [0.000033,0.000004,]
[5,6,]   125   0.000970459   4.58942e-040   1.48021e-039   [0.000014,0.000010,]
[6,6,]   126   0.00205314   9.78372e-040   1.11585e-039   [0.000001,0.000011,]
[7,6,]   127   0.00337431   1.24796e-039   8.42583e-040   [-0.000008,0.000010,]
[8,6,]   128   0.00446385   1.34568e-039   6.60403e-040   [-0.000015,0.000008,]
[9,6,]   129   0.00500338   1.3703e-039   5.69313e-040   [-0.000020,0.000003,]
[10,6,]   130   0.00495309   1.3581e-039   5.69313e-040   [-0.000020,-0.000003,]
[11,6,]   131   0.0043502   1.32115e-039   6.60403e-040   [-0.000015,-0.000008,]
[12,6,]   132   0.00326803   1.21915e-039   8.42583e-040   [-0.000008,-0.000011,]
[13,6,]   133   0.00200261   9.50575e-040   1.11585e-039   [0.000001,-0.000011,]
[14,6,]   134   0.000974954   4.46154e-040   1.48021e-039   [0.000014,-0.000010,]
[15,6,]   135   0.000390586   -2.93306e-040   1.93566e-039   [0.000031,-0.000004,]
[16,6,]   136   0.000153581   -8.74568e-040   2.4822e-039   [0.000048,0.000007,]
[17,6,]   137   7.40596e-005   -5.55977e-040   3.11983e-039   [0.000044,0.000015,]
[18,6,]   138   3.93813e-005   -2.24396e-040   3.84855e-039   [0.000028,0.000014,]
[19,6,]   139   1.92427e-005   -4.96672e-040   4.66836e-039   [0.000016,0.000008,]
[0,7,]   140   2.35881e-005   9.23054e-040   4.39509e-039   [0.000016,-0.000015,]
[1,7,]   141   4.649e-005   7.47278e-040   3.57528e-039   [0.000027,-0.000019,]
[2,7,]   142   6.71147e-005   -2.64302e-040   2.84656e-039   [0.000051,-0.000026,]
[3,7,]   143   0.000107989   -1.84871e-039   2.20893e-039   [0.000071,-0.000016,]
[4,7,]   144   0.000307218   -7.1812e-040   1.66239e-039   [0.000046,0.000008,]
[5,7,]   145   0.000909742   5.35034e-040   1.20694e-039   [0.000017,0.000018,]
[6,7,]   146   0.00199687   1.15628e-039   8.42583e-040   [0.000001,0.000020,]
[7,7,]   147   0.0032247   1.43881e-039   5.69313e-040   [-0.000010,0.000018,]
[8,7,]   148   0.00405328   1.5112e-039   3.87133e-040   [-0.000020,0.000014,]
[9,7,]   149   0.00430728   1.43508e-039   2.96043e-040   [-0.000027,0.000005,]
[10,7,]   150   0.00424594   1.40907e-039   2.96043e-040   [-0.000027,-0.000005,]
[11,7,]   151   0.00391325   1.47155e-039   3.87133e-040   [-0.000021,-0.000014,]
[12,7,]   152   0.00309188   1.39071e-039   5.69313e-040   [-0.000010,-0.000019,]
[13,7,]   153   0.00193275   1.11073e-039   8.42583e-040   [0.000002,-0.000020,]
[14,7,]   154   0.00091397   5.09852e-040   1.20694e-039   [0.000018,-0.000017,]
[15,7,]   155   0.000343065   -5.39911e-040   1.66239e-039   [0.000042,-0.000007,]
[16,7,]   156   0.000142476   -1.04742e-039   2.20893e-039   [0.000063,0.000012,]
[17,7,]   157   8.82163e-005   8.10879e-041   2.84656e-039   [0.000045,0.000021,]
[18,7,]   158   5.61824e-005   4.77693e-040   3.57528e-039   [0.000022,0.000016,]
[19,7,]   159   2.94027e-005   5.08626e-040   4.39509e-039   [0.000010,0.000009,]
[0,8,]   160   3.32101e-005   1.81705e-039   4.21291e-039   [0.000011,-0.000014,]
[1,8,]   161   6.0593e-005   1.39075e-039   3.3931e-039   [0.000019,-0.000020,]
[2,8,]   162   7.04876e-005   9.54759e-040   2.66438e-039   [0.000043,-0.000035,]
[3,8,]   163   6.1225e-005   -4.069e-039   2.02675e-039   [0.000100,-0.000033,]
[4,8,]   164   0.00015938   -2.64903e-039   1.48021e-039   [0.000074,0.000031,]
[5,8,]   165   0.000607014   -2.34715e-041   1.02476e-039   [0.000022,0.000037,]
[6,8,]   166   0.00144552   9.1337e-040   6.60403e-040   [0.000001,0.000037,]
[7,8,]   167   0.00223911   1.21887e-039   3.87133e-040   [-0.000013,0.000037,]
[8,8,]   168   0.00246714   1.10871e-039   2.04953e-040   [-0.000028,0.000032,]
[9,8,]   169   0.00225891   8.92425e-040   1.13863e-040   [-0.000044,0.000023,]
[10,8,]   170   0.00221247   8.69522e-040   1.13863e-040   [-0.000044,-0.000006,]
[11,8,]   171   0.00234456   9.80114e-040   2.04953e-040   [-0.000029,-0.000035,]
[12,8,]   172   0.00212184   1.09846e-039   3.87133e-040   [-0.000013,-0.000040,]
[13,8,]   173   0.00138866   8.13446e-040   6.60403e-040   [0.000002,-0.000040,]
[14,8,]   174   0.00060975   -8.8253e-041   1.02476e-039   [0.000023,-0.000037,]
[15,8,]   175   0.000190299   -1.94925e-039   1.48021e-039   [0.000066,-0.000013,]
[16,8,]   176   8.99935e-005   -2.15694e-039   2.02675e-039   [0.000088,0.000033,]
[17,8,]   177   8.84922e-005   1.0033e-039   2.66438e-039   [0.000038,0.000029,]
[18,8,]   178   6.8975e-005   1.1379e-039   3.3931e-039   [0.000014,0.000018,]
[19,8,]   179   3.8224e-005   1.42185e-039   4.21291e-039   [0.000004,0.000010,]
[0,9,]   180   4.04891e-005   2.29323e-039   4.12182e-039   [0.000006,-0.000013,]
[1,9,]   181   7.03265e-005   1.70701e-039   3.30201e-039   [0.000007,-0.000021,]
[2,9,]   182   7.17124e-005   2.2278e-039   2.57329e-039   [0.000022,-0.000041,]
[3,9,]   183   2.60381e-005   -9.60462e-039   1.93566e-039   [0.000113,-0.000100,]
[4,9,]   184   3.58508e-005   -1.88583e-038   1.38912e-039   [0.000132,0.000122,]
[5,9,]   185   0.000318223   -2.34561e-039   9.33673e-040   [0.000005,0.000084,]
[6,9,]   186   0.00088491   -3.26811e-040   5.69313e-040   [-0.000001,0.000073,]
[7,9,]   187   0.00124967   -2.56253e-040   2.96043e-040   [-0.000009,0.000078,]
[8,9,]   188   0.000970091   -2.25606e-039   1.13863e-040   [-0.000019,0.000099,]
[9,9,]   189   0.000433708   -1.05646e-038   2.27725e-041   [-0.000091,0.000112,]
[10,9,]   190   0.000413602   -1.12818e-038   2.27725e-041   [-0.000111,-0.000095,]
[11,9,]   191   0.000915115   -2.73892e-039   1.13863e-040   [-0.000039,-0.000102,]
[12,9,]   192   0.00120228   -4.12316e-040   2.96043e-040   [-0.000009,-0.000081,]
[13,9,]   193   0.000862774   -4.22245e-040   5.69313e-040   [0.000003,-0.000075,]
[14,9,]   194   0.000318192   -2.54463e-039   9.33673e-040   [0.000026,-0.000085,]
[15,9,]   195   4.73823e-005   -1.44061e-038   1.38912e-039   [0.000128,-0.000105,]
[16,9,]   196   3.79465e-005   -5.67785e-039   1.93566e-039   [0.000080,0.000103,]
[17,9,]   197   7.9172e-005   2.03659e-039   2.57329e-039   [0.000013,0.000037,]
[18,9,]   198   7.37381e-005   1.58668e-039   3.30201e-039   [0.000004,0.000020,]
[19,9,]   199   4.2551e-005   2.09936e-039   4.12182e-039   [-0.000002,0.000011,]
[0,10,]   200   4.24252e-005   2.09948e-039   4.12182e-039   [0.000001,-0.000011,]
[1,10,]   201   7.36758e-005   1.58757e-039   3.30201e-039   [-0.000004,-0.000020,]
[2,10,]   202   7.91721e-005   2.0391e-039   2.57329e-039   [-0.000013,-0.000037,]
[3,10,]   203   3.79465e-005   -5.67784e-039   1.93566e-039   [-0.000080,-0.000103,]
[4,10,]   204   4.73824e-005   -1.44061e-038   1.38912e-039   [-0.000128,0.000105,]
[5,10,]   205   0.000318192   -2.54463e-039   9.33673e-040   [-0.000026,0.000085,]
[6,10,]   206   0.000862774   -4.22245e-040   5.69313e-040   [-0.000003,0.000075,]
[7,10,]   207   0.00120228   -4.12316e-040   2.96043e-040   [0.000009,0.000081,]
[8,10,]   208   0.000915115   -2.73892e-039   1.13863e-040   [0.000039,0.000102,]
[9,10,]   209   0.000413602   -1.12818e-038   2.27725e-041   [0.000111,0.000095,]
[10,10,]   210   0.000433708   -1.05646e-038   2.27725e-041   [0.000091,-0.000112,]
[11,10,]   211   0.000970091   -2.25606e-039   1.13863e-040   [0.000019,-0.000099,]
[12,10,]   212   0.00124967   -2.56253e-040   2.96043e-040   [0.000009,-0.000078,]
[13,10,]   213   0.00088491   -3.26811e-040   5.69313e-040   [0.000001,-0.000073,]
[14,10,]   214   0.000318223   -2.34561e-039   9.33673e-040   [-0.000005,-0.000084,]
[15,10,]   215   3.58508e-005   -1.88583e-038   1.38912e-039   [-0.000132,-0.000122,]
[16,10,]   216   2.60381e-005   -9.60468e-039   1.93566e-039   [-0.000113,0.000100,]
[17,10,]   217   7.17132e-005   2.22507e-039   2.57329e-039   [-0.000022,0.000041,]
[18,10,]   218   7.03924e-005   1.70629e-039   3.30201e-039   [-0.000007,0.000021,]
[19,10,]   219   4.06184e-005   2.2932e-039   4.12182e-039   [-0.000008,0.000013,]
[0,11,]   220   3.81798e-005   1.4224e-039   4.21291e-039   [-0.000005,-0.000010,]
[1,11,]   221   6.89541e-005   1.13865e-039   3.3931e-039   [-0.000014,-0.000018,]
[2,11,]   222   8.84925e-005   1.00416e-039   2.66438e-039   [-0.000038,-0.000029,]
[3,11,]   223   8.99936e-005   -2.15695e-039   2.02675e-039   [-0.000088,-0.000033,]
[4,11,]   224   0.000190299   -1.94925e-039   1.48021e-039   [-0.000066,0.000013,]
[5,11,]   225   0.00060975   -8.82532e-041   1.02476e-039   [-0.000023,0.000037,]
[6,11,]   226   0.00138866   8.13446e-040   6.60403e-040   [-0.000002,0.000040,]
[7,11,]   227   0.00212184   1.09846e-039   3.87133e-040   [0.000013,0.000040,]
[8,11,]   228   0.00234456   9.80114e-040   2.04953e-040   [0.000029,0.000035,]
[9,11,]   229   0.00221247   8.69522e-040   1.13863e-040   [0.000044,0.000006,]
[10,11,]   230   0.00225891   8.92425e-040   1.13863e-040   [0.000044,-0.000023,]
[11,11,]   231   0.00246714   1.10871e-039   2.04953e-040   [0.000028,-0.000032,]
[12,11,]   232   0.00223911   1.21887e-039   3.87133e-040   [0.000013,-0.000037,]
[13,11,]   233   0.00144552   9.1337e-040   6.60403e-040   [-0.000001,-0.000037,]
[14,11,]   234   0.000607014   -2.34713e-041   1.02476e-039   [-0.000022,-0.000037,]
[15,11,]   235   0.00015938   -2.64903e-039   1.48021e-039   [-0.000074,-0.000031,]
[16,11,]   236   6.1225e-005   -4.06902e-039   2.02675e-039   [-0.000100,0.000033,]
[17,11,]   237   7.04882e-005   9.53583e-040   2.66438e-039   [-0.000043,0.000035,]
[18,11,]   238   6.06204e-005   1.39009e-039   3.3931e-039   [-0.000019,0.000020,]
[19,11,]   239   3.32621e-005   1.81627e-039   4.21291e-039   [-0.000012,0.000014,]
[0,12,]   240   2.94442e-005   5.09556e-040   4.39509e-039   [-0.000010,-0.000009,]
[1,12,]   241   5.62031e-005   4.77549e-040   3.57528e-039   [-0.000022,-0.000016,]
[2,12,]   242   8.82159e-005   8.01675e-041   2.84656e-039   [-0.000045,-0.000021,]
[3,12,]   243   0.000142476   -1.04741e-039   2.20893e-039   [-0.000063,-0.000012,]
[4,12,]   244   0.000343065   -5.39912e-040   1.66239e-039   [-0.000042,0.000007,]
[5,12,]   245   0.00091397   5.09852e-040   1.20694e-039   [-0.000018,0.000017,]
[6,12,]   246   0.00193275   1.11073e-039   8.42583e-040   [-0.000002,0.000020,]
[7,12,]   247   0.00309188   1.39071e-039   5.69313e-040   [0.000010,0.000019,]
[8,12,]   248   0.00391325   1.47155e-039   3.87133e-040   [0.000021,0.000014,]
[9,12,]   249   0.00424594   1.40907e-039   2.96043e-040   [0.000027,0.000005,]
[10,12,]   250   0.00430728   1.43508e-039   2.96043e-040   [0.000027,-0.000005,]
[11,12,]   251   0.00405328   1.5112e-039   3.87133e-040   [0.000020,-0.000014,]
[12,12,]   252   0.0032247   1.43881e-039   5.69313e-040   [0.000010,-0.000018,]
[13,12,]   253   0.00199687   1.15628e-039   8.42583e-040   [-0.000001,-0.000020,]
[14,12,]   254   0.000909742   5.35034e-040   1.20694e-039   [-0.000017,-0.000018,]
[15,12,]   255   0.000307218   -7.18119e-040   1.66239e-039   [-0.000046,-0.000008,]
[16,12,]   256   0.000107989   -1.84869e-039   2.20893e-039   [-0.000071,0.000016,]
[17,12,]   257   6.71141e-005   -2.63611e-040   2.84656e-039   [-0.000051,0.000026,]
[18,12,]   258   4.64765e-005   7.4731e-040   3.57528e-039   [-0.000027,0.000019,]
[19,12,]   259   2.35613e-005   9.22083e-040   4.39509e-039   [-0.000016,0.000015,]
[0,13,]   260   1.9322e-005   -4.94753e-040   4.66836e-039   [-0.000014,-0.000008,]
[1,13,]   261   3.94194e-005   -2.25858e-040   3.84855e-039   [-0.000028,-0.000014,]
[2,13,]   262   7.40584e-005   -5.58254e-040   3.11983e-039   [-0.000044,-0.000015,]
[3,13,]   263   0.000153581   -8.74532e-040   2.4822e-039   [-0.000048,-0.000007,]
[4,13,]   264   0.000390586   -2.93308e-040   1.93566e-039   [-0.000031,0.000004,]
[5,13,]   265   0.000974954   4.46155e-040   1.48021e-039   [-0.000014,0.000010,]
[6,13,]   266   0.00200261   9.50574e-040   1.11585e-039   [-0.000001,0.000011,]
[7,13,]   267   0.00326803   1.21915e-039   8.42583e-040   [0.000008,0.000011,]
[8,13,]   268   0.0043502   1.32115e-039   6.60403e-040   [0.000015,0.000008,]
[9,13,]   269   0.00495309   1.3581e-039   5.69313e-040   [0.000020,0.000003,]
[10,13,]   270   0.00500338   1.3703e-039   5.69313e-040   [0.000020,-0.000003,]
[11,13,]   271   0.00446385   1.34568e-039   6.60403e-040   [0.000015,-0.000008,]
[12,13,]   272   0.00337431   1.24796e-039   8.42583e-040   [0.000008,-0.000010,]
[13,13,]   273   0.00205314   9.78372e-040   1.11585e-039   [-0.000001,-0.000011,]
[14,13,]   274   0.000970459   4.58941e-040   1.48021e-039   [-0.000014,-0.000010,]
[15,13,]   275   0.000360788   -3.80577e-040   1.93566e-039   [-0.000033,-0.000004,]
[16,13,]   276   0.00012477   -1.31022e-039   2.4822e-039   [-0.000053,0.000009,]
[17,13,]   277   5.65236e-005   -9.79333e-040   3.11983e-039   [-0.000051,0.000018,]
[18,13,]   278   3.13884e-005   -1.01318e-041   3.84855e-039   [-0.000032,0.000016,]
[19,13,]   279   1.44079e-005   -2.01089e-040   4.66836e-039   [-0.000018,0.000014,]
[0,14,]   280   1.07386e-005   -1.51619e-039   5.03272e-039   [-0.000017,-0.000008,]
[1,14,]   281   2.35031e-005   -9.40899e-040   4.21291e-039   [-0.000031,-0.000011,]
[2,14,]   282   5.10708e-005   -1.08614e-039   3.48419e-039   [-0.000041,-0.000010,]
[3,14,]   283   0.000121913   -1.04392e-039   2.84656e-039   [-0.000038,-0.000004,]
[4,14,]   284   0.000319109   -4.56756e-040   2.30002e-039   [-0.000024,0.000002,]
[5,14,]   285   0.000776675   1.78579e-040   1.84457e-039   [-0.000011,0.000006,]
[6,14,]   286   0.00157442   6.29308e-040   1.48021e-039   [-0.000001,0.000007,]
[7,14,]   287   0.00259458   8.944e-040   1.20694e-039   [0.000007,0.000007,]
[8,14,]   288   0.00353396   1.0208e-039   1.02476e-039   [0.000012,0.000005,]
[9,14,]   289   0.00409622   1.06541e-039   9.33673e-040   [0.000015,0.000002,]
[10,14,]   290   0.00412652   1.07095e-039   9.33673e-040   [0.000015,-0.000002,]
[11,14,]   291   0.00360352   1.03645e-039   1.02476e-039   [0.000012,-0.000005,]
[12,14,]   292   0.0026593   9.14322e-040   1.20694e-039   [0.000007,-0.000007,]
[13,14,]   293   0.00160448   6.48472e-040   1.48021e-039   [-0.000001,-0.000007,]
[14,14,]   294   0.000772753   1.84953e-040   1.84457e-039   [-0.000011,-0.000006,]
[15,14,]   295   0.000299709   -5.19372e-040   2.30002e-039   [-0.000026,-0.000003,]
[16,14,]   296   0.000103502   -1.3149e-039   2.84656e-039   [-0.000042,0.000005,]
[17,14,]   297   3.98697e-005   -1.47337e-039   3.48419e-039   [-0.000047,0.000013,]
[18,14,]   298   1.83877e-005   -7.8863e-040   4.21291e-039   [-0.000034,0.000014,]
[19,14,]   299   7.58284e-006   -1.39735e-039   5.03272e-039   [-0.000020,0.000013,]
[0,15,]   300   5.03975e-006   -2.53125e-039   5.48817e-039   [-0.000019,-0.000007,]
[1,15,]   301   1.18161e-005   -1.66468e-039   4.66836e-039   [-0.000033,-0.000010,]
[2,15,]   302   2.87518e-005   -1.62127e-039   3.93964e-039   [-0.000037,-0.000008,]
[3,15,]   303   7.48468e-005   -1.3785e-039   3.30201e-039   [-0.000032,-0.000003,]
[4,15,]   304   0.000199311   -7.98584e-040   2.75547e-039   [-0.000020,0.000002,]
[5,15,]   305   0.000479317   -2.23371e-040   2.30002e-039   [-0.000009,0.000004,]
[6,15,]   306   0.000965243   1.98346e-040   1.93566e-039   [-0.000001,0.000005,]
[7,15,]   307   0.0015993   4.62464e-040   1.66239e-039   [0.000006,0.000005,]
[8,15,]   308   0.00220444   6.02497e-040   1.48021e-039   [0.000010,0.000003,]
[9,15,]   309   0.00257779   6.59979e-040   1.38912e-039   [0.000013,0.000001,]
[10,15,]   310   0.00259236   6.63911e-040   1.38912e-039   [0.000013,-0.000001,]
[11,15,]   311   0.00223781   6.12835e-040   1.48021e-039   [0.000010,-0.000003,]
[12,15,]   312   0.0016301   4.76148e-040   1.66239e-039   [0.000006,-0.000005,]
[13,15,]   313   0.000979054   2.11527e-040   1.93566e-039   [-0.000001,-0.000005,]
[14,15,]   314   0.000476598   -2.20684e-040   2.30002e-039   [-0.000009,-0.000004,]
[15,15,]   315   0.000189203   -8.44448e-040   2.75547e-039   [-0.000021,-0.000002,]
[16,15,]   316   6.54418e-005   -1.56758e-039   3.30201e-039   [-0.000035,0.000003,]
[17,15,]   317   2.30522e-005   -1.94904e-039   3.93964e-039   [-0.000042,0.000009,]
[18,15,]   318   9.2169e-006   -1.55596e-039   4.66836e-039   [-0.000034,0.000012,]
[19,15,]   319   3.42351e-006   -2.58065e-039   5.48817e-039   [-0.000021,0.000012,]
[0,16,]   320   1.99318e-006   -3.54438e-039   6.03471e-039   [-0.000021,-0.000007,]
[1,16,]   321   4.98339e-006   -2.41309e-039   5.2149e-039   [-0.000033,-0.000008,]
[2,16,]   322   1.323e-005   -2.21042e-039   4.48618e-039   [-0.000033,-0.000006,]
[3,16,]   323   3.64606e-005   -1.84777e-039   3.84855e-039   [-0.000027,-0.000002,]
[4,16,]   324   9.82026e-005   -1.27479e-039   3.30201e-039   [-0.000017,0.000001,]
[5,16,]   325   0.000234687   -7.34808e-040   2.84656e-039   [-0.000008,0.000003,]
[6,16,]   326   0.000470901   -3.30829e-040   2.4822e-039   [-0.000001,0.000004,]
[7,16,]   327   0.000782787   -6.68812e-041   2.20893e-039   [0.000005,0.000003,]
[8,16,]   328   0.00108642   8.22732e-041   2.02675e-039   [0.000009,0.000002,]
[9,16,]   329   0.0012766   1.4744e-040   1.93566e-039   [0.000011,0.000001,]
[10,16,]   330   0.00128217   1.49882e-040   1.93566e-039   [0.000011,-0.000001,]
[11,16,]   331   0.00109914   8.88839e-041   2.02675e-039   [0.000009,-0.000002,]
[12,16,]   332   0.000794377   -5.78542e-041   2.20893e-039   [0.000005,-0.000003,]
[13,16,]   333   0.000475822   -3.22165e-040   2.4822e-039   [-0.000001,-0.000004,]
[14,16,]   334   0.000233187   -7.34458e-040   2.84656e-039   [-0.000008,-0.000003,]
[15,16,]   335   9.39082e-005   -1.31047e-039   3.30201e-039   [-0.000018,-0.000001,]
[16,16,]   336   3.25594e-005   -1.98686e-039   3.84855e-039   [-0.000030,0.000002,]
[17,16,]   337   1.08796e-005   -2.48048e-039   4.48618e-039   [-0.000038,0.000007,]
[18,16,]   338   3.9126e-006   -2.32447e-039   5.2149e-039   [-0.000033,0.000010,]
[19,16,]   339   1.3213e-006   -3.72738e-039   6.03471e-039   [-0.000021,0.000010,]
[0,17,]   340   6.62728e-007   -4.58213e-039   6.67234e-039   [-0.000022,-0.000006,]
[1,17,]   341   1.75667e-006   -3.2138e-039   5.85253e-039   [-0.000032,-0.000007,]
[2,17,]   342   4.98984e-006   -2.88201e-039   5.12381e-039   [-0.000030,-0.000005,]
[3,17,]   343   1.43078e-005   -2.44164e-039   4.48618e-039   [-0.000024,-0.000002,]
[4,17,]   344   3.88515e-005   -1.87355e-039   3.93964e-039   [-0.000015,0.000001,]
[5,17,]   345   9.25247e-005   -1.35581e-039   3.48419e-039   [-0.000007,0.000002,]
[6,17,]   346   0.00018526   -9.63266e-040   3.11983e-039   [-0.000001,0.000003,]
[7,17,]   347   0.000308613   -6.99208e-040   2.84656e-039   [0.000004,0.000003,]
[8,17,]   348   0.000430156   -5.43975e-040   2.66438e-039   [0.000008,0.000002,]
[9,17,]   349   0.000506909   -4.73758e-040   2.57329e-039   [0.000009,0.000001,]
[10,17,]   350   0.000508601   -4.72501e-040   2.57329e-039   [0.000009,-0.000001,]
[11,17,]   351   0.000433996   -5.40497e-040   2.66438e-039   [0.000007,-0.000002,]
[12,17,]   352   0.000312048   -6.94267e-040   2.84656e-039   [0.000004,-0.000002,]
[13,17,]   353   0.000186589   -9.58589e-040   3.11983e-039   [-0.000001,-0.000003,]
[14,17,]   354   9.18572e-005   -1.35743e-039   3.48419e-039   [-0.000007,-0.000002,]
[15,17,]   355   3.73496e-005   -1.90205e-039   3.93964e-039   [-0.000015,-0.000001,]
[16,17,]   356   1.29823e-005   -2.54703e-039   4.48618e-039   [-0.000026,0.000002,]
[17,17,]   357   4.19748e-006   -3.10154e-039   5.12381e-039   [-0.000034,0.000006,]
[18,17,]   358   1.39612e-006   -3.1274e-039   5.85253e-039   [-0.000031,0.000008,]
[19,17,]   359   4.34015e-007   -4.85697e-039   6.67234e-039   [-0.000021,0.000009,]
[0,18,]   360   1.85254e-007   -5.64171e-039   7.40106e-039   [-0.000022,-0.000002,]
[1,18,]   361   5.17258e-007   -4.05557e-039   6.58125e-039   [-0.000032,-0.000003,]
[2,18,]   362   1.54918e-006   -3.62961e-039   5.85253e-039   [-0.000027,-0.000002,]
[3,18,]   363   4.57197e-006   -3.15039e-039   5.2149e-039   [-0.000021,0.000000,]
[4,18,]   364   1.2492e-005   -2.598e-039   4.66836e-039   [-0.000013,0.000002,]
[5,18,]   365   2.96912e-005   -2.10249e-039   4.21291e-039   [-0.000006,0.000003,]
[6,18,]   366   5.93743e-005   -1.72023e-039   3.84855e-039   [-0.000000,0.000004,]
[7,18,]   367   9.90505e-005   -1.45462e-039   3.57528e-039   [0.000004,0.000004,]
[8,18,]   368   0.000138445   -1.29094e-039   3.3931e-039   [0.000007,0.000003,]
[9,18,]   369   0.000163436   -1.21147e-039   3.30201e-039   [0.000008,0.000002,]
[10,18,]   370   0.00016384   -1.20487e-039   3.30201e-039   [0.000008,0.000001,]
[11,18,]   371   0.000139352   -1.27234e-039   3.3931e-039   [0.000007,0.000000,]
[12,18,]   372   9.98362e-005   -1.42748e-039   3.57528e-039   [0.000004,-0.000000,]
[13,18,]   373   5.96265e-005   -1.69064e-039   3.84855e-039   [-0.000000,-0.000000,]
[14,18,]   374   2.94493e-005   -2.0819e-039   4.21291e-039   [-0.000006,-0.000000,]
[15,18,]   375   1.20566e-005   -2.6115e-039   4.66836e-039   [-0.000014,0.000001,]
[16,18,]   376   4.20095e-006   -3.24804e-039   5.2149e-039   [-0.000023,0.000003,]
[17,18,]   377   1.32959e-006   -3.8591e-039   5.85253e-039   [-0.000030,0.000006,]
[18,18,]   378   4.17451e-007   -4.04451e-039   6.58125e-039   [-0.000029,0.000009,]
[19,18,]   379   1.21053e-007   -6.06375e-039   7.40106e-039   [-0.000021,0.000011,]
[0,19,]   380   4.32284e-008   -8.46054e-039   8.22087e-039   [-0.000023,0.000002,]
[1,19,]   381   1.25482e-007   -6.34499e-039   7.40106e-039   [-0.000032,0.000001,]
[2,19,]   382   3.93853e-007   -5.50484e-039   6.67234e-039   [-0.000026,0.000001,]
[3,19,]   383   1.19875e-006   -4.79725e-039   6.03471e-039   [-0.000019,0.000002,]
[4,19,]   384   3.31859e-006   -4.19312e-039   5.48817e-039   [-0.000012,0.000004,]
[5,19,]   385   7.91855e-006   -3.7089e-039   5.03272e-039   [-0.000005,0.000005,]
[6,19,]   386   1.58497e-005   -3.33498e-039   4.66836e-039   [-0.000000,0.000005,]
[7,19,]   387   2.6444e-005   -3.06013e-039   4.39509e-039   [0.000003,0.000005,]
[8,19,]   388   3.69277e-005   -2.87932e-039   4.21291e-039   [0.000006,0.000004,]
[9,19,]   389   4.34731e-005   -2.79116e-039   4.12182e-039   [0.000007,0.000004,]
[10,19,]   390   4.33688e-005   -2.79488e-039   4.12182e-039   [0.000007,0.000003,]
[11,19,]   391   3.66675e-005   -2.88866e-039   4.21291e-039   [0.000006,0.000002,]
[12,19,]   392   2.61386e-005   -3.07045e-039   4.39509e-039   [0.000003,0.000002,]
[13,19,]   393   1.55855e-005   -3.34018e-039   4.66836e-039   [-0.000000,0.000002,]
[14,19,]   394   7.72594e-006   -3.70224e-039   5.03272e-039   [-0.000006,0.000002,]
[15,19,]   395   3.19298e-006   -4.16843e-039   5.48817e-039   [-0.000012,0.000003,]
[16,19,]   396   1.1252e-006   -4.75772e-039   6.03471e-039   [-0.000020,0.000004,]
[17,19,]   397   3.56237e-007   -5.48632e-039   6.67234e-039   [-0.000027,0.000007,]
[18,19,]   398   1.08881e-007   -6.10715e-039   7.40106e-039   [-0.000026,0.000011,]
[19,19,]   399   3.0244e-008   -8.69278e-039   8.22087e-039   [-0.000019,0.000014,]
