coordinates  index   rho      Q      V    velocities 
[0,0,]   0   3.1773e-008   -8.17325e-039   8.22087e-039   [0.000036,0.000004,]
[1,0,]   1   1.1426e-007   -5.88009e-039   7.40106e-039   [0.000021,0.000005,]
[2,0,]   2   3.64901e-007   -5.5333e-039   6.67234e-039   [0.000028,0.000007,]
[3,0,]   3   1.1887e-006   -4.85386e-039   6.03471e-039   [0.000021,0.000009,]
[4,0,]   4   3.54424e-006   -4.20038e-039   5.48817e-039   [0.000013,0.000011,]
[5,0,]   5   8.80124e-006   -3.7415e-039   5.03272e-039   [0.000006,0.000012,]
[6,0,]   6   1.79559e-005   -3.38941e-039   4.66836e-039   [0.000001,0.000012,]
[7,0,]   7   3.02536e-005   -3.12682e-039   4.39509e-039   [-0.000003,0.000012,]
[8,0,]   8   4.25381e-005   -2.9401e-039   4.21291e-039   [-0.000006,0.000011,]
[9,0,]   9   5.03052e-005   -2.84232e-039   4.12182e-039   [-0.000008,0.000011,]
[10,0,]   10   5.03688e-005   -2.84284e-039   4.12182e-039   [-0.000008,0.000010,]
[11,0,]   11   4.29434e-005   -2.91484e-039   4.21291e-039   [-0.000006,0.000009,]
[12,0,]   12   3.09658e-005   -3.0778e-039   4.39509e-039   [-0.000003,0.000009,]
[13,0,]   13   1.86696e-005   -3.35846e-039   4.66836e-039   [0.000001,0.000008,]
[14,0,]   14   9.38719e-006   -3.76132e-039   5.03272e-039   [0.000005,0.000009,]
[15,0,]   15   3.99952e-006   -4.2826e-039   5.48817e-039   [0.000012,0.000010,]
[16,0,]   16   1.51237e-006   -4.81251e-039   6.03471e-039   [0.000019,0.000011,]
[17,0,]   17   5.25529e-007   -5.50446e-039   6.67234e-039   [0.000026,0.000014,]
[18,0,]   18   1.78927e-007   -6.50119e-039   7.40106e-039   [0.000036,0.000016,]
[19,0,]   19   7.55854e-008   -8.10094e-039   8.22087e-039   [0.000040,0.000016,]
[0,1,]   20   8.49531e-008   -6.88433e-039   7.40106e-039   [0.000036,-0.000020,]
[1,1,]   21   3.27807e-007   -4.4316e-039   6.58125e-039   [0.000026,-0.000016,]
[2,1,]   22   1.1024e-006   -4.35697e-039   5.85253e-039   [0.000034,-0.000010,]
[3,1,]   23   3.80008e-006   -3.55799e-039   5.2149e-039   [0.000024,-0.000006,]
[4,1,]   24   1.17255e-005   -2.74517e-039   4.66836e-039   [0.000014,-0.000004,]
[5,1,]   25   2.95434e-005   -2.20526e-039   4.21291e-039   [0.000006,-0.000003,]
[6,1,]   26   6.05041e-005   -1.82412e-039   3.84855e-039   [0.000000,-0.000003,]
[7,1,]   27   0.000101711   -1.5645e-039   3.57528e-039   [-0.000004,-0.000003,]
[8,1,]   28   0.000142042   -1.40094e-039   3.3931e-039   [-0.000007,-0.000004,]
[9,1,]   29   0.000166245   -1.33693e-039   3.30201e-039   [-0.000008,-0.000004,]
[10,1,]   30   0.000164466   -1.36846e-039   3.30201e-039   [-0.000008,-0.000005,]
[11,1,]   31   0.000138686   -1.45537e-039   3.3931e-039   [-0.000007,-0.000006,]
[12,1,]   32   9.92547e-005   -1.61801e-039   3.57528e-039   [-0.000004,-0.000007,]
[13,1,]   33   5.97274e-005   -1.88941e-039   3.84855e-039   [0.000001,-0.000007,]
[14,1,]   34   3.02034e-005   -2.2725e-039   4.21291e-039   [0.000006,-0.000007,]
[15,1,]   35   1.3063e-005   -2.7457e-039   4.66836e-039   [0.000013,-0.000006,]
[16,1,]   36   5.05954e-006   -3.15461e-039   5.2149e-039   [0.000020,-0.000004,]
[17,1,]   37   1.80245e-006   -3.65429e-039   5.85253e-039   [0.000025,-0.000003,]
[18,1,]   38   6.22058e-007   -4.4073e-039   6.58125e-039   [0.000033,-0.000003,]
[19,1,]   39   2.5774e-007   -5.81712e-039   7.40106e-039   [0.000035,-0.000006,]
[0,2,]   40   2.88476e-007   -5.21256e-039   6.67234e-039   [0.000036,-0.000014,]
[1,2,]   41   1.05356e-006   -3.21119e-039   5.85253e-039   [0.000030,-0.000011,]
[2,2,]   42   3.32439e-006   -3.50975e-039   5.12381e-039   [0.000038,-0.000007,]
[3,2,]   43   1.13527e-005   -2.79897e-039   4.48618e-039   [0.000028,-0.000002,]
[4,2,]   44   3.56375e-005   -1.94515e-039   3.93964e-039   [0.000016,0.000001,]
[5,2,]   45   9.09342e-005   -1.389e-039   3.48419e-039   [0.000007,0.000002,]
[6,2,]   46   0.000187153   -1.00032e-039   3.11983e-039   [0.000001,0.000002,]
[7,2,]   47   0.000314312   -7.38137e-040   2.84656e-039   [-0.000004,0.000002,]
[8,2,]   48   0.000437108   -5.72446e-040   2.66438e-039   [-0.000007,0.000001,]
[9,2,]   49   0.00050911   -5.02642e-040   2.57329e-039   [-0.000010,0.000000,]
[10,2,]   50   0.000502018   -5.25164e-040   2.57329e-039   [-0.000010,-0.000001,]
[11,2,]   51   0.000423282   -5.95198e-040   2.66438e-039   [-0.000008,-0.000002,]
[12,2,]   52   0.000303529   -7.40585e-040   2.84656e-039   [-0.000004,-0.000003,]
[13,2,]   53   0.000182965   -1.00745e-039   3.11983e-039   [0.000001,-0.000003,]
[14,2,]   54   9.25968e-005   -1.40339e-039   3.48419e-039   [0.000007,-0.000003,]
[15,2,]   55   4.01703e-005   -1.90178e-039   3.93964e-039   [0.000015,-0.000001,]
[16,2,]   56   1.5787e-005   -2.31254e-039   4.48618e-039   [0.000022,0.000001,]
[17,2,]   57   5.81301e-006   -2.76853e-039   5.12381e-039   [0.000028,0.000003,]
[18,2,]   58   2.10568e-006   -3.42164e-039   5.85253e-039   [0.000033,0.000005,]
[19,2,]   59   9.05275e-007   -4.60919e-039   6.67234e-039   [0.000033,0.000003,]
[0,3,]   60   8.72145e-007   -3.79548e-039   6.03471e-039   [0.000035,-0.000016,]
[1,3,]   61   2.9337e-006   -2.25932e-039   5.2149e-039   [0.000034,-0.000013,]
[2,3,]   62   8.38589e-006   -2.9177e-039   4.48618e-039   [0.000043,-0.000008,]
[3,3,]   63   2.78807e-005   -2.26238e-039   3.84855e-039   [0.000032,-0.000003,]
[4,3,]   64   8.93355e-005   -1.31296e-039   3.30201e-039   [0.000019,0.000001,]
[5,3,]   65   0.000231903   -7.14215e-040   2.84656e-039   [0.000008,0.000003,]
[6,3,]   66   0.0004805   -3.1315e-040   2.4822e-039   [0.000001,0.000004,]
[7,3,]   67   0.000805807   -5.20117e-041   2.20893e-039   [-0.000005,0.000003,]
[8,3,]   68   0.00111415   1.07843e-040   2.02675e-039   [-0.000009,0.000002,]
[9,3,]   69   0.00128921   1.65391e-040   1.93566e-039   [-0.000011,0.000001,]
[10,3,]   70   0.00126659   1.37885e-040   1.93566e-039   [-0.000011,-0.000001,]
[11,3,]   71   0.00106911   7.40283e-041   2.02675e-039   [-0.000009,-0.000002,]
[12,3,]   72   0.000769466   -6.47243e-041   2.20893e-039   [-0.000005,-0.000003,]
[13,3,]   73   0.000465062   -3.30868e-040   2.4822e-039   [0.000001,-0.000004,]
[14,3,]   74   0.000235413   -7.36849e-040   2.84656e-039   [0.000008,-0.000003,]
[15,3,]   75   0.000102344   -1.25251e-039   3.30201e-039   [0.000017,-0.000001,]
[16,3,]   76   4.09623e-005   -1.64013e-039   3.84855e-039   [0.000025,0.000002,]
[17,3,]   77   1.57667e-005   -2.01874e-039   4.48618e-039   [0.000030,0.000005,]
[18,3,]   78   6.08441e-006   -2.55199e-039   5.2149e-039   [0.000033,0.000006,]
[19,3,]   79   2.73387e-006   -3.52991e-039   6.03471e-039   [0.000030,0.000004,]
[0,4,]   80   2.27189e-006   -2.383e-039   5.48817e-039   [0.000033,-0.000018,]
[1,4,]   81   6.91196e-006   -1.37857e-039   4.66836e-039   [0.000037,-0.000015,]
[2,4,]   82   1.72335e-005   -2.46793e-039   3.93964e-039   [0.000049,-0.000011,]
[3,4,]   83   5.41851e-005   -1.96507e-039   3.30201e-039   [0.000038,-0.000004,]
[4,4,]   84   0.000178539   -8.42092e-040   2.75547e-039   [0.000023,0.000002,]
[5,4,]   85   0.000474692   -2.01317e-040   2.30002e-039   [0.000009,0.000004,]
[6,4,]   86   0.000992903   2.17805e-040   1.93566e-039   [0.000001,0.000005,]
[7,4,]   87   0.00166145   4.79065e-040   1.66239e-039   [-0.000006,0.000005,]
[8,4,]   88   0.00227779   6.28027e-040   1.48021e-039   [-0.000010,0.000003,]
[9,4,]   89   0.00261302   6.87041e-040   1.38912e-039   [-0.000013,0.000001,]
[10,4,]   90   0.0025547   6.49106e-040   1.38912e-039   [-0.000013,-0.000001,]
[11,4,]   91   0.00216132   5.81106e-040   1.48021e-039   [-0.000010,-0.000003,]
[12,4,]   92   0.00156551   4.5634e-040   1.66239e-039   [-0.000006,-0.000004,]
[13,4,]   93   0.000949952   1.8907e-040   1.93566e-039   [0.000001,-0.000005,]
[14,4,]   94   0.000480506   -2.34217e-040   2.30002e-039   [0.000009,-0.000004,]
[15,4,]   95   0.000209111   -7.6937e-040   2.75547e-039   [0.000020,-0.000001,]
[16,4,]   96   8.57471e-005   -1.12343e-039   3.30201e-039   [0.000029,0.000002,]
[17,4,]   97   3.5027e-005   -1.40913e-039   3.93964e-039   [0.000033,0.000006,]
[18,4,]   98   1.4613e-005   -1.80745e-039   4.66836e-039   [0.000032,0.000008,]
[19,4,]   99   6.86856e-006   -2.56731e-039   5.48817e-039   [0.000026,0.000004,]
[0,5,]   100   5.14683e-006   -9.6657e-040   5.03272e-039   [0.000030,-0.000020,]
[1,5,]   101   1.39774e-005   -4.82948e-040   4.21291e-039   [0.000039,-0.000018,]
[2,5,]   102   2.91368e-005   -1.99203e-039   3.48419e-039   [0.000056,-0.000016,]
[3,5,]   103   8.13734e-005   -1.91942e-039   2.84656e-039   [0.000047,-0.000005,]
[4,5,]   104   0.000278574   -5.29611e-040   2.30002e-039   [0.000028,0.000002,]
[5,5,]   105   0.000771049   2.24179e-040   1.84457e-039   [0.000011,0.000006,]
[6,5,]   106   0.00163608   6.62591e-040   1.48021e-039   [0.000001,0.000007,]
[7,5,]   107   0.00272701   9.2139e-040   1.20694e-039   [-0.000007,0.000007,]
[8,5,]   108   0.00368896   1.07069e-039   1.02476e-039   [-0.000012,0.000005,]
[9,5,]   109   0.00416554   1.09484e-039   9.33673e-040   [-0.000016,0.000002,]
[10,5,]   110   0.00404549   1.04569e-039   9.33673e-040   [-0.000016,-0.000002,]
[11,5,]   111   0.00344876   1.0046e-039   1.02476e-039   [-0.000013,-0.000005,]
[12,5,]   112   0.00252582   8.81581e-040   1.20694e-039   [-0.000007,-0.000007,]
[13,5,]   113   0.00154277   6.15342e-040   1.48021e-039   [0.000001,-0.000007,]
[14,5,]   114   0.000778285   1.69309e-040   1.84457e-039   [0.000011,-0.000006,]
[15,5,]   115   0.000337403   -4.27057e-040   2.30002e-039   [0.000024,-0.000002,]
[16,5,]   116   0.000143162   -7.08035e-040   2.84656e-039   [0.000035,0.000003,]
[17,5,]   117   6.37824e-005   -8.42448e-040   3.48419e-039   [0.000037,0.000008,]
[18,5,]   118   2.93434e-005   -1.08472e-039   4.21291e-039   [0.000029,0.000009,]
[19,5,]   119   1.44151e-005   -1.60394e-039   5.03272e-039   [0.000021,0.000004,]
[0,6,]   120   1.02404e-005   2.66368e-040   4.66836e-039   [0.000027,-0.000020,]
[1,6,]   121   2.45499e-005   3.42855e-040   3.84855e-039   [0.000038,-0.000020,]
[2,6,]   122   4.15046e-005   -1.17843e-039   3.11983e-039   [0.000061,-0.000025,]
[3,6,]   123   8.96841e-005   -2.4775e-039   2.4822e-039   [0.000061,-0.000008,]
[4,6,]   124   0.000326167   -3.941e-040   1.93566e-039   [0.000036,0.000005,]
[5,6,]   125   0.000968751   5.09188e-040   1.48021e-039   [0.000014,0.000010,]
[6,6,]   126   0.00210718   9.9231e-040   1.11585e-039   [0.000001,0.000011,]
[7,6,]   127   0.00348738   1.26288e-039   8.42583e-040   [-0.000008,0.000010,]
[8,6,]   128   0.00459752   1.38588e-039   6.60403e-040   [-0.000015,0.000007,]
[9,6,]   129   0.00505927   1.45538e-039   5.69313e-040   [-0.000020,0.000003,]
[10,6,]   130   0.0048593   1.35537e-039   5.69313e-040   [-0.000020,-0.000002,]
[11,6,]   131   0.00421036   1.28667e-039   6.60403e-040   [-0.000016,-0.000008,]
[12,6,]   132   0.00315849   1.20361e-039   8.42583e-040   [-0.000008,-0.000011,]
[13,6,]   133   0.00195153   9.20829e-040   1.11585e-039   [0.000002,-0.000011,]
[14,6,]   134   0.00097657   4.18543e-040   1.48021e-039   [0.000014,-0.000009,]
[15,6,]   135   0.000417622   -2.44144e-040   1.93566e-039   [0.000030,-0.000003,]
[16,6,]   136   0.000185866   -4.26591e-040   2.4822e-039   [0.000043,0.000004,]
[17,6,]   137   9.50136e-005   -2.32497e-040   3.11983e-039   [0.000040,0.000011,]
[18,6,]   138   4.93462e-005   -3.55366e-040   3.84855e-039   [0.000026,0.000011,]
[19,6,]   139   2.5212e-005   -6.44573e-040   4.66836e-039   [0.000014,0.000003,]
[0,7,]   140   1.81384e-005   1.22301e-039   4.39509e-039   [0.000023,-0.000020,]
[1,7,]   141   3.79422e-005   9.92732e-040   3.57528e-039   [0.000032,-0.000021,]
[2,7,]   142   5.17054e-005   2.18244e-040   2.84656e-039   [0.000064,-0.000035,]
[3,7,]   143   6.72633e-005   -4.36709e-039   2.20893e-039   [0.000084,-0.000014,]
[4,7,]   144   0.000259886   -1.12411e-039   1.66239e-039   [0.000049,0.000012,]
[5,7,]   145   0.000910266   6.47249e-040   1.20694e-039   [0.000017,0.000019,]
[6,7,]   146   0.00207262   1.21608e-039   8.42583e-040   [0.000000,0.000019,]
[7,7,]   147   0.00337186   1.48334e-039   5.69313e-040   [-0.000011,0.000018,]
[8,7,]   148   0.00421266   1.63024e-039   3.87133e-040   [-0.000020,0.000014,]
[9,7,]   149   0.00429017   1.39302e-039   2.96043e-040   [-0.000027,0.000007,]
[10,7,]   150   0.00406219   1.13948e-039   2.96043e-040   [-0.000029,-0.000004,]
[11,7,]   151   0.00374978   1.50778e-039   3.87133e-040   [-0.000022,-0.000014,]
[12,7,]   152   0.0029592   1.38416e-039   5.69313e-040   [-0.000010,-0.000019,]
[13,7,]   153   0.00187584   1.10879e-039   8.42583e-040   [0.000002,-0.000020,]
[14,7,]   154   0.000920999   5.26895e-040   1.20694e-039   [0.000019,-0.000016,]
[15,7,]   155   0.000372825   -5.97606e-040   1.66239e-039   [0.000040,-0.000006,]
[16,7,]   156   0.000177892   -4.61123e-040   2.20893e-039   [0.000056,0.000008,]
[17,7,]   157   0.000114852   4.44872e-040   2.84656e-039   [0.000041,0.000015,]
[18,7,]   158   6.92575e-005   3.5279e-040   3.57528e-039   [0.000020,0.000013,]
[19,7,]   159   3.66819e-005   2.88815e-040   4.39509e-039   [0.000006,0.000003,]
[0,8,]   160   2.84546e-005   1.90597e-039   4.21291e-039   [0.000018,-0.000017,]
[1,8,]   161   5.23118e-005   1.34608e-039   3.3931e-039   [0.000021,-0.000021,]
[2,8,]   162   5.93195e-005   1.94382e-039   2.66438e-039   [0.000058,-0.000038,]
[3,8,]   163   3.47141e-005   -8.61374e-039   2.02675e-039   [0.000122,-0.000042,]
[4,8,]   164   0.000121458   -5.07743e-039   1.48021e-039   [0.000078,0.000037,]
[5,8,]   165   0.000610648   1.25394e-040   1.02476e-039   [0.000018,0.000038,]
[6,8,]   166   0.00151254   1.06807e-039   6.60403e-040   [-0.000001,0.000036,]
[7,8,]   167   0.00236916   1.42751e-039   3.87133e-040   [-0.000012,0.000035,]
[8,8,]   168   0.00259207   1.19185e-039   2.04953e-040   [-0.000027,0.000030,]
[9,8,]   169   0.00223541   1.21642e-040   1.13863e-040   [-0.000044,0.000025,]
[10,8,]   170   0.00217149   5.92638e-040   1.13863e-040   [-0.000047,-0.000002,]
[11,8,]   171   0.00218967   8.16875e-040   2.04953e-040   [-0.000031,-0.000035,]
[12,8,]   172   0.00198123   1.01102e-039   3.87133e-040   [-0.000013,-0.000042,]
[13,8,]   173   0.00132886   7.43361e-040   6.60403e-040   [0.000004,-0.000042,]
[14,8,]   174   0.000620126   -3.748e-041   1.02476e-039   [0.000025,-0.000037,]
[15,8,]   175   0.000225115   -1.40207e-039   1.48021e-039   [0.000063,-0.000013,]
[16,8,]   176   0.000114473   -2.35576e-039   2.02675e-039   [0.000078,0.000020,]
[17,8,]   177   0.000114049   1.50893e-039   2.66438e-039   [0.000034,0.000024,]
[18,8,]   178   8.11669e-005   9.81844e-040   3.3931e-039   [0.000012,0.000015,]
[19,8,]   179   4.45705e-005   1.12615e-039   4.21291e-039   [-0.000003,0.000004,]
[0,9,]   180   3.81074e-005   2.41017e-039   4.12182e-039   [0.000013,-0.000012,]
[1,9,]   181   6.62559e-005   1.67662e-039   3.30201e-039   [0.000012,-0.000020,]
[2,9,]   182   6.46362e-005   1.29664e-039   2.57329e-039   [0.000025,-0.000038,]
[3,9,]   183   2.45833e-005   -1.05024e-038   1.93566e-039   [0.000135,-0.000120,]
[4,9,]   184   4.25981e-005   -1.55975e-038   1.38912e-039   [0.000151,0.000119,]
[5,9,]   185   0.000333237   -2.01429e-039   9.33673e-040   [-0.000003,0.000085,]
[6,9,]   186   0.000890937   -3.76959e-040   5.69313e-040   [-0.000004,0.000071,]
[7,9,]   187   0.00125607   -4.53257e-040   2.96043e-040   [-0.000009,0.000077,]
[8,9,]   188   0.00107904   -1.61525e-039   1.13863e-040   [-0.000015,0.000099,]
[9,9,]   189   0.00063338   -6.69059e-039   2.27725e-041   [-0.000089,0.000116,]
[10,9,]   190   0.000579038   -7.41878e-039   2.27725e-041   [-0.000118,-0.000094,]
[11,9,]   191   0.000816088   -4.79918e-039   1.13863e-040   [-0.000047,-0.000104,]
[12,9,]   192   0.00109065   -9.37014e-040   2.96043e-040   [-0.000011,-0.000083,]
[13,9,]   193   0.000820846   -5.71434e-040   5.69313e-040   [0.000007,-0.000076,]
[14,9,]   194   0.000322448   -2.90004e-039   9.33673e-040   [0.000029,-0.000086,]
[15,9,]   195   7.31307e-005   -9.41155e-039   1.38912e-039   [0.000118,-0.000099,]
[16,9,]   196   6.24948e-005   -1.72936e-039   1.93566e-039   [0.000069,0.000100,]
[17,9,]   197   9.31606e-005   1.94145e-039   2.57329e-039   [0.000019,0.000035,]
[18,9,]   198   7.93923e-005   1.41707e-039   3.30201e-039   [0.000000,0.000017,]
[19,9,]   199   4.5252e-005   1.7597e-039   4.12182e-039   [-0.000012,0.000006,]
[0,10,]   200   4.41046e-005   1.76266e-039   4.12182e-039   [0.000007,-0.000006,]
[1,10,]   201   7.88138e-005   1.42733e-039   3.30201e-039   [-0.000000,-0.000017,]
[2,10,]   202   9.31396e-005   1.96122e-039   2.57329e-039   [-0.000019,-0.000035,]
[3,10,]   203   6.25e-005   -1.72744e-039   1.93566e-039   [-0.000069,-0.000100,]
[4,10,]   204   7.31329e-005   -9.41129e-039   1.38912e-039   [-0.000118,0.000099,]
[5,10,]   205   0.000322448   -2.90011e-039   9.33673e-040   [-0.000029,0.000086,]
[6,10,]   206   0.000820847   -5.71428e-040   5.69313e-040   [-0.000007,0.000076,]
[7,10,]   207   0.00109065   -9.37016e-040   2.96043e-040   [0.000011,0.000083,]
[8,10,]   208   0.000816088   -4.79918e-039   1.13863e-040   [0.000047,0.000104,]
[9,10,]   209   0.000579038   -7.41878e-039   2.27725e-041   [0.000118,0.000094,]
[10,10,]   210   0.00063338   -6.69059e-039   2.27725e-041   [0.000089,-0.000116,]
[11,10,]   211   0.00107904   -1.61525e-039   1.13863e-040   [0.000015,-0.000099,]
[12,10,]   212   0.00125607   -4.53256e-040   2.96043e-040   [0.000009,-0.000077,]
[13,10,]   213   0.000890936   -3.76962e-040   5.69313e-040   [0.000004,-0.000071,]
[14,10,]   214   0.000333236   -2.01431e-039   9.33673e-040   [0.000003,-0.000085,]
[15,10,]   215   4.2598e-005   -1.55978e-038   1.38912e-039   [-0.000151,-0.000119,]
[16,10,]   216   2.45865e-005   -1.05041e-038   1.93566e-039   [-0.000135,0.000120,]
[17,10,]   217   6.46872e-005   1.26954e-039   2.57329e-039   [-0.000025,0.000038,]
[18,10,]   218   6.69794e-005   1.67751e-039   3.30201e-039   [-0.000012,0.000020,]
[19,10,]   219   3.94379e-005   2.42448e-039   4.12182e-039   [-0.000020,0.000012,]
[0,11,]   220   4.42849e-005   1.13662e-039   4.21291e-039   [0.000002,-0.000004,]
[1,11,]   221   8.10547e-005   9.9102e-040   3.3931e-039   [-0.000012,-0.000015,]
[2,11,]   222   0.000114051   1.51341e-039   2.66438e-039   [-0.000034,-0.000024,]
[3,11,]   223   0.000114477   -2.35553e-039   2.02675e-039   [-0.000078,-0.000020,]
[4,11,]   224   0.000225116   -1.40208e-039   1.48021e-039   [-0.000063,0.000013,]
[5,11,]   225   0.000620126   -3.74987e-041   1.02476e-039   [-0.000025,0.000037,]
[6,11,]   226   0.00132886   7.43363e-040   6.60403e-040   [-0.000004,0.000042,]
[7,11,]   227   0.00198123   1.01102e-039   3.87133e-040   [0.000013,0.000042,]
[8,11,]   228   0.00218967   8.16876e-040   2.04953e-040   [0.000031,0.000035,]
[9,11,]   229   0.00217149   5.92638e-040   1.13863e-040   [0.000047,0.000002,]
[10,11,]   230   0.00223541   1.21643e-040   1.13863e-040   [0.000044,-0.000025,]
[11,11,]   231   0.00259207   1.19185e-039   2.04953e-040   [0.000027,-0.000030,]
[12,11,]   232   0.00236916   1.42751e-039   3.87133e-040   [0.000012,-0.000035,]
[13,11,]   233   0.00151254   1.06807e-039   6.60403e-040   [0.000001,-0.000036,]
[14,11,]   234   0.000610648   1.25386e-040   1.02476e-039   [-0.000018,-0.000038,]
[15,11,]   235   0.000121457   -5.07765e-039   1.48021e-039   [-0.000077,-0.000037,]
[16,11,]   236   3.47181e-005   -8.61412e-039   2.02675e-039   [-0.000122,0.000042,]
[17,11,]   237   5.93505e-005   1.93064e-039   2.66438e-039   [-0.000058,0.000038,]
[18,11,]   238   5.26214e-005   1.3379e-039   3.3931e-039   [-0.000021,0.000021,]
[19,11,]   239   2.89858e-005   1.88619e-039   4.21291e-039   [-0.000022,0.000018,]
[0,12,]   240   3.72213e-005   2.93273e-040   4.39509e-039   [-0.000003,-0.000003,]
[1,12,]   241   6.95306e-005   3.50041e-040   3.57528e-039   [-0.000020,-0.000013,]
[2,12,]   242   0.000114847   4.35554e-040   2.84656e-039   [-0.000041,-0.000015,]
[3,12,]   243   0.00017789   -4.61077e-040   2.20893e-039   [-0.000056,-0.000008,]
[4,12,]   244   0.000372821   -5.97668e-040   1.66239e-039   [-0.000040,0.000006,]
[5,12,]   245   0.000921   5.26922e-040   1.20694e-039   [-0.000019,0.000016,]
[6,12,]   246   0.00187584   1.10879e-039   8.42583e-040   [-0.000002,0.000020,]
[7,12,]   247   0.0029592   1.38416e-039   5.69313e-040   [0.000010,0.000019,]
[8,12,]   248   0.00374978   1.50778e-039   3.87133e-040   [0.000022,0.000014,]
[9,12,]   249   0.00406219   1.13948e-039   2.96043e-040   [0.000029,0.000004,]
[10,12,]   250   0.00429017   1.39301e-039   2.96043e-040   [0.000027,-0.000007,]
[11,12,]   251   0.00421266   1.63024e-039   3.87133e-040   [0.000020,-0.000014,]
[12,12,]   252   0.00337186   1.48334e-039   5.69313e-040   [0.000011,-0.000018,]
[13,12,]   253   0.00207262   1.21607e-039   8.42583e-040   [-0.000000,-0.000019,]
[14,12,]   254   0.000910266   6.47248e-040   1.20694e-039   [-0.000017,-0.000019,]
[15,12,]   255   0.000259886   -1.12409e-039   1.66239e-039   [-0.000049,-0.000012,]
[16,12,]   256   6.72613e-005   -4.36685e-039   2.20893e-039   [-0.000084,0.000014,]
[17,12,]   257   5.16933e-005   2.21452e-040   2.84656e-039   [-0.000064,0.000035,]
[18,12,]   258   3.78758e-005   9.90135e-040   3.57528e-039   [-0.000032,0.000021,]
[19,12,]   259   1.80145e-005   1.21069e-039   4.39509e-039   [-0.000022,0.000020,]
[0,13,]   260   2.61472e-005   -6.28792e-040   4.66836e-039   [-0.000007,-0.000003,]
[1,13,]   261   4.97754e-005   -3.69916e-040   3.84855e-039   [-0.000026,-0.000011,]
[2,13,]   262   9.49915e-005   -2.53112e-040   3.11983e-039   [-0.000040,-0.000011,]
[3,13,]   263   0.000185862   -4.26147e-040   2.4822e-039   [-0.000043,-0.000004,]
[4,13,]   264   0.000417612   -2.44289e-040   1.93566e-039   [-0.000030,0.000003,]
[5,13,]   265   0.000976572   4.18607e-040   1.48021e-039   [-0.000014,0.000009,]
[6,13,]   266   0.00195153   9.20823e-040   1.11585e-039   [-0.000002,0.000011,]
[7,13,]   267   0.00315849   1.20361e-039   8.42583e-040   [0.000008,0.000011,]
[8,13,]   268   0.00421036   1.28667e-039   6.60403e-040   [0.000016,0.000008,]
[9,13,]   269   0.0048593   1.35537e-039   5.69313e-040   [0.000020,0.000002,]
[10,13,]   270   0.00505927   1.45537e-039   5.69313e-040   [0.000020,-0.000003,]
[11,13,]   271   0.00459752   1.38588e-039   6.60403e-040   [0.000015,-0.000007,]
[12,13,]   272   0.00348738   1.26288e-039   8.42583e-040   [0.000008,-0.000010,]
[13,13,]   273   0.00210718   9.92305e-040   1.11585e-039   [-0.000001,-0.000011,]
[14,13,]   274   0.000968753   5.09182e-040   1.48021e-039   [-0.000014,-0.000010,]
[15,13,]   275   0.000326171   -3.93901e-040   1.93566e-039   [-0.000036,-0.000005,]
[16,13,]   276   8.96767e-005   -2.47602e-039   2.4822e-039   [-0.000061,0.000008,]
[17,13,]   277   4.14582e-005   -1.16441e-039   3.11983e-039   [-0.000061,0.000025,]
[18,13,]   278   2.43123e-005   3.51766e-040   3.84855e-039   [-0.000038,0.000020,]
[19,13,]   279   9.84371e-006   2.51737e-040   4.66836e-039   [-0.000021,0.000021,]
[0,14,]   280   1.52355e-005   -1.58028e-039   5.03272e-039   [-0.000010,-0.000003,]
[1,14,]   281   2.9702e-005   -1.11327e-039   4.21291e-039   [-0.000030,-0.000009,]
[2,14,]   282   6.37547e-005   -8.70888e-040   3.48419e-039   [-0.000037,-0.000008,]
[3,14,]   283   0.000143159   -7.07273e-040   2.84656e-039   [-0.000035,-0.000003,]
[4,14,]   284   0.000337392   -4.27329e-040   2.30002e-039   [-0.000024,0.000002,]
[5,14,]   285   0.000778287   1.69305e-040   1.84457e-039   [-0.000011,0.000006,]
[6,14,]   286   0.00154277   6.15248e-040   1.48021e-039   [-0.000001,0.000007,]
[7,14,]   287   0.00252582   8.81494e-040   1.20694e-039   [0.000007,0.000007,]
[8,14,]   288   0.00344876   1.00451e-039   1.02476e-039   [0.000013,0.000005,]
[9,14,]   289   0.00404549   1.0456e-039   9.33673e-040   [0.000016,0.000002,]
[10,14,]   290   0.00416555   1.09475e-039   9.33673e-040   [0.000016,-0.000002,]
[11,14,]   291   0.00368896   1.0706e-039   1.02476e-039   [0.000012,-0.000005,]
[12,14,]   292   0.00272702   9.21307e-040   1.20694e-039   [0.000007,-0.000007,]
[13,14,]   293   0.00163608   6.62504e-040   1.48021e-039   [-0.000001,-0.000007,]
[14,14,]   294   0.000771053   2.24081e-040   1.84457e-039   [-0.000011,-0.000006,]
[15,14,]   295   0.00027858   -5.29424e-040   2.30002e-039   [-0.000028,-0.000002,]
[16,14,]   296   8.13663e-005   -1.91719e-039   2.84656e-039   [-0.000047,0.000005,]
[17,14,]   297   2.90868e-005   -1.97117e-039   3.48419e-039   [-0.000056,0.000016,]
[18,14,]   298   1.3751e-005   -4.59196e-040   4.21291e-039   [-0.000038,0.000018,]
[19,14,]   299   4.78044e-006   -9.97096e-040   5.03272e-039   [-0.000019,0.000020,]
[0,15,]   300   7.37485e-006   -2.53311e-039   5.48817e-039   [-0.000013,-0.000003,]
[1,15,]   301   1.48285e-005   -1.84835e-039   4.66836e-039   [-0.000032,-0.000008,]
[2,15,]   302   3.5007e-005   -1.44237e-039   3.93964e-039   [-0.000033,-0.000006,]
[3,15,]   303   8.57478e-005   -1.12221e-039   3.30201e-039   [-0.000029,-0.000002,]
[4,15,]   304   0.000209111   -7.69528e-040   2.75547e-039   [-0.000020,0.000001,]
[5,15,]   305   0.000480524   -2.34074e-040   2.30002e-039   [-0.000009,0.000004,]
[6,15,]   306   0.000949986   1.89114e-040   1.93566e-039   [-0.000001,0.000005,]
[7,15,]   307   0.00156557   4.56392e-040   1.66239e-039   [0.000006,0.000004,]
[8,15,]   308   0.0021614   5.81157e-040   1.48021e-039   [0.000010,0.000003,]
[9,15,]   309   0.00255479   6.49158e-040   1.38912e-039   [0.000013,0.000001,]
[10,15,]   310   0.00261311   6.87095e-040   1.38912e-039   [0.000013,-0.000001,]
[11,15,]   311   0.00227788   6.28085e-040   1.48021e-039   [0.000010,-0.000003,]
[12,15,]   312   0.00166151   4.79126e-040   1.66239e-039   [0.000006,-0.000005,]
[13,15,]   313   0.000992941   2.17861e-040   1.93566e-039   [-0.000001,-0.000005,]
[14,15,]   314   0.000474712   -2.01284e-040   2.30002e-039   [-0.000009,-0.000004,]
[15,15,]   315   0.00017855   -8.4175e-040   2.75547e-039   [-0.000023,-0.000002,]
[16,15,]   316   5.4183e-005   -1.96227e-039   3.30201e-039   [-0.000038,0.000004,]
[17,15,]   317   1.71996e-005   -2.44251e-039   3.93964e-039   [-0.000049,0.000011,]
[18,15,]   318   6.76794e-006   -1.33992e-039   4.66836e-039   [-0.000036,0.000015,]
[19,15,]   319   2.04311e-006   -2.45435e-039   5.48817e-039   [-0.000016,0.000019,]
[0,16,]   320   2.97328e-006   -3.48341e-039   6.03471e-039   [-0.000014,-0.000003,]
[1,16,]   321   6.18482e-006   -2.60219e-039   5.2149e-039   [-0.000034,-0.000006,]
[2,16,]   322   1.57562e-005   -2.05405e-039   4.48618e-039   [-0.000030,-0.000005,]
[3,16,]   323   4.09642e-005   -1.63797e-039   3.84855e-039   [-0.000025,-0.000002,]
[4,16,]   324   0.000102348   -1.25207e-039   3.30201e-039   [-0.000017,0.000001,]
[5,16,]   325   0.000235432   -7.36152e-040   2.84656e-039   [-0.000008,0.000003,]
[6,16,]   326   0.000465098   -3.30286e-040   2.4822e-039   [-0.000001,0.000004,]
[7,16,]   327   0.000769526   -6.41227e-041   2.20893e-039   [0.000005,0.000003,]
[8,16,]   328   0.00106919   7.46606e-041   2.02675e-039   [0.000009,0.000002,]
[9,16,]   329   0.00126668   1.38568e-040   1.93566e-039   [0.000011,0.000001,]
[10,16,]   330   0.0012893   1.66139e-040   1.93566e-039   [0.000011,-0.000001,]
[11,16,]   331   0.00111423   1.08656e-040   2.02675e-039   [0.000009,-0.000002,]
[12,16,]   332   0.000805867   -5.11473e-041   2.20893e-039   [0.000005,-0.000003,]
[13,16,]   333   0.000480536   -3.12275e-040   2.4822e-039   [-0.000001,-0.000004,]
[14,16,]   334   0.000231922   -7.13401e-040   2.84656e-039   [-0.000008,-0.000003,]
[15,16,]   335   8.93453e-005   -1.31192e-039   3.30201e-039   [-0.000019,-0.000001,]
[16,16,]   336   2.78813e-005   -2.25879e-039   3.84855e-039   [-0.000032,0.000002,]
[17,16,]   337   8.36895e-006   -2.88951e-039   4.48618e-039   [-0.000043,0.000008,]
[18,16,]   338   2.86407e-006   -2.20635e-039   5.2149e-039   [-0.000032,0.000012,]
[19,16,]   339   7.63048e-007   -3.9192e-039   6.03471e-039   [-0.000013,0.000016,]
[0,17,]   340   9.94365e-007   -4.51831e-039   6.67234e-039   [-0.000015,-0.000003,]
[1,17,]   341   2.14172e-006   -3.45093e-039   5.85253e-039   [-0.000034,-0.000005,]
[2,17,]   342   5.80587e-006   -2.77883e-039   5.12381e-039   [-0.000028,-0.000004,]
[3,17,]   343   1.57827e-005   -2.28418e-039   4.48618e-039   [-0.000022,-0.000001,]
[4,17,]   344   4.0162e-005   -1.87544e-039   3.93964e-039   [-0.000015,0.000001,]
[5,17,]   345   9.25842e-005   -1.37655e-039   3.48419e-039   [-0.000007,0.000003,]
[6,17,]   346   0.000182941   -9.8058e-040   3.11983e-039   [-0.000001,0.000003,]
[7,17,]   347   0.000303487   -7.13816e-040   2.84656e-039   [0.000004,0.000003,]
[8,17,]   348   0.000423216   -5.68696e-040   2.66438e-039   [0.000008,0.000002,]
[9,17,]   349   0.000501926   -4.98912e-040   2.57329e-039   [0.000010,0.000001,]
[10,17,]   350   0.000508998   -4.76506e-040   2.57329e-039   [0.000010,-0.000000,]
[11,17,]   351   0.000436994   -5.46283e-040   2.66438e-039   [0.000007,-0.000002,]
[12,17,]   352   0.00031422   -7.11889e-040   2.84656e-039   [0.000004,-0.000002,]
[13,17,]   353   0.000187096   -9.74051e-040   3.11983e-039   [-0.000001,-0.000003,]
[14,17,]   354   9.09094e-005   -1.36286e-039   3.48419e-039   [-0.000007,-0.000002,]
[15,17,]   355   3.56311e-005   -1.91868e-039   3.93964e-039   [-0.000016,-0.000001,]
[16,17,]   356   1.13508e-005   -2.76885e-039   4.48618e-039   [-0.000028,0.000002,]
[17,17,]   357   3.31711e-006   -3.45091e-039   5.12381e-039   [-0.000038,0.000007,]
[18,17,]   358   1.02661e-006   -3.11099e-039   5.85253e-039   [-0.000028,0.000011,]
[19,17,]   359   2.46858e-007   -5.34882e-039   6.67234e-039   [-0.000010,0.000015,]
[0,18,]   360   2.7922e-007   -5.7057e-039   7.40106e-039   [-0.000016,0.000007,]
[1,18,]   361   6.20336e-007   -4.41301e-039   6.58125e-039   [-0.000034,0.000004,]
[2,18,]   362   1.76762e-006   -3.63042e-039   5.85253e-039   [-0.000025,0.000003,]
[3,18,]   363   4.97506e-006   -3.08857e-039   5.2149e-039   [-0.000020,0.000004,]
[4,18,]   364   1.28529e-005   -2.68198e-039   4.66836e-039   [-0.000013,0.000006,]
[5,18,]   365   2.972e-005   -2.20911e-039   4.21291e-039   [-0.000006,0.000007,]
[6,18,]   366   5.87688e-005   -1.82647e-039   3.84855e-039   [-0.000001,0.000007,]
[7,18,]   367   9.76675e-005   -1.55516e-039   3.57528e-039   [0.000004,0.000007,]
[8,18,]   368   0.000136483   -1.39247e-039   3.3931e-039   [0.000007,0.000006,]
[9,18,]   369   0.000161859   -1.30546e-039   3.30201e-039   [0.000008,0.000005,]
[10,18,]   370   0.00016359   -1.27389e-039   3.30201e-039   [0.000008,0.000004,]
[11,18,]   371   0.00013974   -1.33779e-039   3.3931e-039   [0.000007,0.000004,]
[12,18,]   372   0.00010004   -1.50124e-039   3.57528e-039   [0.000004,0.000003,]
[13,18,]   373   5.95066e-005   -1.7607e-039   3.84855e-039   [-0.000000,0.000003,]
[14,18,]   374   2.90631e-005   -2.14139e-039   4.21291e-039   [-0.000006,0.000003,]
[15,18,]   375   1.15403e-005   -2.67986e-039   4.66836e-039   [-0.000014,0.000004,]
[16,18,]   376   3.74025e-006   -3.48736e-039   5.2149e-039   [-0.000024,0.000006,]
[17,18,]   377   1.08092e-006   -4.25956e-039   5.85253e-039   [-0.000034,0.000010,]
[18,18,]   378   3.12246e-007   -4.28709e-039   6.58125e-039   [-0.000024,0.000016,]
[19,18,]   379   6.96228e-008   -7.0531e-039   7.40106e-039   [-0.000007,0.000020,]
[0,19,]   380   7.33873e-008   -8.25433e-039   8.22087e-039   [-0.000016,0.000017,]
[1,19,]   381   1.58815e-007   -6.76734e-039   7.40106e-039   [-0.000038,0.000012,]
[2,19,]   382   4.64074e-007   -5.65391e-039   6.67234e-039   [-0.000026,0.000010,]
[3,19,]   383   1.35314e-006   -4.85877e-039   6.03471e-039   [-0.000020,0.000010,]
[4,19,]   384   3.59568e-006   -4.31473e-039   5.48817e-039   [-0.000012,0.000010,]
[5,19,]   385   8.44638e-006   -3.79571e-039   5.03272e-039   [-0.000006,0.000011,]
[6,19,]   386   1.67977e-005   -3.39603e-039   4.66836e-039   [-0.000001,0.000011,]
[7,19,]   387   2.787e-005   -3.11376e-039   4.39509e-039   [0.000003,0.000011,]
[8,19,]   388   3.8668e-005   -2.94652e-039   4.21291e-039   [0.000006,0.000010,]
[9,19,]   389   4.53471e-005   -2.87242e-039   4.12182e-039   [0.000008,0.000010,]
[10,19,]   390   4.52359e-005   -2.87484e-039   4.12182e-039   [0.000008,0.000009,]
[11,19,]   391   3.81804e-005   -2.97857e-039   4.21291e-039   [0.000006,0.000009,]
[12,19,]   392   2.71082e-005   -3.17094e-039   4.39509e-039   [0.000003,0.000009,]
[13,19,]   393   1.60811e-005   -3.43423e-039   4.66836e-039   [-0.000001,0.000009,]
[14,19,]   394   7.89412e-006   -3.77745e-039   5.03272e-039   [-0.000006,0.000008,]
[15,19,]   395   3.18896e-006   -4.21726e-039   5.48817e-039   [-0.000014,0.000009,]
[16,19,]   396   1.07123e-006   -4.84815e-039   6.03471e-039   [-0.000021,0.000010,]
[17,19,]   397   3.25111e-007   -5.54136e-039   6.67234e-039   [-0.000028,0.000014,]
[18,19,]   398   9.66522e-008   -5.98328e-039   7.40106e-039   [-0.000018,0.000020,]
[19,19,]   399   2.24473e-008   -8.8477e-039   8.22087e-039   [-0.000002,0.000026,]
