coordinates  index   rho      Q      V    velocities 
[0,0,]   0   3.19504e-008   -8.59977e-039   8.22087e-039   [0.000029,-0.000003,]
[1,0,]   1   1.11482e-007   -6.10526e-039   7.40106e-039   [0.000026,-0.000003,]
[2,0,]   2   3.61421e-007   -5.47761e-039   6.67234e-039   [0.000027,-0.000001,]
[3,0,]   3   1.1351e-006   -4.77442e-039   6.03471e-039   [0.000020,0.000002,]
[4,0,]   4   3.22495e-006   -4.16149e-039   5.48817e-039   [0.000013,0.000003,]
[5,0,]   5   7.79565e-006   -3.6957e-039   5.03272e-039   [0.000006,0.000004,]
[6,0,]   6   1.57073e-005   -3.33528e-039   4.66836e-039   [0.000000,0.000004,]
[7,0,]   7   2.63299e-005   -3.06576e-039   4.39509e-039   [-0.000003,0.000004,]
[8,0,]   8   3.69355e-005   -2.88183e-039   4.21291e-039   [-0.000006,0.000004,]
[9,0,]   9   4.36599e-005   -2.78806e-039   4.12182e-039   [-0.000008,0.000003,]
[10,0,]   10   4.37077e-005   -2.78851e-039   4.12182e-039   [-0.000008,0.000002,]
[11,0,]   11   3.71076e-005   -2.8762e-039   4.21291e-039   [-0.000006,0.000002,]
[12,0,]   12   2.65752e-005   -3.05422e-039   4.39509e-039   [-0.000003,0.000001,]
[13,0,]   13   1.59212e-005   -3.32906e-039   4.66836e-039   [0.000000,0.000001,]
[14,0,]   14   7.94456e-006   -3.70529e-039   5.03272e-039   [0.000005,0.000001,]
[15,0,]   15   3.32624e-006   -4.19096e-039   5.48817e-039   [0.000013,0.000002,]
[16,0,]   16   1.20323e-006   -4.77441e-039   6.03471e-039   [0.000020,0.000004,]
[17,0,]   17   3.9403e-007   -5.49293e-039   6.67234e-039   [0.000026,0.000006,]
[18,0,]   18   1.24657e-007   -6.30603e-039   7.40106e-039   [0.000031,0.000008,]
[19,0,]   19   4.15993e-008   -8.48743e-039   8.22087e-039   [0.000031,0.000009,]
[0,1,]   20   1.27964e-007   -5.97414e-039   7.40106e-039   [0.000029,-0.000011,]
[1,1,]   21   4.28234e-007   -4.03178e-039   6.58125e-039   [0.000029,-0.000009,]
[2,1,]   22   1.34909e-006   -3.83267e-039   5.85253e-039   [0.000030,-0.000006,]
[3,1,]   23   4.22454e-006   -3.26266e-039   5.2149e-039   [0.000023,-0.000003,]
[4,1,]   24   1.21153e-005   -2.6067e-039   4.66836e-039   [0.000014,-0.000001,]
[5,1,]   25   2.95283e-005   -2.08259e-039   4.21291e-039   [0.000006,0.000000,]
[6,1,]   26   5.96872e-005   -1.69586e-039   3.84855e-039   [0.000000,0.000001,]
[7,1,]   27   9.99045e-005   -1.43315e-039   3.57528e-039   [-0.000004,0.000001,]
[8,1,]   28   0.000139533   -1.27406e-039   3.3931e-039   [-0.000007,0.000000,]
[9,1,]   29   0.00016409   -1.20481e-039   3.30201e-039   [-0.000008,-0.000001,]
[10,1,]   30   0.000163607   -1.21473e-039   3.30201e-039   [-0.000008,-0.000002,]
[11,1,]   31   0.00013863   -1.29213e-039   3.3931e-039   [-0.000007,-0.000003,]
[12,1,]   32   9.92502e-005   -1.4516e-039   3.57528e-039   [-0.000004,-0.000003,]
[13,1,]   33   5.94753e-005   -1.71759e-039   3.84855e-039   [0.000000,-0.000004,]
[14,1,]   34   2.96909e-005   -2.10473e-039   4.21291e-039   [0.000006,-0.000003,]
[15,1,]   35   1.24641e-005   -2.60664e-039   4.66836e-039   [0.000014,-0.000002,]
[16,1,]   36   4.55974e-006   -3.14216e-039   5.2149e-039   [0.000022,-0.000000,]
[17,1,]   37   1.53557e-006   -3.64654e-039   5.85253e-039   [0.000028,0.000002,]
[18,1,]   38   5.08333e-007   -4.05196e-039   6.58125e-039   [0.000031,0.000004,]
[19,1,]   39   1.77116e-007   -5.68747e-039   7.40106e-039   [0.000029,0.000003,]
[0,2,]   40   4.57502e-007   -4.79021e-039   6.67234e-039   [0.000028,-0.000009,]
[1,2,]   41   1.43215e-006   -3.12382e-039   5.85253e-039   [0.000031,-0.000008,]
[2,2,]   42   4.26179e-006   -3.07485e-039   5.12381e-039   [0.000034,-0.000005,]
[3,2,]   43   1.30504e-005   -2.56321e-039   4.48618e-039   [0.000026,-0.000002,]
[4,2,]   44   3.75048e-005   -1.89456e-039   3.93964e-039   [0.000016,0.000001,]
[5,2,]   45   9.19979e-005   -1.35542e-039   3.48419e-039   [0.000007,0.000002,]
[6,2,]   46   0.000186515   -9.61539e-040   3.11983e-039   [0.000001,0.000003,]
[7,2,]   47   0.000311817   -6.97976e-040   2.84656e-039   [-0.000004,0.000002,]
[8,2,]   48   0.00043401   -5.40362e-040   2.66438e-039   [-0.000008,0.000002,]
[9,2,]   49   0.000508802   -4.71286e-040   2.57329e-039   [-0.000010,0.000001,]
[10,2,]   50   0.000506889   -4.77449e-040   2.57329e-039   [-0.000010,-0.000001,]
[11,2,]   51   0.000430316   -5.46443e-040   2.66438e-039   [-0.000008,-0.000002,]
[12,2,]   52   0.000308979   -6.97781e-040   2.84656e-039   [-0.000004,-0.000003,]
[13,2,]   53   0.000185416   -9.62574e-040   3.11983e-039   [0.000001,-0.000003,]
[14,2,]   54   9.24213e-005   -1.36017e-039   3.48419e-039   [0.000007,-0.000002,]
[15,2,]   55   3.87064e-005   -1.88388e-039   3.93964e-039   [0.000016,-0.000001,]
[16,2,]   56   1.42441e-005   -2.4311e-039   4.48618e-039   [0.000025,0.000002,]
[17,2,]   57   4.93285e-006   -2.89877e-039   5.12381e-039   [0.000031,0.000005,]
[18,2,]   58   1.72164e-006   -3.20948e-039   5.85253e-039   [0.000032,0.000007,]
[19,2,]   59   6.33322e-007   -4.62633e-039   6.67234e-039   [0.000028,0.000006,]
[0,3,]   60   1.38897e-006   -3.67409e-039   6.03471e-039   [0.000027,-0.000010,]
[1,3,]   61   4.01677e-006   -2.31989e-039   5.2149e-039   [0.000033,-0.000010,]
[2,3,]   62   1.1068e-005   -2.44535e-039   4.48618e-039   [0.000037,-0.000007,]
[3,3,]   63   3.27562e-005   -2.00264e-039   3.84855e-039   [0.000030,-0.000002,]
[4,3,]   64   9.43344e-005   -1.30047e-039   3.30201e-039   [0.000019,0.000001,]
[5,3,]   65   0.000233509   -7.31305e-040   2.84656e-039   [0.000008,0.000003,]
[6,3,]   66   0.000475418   -3.24785e-040   2.4822e-039   [0.000001,0.000004,]
[7,3,]   67   0.000793405   -6.13416e-041   2.20893e-039   [-0.000005,0.000003,]
[8,3,]   68   0.00109883   8.98968e-041   2.02675e-039   [-0.000009,0.000002,]
[9,3,]   69   0.00128246   1.5233e-040   1.93566e-039   [-0.000011,0.000001,]
[10,3,]   70   0.00127637   1.44391e-040   1.93566e-039   [-0.000011,-0.000001,]
[11,3,]   71   0.00108684   8.07866e-041   2.02675e-039   [-0.000009,-0.000002,]
[12,3,]   72   0.000783859   -6.38259e-041   2.20893e-039   [-0.000005,-0.000003,]
[13,3,]   73   0.000471367   -3.28637e-040   2.4822e-039   [0.000001,-0.000004,]
[14,3,]   74   0.000234384   -7.38533e-040   2.84656e-039   [0.000008,-0.000003,]
[15,3,]   75   9.77689e-005   -1.28587e-039   3.30201e-039   [0.000018,-0.000001,]
[16,3,]   76   3.62642e-005   -1.83565e-039   3.84855e-039   [0.000028,0.000002,]
[17,3,]   77   1.30565e-005   -2.23025e-039   4.48618e-039   [0.000034,0.000006,]
[18,3,]   78   4.87789e-006   -2.41063e-039   5.2149e-039   [0.000033,0.000008,]
[19,3,]   79   1.9082e-006   -3.58207e-039   6.03471e-039   [0.000026,0.000007,]
[0,4,]   80   3.58381e-006   -2.54747e-039   5.48817e-039   [0.000025,-0.000011,]
[1,4,]   81   9.46406e-006   -1.55359e-039   4.66836e-039   [0.000034,-0.000011,]
[2,4,]   82   2.35068e-005   -1.90424e-039   3.93964e-039   [0.000042,-0.000009,]
[3,4,]   83   6.59194e-005   -1.58353e-039   3.30201e-039   [0.000035,-0.000003,]
[4,4,]   84   0.000190201   -8.32148e-040   2.75547e-039   [0.000022,0.000002,]
[5,4,]   85   0.000477274   -2.16894e-040   2.30002e-039   [0.000009,0.000004,]
[6,4,]   86   0.000977879   2.0853e-040   1.93566e-039   [0.000001,0.000005,]
[7,4,]   87   0.00162746   4.72127e-040   1.66239e-039   [-0.000006,0.000005,]
[8,4,]   88   0.00223676   6.1416e-040   1.48021e-039   [-0.000010,0.000003,]
[9,4,]   89   0.00259288   6.66945e-040   1.38912e-039   [-0.000013,0.000001,]
[10,4,]   90   0.00257731   6.5668e-040   1.38912e-039   [-0.000013,-0.000001,]
[11,4,]   91   0.00220569   6.01332e-040   1.48021e-039   [-0.000010,-0.000003,]
[12,4,]   92   0.00160214   4.66654e-040   1.66239e-039   [-0.000006,-0.000005,]
[13,4,]   93   0.000966534   2.01506e-040   1.93566e-039   [0.000001,-0.000005,]
[14,4,]   94   0.000478664   -2.2725e-040   2.30002e-039   [0.000009,-0.000004,]
[15,4,]   95   0.000198284   -8.11837e-040   2.75547e-039   [0.000022,-0.000002,]
[16,4,]   96   7.43675e-005   -1.36554e-039   3.30201e-039   [0.000033,0.000003,]
[17,4,]   97   2.83263e-005   -1.64524e-039   3.93964e-039   [0.000037,0.000008,]
[18,4,]   98   1.15586e-005   -1.66373e-039   4.66836e-039   [0.000033,0.000010,]
[19,4,]   99   4.84027e-006   -2.56033e-039   5.48817e-039   [0.000024,0.000008,]
[0,5,]   100   7.89061e-006   -1.38929e-039   5.03272e-039   [0.000023,-0.000012,]
[1,5,]   101   1.88605e-005   -7.92552e-040   4.21291e-039   [0.000033,-0.000014,]
[2,5,]   102   4.07532e-005   -1.41779e-039   3.48419e-039   [0.000046,-0.000013,]
[3,5,]   103   0.000104442   -1.33085e-039   2.84656e-039   [0.000043,-0.000005,]
[4,5,]   104   0.000301624   -5.03772e-040   2.30002e-039   [0.000027,0.000002,]
[5,5,]   105   0.000773917   1.88969e-040   1.84457e-039   [0.000011,0.000006,]
[6,5,]   106   0.00160187   6.44527e-040   1.48021e-039   [0.000001,0.000007,]
[7,5,]   107   0.00265368   9.09125e-040   1.20694e-039   [-0.000007,0.000007,]
[8,5,]   108   0.00360098   1.03751e-039   1.02476e-039   [-0.000012,0.000005,]
[9,5,]   109   0.0041273   1.07461e-039   9.33673e-040   [-0.000016,0.000002,]
[10,5,]   110   0.00409546   1.06126e-039   9.33673e-040   [-0.000016,-0.000002,]
[11,5,]   111   0.00353678   1.01944e-039   1.02476e-039   [-0.000012,-0.000005,]
[12,5,]   112   0.00260051   8.99761e-040   1.20694e-039   [-0.000007,-0.000007,]
[13,5,]   113   0.00157721   6.33385e-040   1.48021e-039   [0.000001,-0.000007,]
[14,5,]   114   0.000775517   1.73979e-040   1.84457e-039   [0.000011,-0.000006,]
[15,5,]   115   0.000317137   -4.73681e-040   2.30002e-039   [0.000026,-0.000002,]
[16,5,]   116   0.000120965   -1.03094e-039   2.84656e-039   [0.000040,0.000004,]
[17,5,]   117   5.02221e-005   -1.11514e-039   3.48419e-039   [0.000041,0.000011,]
[18,5,]   118   2.29916e-005   -9.40918e-040   4.21291e-039   [0.000031,0.000012,]
[19,5,]   119   1.03612e-005   -1.53504e-039   5.03272e-039   [0.000021,0.000008,]
[0,6,]   120   1.48781e-005   -2.16331e-040   4.66836e-039   [0.000020,-0.000013,]
[1,6,]   121   3.21052e-005   -2.28203e-041   3.84855e-039   [0.000031,-0.000016,]
[2,6,]   122   5.78699e-005   -9.16914e-040   3.11983e-039   [0.000050,-0.000018,]
[3,6,]   123   0.000126265   -1.32245e-039   2.4822e-039   [0.000054,-0.000009,]
[4,6,]   124   0.000363754   -3.63215e-040   1.93566e-039   [0.000035,0.000004,]
[5,6,]   125   0.000972125   4.64277e-040   1.48021e-039   [0.000014,0.000010,]
[6,6,]   126   0.00204871   9.73566e-040   1.11585e-039   [0.000001,0.000011,]
[7,6,]   127   0.00336508   1.2416e-039   8.42583e-040   [-0.000008,0.000010,]
[8,6,]   128   0.0044596   1.3475e-039   6.60403e-040   [-0.000015,0.000008,]
[9,6,]   129   0.00500432   1.37e-039   5.69313e-040   [-0.000020,0.000003,]
[10,6,]   130   0.00495248   1.34951e-039   5.69313e-040   [-0.000020,-0.000003,]
[11,6,]   131   0.0043553   1.3208e-039   6.60403e-040   [-0.000016,-0.000008,]
[12,6,]   132   0.00327777   1.22655e-039   8.42583e-040   [-0.000008,-0.000011,]
[13,6,]   133   0.00200728   9.56351e-040   1.11585e-039   [0.000001,-0.000011,]
[14,6,]   134   0.000973306   4.41492e-040   1.48021e-039   [0.000014,-0.000010,]
[15,6,]   135   0.000387598   -3.17298e-040   1.93566e-039   [0.000033,-0.000004,]
[16,6,]   136   0.000152093   -8.65922e-040   2.4822e-039   [0.000050,0.000007,]
[17,6,]   137   7.26954e-005   -5.93238e-040   3.11983e-039   [0.000045,0.000015,]
[18,6,]   138   3.86086e-005   -2.25255e-040   3.84855e-039   [0.000028,0.000014,]
[19,6,]   139   1.8762e-005   -5.00974e-040   4.66836e-039   [0.000016,0.000009,]
[0,7,]   140   2.41077e-005   8.96574e-040   4.39509e-039   [0.000016,-0.000014,]
[1,7,]   141   4.73134e-005   7.29755e-040   3.57528e-039   [0.000027,-0.000018,]
[2,7,]   142   6.864e-005   -2.17923e-040   2.84656e-039   [0.000051,-0.000025,]
[3,7,]   143   0.000109883   -1.83529e-039   2.20893e-039   [0.000072,-0.000016,]
[4,7,]   144   0.000311214   -6.61704e-040   1.66239e-039   [0.000049,0.000008,]
[5,7,]   145   0.000911415   5.37755e-040   1.20694e-039   [0.000018,0.000018,]
[6,7,]   146   0.00199092   1.14808e-039   8.42583e-040   [0.000001,0.000020,]
[7,7,]   147   0.00321264   1.42821e-039   5.69313e-040   [-0.000010,0.000018,]
[8,7,]   148   0.00404743   1.5073e-039   3.87133e-040   [-0.000020,0.000014,]
[9,7,]   149   0.00431499   1.45222e-039   2.96043e-040   [-0.000028,0.000005,]
[10,7,]   150   0.0042516   1.41649e-039   2.96043e-040   [-0.000028,-0.000006,]
[11,7,]   151   0.00391895   1.46412e-039   3.87133e-040   [-0.000021,-0.000014,]
[12,7,]   152   0.0031036   1.39968e-039   5.69313e-040   [-0.000010,-0.000019,]
[13,7,]   153   0.00193838   1.11763e-039   8.42583e-040   [0.000002,-0.000020,]
[14,7,]   154   0.00091183   4.99754e-040   1.20694e-039   [0.000018,-0.000017,]
[15,7,]   155   0.000339839   -5.53514e-040   1.66239e-039   [0.000046,-0.000008,]
[16,7,]   156   0.000140847   -1.03412e-039   2.20893e-039   [0.000066,0.000012,]
[17,7,]   157   8.64972e-005   3.50535e-041   2.84656e-039   [0.000046,0.000021,]
[18,7,]   158   5.522e-005   4.8179e-040   3.57528e-039   [0.000023,0.000016,]
[19,7,]   159   2.88278e-005   5.18259e-040   4.39509e-039   [0.000011,0.000009,]
[0,8,]   160   3.36812e-005   1.79792e-039   4.21291e-039   [0.000011,-0.000014,]
[1,8,]   161   6.13163e-005   1.37489e-039   3.3931e-039   [0.000019,-0.000020,]
[2,8,]   162   7.16952e-005   9.57361e-040   2.66438e-039   [0.000042,-0.000035,]
[3,8,]   163   6.27105e-005   -3.94607e-039   2.02675e-039   [0.000101,-0.000033,]
[4,8,]   164   0.000162129   -2.49005e-039   1.48021e-039   [0.000078,0.000028,]
[5,8,]   165   0.000608061   -1.99473e-041   1.02476e-039   [0.000022,0.000037,]
[6,8,]   166   0.00144048   8.98197e-040   6.60403e-040   [0.000001,0.000038,]
[7,8,]   167   0.00222874   1.19444e-039   3.87133e-040   [-0.000013,0.000037,]
[8,8,]   168   0.00246193   1.10339e-039   2.04953e-040   [-0.000029,0.000032,]
[9,8,]   169   0.00226199   9.49459e-040   1.13863e-040   [-0.000046,0.000021,]
[10,8,]   170   0.00221098   8.87991e-040   1.13863e-040   [-0.000046,-0.000008,]
[11,8,]   171   0.00235038   9.79227e-040   2.04953e-040   [-0.000029,-0.000034,]
[12,8,]   172   0.00213298   1.11177e-039   3.87133e-040   [-0.000013,-0.000039,]
[13,8,]   173   0.00139407   8.25685e-040   6.60403e-040   [0.000002,-0.000039,]
[14,8,]   174   0.000607826   -9.85042e-041   1.02476e-039   [0.000023,-0.000037,]
[15,8,]   175   0.00018656   -2.01447e-039   1.48021e-039   [0.000071,-0.000015,]
[16,8,]   176   8.86353e-005   -2.10058e-039   2.02675e-039   [0.000092,0.000033,]
[17,8,]   177   8.69194e-005   9.54167e-040   2.66438e-039   [0.000039,0.000029,]
[18,8,]   178   6.81349e-005   1.14462e-039   3.3931e-039   [0.000015,0.000018,]
[19,8,]   179   3.77415e-005   1.44394e-039   4.21291e-039   [0.000005,0.000010,]
[0,9,]   180   4.06753e-005   2.28213e-039   4.12182e-039   [0.000005,-0.000013,]
[1,9,]   181   7.07064e-005   1.70596e-039   3.30201e-039   [0.000007,-0.000021,]
[2,9,]   182   7.23643e-005   2.27641e-039   2.57329e-039   [0.000021,-0.000041,]
[3,9,]   183   2.6141e-005   -9.46767e-039   1.93566e-039   [0.000110,-0.000100,]
[4,9,]   184   3.48975e-005   -1.93164e-038   1.38912e-039   [0.000141,0.000120,]
[5,9,]   185   0.000318259   -2.3164e-039   9.33673e-040   [0.000009,0.000084,]
[6,9,]   186   0.000884552   -3.30094e-040   5.69313e-040   [-0.000001,0.000073,]
[7,9,]   187   0.00124947   -2.53539e-040   2.96043e-040   [-0.000009,0.000078,]
[8,9,]   188   0.000967984   -2.23058e-039   1.13863e-040   [-0.000022,0.000100,]
[9,9,]   189   0.000420899   -1.08907e-038   2.27725e-041   [-0.000098,0.000110,]
[10,9,]   190   0.000399928   -1.17196e-038   2.27725e-041   [-0.000113,-0.000097,]
[11,9,]   191   0.000920403   -2.62256e-039   1.13863e-040   [-0.000037,-0.000102,]
[12,9,]   192   0.0012108   -3.71291e-040   2.96043e-040   [-0.000009,-0.000081,]
[13,9,]   193   0.000866284   -4.07779e-040   5.69313e-040   [0.000003,-0.000075,]
[14,9,]   194   0.000317622   -2.4926e-039   9.33673e-040   [0.000023,-0.000085,]
[15,9,]   195   4.40787e-005   -1.55187e-038   1.38912e-039   [0.000137,-0.000108,]
[16,9,]   196   3.65893e-005   -5.88925e-039   1.93566e-039   [0.000086,0.000103,]
[17,9,]   197   7.85952e-005   2.07284e-039   2.57329e-039   [0.000014,0.000038,]
[18,9,]   198   7.34813e-005   1.60267e-039   3.30201e-039   [0.000004,0.000020,]
[19,9,]   199   4.23363e-005   2.11792e-039   4.12182e-039   [-0.000001,0.000011,]
[0,10,]   200   4.22537e-005   2.118e-039   4.12182e-039   [-0.000000,-0.000011,]
[1,10,]   201   7.34403e-005   1.60326e-039   3.30201e-039   [-0.000004,-0.000020,]
[2,10,]   202   7.85952e-005   2.07451e-039   2.57329e-039   [-0.000014,-0.000038,]
[3,10,]   203   3.65893e-005   -5.88925e-039   1.93566e-039   [-0.000086,-0.000103,]
[4,10,]   204   4.40787e-005   -1.55187e-038   1.38912e-039   [-0.000137,0.000108,]
[5,10,]   205   0.000317622   -2.4926e-039   9.33673e-040   [-0.000023,0.000085,]
[6,10,]   206   0.000866284   -4.07779e-040   5.69313e-040   [-0.000003,0.000075,]
[7,10,]   207   0.0012108   -3.71291e-040   2.96043e-040   [0.000009,0.000081,]
[8,10,]   208   0.000920403   -2.62256e-039   1.13863e-040   [0.000037,0.000102,]
[9,10,]   209   0.000399928   -1.17196e-038   2.27725e-041   [0.000113,0.000097,]
[10,10,]   210   0.000420899   -1.08907e-038   2.27725e-041   [0.000098,-0.000110,]
[11,10,]   211   0.000967984   -2.23058e-039   1.13863e-040   [0.000022,-0.000100,]
[12,10,]   212   0.00124947   -2.53539e-040   2.96043e-040   [0.000009,-0.000078,]
[13,10,]   213   0.000884552   -3.30094e-040   5.69313e-040   [0.000001,-0.000073,]
[14,10,]   214   0.000318259   -2.3164e-039   9.33673e-040   [-0.000009,-0.000084,]
[15,10,]   215   3.48975e-005   -1.93164e-038   1.38912e-039   [-0.000141,-0.000120,]
[16,10,]   216   2.6141e-005   -9.46769e-039   1.93566e-039   [-0.000110,0.000100,]
[17,10,]   217   7.23646e-005   2.27463e-039   2.57329e-039   [-0.000021,0.000041,]
[18,10,]   218   7.07493e-005   1.70546e-039   3.30201e-039   [-0.000007,0.000021,]
[19,10,]   219   4.07599e-005   2.28208e-039   4.12182e-039   [-0.000007,0.000013,]
[0,11,]   220   3.7712e-005   1.44425e-039   4.21291e-039   [-0.000005,-0.000010,]
[1,11,]   221   6.81208e-005   1.14509e-039   3.3931e-039   [-0.000015,-0.000018,]
[2,11,]   222   8.69196e-005   9.54753e-040   2.66438e-039   [-0.000039,-0.000029,]
[3,11,]   223   8.86353e-005   -2.10058e-039   2.02675e-039   [-0.000092,-0.000033,]
[4,11,]   224   0.00018656   -2.01447e-039   1.48021e-039   [-0.000071,0.000015,]
[5,11,]   225   0.000607826   -9.85043e-041   1.02476e-039   [-0.000023,0.000037,]
[6,11,]   226   0.00139407   8.25685e-040   6.60403e-040   [-0.000002,0.000039,]
[7,11,]   227   0.00213298   1.11177e-039   3.87133e-040   [0.000013,0.000039,]
[8,11,]   228   0.00235038   9.79227e-040   2.04953e-040   [0.000029,0.000034,]
[9,11,]   229   0.00221098   8.87991e-040   1.13863e-040   [0.000046,0.000008,]
[10,11,]   230   0.00226199   9.49459e-040   1.13863e-040   [0.000046,-0.000021,]
[11,11,]   231   0.00246193   1.10339e-039   2.04953e-040   [0.000029,-0.000032,]
[12,11,]   232   0.00222874   1.19444e-039   3.87133e-040   [0.000013,-0.000037,]
[13,11,]   233   0.00144048   8.98197e-040   6.60403e-040   [-0.000001,-0.000038,]
[14,11,]   234   0.000608061   -1.99472e-041   1.02476e-039   [-0.000022,-0.000037,]
[15,11,]   235   0.000162129   -2.49005e-039   1.48021e-039   [-0.000078,-0.000028,]
[16,11,]   236   6.27105e-005   -3.94608e-039   2.02675e-039   [-0.000101,0.000033,]
[17,11,]   237   7.16955e-005   9.56595e-040   2.66438e-039   [-0.000042,0.000035,]
[18,11,]   238   6.13341e-005   1.37446e-039   3.3931e-039   [-0.000019,0.000020,]
[19,11,]   239   3.37152e-005   1.79746e-039   4.21291e-039   [-0.000012,0.000014,]
[0,12,]   240   2.88546e-005   5.18893e-040   4.39509e-039   [-0.000010,-0.000009,]
[1,12,]   241   5.52334e-005   4.81699e-040   3.57528e-039   [-0.000023,-0.000016,]
[2,12,]   242   8.6497e-005   3.44499e-041   2.84656e-039   [-0.000046,-0.000021,]
[3,12,]   243   0.000140847   -1.03411e-039   2.20893e-039   [-0.000066,-0.000012,]
[4,12,]   244   0.000339839   -5.53515e-040   1.66239e-039   [-0.000046,0.000008,]
[5,12,]   245   0.00091183   4.99755e-040   1.20694e-039   [-0.000018,0.000017,]
[6,12,]   246   0.00193838   1.11763e-039   8.42583e-040   [-0.000002,0.000020,]
[7,12,]   247   0.0031036   1.39968e-039   5.69313e-040   [0.000010,0.000019,]
[8,12,]   248   0.00391895   1.46412e-039   3.87133e-040   [0.000021,0.000014,]
[9,12,]   249   0.0042516   1.41649e-039   2.96043e-040   [0.000028,0.000006,]
[10,12,]   250   0.00431499   1.45222e-039   2.96043e-040   [0.000028,-0.000005,]
[11,12,]   251   0.00404743   1.5073e-039   3.87133e-040   [0.000020,-0.000014,]
[12,12,]   252   0.00321264   1.42821e-039   5.69313e-040   [0.000010,-0.000018,]
[13,12,]   253   0.00199092   1.14808e-039   8.42583e-040   [-0.000001,-0.000020,]
[14,12,]   254   0.000911415   5.37755e-040   1.20694e-039   [-0.000018,-0.000018,]
[15,12,]   255   0.000311214   -6.61704e-040   1.66239e-039   [-0.000049,-0.000008,]
[16,12,]   256   0.000109883   -1.83528e-039   2.20893e-039   [-0.000072,0.000016,]
[17,12,]   257   6.86397e-005   -2.17453e-040   2.84656e-039   [-0.000051,0.000025,]
[18,12,]   258   4.73041e-005   7.2978e-040   3.57528e-039   [-0.000027,0.000018,]
[19,12,]   259   2.40894e-005   8.9593e-040   4.39509e-039   [-0.000015,0.000014,]
[0,13,]   260   1.88133e-005   -4.99669e-040   4.66836e-039   [-0.000014,-0.000009,]
[1,13,]   261   3.86335e-005   -2.26207e-040   3.84855e-039   [-0.000028,-0.000014,]
[2,13,]   262   7.26947e-005   -5.94739e-040   3.11983e-039   [-0.000045,-0.000015,]
[3,13,]   263   0.000152093   -8.65901e-040   2.4822e-039   [-0.000050,-0.000007,]
[4,13,]   264   0.000387598   -3.17299e-040   1.93566e-039   [-0.000033,0.000004,]
[5,13,]   265   0.000973306   4.41493e-040   1.48021e-039   [-0.000014,0.000010,]
[6,13,]   266   0.00200728   9.56351e-040   1.11585e-039   [-0.000001,0.000011,]
[7,13,]   267   0.00327777   1.22655e-039   8.42583e-040   [0.000008,0.000011,]
[8,13,]   268   0.0043553   1.3208e-039   6.60403e-040   [0.000016,0.000008,]
[9,13,]   269   0.00495248   1.34951e-039   5.69313e-040   [0.000020,0.000003,]
[10,13,]   270   0.00500432   1.37e-039   5.69313e-040   [0.000020,-0.000003,]
[11,13,]   271   0.0044596   1.3475e-039   6.60403e-040   [0.000015,-0.000008,]
[12,13,]   272   0.00336508   1.2416e-039   8.42583e-040   [0.000008,-0.000010,]
[13,13,]   273   0.00204871   9.73566e-040   1.11585e-039   [-0.000001,-0.000011,]
[14,13,]   274   0.000972125   4.64277e-040   1.48021e-039   [-0.000014,-0.000010,]
[15,13,]   275   0.000363754   -3.63214e-040   1.93566e-039   [-0.000035,-0.000004,]
[16,13,]   276   0.000126265   -1.32242e-039   2.4822e-039   [-0.000054,0.000009,]
[17,13,]   277   5.7869e-005   -9.15507e-040   3.11983e-039   [-0.000050,0.000018,]
[18,13,]   278   3.20838e-005   -2.20313e-041   3.84855e-039   [-0.000031,0.000016,]
[19,13,]   279   1.48369e-005   -2.17622e-040   4.66836e-039   [-0.000018,0.000013,]
[0,14,]   280   1.04065e-005   -1.53293e-039   5.03272e-039   [-0.000018,-0.000008,]
[1,14,]   281   2.30133e-005   -9.42879e-040   4.21291e-039   [-0.000031,-0.000012,]
[2,14,]   282   5.02214e-005   -1.1172e-039   3.48419e-039   [-0.000041,-0.000011,]
[3,14,]   283   0.000120965   -1.03091e-039   2.84656e-039   [-0.000040,-0.000004,]
[4,14,]   284   0.000317137   -4.73683e-040   2.30002e-039   [-0.000026,0.000002,]
[5,14,]   285   0.000775517   1.73979e-040   1.84457e-039   [-0.000011,0.000006,]
[6,14,]   286   0.00157721   6.33385e-040   1.48021e-039   [-0.000001,0.000007,]
[7,14,]   287   0.00260051   8.9976e-040   1.20694e-039   [0.000007,0.000007,]
[8,14,]   288   0.00353678   1.01944e-039   1.02476e-039   [0.000012,0.000005,]
[9,14,]   289   0.00409546   1.06126e-039   9.33673e-040   [0.000016,0.000002,]
[10,14,]   290   0.0041273   1.07461e-039   9.33673e-040   [0.000016,-0.000002,]
[11,14,]   291   0.00360098   1.03751e-039   1.02476e-039   [0.000012,-0.000005,]
[12,14,]   292   0.00265368   9.09125e-040   1.20694e-039   [0.000007,-0.000007,]
[13,14,]   293   0.00160187   6.44526e-040   1.48021e-039   [-0.000001,-0.000007,]
[14,14,]   294   0.000773917   1.88968e-040   1.84457e-039   [-0.000011,-0.000006,]
[15,14,]   295   0.000301624   -5.03771e-040   2.30002e-039   [-0.000027,-0.000002,]
[16,14,]   296   0.000104442   -1.33081e-039   2.84656e-039   [-0.000043,0.000005,]
[17,14,]   297   4.07523e-005   -1.41582e-039   3.48419e-039   [-0.000046,0.000013,]
[18,14,]   298   1.88411e-005   -7.9077e-040   4.21291e-039   [-0.000033,0.000014,]
[19,14,]   299   7.85371e-006   -1.39171e-039   5.03272e-039   [-0.000020,0.000012,]
[0,15,]   300   4.86815e-006   -2.55722e-039   5.48817e-039   [-0.000020,-0.000008,]
[1,15,]   301   1.15718e-005   -1.66665e-039   4.66836e-039   [-0.000033,-0.000010,]
[2,15,]   302   2.83258e-005   -1.64761e-039   3.93964e-039   [-0.000037,-0.000008,]
[3,15,]   303   7.43676e-005   -1.3655e-039   3.30201e-039   [-0.000033,-0.000003,]
[4,15,]   304   0.000198284   -8.11838e-040   2.75547e-039   [-0.000022,0.000002,]
[5,15,]   305   0.000478664   -2.27249e-040   2.30002e-039   [-0.000009,0.000004,]
[6,15,]   306   0.000966534   2.01506e-040   1.93566e-039   [-0.000001,0.000005,]
[7,15,]   307   0.00160214   4.66654e-040   1.66239e-039   [0.000006,0.000005,]
[8,15,]   308   0.00220569   6.01332e-040   1.48021e-039   [0.000010,0.000003,]
[9,15,]   309   0.00257731   6.5668e-040   1.38912e-039   [0.000013,0.000001,]
[10,15,]   310   0.00259288   6.66945e-040   1.38912e-039   [0.000013,-0.000001,]
[11,15,]   311   0.00223676   6.14161e-040   1.48021e-039   [0.000010,-0.000003,]
[12,15,]   312   0.00162746   4.72127e-040   1.66239e-039   [0.000006,-0.000005,]
[13,15,]   313   0.000977879   2.08531e-040   1.93566e-039   [-0.000001,-0.000005,]
[14,15,]   314   0.000477274   -2.16894e-040   2.30002e-039   [-0.000009,-0.000004,]
[15,15,]   315   0.000190201   -8.32147e-040   2.75547e-039   [-0.000022,-0.000002,]
[16,15,]   316   6.59194e-005   -1.58349e-039   3.30201e-039   [-0.000035,0.000003,]
[17,15,]   317   2.35062e-005   -1.90197e-039   3.93964e-039   [-0.000042,0.000009,]
[18,15,]   318   9.45203e-006   -1.55077e-039   4.66836e-039   [-0.000034,0.000011,]
[19,15,]   319   3.56105e-006   -2.55142e-039   5.48817e-039   [-0.000021,0.000011,]
[0,16,]   320   1.92141e-006   -3.57776e-039   6.03471e-039   [-0.000022,-0.000007,]
[1,16,]   321   4.88414e-006   -2.41438e-039   5.2149e-039   [-0.000033,-0.000008,]
[2,16,]   322   1.30562e-005   -2.23279e-039   4.48618e-039   [-0.000034,-0.000006,]
[3,16,]   323   3.62643e-005   -1.8356e-039   3.84855e-039   [-0.000028,-0.000002,]
[4,16,]   324   9.77689e-005   -1.28587e-039   3.30201e-039   [-0.000018,0.000001,]
[5,16,]   325   0.000234384   -7.38531e-040   2.84656e-039   [-0.000008,0.000003,]
[6,16,]   326   0.000471368   -3.28636e-040   2.4822e-039   [-0.000001,0.000004,]
[7,16,]   327   0.00078386   -6.38247e-041   2.20893e-039   [0.000005,0.000003,]
[8,16,]   328   0.00108684   8.07886e-041   2.02675e-039   [0.000009,0.000002,]
[9,16,]   329   0.00127637   1.44394e-040   1.93566e-039   [0.000011,0.000001,]
[10,16,]   330   0.00128246   1.52334e-040   1.93566e-039   [0.000011,-0.000001,]
[11,16,]   331   0.00109883   8.99023e-041   2.02675e-039   [0.000009,-0.000002,]
[12,16,]   332   0.000793405   -6.13352e-041   2.20893e-039   [0.000005,-0.000003,]
[13,16,]   333   0.000475418   -3.24778e-040   2.4822e-039   [-0.000001,-0.000004,]
[14,16,]   334   0.000233509   -7.313e-040   2.84656e-039   [-0.000008,-0.000003,]
[15,16,]   335   9.43344e-005   -1.30046e-039   3.30201e-039   [-0.000019,-0.000001,]
[16,16,]   336   3.27562e-005   -2.00259e-039   3.84855e-039   [-0.000030,0.000002,]
[17,16,]   337   1.10677e-005   -2.44294e-039   4.48618e-039   [-0.000037,0.000007,]
[18,16,]   338   4.01104e-006   -2.31612e-039   5.2149e-039   [-0.000033,0.000010,]
[19,16,]   339   1.37818e-006   -3.67983e-039   6.03471e-039   [-0.000022,0.000010,]
[0,17,]   340   6.38318e-007   -4.61821e-039   6.67234e-039   [-0.000023,-0.000006,]
[1,17,]   341   1.72399e-006   -3.21174e-039   5.85253e-039   [-0.000032,-0.000007,]
[2,17,]   342   4.93272e-006   -2.89943e-039   5.12381e-039   [-0.000031,-0.000005,]
[3,17,]   343   1.42441e-005   -2.42922e-039   4.48618e-039   [-0.000025,-0.000002,]
[4,17,]   344   3.87064e-005   -1.88207e-039   3.93964e-039   [-0.000016,0.000001,]
[5,17,]   345   9.24213e-005   -1.35834e-039   3.48419e-039   [-0.000007,0.000002,]
[6,17,]   346   0.000185416   -9.60736e-040   3.11983e-039   [-0.000001,0.000003,]
[7,17,]   347   0.000308979   -6.95949e-040   2.84656e-039   [0.000004,0.000003,]
[8,17,]   348   0.000430316   -5.44627e-040   2.66438e-039   [0.000008,0.000002,]
[9,17,]   349   0.000506889   -4.75649e-040   2.57329e-039   [0.000010,0.000001,]
[10,17,]   350   0.000508802   -4.69488e-040   2.57329e-039   [0.000010,-0.000001,]
[11,17,]   351   0.000434009   -5.38554e-040   2.66438e-039   [0.000008,-0.000002,]
[12,17,]   352   0.000311816   -6.96155e-040   2.84656e-039   [0.000004,-0.000003,]
[13,17,]   353   0.000186515   -9.59713e-040   3.11983e-039   [-0.000001,-0.000003,]
[14,17,]   354   9.19977e-005   -1.35361e-039   3.48419e-039   [-0.000007,-0.000002,]
[15,17,]   355   3.75048e-005   -1.89276e-039   3.93964e-039   [-0.000016,-0.000001,]
[16,17,]   356   1.30504e-005   -2.56132e-039   4.48618e-039   [-0.000026,0.000002,]
[17,17,]   357   4.26167e-006   -3.07035e-039   5.12381e-039   [-0.000034,0.000005,]
[18,17,]   358   1.42998e-006   -3.11687e-039   5.85253e-039   [-0.000031,0.000008,]
[19,17,]   359   4.53409e-007   -4.7951e-039   6.67234e-039   [-0.000022,0.000009,]
[0,18,]   360   1.78376e-007   -5.67649e-039   7.40106e-039   [-0.000023,-0.000003,]
[1,18,]   361   5.08364e-007   -4.05123e-039   6.58125e-039   [-0.000031,-0.000004,]
[2,18,]   362   1.53372e-006   -3.64371e-039   5.85253e-039   [-0.000028,-0.000002,]
[3,18,]   363   4.55485e-006   -3.13685e-039   5.2149e-039   [-0.000022,0.000000,]
[4,18,]   364   1.24511e-005   -2.60147e-039   4.66836e-039   [-0.000014,0.000002,]
[5,18,]   365   2.96596e-005   -2.09958e-039   4.21291e-039   [-0.000006,0.000003,]
[6,18,]   366   5.94121e-005   -1.71244e-039   3.84855e-039   [-0.000000,0.000004,]
[7,18,]   367   9.91451e-005   -1.44647e-039   3.57528e-039   [0.000004,0.000003,]
[8,18,]   368   0.000138484   -1.28703e-039   3.3931e-039   [0.000007,0.000003,]
[9,18,]   369   0.000163437   -1.20964e-039   3.30201e-039   [0.000008,0.000002,]
[10,18,]   370   0.000163918   -1.19972e-039   3.30201e-039   [0.000008,0.000001,]
[11,18,]   371   0.000139386   -1.26894e-039   3.3931e-039   [0.000007,-0.000000,]
[12,18,]   372   9.97981e-005   -1.428e-039   3.57528e-039   [0.000004,-0.000001,]
[13,18,]   373   5.96234e-005   -1.69069e-039   3.84855e-039   [-0.000000,-0.000001,]
[14,18,]   374   2.94971e-005   -2.07742e-039   4.21291e-039   [-0.000006,-0.000000,]
[15,18,]   375   1.21027e-005   -2.60153e-039   4.66836e-039   [-0.000014,0.000001,]
[16,18,]   376   4.22009e-006   -3.25733e-039   5.2149e-039   [-0.000023,0.000003,]
[17,18,]   377   1.34748e-006   -3.82463e-039   5.85253e-039   [-0.000030,0.000006,]
[18,18,]   378   4.26966e-007   -4.01975e-039   6.58125e-039   [-0.000029,0.000009,]
[19,18,]   379   1.26483e-007   -5.97404e-039   7.40106e-039   [-0.000022,0.000011,]
[0,19,]   380   4.15115e-008   -8.49968e-039   8.22087e-039   [-0.000023,0.000000,]
[1,19,]   381   1.23509e-007   -6.32492e-039   7.40106e-039   [-0.000032,-0.000001,]
[2,19,]   382   3.90447e-007   -5.50126e-039   6.67234e-039   [-0.000026,0.000000,]
[3,19,]   383   1.19355e-006   -4.77529e-039   6.03471e-039   [-0.000020,0.000002,]
[4,19,]   384   3.30024e-006   -4.19156e-039   5.48817e-039   [-0.000013,0.000003,]
[5,19,]   385   7.88191e-006   -3.70662e-039   5.03272e-039   [-0.000005,0.000004,]
[6,19,]   386   1.57946e-005   -3.33086e-039   4.66836e-039   [-0.000000,0.000004,]
[7,19,]   387   2.63647e-005   -3.05592e-039   4.39509e-039   [0.000003,0.000004,]
[8,19,]   388   3.68169e-005   -2.87751e-039   4.21291e-039   [0.000006,0.000004,]
[9,19,]   389   4.33676e-005   -2.78953e-039   4.12182e-039   [0.000008,0.000003,]
[10,19,]   390   4.33189e-005   -2.78914e-039   4.12182e-039   [0.000008,0.000002,]
[11,19,]   391   3.66435e-005   -2.88325e-039   4.21291e-039   [0.000006,0.000002,]
[12,19,]   392   2.61188e-005   -3.06758e-039   4.39509e-039   [0.000003,0.000001,]
[13,19,]   393   1.55808e-005   -3.33718e-039   4.66836e-039   [-0.000000,0.000001,]
[14,19,]   394   7.73362e-006   -3.69703e-039   5.03272e-039   [-0.000006,0.000001,]
[15,19,]   395   3.19982e-006   -4.16179e-039   5.48817e-039   [-0.000013,0.000002,]
[16,19,]   396   1.12617e-006   -4.77426e-039   6.03471e-039   [-0.000020,0.000004,]
[17,19,]   397   3.58223e-007   -5.47858e-039   6.67234e-039   [-0.000027,0.000007,]
[18,19,]   398   1.10066e-007   -6.1107e-039   7.40106e-039   [-0.000026,0.000010,]
[19,19,]   399   3.11247e-008   -8.64593e-039   8.22087e-039   [-0.000020,0.000012,]
