coordinates  index   rho      Q      V    velocities 
[0,0,]   0   3.45991e-008   -8.58295e-039   8.22087e-039   [0.000026,-0.000006,]
[1,0,]   1   1.14752e-007   -6.18237e-039   7.40106e-039   [0.000029,-0.000005,]
[2,0,]   2   3.69786e-007   -5.47892e-039   6.67234e-039   [0.000027,-0.000003,]
[3,0,]   3   1.14969e-006   -4.76825e-039   6.03471e-039   [0.000020,-0.000001,]
[4,0,]   4   3.2306e-006   -4.16643e-039   5.48817e-039   [0.000013,0.000001,]
[5,0,]   5   7.76877e-006   -3.69381e-039   5.03272e-039   [0.000006,0.000002,]
[6,0,]   6   1.56159e-005   -3.32787e-039   4.66836e-039   [0.000000,0.000002,]
[7,0,]   7   2.61335e-005   -3.05618e-039   4.39509e-039   [-0.000003,0.000002,]
[8,0,]   8   3.65996e-005   -2.87414e-039   4.21291e-039   [-0.000006,0.000002,]
[9,0,]   9   4.32087e-005   -2.78241e-039   4.12182e-039   [-0.000008,0.000001,]
[10,0,]   10   4.32187e-005   -2.7825e-039   4.12182e-039   [-0.000008,0.000000,]
[11,0,]   11   3.66349e-005   -2.87304e-039   4.21291e-039   [-0.000006,-0.000001,]
[12,0,]   12   2.61833e-005   -3.05391e-039   4.39509e-039   [-0.000003,-0.000001,]
[13,0,]   13   1.5659e-005   -3.32667e-039   4.66836e-039   [0.000000,-0.000001,]
[14,0,]   14   7.79845e-006   -3.69581e-039   5.03272e-039   [0.000006,-0.000001,]
[15,0,]   15   3.25058e-006   -4.17244e-039   5.48817e-039   [0.000013,-0.000000,]
[16,0,]   16   1.16306e-006   -4.7684e-039   6.03471e-039   [0.000020,0.000002,]
[17,0,]   17   3.76163e-007   -5.48268e-039   6.67234e-039   [0.000026,0.000004,]
[18,0,]   18   1.17353e-007   -6.22394e-039   7.40106e-039   [0.000030,0.000006,]
[19,0,]   19   3.65469e-008   -8.55726e-039   8.22087e-039   [0.000027,0.000007,]
[0,1,]   20   1.46092e-007   -5.81034e-039   7.40106e-039   [0.000026,-0.000008,]
[1,1,]   21   4.5991e-007   -4.00877e-039   6.58125e-039   [0.000030,-0.000007,]
[2,1,]   22   1.42326e-006   -3.73699e-039   5.85253e-039   [0.000029,-0.000004,]
[3,1,]   23   4.35638e-006   -3.20239e-039   5.2149e-039   [0.000023,-0.000002,]
[4,1,]   24   1.22489e-005   -2.59563e-039   4.66836e-039   [0.000014,0.000000,]
[5,1,]   25   2.95784e-005   -2.07976e-039   4.21291e-039   [0.000006,0.000002,]
[6,1,]   26   5.95723e-005   -1.69243e-039   3.84855e-039   [0.000000,0.000002,]
[7,1,]   27   9.95914e-005   -1.4285e-039   3.57528e-039   [-0.000004,0.000002,]
[8,1,]   28   0.000139098   -1.26961e-039   3.3931e-039   [-0.000007,0.000001,]
[9,1,]   29   0.00016381   -1.19734e-039   3.30201e-039   [-0.000008,0.000000,]
[10,1,]   30   0.000163713   -1.19935e-039   3.30201e-039   [-0.000008,-0.000001,]
[11,1,]   31   0.000138917   -1.27328e-039   3.3931e-039   [-0.000007,-0.000002,]
[12,1,]   32   9.94604e-005   -1.43226e-039   3.57528e-039   [-0.000004,-0.000002,]
[13,1,]   33   5.95298e-005   -1.69684e-039   3.84855e-039   [0.000000,-0.000002,]
[14,1,]   34   2.96108e-005   -2.08425e-039   4.21291e-039   [0.000006,-0.000002,]
[15,1,]   35   1.23186e-005   -2.59561e-039   4.66836e-039   [0.000014,-0.000001,]
[16,1,]   36   4.42345e-006   -3.17806e-039   5.2149e-039   [0.000022,0.000001,]
[17,1,]   37   1.46058e-006   -3.70005e-039   5.85253e-039   [0.000029,0.000004,]
[18,1,]   38   4.76046e-007   -4.01387e-039   6.58125e-039   [0.000031,0.000006,]
[19,1,]   39   1.56139e-007   -5.75282e-039   7.40106e-039   [0.000027,0.000006,]
[0,2,]   40   5.23288e-007   -4.70693e-039   6.67234e-039   [0.000026,-0.000008,]
[1,2,]   41   1.54777e-006   -3.14653e-039   5.85253e-039   [0.000032,-0.000008,]
[2,2,]   42   4.53257e-006   -2.99358e-039   5.12381e-039   [0.000032,-0.000005,]
[3,2,]   43   1.35334e-005   -2.50637e-039   4.48618e-039   [0.000026,-0.000002,]
[4,2,]   44   3.80009e-005   -1.88782e-039   3.93964e-039   [0.000016,0.000001,]
[5,2,]   45   9.22016e-005   -1.35457e-039   3.48419e-039   [0.000007,0.000002,]
[6,2,]   46   0.000186146   -9.58947e-040   3.11983e-039   [0.000001,0.000003,]
[7,2,]   47   0.000310796   -6.94916e-040   2.84656e-039   [-0.000004,0.000003,]
[8,2,]   48   0.000432684   -5.39918e-040   2.66438e-039   [-0.000008,0.000002,]
[9,2,]   49   0.000508214   -4.70909e-040   2.57329e-039   [-0.000010,0.000001,]
[10,2,]   50   0.000507831   -4.72144e-040   2.57329e-039   [-0.000010,-0.000001,]
[11,2,]   51   0.000431945   -5.41135e-040   2.66438e-039   [-0.000008,-0.000002,]
[12,2,]   52   0.000310229   -6.94863e-040   2.84656e-039   [-0.000004,-0.000003,]
[13,2,]   53   0.000185926   -9.59141e-040   3.11983e-039   [0.000001,-0.000003,]
[14,2,]   54   9.2286e-005   -1.35553e-039   3.48419e-039   [0.000007,-0.000002,]
[15,2,]   55   3.82412e-005   -1.88569e-039   3.93964e-039   [0.000016,-0.000001,]
[16,2,]   56   1.37724e-005   -2.4799e-039   4.48618e-039   [0.000025,0.000002,]
[17,2,]   57   4.66692e-006   -2.95898e-039   5.12381e-039   [0.000032,0.000005,]
[18,2,]   58   1.60609e-006   -3.16468e-039   5.85253e-039   [0.000032,0.000007,]
[19,2,]   59   5.59177e-007   -4.67351e-039   6.67234e-039   [0.000026,0.000007,]
[0,3,]   60   1.58312e-006   -3.63229e-039   6.03471e-039   [0.000025,-0.000009,]
[1,3,]   61   4.35634e-006   -2.3523e-039   5.2149e-039   [0.000033,-0.000009,]
[2,3,]   62   1.18627e-005   -2.35043e-039   4.48618e-039   [0.000036,-0.000007,]
[3,3,]   63   3.41649e-005   -1.93376e-039   3.84855e-039   [0.000029,-0.000002,]
[4,3,]   64   9.57225e-005   -1.29554e-039   3.30201e-039   [0.000019,0.000001,]
[5,3,]   65   0.000233876   -7.34958e-040   2.84656e-039   [0.000008,0.000003,]
[6,3,]   66   0.000473835   -3.26779e-040   2.4822e-039   [0.000001,0.000004,]
[7,3,]   67   0.000789646   -6.2776e-041   2.20893e-039   [-0.000005,0.000003,]
[8,3,]   68   0.00109411   8.5757e-041   2.02675e-039   [-0.000009,0.000002,]
[9,3,]   69   0.00128012   1.48706e-040   1.93566e-039   [-0.000011,0.000001,]
[10,3,]   70   0.0012789   1.47113e-040   1.93566e-039   [-0.000011,-0.000001,]
[11,3,]   71   0.00109171   8.39331e-041   2.02675e-039   [-0.000009,-0.000002,]
[12,3,]   72   0.000787738   -6.32596e-041   2.20893e-039   [-0.000005,-0.000003,]
[13,3,]   73   0.000473025   -3.27536e-040   2.4822e-039   [0.000001,-0.000004,]
[14,3,]   74   0.000234051   -7.36422e-040   2.84656e-039   [0.000008,-0.000003,]
[15,3,]   75   9.64091e-005   -1.29264e-039   3.30201e-039   [0.000019,-0.000001,]
[16,3,]   76   3.4867e-005   -1.90033e-039   3.84855e-039   [0.000029,0.000002,]
[17,3,]   77   1.22607e-005   -2.30805e-039   4.48618e-039   [0.000035,0.000006,]
[18,3,]   78   4.52964e-006   -2.37114e-039   5.2149e-039   [0.000033,0.000009,]
[19,3,]   79   1.68876e-006   -3.61313e-039   6.03471e-039   [0.000025,0.000008,]
[0,4,]   80   4.05516e-006   -2.55658e-039   5.48817e-039   [0.000023,-0.000010,]
[1,4,]   81   1.02822e-005   -1.59739e-039   4.66836e-039   [0.000033,-0.000011,]
[2,4,]   82   2.54213e-005   -1.78871e-039   3.93964e-039   [0.000040,-0.000009,]
[3,4,]   83   6.93113e-005   -1.49131e-039   3.30201e-039   [0.000035,-0.000003,]
[4,4,]   84   0.000193467   -8.24636e-040   2.75547e-039   [0.000022,0.000002,]
[5,4,]   85   0.000477852   -2.21463e-040   2.30002e-039   [0.000009,0.000004,]
[6,4,]   86   0.00097339   2.05783e-040   1.93566e-039   [0.000001,0.000005,]
[7,4,]   87   0.00161742   4.70029e-040   1.66239e-039   [-0.000006,0.000005,]
[8,4,]   88   0.00222444   6.09057e-040   1.48021e-039   [-0.000010,0.000003,]
[9,4,]   89   0.0025868   6.62851e-040   1.38912e-039   [-0.000013,0.000001,]
[10,4,]   90   0.00258368   6.60791e-040   1.38912e-039   [-0.000013,-0.000001,]
[11,4,]   91   0.00221822   6.06481e-040   1.48021e-039   [-0.000010,-0.000003,]
[12,4,]   92   0.00161236   4.68942e-040   1.66239e-039   [-0.000006,-0.000005,]
[13,4,]   93   0.000971122   2.04387e-040   1.93566e-039   [0.000001,-0.000005,]
[14,4,]   94   0.000478128   -2.23562e-040   2.30002e-039   [0.000009,-0.000004,]
[15,4,]   95   0.000195082   -8.20582e-040   2.75547e-039   [0.000022,-0.000002,]
[16,4,]   96   7.1002e-005   -1.44774e-039   3.30201e-039   [0.000034,0.000003,]
[17,4,]   97   2.63865e-005   -1.73755e-039   3.93964e-039   [0.000039,0.000008,]
[18,4,]   98   1.07034e-005   -1.61974e-039   4.66836e-039   [0.000033,0.000010,]
[19,4,]   99   4.31003e-006   -2.55821e-039   5.48817e-039   [0.000023,0.000009,]
[0,5,]   100   8.82208e-006   -1.46298e-039   5.03272e-039   [0.000021,-0.000011,]
[1,5,]   101   2.04541e-005   -8.58029e-040   4.21291e-039   [0.000033,-0.000013,]
[2,5,]   102   4.44788e-005   -1.28278e-039   3.48419e-039   [0.000044,-0.000012,]
[3,5,]   103   0.000111075   -1.20189e-039   2.84656e-039   [0.000042,-0.000005,]
[4,5,]   104   0.000307903   -4.92738e-040   2.30002e-039   [0.000027,0.000002,]
[5,5,]   105   0.000774568   1.82028e-040   1.84457e-039   [0.000011,0.000006,]
[6,5,]   106   0.00159202   6.40055e-040   1.48021e-039   [0.000001,0.000007,]
[7,5,]   107   0.00263248   9.05402e-040   1.20694e-039   [-0.000007,0.000007,]
[8,5,]   108   0.0035754   1.02994e-039   1.02476e-039   [-0.000012,0.000005,]
[9,5,]   109   0.00411474   1.06915e-039   9.33673e-040   [-0.000016,0.000002,]
[10,5,]   110   0.00410837   1.06641e-039   9.33673e-040   [-0.000016,-0.000002,]
[11,5,]   111   0.00356256   1.02633e-039   1.02476e-039   [-0.000012,-0.000005,]
[12,5,]   112   0.00262186   9.03556e-040   1.20694e-039   [-0.000007,-0.000007,]
[13,5,]   113   0.00158709   6.37851e-040   1.48021e-039   [0.000001,-0.000007,]
[14,5,]   114   0.000774884   1.79021e-040   1.84457e-039   [0.000011,-0.000006,]
[15,5,]   115   0.000311004   -4.8675e-040   2.30002e-039   [0.000027,-0.000002,]
[16,5,]   116   0.000114381   -1.14204e-039   2.84656e-039   [0.000041,0.000005,]
[17,5,]   117   4.63763e-005   -1.22276e-039   3.48419e-039   [0.000043,0.000011,]
[18,5,]   118   2.12838e-005   -8.87675e-040   4.21291e-039   [0.000032,0.000012,]
[19,5,]   119   9.3213e-006   -1.4912e-039   5.03272e-039   [0.000020,0.000010,]
[0,6,]   120   1.6357e-005   -3.51936e-040   4.66836e-039   [0.000018,-0.000011,]
[1,6,]   121   3.45773e-005   -1.15735e-040   3.84855e-039   [0.000030,-0.000015,]
[2,6,]   122   6.35979e-005   -7.78366e-040   3.11983e-039   [0.000048,-0.000016,]
[3,6,]   123   0.000136665   -1.12561e-039   2.4822e-039   [0.000052,-0.000008,]
[4,6,]   124   0.000373482   -3.52715e-040   1.93566e-039   [0.000035,0.000004,]
[5,6,]   125   0.000972633   4.55428e-040   1.48021e-039   [0.000014,0.000010,]
[6,6,]   126   0.00203209   9.67381e-040   1.11585e-039   [0.000001,0.000011,]
[7,6,]   127   0.00333023   1.23654e-039   8.42583e-040   [-0.000008,0.000010,]
[8,6,]   128   0.00441838   1.33835e-039   6.60403e-040   [-0.000015,0.000008,]
[9,6,]   129   0.00498396   1.35379e-039   5.69313e-040   [-0.000020,0.000003,]
[10,6,]   130   0.00497367   1.34992e-039   5.69313e-040   [-0.000020,-0.000003,]
[11,6,]   131   0.0043975   1.33306e-039   6.60403e-040   [-0.000015,-0.000008,]
[12,6,]   132   0.00331276   1.23352e-039   8.42583e-040   [-0.000008,-0.000011,]
[13,6,]   133   0.00202379   9.63947e-040   1.11585e-039   [0.000001,-0.000011,]
[14,6,]   134   0.000972858   4.50903e-040   1.48021e-039   [0.000014,-0.000010,]
[15,6,]   135   0.000378253   -3.4283e-040   1.93566e-039   [0.000034,-0.000004,]
[16,6,]   136   0.000141828   -1.03588e-039   2.4822e-039   [0.000052,0.000007,]
[17,6,]   137   6.65725e-005   -7.13235e-040   3.11983e-039   [0.000047,0.000016,]
[18,6,]   138   3.58802e-005   -1.56252e-040   3.84855e-039   [0.000029,0.000015,]
[19,6,]   139   1.71378e-005   -4.08723e-040   4.66836e-039   [0.000017,0.000010,]
[0,7,]   140   2.59392e-005   7.33992e-040   4.39509e-039   [0.000014,-0.000012,]
[1,7,]   141   5.02775e-005   6.21858e-040   3.57528e-039   [0.000025,-0.000017,]
[2,7,]   142   7.52799e-005   -1.50273e-040   2.84656e-039   [0.000048,-0.000023,]
[3,7,]   143   0.000122717   -1.44353e-039   2.20893e-039   [0.000070,-0.000015,]
[4,7,]   144   0.000323815   -5.90125e-040   1.66239e-039   [0.000048,0.000008,]
[5,7,]   145   0.000911184   5.14865e-040   1.20694e-039   [0.000018,0.000018,]
[6,7,]   146   0.00196911   1.13447e-039   8.42583e-040   [0.000001,0.000020,]
[7,7,]   147   0.00316793   1.41512e-039   5.69313e-040   [-0.000010,0.000019,]
[8,7,]   148   0.00399531   1.4802e-039   3.87133e-040   [-0.000021,0.000014,]
[9,7,]   149   0.0043019   1.4571e-039   2.96043e-040   [-0.000028,0.000006,]
[10,7,]   150   0.00428921   1.45079e-039   2.96043e-040   [-0.000028,-0.000006,]
[11,7,]   151   0.00396945   1.47113e-039   3.87133e-040   [-0.000021,-0.000014,]
[12,7,]   152   0.00314612   1.40934e-039   5.69313e-040   [-0.000010,-0.000019,]
[13,7,]   153   0.0019586   1.12838e-039   8.42583e-040   [0.000001,-0.000020,]
[14,7,]   154   0.000911223   5.0719e-040   1.20694e-039   [0.000018,-0.000017,]
[15,7,]   155   0.000329502   -5.69226e-040   1.66239e-039   [0.000047,-0.000008,]
[16,7,]   156   0.000128934   -1.28736e-039   2.20893e-039   [0.000068,0.000014,]
[17,7,]   157   7.8873e-005   -9.58464e-041   2.84656e-039   [0.000047,0.000023,]
[18,7,]   158   5.18538e-005   5.71129e-040   3.57528e-039   [0.000024,0.000017,]
[19,7,]   159   2.68815e-005   6.56275e-040   4.39509e-039   [0.000013,0.000011,]
[0,8,]   160   3.52972e-005   1.67003e-039   4.21291e-039   [0.000009,-0.000013,]
[1,8,]   161   6.38487e-005   1.28037e-039   3.3931e-039   [0.000017,-0.000019,]
[2,8,]   162   7.70171e-005   8.52201e-040   2.66438e-039   [0.000040,-0.000032,]
[3,8,]   163   7.34337e-005   -2.91507e-039   2.02675e-039   [0.000098,-0.000033,]
[4,8,]   164   0.000172395   -2.1979e-039   1.48021e-039   [0.000076,0.000022,]
[5,8,]   165   0.000607154   -6.70939e-041   1.02476e-039   [0.000022,0.000037,]
[6,8,]   166   0.00142144   8.65833e-040   6.60403e-040   [0.000001,0.000038,]
[7,8,]   167   0.00218994   1.15033e-039   3.87133e-040   [-0.000013,0.000038,]
[8,8,]   168   0.00241683   1.0454e-039   2.04953e-040   [-0.000029,0.000033,]
[9,8,]   169   0.00224677   9.98479e-040   1.13863e-040   [-0.000046,0.000016,]
[10,8,]   170   0.00223585   9.82715e-040   1.13863e-040   [-0.000046,-0.000014,]
[11,8,]   171   0.00239445   1.01992e-039   2.04953e-040   [-0.000029,-0.000033,]
[12,8,]   172   0.00217097   1.13445e-039   3.87133e-040   [-0.000013,-0.000038,]
[13,8,]   173   0.00141222   8.5181e-040   6.60403e-040   [0.000002,-0.000039,]
[14,8,]   174   0.000607057   -8.33866e-041   1.02476e-039   [0.000022,-0.000037,]
[15,8,]   175   0.000177198   -2.11583e-039   1.48021e-039   [0.000074,-0.000019,]
[16,8,]   176   7.87146e-005   -2.54832e-039   2.02675e-039   [0.000096,0.000033,]
[17,8,]   177   8.00772e-005   8.55785e-040   2.66438e-039   [0.000040,0.000031,]
[18,8,]   178   6.51935e-005   1.23166e-039   3.3931e-039   [0.000016,0.000019,]
[19,8,]   179   3.61004e-005   1.59584e-039   4.21291e-039   [0.000007,0.000012,]
[0,9,]   180   4.1315e-005   2.23012e-039   4.12182e-039   [0.000003,-0.000013,]
[1,9,]   181   7.18806e-005   1.68671e-039   3.30201e-039   [0.000006,-0.000020,]
[2,9,]   182   7.46869e-005   2.2712e-039   2.57329e-039   [0.000017,-0.000040,]
[3,9,]   183   2.90134e-005   -8.25687e-039   1.93566e-039   [0.000100,-0.000100,]
[4,9,]   184   3.65185e-005   -1.85412e-038   1.38912e-039   [0.000140,0.000116,]
[5,9,]   185   0.000317376   -2.35872e-039   9.33673e-040   [0.000015,0.000085,]
[6,9,]   186   0.000879002   -3.56231e-040   5.69313e-040   [0.000001,0.000074,]
[7,9,]   187   0.00124044   -2.59361e-040   2.96043e-040   [-0.000009,0.000079,]
[8,9,]   188   0.00094985   -2.29485e-039   1.13863e-040   [-0.000027,0.000100,]
[9,9,]   189   0.000392492   -1.18232e-038   2.27725e-041   [-0.000104,0.000104,]
[10,9,]   190   0.000388124   -1.2014e-038   2.27725e-041   [-0.000107,-0.000101,]
[11,9,]   191   0.000940868   -2.36218e-039   1.13863e-040   [-0.000031,-0.000101,]
[12,9,]   192   0.00123283   -2.82629e-040   2.96043e-040   [-0.000009,-0.000080,]
[13,9,]   193   0.00087529   -3.73632e-040   5.69313e-040   [0.000001,-0.000074,]
[14,9,]   194   0.000317308   -2.3931e-039   9.33673e-040   [0.000018,-0.000085,]
[15,9,]   195   3.84131e-005   -1.76814e-038   1.38912e-039   [0.000139,-0.000113,]
[16,9,]   196   3.11098e-005   -7.50502e-039   1.93566e-039   [0.000095,0.000101,]
[17,9,]   197   7.59036e-005   2.22151e-039   2.57329e-039   [0.000016,0.000039,]
[18,9,]   198   7.24164e-005   1.66522e-039   3.30201e-039   [0.000006,0.000020,]
[19,9,]   199   4.16364e-005   2.19798e-039   4.12182e-039   [0.000002,0.000012,]
[0,10,]   200   4.1633e-005   2.19798e-039   4.12182e-039   [-0.000002,-0.000012,]
[1,10,]   201   7.24148e-005   1.66524e-039   3.30201e-039   [-0.000006,-0.000020,]
[2,10,]   202   7.59036e-005   2.22158e-039   2.57329e-039   [-0.000016,-0.000039,]
[3,10,]   203   3.11098e-005   -7.50502e-039   1.93566e-039   [-0.000095,-0.000101,]
[4,10,]   204   3.84131e-005   -1.76814e-038   1.38912e-039   [-0.000139,0.000113,]
[5,10,]   205   0.000317308   -2.3931e-039   9.33673e-040   [-0.000018,0.000085,]
[6,10,]   206   0.00087529   -3.73632e-040   5.69313e-040   [-0.000001,0.000074,]
[7,10,]   207   0.00123283   -2.82629e-040   2.96043e-040   [0.000009,0.000080,]
[8,10,]   208   0.000940868   -2.36218e-039   1.13863e-040   [0.000031,0.000101,]
[9,10,]   209   0.000388124   -1.2014e-038   2.27725e-041   [0.000107,0.000101,]
[10,10,]   210   0.000392492   -1.18232e-038   2.27725e-041   [0.000104,-0.000104,]
[11,10,]   211   0.00094985   -2.29485e-039   1.13863e-040   [0.000027,-0.000100,]
[12,10,]   212   0.00124044   -2.59361e-040   2.96043e-040   [0.000009,-0.000079,]
[13,10,]   213   0.000879002   -3.56231e-040   5.69313e-040   [-0.000001,-0.000074,]
[14,10,]   214   0.000317376   -2.35872e-039   9.33673e-040   [-0.000015,-0.000085,]
[15,10,]   215   3.65185e-005   -1.85412e-038   1.38912e-039   [-0.000140,-0.000116,]
[16,10,]   216   2.90134e-005   -8.25687e-039   1.93566e-039   [-0.000100,0.000100,]
[17,10,]   217   7.46869e-005   2.27113e-039   2.57329e-039   [-0.000017,0.000040,]
[18,10,]   218   7.18822e-005   1.68669e-039   3.30201e-039   [-0.000006,0.000020,]
[19,10,]   219   4.13183e-005   2.23011e-039   4.12182e-039   [-0.000004,0.000013,]
[0,11,]   220   3.60991e-005   1.59585e-039   4.21291e-039   [-0.000008,-0.000012,]
[1,11,]   221   6.51929e-005   1.23168e-039   3.3931e-039   [-0.000016,-0.000019,]
[2,11,]   222   8.00772e-005   8.55812e-040   2.66438e-039   [-0.000040,-0.000031,]
[3,11,]   223   7.87146e-005   -2.54832e-039   2.02675e-039   [-0.000096,-0.000033,]
[4,11,]   224   0.000177198   -2.11583e-039   1.48021e-039   [-0.000074,0.000019,]
[5,11,]   225   0.000607057   -8.33866e-041   1.02476e-039   [-0.000022,0.000037,]
[6,11,]   226   0.00141222   8.5181e-040   6.60403e-040   [-0.000002,0.000039,]
[7,11,]   227   0.00217097   1.13445e-039   3.87133e-040   [0.000013,0.000038,]
[8,11,]   228   0.00239445   1.01992e-039   2.04953e-040   [0.000029,0.000033,]
[9,11,]   229   0.00223585   9.82715e-040   1.13863e-040   [0.000046,0.000014,]
[10,11,]   230   0.00224677   9.98479e-040   1.13863e-040   [0.000046,-0.000016,]
[11,11,]   231   0.00241683   1.0454e-039   2.04953e-040   [0.000029,-0.000033,]
[12,11,]   232   0.00218994   1.15033e-039   3.87133e-040   [0.000013,-0.000038,]
[13,11,]   233   0.00142144   8.65833e-040   6.60403e-040   [-0.000001,-0.000038,]
[14,11,]   234   0.000607154   -6.70939e-041   1.02476e-039   [-0.000022,-0.000037,]
[15,11,]   235   0.000172395   -2.1979e-039   1.48021e-039   [-0.000076,-0.000022,]
[16,11,]   236   7.34337e-005   -2.91507e-039   2.02675e-039   [-0.000098,0.000033,]
[17,11,]   237   7.70171e-005   8.52173e-040   2.66438e-039   [-0.000040,0.000032,]
[18,11,]   238   6.38494e-005   1.28036e-039   3.3931e-039   [-0.000017,0.000019,]
[19,11,]   239   3.52985e-005   1.67002e-039   4.21291e-039   [-0.000009,0.000013,]
[0,12,]   240   2.68824e-005   6.56302e-040   4.39509e-039   [-0.000012,-0.000011,]
[1,12,]   241   5.18543e-005   5.71127e-040   3.57528e-039   [-0.000024,-0.000017,]
[2,12,]   242   7.8873e-005   -9.58688e-041   2.84656e-039   [-0.000047,-0.000023,]
[3,12,]   243   0.000128934   -1.28736e-039   2.20893e-039   [-0.000068,-0.000014,]
[4,12,]   244   0.000329502   -5.69226e-040   1.66239e-039   [-0.000047,0.000008,]
[5,12,]   245   0.000911223   5.0719e-040   1.20694e-039   [-0.000018,0.000017,]
[6,12,]   246   0.0019586   1.12838e-039   8.42583e-040   [-0.000001,0.000020,]
[7,12,]   247   0.00314612   1.40934e-039   5.69313e-040   [0.000010,0.000019,]
[8,12,]   248   0.00396945   1.47113e-039   3.87133e-040   [0.000021,0.000014,]
[9,12,]   249   0.00428921   1.45079e-039   2.96043e-040   [0.000028,0.000006,]
[10,12,]   250   0.0043019   1.4571e-039   2.96043e-040   [0.000028,-0.000006,]
[11,12,]   251   0.00399531   1.4802e-039   3.87133e-040   [0.000021,-0.000014,]
[12,12,]   252   0.00316793   1.41512e-039   5.69313e-040   [0.000010,-0.000019,]
[13,12,]   253   0.00196911   1.13447e-039   8.42583e-040   [-0.000001,-0.000020,]
[14,12,]   254   0.000911184   5.14865e-040   1.20694e-039   [-0.000018,-0.000018,]
[15,12,]   255   0.000323815   -5.90125e-040   1.66239e-039   [-0.000048,-0.000008,]
[16,12,]   256   0.000122717   -1.44353e-039   2.20893e-039   [-0.000070,0.000015,]
[17,12,]   257   7.52799e-005   -1.50252e-040   2.84656e-039   [-0.000048,0.000023,]
[18,12,]   258   5.02771e-005   6.21859e-040   3.57528e-039   [-0.000025,0.000017,]
[19,12,]   259   2.59383e-005   7.33965e-040   4.39509e-039   [-0.000013,0.000012,]
[0,13,]   260   1.71397e-005   -4.08669e-040   4.66836e-039   [-0.000017,-0.000010,]
[1,13,]   261   3.58812e-005   -1.56287e-040   3.84855e-039   [-0.000029,-0.000015,]
[2,13,]   262   6.65725e-005   -7.13294e-040   3.11983e-039   [-0.000047,-0.000016,]
[3,13,]   263   0.000141828   -1.03588e-039   2.4822e-039   [-0.000052,-0.000007,]
[4,13,]   264   0.000378253   -3.4283e-040   1.93566e-039   [-0.000034,0.000004,]
[5,13,]   265   0.000972858   4.50903e-040   1.48021e-039   [-0.000014,0.000010,]
[6,13,]   266   0.00202379   9.63947e-040   1.11585e-039   [-0.000001,0.000011,]
[7,13,]   267   0.00331276   1.23352e-039   8.42583e-040   [0.000008,0.000011,]
[8,13,]   268   0.0043975   1.33306e-039   6.60403e-040   [0.000015,0.000008,]
[9,13,]   269   0.00497367   1.34992e-039   5.69313e-040   [0.000020,0.000003,]
[10,13,]   270   0.00498396   1.35379e-039   5.69313e-040   [0.000020,-0.000003,]
[11,13,]   271   0.00441838   1.33835e-039   6.60403e-040   [0.000015,-0.000008,]
[12,13,]   272   0.00333023   1.23654e-039   8.42583e-040   [0.000008,-0.000010,]
[13,13,]   273   0.00203209   9.67381e-040   1.11585e-039   [-0.000001,-0.000011,]
[14,13,]   274   0.000972633   4.55428e-040   1.48021e-039   [-0.000014,-0.000010,]
[15,13,]   275   0.000373482   -3.52715e-040   1.93566e-039   [-0.000035,-0.000004,]
[16,13,]   276   0.000136665   -1.12561e-039   2.4822e-039   [-0.000052,0.000008,]
[17,13,]   277   6.35979e-005   -7.78308e-040   3.11983e-039   [-0.000048,0.000016,]
[18,13,]   278   3.45764e-005   -1.157e-040   3.84855e-039   [-0.000030,0.000015,]
[19,13,]   279   1.63552e-005   -3.51989e-040   4.66836e-039   [-0.000017,0.000011,]
[0,14,]   280   9.32297e-006   -1.49111e-039   5.03272e-039   [-0.000020,-0.000010,]
[1,14,]   281   2.12847e-005   -8.87751e-040   4.21291e-039   [-0.000032,-0.000012,]
[2,14,]   282   4.63763e-005   -1.22284e-039   3.48419e-039   [-0.000043,-0.000011,]
[3,14,]   283   0.000114381   -1.14203e-039   2.84656e-039   [-0.000041,-0.000005,]
[4,14,]   284   0.000311004   -4.8675e-040   2.30002e-039   [-0.000027,0.000002,]
[5,14,]   285   0.000774884   1.79021e-040   1.84457e-039   [-0.000011,0.000006,]
[6,14,]   286   0.00158709   6.37851e-040   1.48021e-039   [-0.000001,0.000007,]
[7,14,]   287   0.00262186   9.03556e-040   1.20694e-039   [0.000007,0.000007,]
[8,14,]   288   0.00356256   1.02633e-039   1.02476e-039   [0.000012,0.000005,]
[9,14,]   289   0.00410837   1.06641e-039   9.33673e-040   [0.000016,0.000002,]
[10,14,]   290   0.00411474   1.06915e-039   9.33673e-040   [0.000016,-0.000002,]
[11,14,]   291   0.0035754   1.02994e-039   1.02476e-039   [0.000012,-0.000005,]
[12,14,]   292   0.00263248   9.05402e-040   1.20694e-039   [0.000007,-0.000007,]
[13,14,]   293   0.00159202   6.40055e-040   1.48021e-039   [-0.000001,-0.000007,]
[14,14,]   294   0.000774568   1.82028e-040   1.84457e-039   [-0.000011,-0.000006,]
[15,14,]   295   0.000307903   -4.92738e-040   2.30002e-039   [-0.000027,-0.000002,]
[16,14,]   296   0.000111075   -1.20189e-039   2.84656e-039   [-0.000042,0.000005,]
[17,14,]   297   4.44788e-005   -1.2827e-039   3.48419e-039   [-0.000044,0.000012,]
[18,14,]   298   2.04533e-005   -8.57954e-040   4.21291e-039   [-0.000032,0.000013,]
[19,14,]   299   8.82047e-006   -1.46307e-039   5.03272e-039   [-0.000020,0.000011,]
[0,15,]   300   4.31106e-006   -2.55807e-039   5.48817e-039   [-0.000022,-0.000009,]
[1,15,]   301   1.07039e-005   -1.61986e-039   4.66836e-039   [-0.000033,-0.000010,]
[2,15,]   302   2.63865e-005   -1.73765e-039   3.93964e-039   [-0.000039,-0.000008,]
[3,15,]   303   7.1002e-005   -1.44774e-039   3.30201e-039   [-0.000034,-0.000003,]
[4,15,]   304   0.000195082   -8.20582e-040   2.75547e-039   [-0.000022,0.000002,]
[5,15,]   305   0.000478128   -2.23562e-040   2.30002e-039   [-0.000009,0.000004,]
[6,15,]   306   0.000971122   2.04387e-040   1.93566e-039   [-0.000001,0.000005,]
[7,15,]   307   0.00161236   4.68942e-040   1.66239e-039   [0.000006,0.000005,]
[8,15,]   308   0.00221822   6.06481e-040   1.48021e-039   [0.000010,0.000003,]
[9,15,]   309   0.00258368   6.60791e-040   1.38912e-039   [0.000013,0.000001,]
[10,15,]   310   0.0025868   6.62851e-040   1.38912e-039   [0.000013,-0.000001,]
[11,15,]   311   0.00222444   6.09057e-040   1.48021e-039   [0.000010,-0.000003,]
[12,15,]   312   0.00161742   4.70029e-040   1.66239e-039   [0.000006,-0.000005,]
[13,15,]   313   0.00097339   2.05783e-040   1.93566e-039   [-0.000001,-0.000005,]
[14,15,]   314   0.000477852   -2.21463e-040   2.30002e-039   [-0.000009,-0.000004,]
[15,15,]   315   0.000193467   -8.24636e-040   2.75547e-039   [-0.000022,-0.000002,]
[16,15,]   316   6.93113e-005   -1.49131e-039   3.30201e-039   [-0.000035,0.000003,]
[17,15,]   317   2.54213e-005   -1.78861e-039   3.93964e-039   [-0.000040,0.000009,]
[18,15,]   318   1.02817e-005   -1.59727e-039   4.66836e-039   [-0.000033,0.000011,]
[19,15,]   319   4.05417e-006   -2.55672e-039   5.48817e-039   [-0.000022,0.000010,]
[0,16,]   320   1.68925e-006   -3.61294e-039   6.03471e-039   [-0.000024,-0.000008,]
[1,16,]   321   4.52988e-006   -2.37129e-039   5.2149e-039   [-0.000033,-0.000009,]
[2,16,]   322   1.22607e-005   -2.30815e-039   4.48618e-039   [-0.000035,-0.000006,]
[3,16,]   323   3.4867e-005   -1.90033e-039   3.84855e-039   [-0.000029,-0.000002,]
[4,16,]   324   9.64091e-005   -1.29264e-039   3.30201e-039   [-0.000019,0.000001,]
[5,16,]   325   0.000234051   -7.36422e-040   2.84656e-039   [-0.000008,0.000003,]
[6,16,]   326   0.000473025   -3.27536e-040   2.4822e-039   [-0.000001,0.000004,]
[7,16,]   327   0.000787738   -6.32596e-041   2.20893e-039   [0.000005,0.000003,]
[8,16,]   328   0.00109171   8.39331e-041   2.02675e-039   [0.000009,0.000002,]
[9,16,]   329   0.0012789   1.47113e-040   1.93566e-039   [0.000011,0.000001,]
[10,16,]   330   0.00128012   1.48706e-040   1.93566e-039   [0.000011,-0.000001,]
[11,16,]   331   0.00109411   8.5757e-041   2.02675e-039   [0.000009,-0.000002,]
[12,16,]   332   0.000789646   -6.27759e-041   2.20893e-039   [0.000005,-0.000003,]
[13,16,]   333   0.000473835   -3.26779e-040   2.4822e-039   [-0.000001,-0.000004,]
[14,16,]   334   0.000233876   -7.34958e-040   2.84656e-039   [-0.000008,-0.000003,]
[15,16,]   335   9.57225e-005   -1.29554e-039   3.30201e-039   [-0.000019,-0.000001,]
[16,16,]   336   3.41649e-005   -1.93376e-039   3.84855e-039   [-0.000029,0.000002,]
[17,16,]   337   1.18627e-005   -2.35033e-039   4.48618e-039   [-0.000036,0.000007,]
[18,16,]   338   4.3561e-006   -2.35215e-039   5.2149e-039   [-0.000033,0.000009,]
[19,16,]   339   1.58265e-006   -3.6325e-039   6.03471e-039   [-0.000024,0.000009,]
[0,17,]   340   5.59362e-007   -4.67316e-039   6.67234e-039   [-0.000025,-0.000007,]
[1,17,]   341   1.60618e-006   -3.16477e-039   5.85253e-039   [-0.000032,-0.000007,]
[2,17,]   342   4.66692e-006   -2.959e-039   5.12381e-039   [-0.000032,-0.000005,]
[3,17,]   343   1.37724e-005   -2.47982e-039   4.48618e-039   [-0.000025,-0.000002,]
[4,17,]   344   3.82412e-005   -1.88562e-039   3.93964e-039   [-0.000016,0.000001,]
[5,17,]   345   9.2286e-005   -1.35546e-039   3.48419e-039   [-0.000007,0.000002,]
[6,17,]   346   0.000185926   -9.59068e-040   3.11983e-039   [-0.000001,0.000003,]
[7,17,]   347   0.000310229   -6.94791e-040   2.84656e-039   [0.000004,0.000003,]
[8,17,]   348   0.000431945   -5.41062e-040   2.66438e-039   [0.000008,0.000002,]
[9,17,]   349   0.000507831   -4.72073e-040   2.57329e-039   [0.000010,0.000001,]
[10,17,]   350   0.000508214   -4.70837e-040   2.57329e-039   [0.000010,-0.000001,]
[11,17,]   351   0.000432684   -5.39846e-040   2.66438e-039   [0.000008,-0.000002,]
[12,17,]   352   0.000310796   -6.94843e-040   2.84656e-039   [0.000004,-0.000003,]
[13,17,]   353   0.000186146   -9.58874e-040   3.11983e-039   [-0.000001,-0.000003,]
[14,17,]   354   9.22016e-005   -1.3545e-039   3.48419e-039   [-0.000007,-0.000002,]
[15,17,]   355   3.80009e-005   -1.88775e-039   3.93964e-039   [-0.000016,-0.000001,]
[16,17,]   356   1.35334e-005   -2.5063e-039   4.48618e-039   [-0.000026,0.000002,]
[17,17,]   357   4.53257e-006   -2.9934e-039   5.12381e-039   [-0.000032,0.000005,]
[18,17,]   358   1.54768e-006   -3.14626e-039   5.85253e-039   [-0.000032,0.000008,]
[19,17,]   359   5.23111e-007   -4.70709e-039   6.67234e-039   [-0.000025,0.000008,]
[0,18,]   360   1.56187e-007   -5.75235e-039   7.40106e-039   [-0.000025,-0.000006,]
[1,18,]   361   4.76048e-007   -4.01384e-039   6.58125e-039   [-0.000031,-0.000006,]
[2,18,]   362   1.46051e-006   -3.69993e-039   5.85253e-039   [-0.000029,-0.000004,]
[3,18,]   363   4.42327e-006   -3.17784e-039   5.2149e-039   [-0.000022,-0.000001,]
[4,18,]   364   1.2318e-005   -2.5954e-039   4.66836e-039   [-0.000014,0.000001,]
[5,18,]   365   2.96095e-005   -2.08404e-039   4.21291e-039   [-0.000006,0.000002,]
[6,18,]   366   5.95273e-005   -1.69664e-039   3.84855e-039   [-0.000000,0.000002,]
[7,18,]   367   9.94562e-005   -1.43206e-039   3.57528e-039   [0.000004,0.000002,]
[8,18,]   368   0.000138912   -1.27307e-039   3.3931e-039   [0.000007,0.000002,]
[9,18,]   369   0.000163706   -1.19914e-039   3.30201e-039   [0.000008,0.000001,]
[10,18,]   370   0.000163803   -1.19714e-039   3.30201e-039   [0.000008,-0.000000,]
[11,18,]   371   0.000139092   -1.2694e-039   3.3931e-039   [0.000007,-0.000001,]
[12,18,]   372   9.95872e-005   -1.4283e-039   3.57528e-039   [0.000004,-0.000002,]
[13,18,]   373   5.95698e-005   -1.69222e-039   3.84855e-039   [-0.000000,-0.000002,]
[14,18,]   374   2.95772e-005   -2.07955e-039   4.21291e-039   [-0.000006,-0.000002,]
[15,18,]   375   1.22484e-005   -2.59542e-039   4.66836e-039   [-0.000014,-0.000000,]
[16,18,]   376   4.3562e-006   -3.20217e-039   5.2149e-039   [-0.000023,0.000002,]
[17,18,]   377   1.4232e-006   -3.73666e-039   5.85253e-039   [-0.000029,0.000004,]
[18,18,]   378   4.59857e-007   -4.00828e-039   6.58125e-039   [-0.000030,0.000007,]
[19,18,]   379   1.46027e-007   -5.81027e-039   7.40106e-039   [-0.000025,0.000008,]
[0,19,]   380   3.65442e-008   -8.55775e-039   8.22087e-039   [-0.000025,-0.000005,]
[1,19,]   381   1.1731e-007   -6.22469e-039   7.40106e-039   [-0.000030,-0.000004,]
[2,19,]   382   3.76027e-007   -5.48299e-039   6.67234e-039   [-0.000026,-0.000003,]
[3,19,]   383   1.16269e-006   -4.76842e-039   6.03471e-039   [-0.000020,-0.000001,]
[4,19,]   384   3.24956e-006   -4.17245e-039   5.48817e-039   [-0.000013,0.000001,]
[5,19,]   385   7.79597e-006   -3.69586e-039   5.03272e-039   [-0.000006,0.000002,]
[6,19,]   386   1.56539e-005   -3.32674e-039   4.66836e-039   [-0.000000,0.000002,]
[7,19,]   387   2.61749e-005   -3.05398e-039   4.39509e-039   [0.000003,0.000002,]
[8,19,]   388   3.66233e-005   -2.87309e-039   4.21291e-039   [0.000006,0.000002,]
[9,19,]   389   4.32052e-005   -2.78254e-039   4.12182e-039   [0.000008,0.000001,]
[10,19,]   390   4.31951e-005   -2.78244e-039   4.12182e-039   [0.000008,0.000000,]
[11,19,]   391   3.6588e-005   -2.87419e-039   4.21291e-039   [0.000006,-0.000001,]
[12,19,]   392   2.61251e-005   -3.05625e-039   4.39509e-039   [0.000003,-0.000001,]
[13,19,]   393   1.56108e-005   -3.32794e-039   4.66836e-039   [-0.000000,-0.000001,]
[14,19,]   394   7.76629e-006   -3.69386e-039   5.03272e-039   [-0.000006,-0.000001,]
[15,19,]   395   3.22958e-006   -4.16644e-039   5.48817e-039   [-0.000013,-0.000000,]
[16,19,]   396   1.14932e-006   -4.76826e-039   6.03471e-039   [-0.000020,0.000002,]
[17,19,]   397   3.69653e-007   -5.47897e-039   6.67234e-039   [-0.000027,0.000004,]
[18,19,]   398   1.14693e-007   -6.18258e-039   7.40106e-039   [-0.000028,0.000006,]
[19,19,]   399   3.45632e-008   -8.58471e-039   8.22087e-039   [-0.000025,0.000007,]
