coordinates  index   rho      Q      V    velocities 
[0,0,]   0   3.39351e-008   -7.9036e-039   8.22087e-039   [0.000038,0.000007,]
[1,0,]   1   1.18284e-007   -5.84051e-039   7.40106e-039   [0.000019,0.000007,]
[2,0,]   2   3.76181e-007   -5.6078e-039   6.67234e-039   [0.000028,0.000009,]
[3,0,]   3   1.25788e-006   -4.80326e-039   6.03471e-039   [0.000020,0.000012,]
[4,0,]   4   3.76065e-006   -4.24311e-039   5.48817e-039   [0.000013,0.000013,]
[5,0,]   5   9.43606e-006   -3.76178e-039   5.03272e-039   [0.000006,0.000014,]
[6,0,]   6   1.93888e-005   -3.39539e-039   4.66836e-039   [0.000001,0.000014,]
[7,0,]   7   3.27139e-005   -3.13132e-039   4.39509e-039   [-0.000003,0.000014,]
[8,0,]   8   4.58866e-005   -2.95687e-039   4.21291e-039   [-0.000006,0.000014,]
[9,0,]   9   5.42239e-005   -2.86367e-039   4.12182e-039   [-0.000007,0.000013,]
[10,0,]   10   5.44308e-005   -2.84752e-039   4.12182e-039   [-0.000007,0.000012,]
[11,0,]   11   4.64389e-005   -2.91665e-039   4.21291e-039   [-0.000006,0.000012,]
[12,0,]   12   3.34697e-005   -3.08514e-039   4.39509e-039   [-0.000003,0.000011,]
[13,0,]   13   2.02193e-005   -3.36374e-039   4.66836e-039   [0.000001,0.000011,]
[14,0,]   14   1.02201e-005   -3.76197e-039   5.03272e-039   [0.000005,0.000011,]
[15,0,]   15   4.38321e-006   -4.28033e-039   5.48817e-039   [0.000011,0.000012,]
[16,0,]   16   1.66178e-006   -4.86957e-039   6.03471e-039   [0.000018,0.000014,]
[17,0,]   17   5.91173e-007   -5.47223e-039   6.67234e-039   [0.000025,0.000016,]
[18,0,]   18   2.07858e-007   -6.47929e-039   7.40106e-039   [0.000036,0.000018,]
[19,0,]   19   9.38071e-008   -7.89701e-039   8.22087e-039   [0.000041,0.000019,]
[0,1,]   20   7.79091e-008   -7.22933e-039   7.40106e-039   [0.000038,-0.000021,]
[1,1,]   21   3.00571e-007   -4.68879e-039   6.58125e-039   [0.000025,-0.000018,]
[2,1,]   22   1.03862e-006   -4.61759e-039   5.85253e-039   [0.000034,-0.000011,]
[3,1,]   23   3.74926e-006   -3.5659e-039   5.2149e-039   [0.000023,-0.000007,]
[4,1,]   24   1.16389e-005   -2.83721e-039   4.66836e-039   [0.000014,-0.000005,]
[5,1,]   25   2.95879e-005   -2.28308e-039   4.21291e-039   [0.000006,-0.000004,]
[6,1,]   26   6.09598e-005   -1.89083e-039   3.84855e-039   [0.000000,-0.000004,]
[7,1,]   27   0.000102616   -1.62862e-039   3.57528e-039   [-0.000004,-0.000004,]
[8,1,]   28   0.000143017   -1.47546e-039   3.3931e-039   [-0.000006,-0.000005,]
[9,1,]   29   0.000167252   -1.41489e-039   3.30201e-039   [-0.000008,-0.000005,]
[10,1,]   30   0.000165731   -1.43161e-039   3.30201e-039   [-0.000008,-0.000006,]
[11,1,]   31   0.000139597   -1.52387e-039   3.3931e-039   [-0.000007,-0.000007,]
[12,1,]   32   9.96777e-005   -1.70005e-039   3.57528e-039   [-0.000004,-0.000008,]
[13,1,]   33   6.00593e-005   -1.97001e-039   3.84855e-039   [0.000000,-0.000008,]
[14,1,]   34   3.05584e-005   -2.33901e-039   4.21291e-039   [0.000006,-0.000008,]
[15,1,]   35   1.33266e-005   -2.79233e-039   4.66836e-039   [0.000012,-0.000007,]
[16,1,]   36   5.17023e-006   -3.26134e-039   5.2149e-039   [0.000019,-0.000006,]
[17,1,]   37   1.87101e-006   -3.70637e-039   5.85253e-039   [0.000024,-0.000005,]
[18,1,]   38   6.56772e-007   -4.53875e-039   6.58125e-039   [0.000033,-0.000005,]
[19,1,]   39   2.86191e-007   -5.87503e-039   7.40106e-039   [0.000036,-0.000008,]
[0,2,]   40   2.52873e-007   -5.43076e-039   6.67234e-039   [0.000038,-0.000017,]
[1,2,]   41   9.44697e-007   -3.34694e-039   5.85253e-039   [0.000030,-0.000013,]
[2,2,]   42   3.06118e-006   -3.77085e-039   5.12381e-039   [0.000039,-0.000007,]
[3,2,]   43   1.10501e-005   -2.76576e-039   4.48618e-039   [0.000027,-0.000003,]
[4,2,]   44   3.50125e-005   -1.99568e-039   3.93964e-039   [0.000016,0.000000,]
[5,2,]   45   9.02775e-005   -1.42217e-039   3.48419e-039   [0.000007,0.000002,]
[6,2,]   46   0.000187052   -1.01865e-039   3.11983e-039   [0.000000,0.000002,]
[7,2,]   47   0.000314587   -7.5298e-040   2.84656e-039   [-0.000004,0.000002,]
[8,2,]   48   0.000436399   -6.00642e-040   2.66438e-039   [-0.000007,0.000001,]
[9,2,]   49   0.000507692   -5.33098e-040   2.57329e-039   [-0.000009,0.000000,]
[10,2,]   50   0.00050125   -5.39137e-040   2.57329e-039   [-0.000009,-0.000001,]
[11,2,]   51   0.000421819   -6.15925e-040   2.66438e-039   [-0.000008,-0.000002,]
[12,2,]   52   0.00030158   -7.74243e-040   2.84656e-039   [-0.000004,-0.000003,]
[13,2,]   53   0.000182036   -1.03845e-039   3.11983e-039   [0.000001,-0.000003,]
[14,2,]   54   9.27946e-005   -1.41769e-039   3.48419e-039   [0.000007,-0.000003,]
[15,2,]   55   4.06655e-005   -1.89002e-039   3.93964e-039   [0.000014,-0.000002,]
[16,2,]   56   1.60216e-005   -2.36428e-039   4.48618e-039   [0.000021,0.000001,]
[17,2,]   57   5.99708e-006   -2.75396e-039   5.12381e-039   [0.000026,0.000003,]
[18,2,]   58   2.20688e-006   -3.47696e-039   5.85253e-039   [0.000033,0.000004,]
[19,2,]   59   9.93204e-007   -4.59484e-039   6.67234e-039   [0.000034,0.000002,]
[0,3,]   60   7.49013e-007   -3.86148e-039   6.03471e-039   [0.000037,-0.000018,]
[1,3,]   61   2.62459e-006   -2.29315e-039   5.2149e-039   [0.000034,-0.000014,]
[2,3,]   62   7.64049e-006   -3.21246e-039   4.48618e-039   [0.000045,-0.000009,]
[3,3,]   63   2.70392e-005   -2.20269e-039   3.84855e-039   [0.000032,-0.000003,]
[4,3,]   64   8.77224e-005   -1.34477e-039   3.30201e-039   [0.000018,0.000001,]
[5,3,]   65   0.000230625   -7.21389e-040   2.84656e-039   [0.000008,0.000003,]
[6,3,]   66   0.000481519   -3.03899e-040   2.4822e-039   [0.000000,0.000003,]
[7,3,]   67   0.000808697   -3.98466e-041   2.20893e-039   [-0.000005,0.000003,]
[8,3,]   68   0.00111481   1.05927e-040   2.02675e-039   [-0.000008,0.000002,]
[9,3,]   69   0.00128771   1.56305e-040   1.93566e-039   [-0.000010,0.000001,]
[10,3,]   70   0.00126651   1.48959e-040   1.93566e-039   [-0.000011,-0.000001,]
[11,3,]   71   0.00106639   7.90789e-041   2.02675e-039   [-0.000009,-0.000002,]
[12,3,]   72   0.000764683   -7.61691e-041   2.20893e-039   [-0.000005,-0.000003,]
[13,3,]   73   0.00046289   -3.3802e-040   2.4822e-039   [0.000001,-0.000004,]
[14,3,]   74   0.000236312   -7.23581e-040   2.84656e-039   [0.000008,-0.000003,]
[15,3,]   75   0.000103962   -1.20989e-039   3.30201e-039   [0.000016,-0.000001,]
[16,3,]   76   4.17519e-005   -1.66522e-039   3.84855e-039   [0.000023,0.000001,]
[17,3,]   77   1.63572e-005   -1.97436e-039   4.48618e-039   [0.000028,0.000004,]
[18,3,]   78   6.41391e-006   -2.57171e-039   5.2149e-039   [0.000032,0.000006,]
[19,3,]   79   3.00705e-006   -3.48524e-039   6.03471e-039   [0.000030,0.000003,]
[0,4,]   80   1.92125e-006   -2.32386e-039   5.48817e-039   [0.000035,-0.000021,]
[1,4,]   81   6.18683e-006   -1.33516e-039   4.66836e-039   [0.000039,-0.000017,]
[2,4,]   82   1.55376e-005   -2.81324e-039   3.93964e-039   [0.000051,-0.000012,]
[3,4,]   83   5.21557e-005   -1.92181e-039   3.30201e-039   [0.000038,-0.000004,]
[4,4,]   84   0.00017488   -8.71162e-040   2.75547e-039   [0.000021,0.000002,]
[5,4,]   85   0.000472159   -2.12031e-040   2.30002e-039   [0.000009,0.000004,]
[6,4,]   86   0.000996418   2.25577e-040   1.93566e-039   [0.000000,0.000005,]
[7,4,]   87   0.00167012   4.91869e-040   1.66239e-039   [-0.000006,0.000005,]
[8,4,]   88   0.00228135   6.21657e-040   1.48021e-039   [-0.000010,0.000003,]
[9,4,]   89   0.0026123   6.85415e-040   1.38912e-039   [-0.000012,0.000001,]
[10,4,]   90   0.00255581   6.6728e-040   1.38912e-039   [-0.000013,-0.000001,]
[11,4,]   91   0.00215483   5.81409e-040   1.48021e-039   [-0.000010,-0.000003,]
[12,4,]   92   0.00155394   4.4045e-040   1.66239e-039   [-0.000006,-0.000004,]
[13,4,]   93   0.000944558   1.76497e-040   1.93566e-039   [0.000001,-0.000005,]
[14,4,]   94   0.000482594   -2.22492e-040   2.30002e-039   [0.000009,-0.000004,]
[15,4,]   95   0.00021301   -7.15423e-040   2.75547e-039   [0.000018,-0.000001,]
[16,4,]   96   8.77198e-005   -1.14658e-039   3.30201e-039   [0.000027,0.000002,]
[17,4,]   97   3.65158e-005   -1.36e-039   3.93964e-039   [0.000031,0.000006,]
[18,4,]   98   1.54708e-005   -1.82317e-039   4.66836e-039   [0.000031,0.000007,]
[19,4,]   99   7.55366e-006   -2.52871e-039   5.48817e-039   [0.000026,0.000003,]
[0,5,]   100   4.3316e-006   -8.43158e-040   5.03272e-039   [0.000033,-0.000022,]
[1,5,]   101   1.25706e-005   -3.74639e-040   4.21291e-039   [0.000042,-0.000019,]
[2,5,]   102   2.61178e-005   -2.33647e-039   3.48419e-039   [0.000059,-0.000018,]
[3,5,]   103   7.73612e-005   -1.91397e-039   2.84656e-039   [0.000047,-0.000005,]
[4,5,]   104   0.000271168   -5.75681e-040   2.30002e-039   [0.000026,0.000003,]
[5,5,]   105   0.000767019   2.21019e-040   1.84457e-039   [0.000010,0.000007,]
[6,5,]   106   0.00164494   6.76056e-040   1.48021e-039   [0.000000,0.000007,]
[7,5,]   107   0.00274658   9.36569e-040   1.20694e-039   [-0.000007,0.000007,]
[8,5,]   108   0.00369939   1.07561e-039   1.02476e-039   [-0.000012,0.000005,]
[9,5,]   109   0.00416026   1.08866e-039   9.33673e-040   [-0.000015,0.000002,]
[10,5,]   110   0.00404171   1.05559e-039   9.33673e-040   [-0.000015,-0.000002,]
[11,5,]   111   0.00343725   1.01771e-039   1.02476e-039   [-0.000012,-0.000005,]
[12,5,]   112   0.00250291   8.59739e-040   1.20694e-039   [-0.000007,-0.000007,]
[13,5,]   113   0.00153217   6.00724e-040   1.48021e-039   [0.000001,-0.000007,]
[14,5,]   114   0.00078243   1.89213e-040   1.84457e-039   [0.000011,-0.000006,]
[15,5,]   115   0.000344476   -3.82399e-040   2.30002e-039   [0.000022,-0.000002,]
[16,5,]   116   0.000146983   -7.15583e-040   2.84656e-039   [0.000032,0.000003,]
[17,5,]   117   6.68169e-005   -7.87761e-040   3.48419e-039   [0.000034,0.000007,]
[18,5,]   118   3.11841e-005   -1.08887e-039   4.21291e-039   [0.000028,0.000009,]
[19,5,]   119   1.58142e-005   -1.5648e-039   5.03272e-039   [0.000020,0.000002,]
[0,6,]   120   8.78e-006   3.49685e-040   4.66836e-039   [0.000030,-0.000023,]
[1,6,]   121   2.2283e-005   4.4139e-040   3.84855e-039   [0.000041,-0.000021,]
[2,6,]   122   3.74021e-005   -1.3676e-039   3.11983e-039   [0.000066,-0.000028,]
[3,6,]   123   8.35491e-005   -2.59259e-039   2.4822e-039   [0.000062,-0.000008,]
[4,6,]   124   0.000313538   -5.37625e-040   1.93566e-039   [0.000034,0.000006,]
[5,6,]   125   0.000962443   5.00046e-040   1.48021e-039   [0.000013,0.000010,]
[6,6,]   126   0.00212247   1.00795e-039   1.11585e-039   [0.000000,0.000011,]
[7,6,]   127   0.00352149   1.29586e-039   8.42583e-040   [-0.000008,0.000010,]
[8,6,]   128   0.00461051   1.39035e-039   6.60403e-040   [-0.000015,0.000007,]
[9,6,]   129   0.00503931   1.43497e-039   5.69313e-040   [-0.000019,0.000003,]
[10,6,]   130   0.00484692   1.36882e-039   5.69313e-040   [-0.000019,-0.000002,]
[11,6,]   131   0.00418776   1.30433e-039   6.60403e-040   [-0.000016,-0.000008,]
[12,6,]   132   0.00312242   1.18492e-039   8.42583e-040   [-0.000008,-0.000011,]
[13,6,]   133   0.00193463   8.99026e-040   1.11585e-039   [0.000002,-0.000011,]
[14,6,]   134   0.000982804   4.36168e-040   1.48021e-039   [0.000014,-0.000009,]
[15,6,]   135   0.000429009   -1.83187e-040   1.93566e-039   [0.000027,-0.000002,]
[16,6,]   136   0.000190879   -5.22526e-040   2.4822e-039   [0.000039,0.000004,]
[17,6,]   137   0.000100017   -1.41411e-040   3.11983e-039   [0.000037,0.000010,]
[18,6,]   138   5.25501e-005   -3.3662e-040   3.84855e-039   [0.000024,0.000010,]
[19,6,]   139   2.74808e-005   -6.03742e-040   4.66836e-039   [0.000013,0.000002,]
[0,7,]   140   1.63002e-005   1.29158e-039   4.39509e-039   [0.000026,-0.000021,]
[1,7,]   141   3.5002e-005   1.05665e-039   3.57528e-039   [0.000034,-0.000021,]
[2,7,]   142   4.70821e-005   1.46558e-040   2.84656e-039   [0.000069,-0.000039,]
[3,7,]   143   6.12514e-005   -4.80492e-039   2.20893e-039   [0.000088,-0.000015,]
[4,7,]   144   0.000248275   -1.33302e-039   1.66239e-039   [0.000046,0.000017,]
[5,7,]   145   0.00090475   6.28907e-040   1.20694e-039   [0.000014,0.000019,]
[6,7,]   146   0.00209306   1.2528e-039   8.42583e-040   [-0.000000,0.000019,]
[7,7,]   147   0.00340949   1.52113e-039   5.69313e-040   [-0.000011,0.000017,]
[8,7,]   148   0.00422281   1.64466e-039   3.87133e-040   [-0.000019,0.000014,]
[9,7,]   149   0.00425659   1.34017e-039   2.96043e-040   [-0.000025,0.000009,]
[10,7,]   150   0.0040438   1.09008e-039   2.96043e-040   [-0.000028,-0.000003,]
[11,7,]   151   0.00370837   1.51054e-039   3.87133e-040   [-0.000022,-0.000014,]
[12,7,]   152   0.00290955   1.36585e-039   5.69313e-040   [-0.000010,-0.000020,]
[13,7,]   153   0.00185656   1.11177e-039   8.42583e-040   [0.000002,-0.000020,]
[14,7,]   154   0.000929622   5.4486e-040   1.20694e-039   [0.000019,-0.000016,]
[15,7,]   155   0.000389909   -5.14302e-040   1.66239e-039   [0.000037,-0.000005,]
[16,7,]   156   0.000185213   -5.10716e-040   2.20893e-039   [0.000050,0.000011,]
[17,7,]   157   0.000120911   4.73572e-040   2.84656e-039   [0.000037,0.000014,]
[18,7,]   158   7.34282e-005   3.96872e-040   3.57528e-039   [0.000018,0.000012,]
[19,7,]   159   3.94568e-005   3.08549e-040   4.39509e-039   [0.000004,0.000002,]
[0,8,]   160   2.69441e-005   2.00597e-039   4.21291e-039   [0.000021,-0.000018,]
[1,8,]   161   4.9299e-005   1.30793e-039   3.3931e-039   [0.000021,-0.000021,]
[2,8,]   162   5.51084e-005   1.81612e-039   2.66438e-039   [0.000061,-0.000038,]
[3,8,]   163   3.25745e-005   -8.86097e-039   2.02675e-039   [0.000131,-0.000046,]
[4,8,]   164   0.000117848   -5.45995e-039   1.48021e-039   [0.000074,0.000037,]
[5,8,]   165   0.00060945   6.18187e-041   1.02476e-039   [0.000012,0.000038,]
[6,8,]   166   0.00152641   1.10742e-039   6.60403e-040   [-0.000002,0.000036,]
[7,8,]   167   0.00239474   1.49755e-039   3.87133e-040   [-0.000012,0.000034,]
[8,8,]   168   0.00258965   1.08078e-039   2.04953e-040   [-0.000024,0.000029,]
[9,8,]   169   0.0022168   -2.59964e-040   1.13863e-040   [-0.000042,0.000025,]
[10,8,]   170   0.00223237   7.82807e-040   1.13863e-040   [-0.000047,-0.000004,]
[11,8,]   171   0.00214098   6.73558e-040   2.04953e-040   [-0.000032,-0.000032,]
[12,8,]   172   0.00192087   9.27291e-040   3.87133e-040   [-0.000014,-0.000042,]
[13,8,]   173   0.00130238   7.06633e-040   6.60403e-040   [0.000005,-0.000043,]
[14,8,]   174   0.000627678   -6.12258e-041   1.02476e-039   [0.000025,-0.000036,]
[15,8,]   175   0.000250802   -7.75073e-040   1.48021e-039   [0.000060,-0.000014,]
[16,8,]   176   0.000121395   -2.70055e-039   2.02675e-039   [0.000071,0.000016,]
[17,8,]   177   0.000119934   1.49602e-039   2.66438e-039   [0.000028,0.000023,]
[18,8,]   178   8.44998e-005   9.0414e-040   3.3931e-039   [0.000010,0.000014,]
[19,8,]   179   4.7112e-005   1.07633e-039   4.21291e-039   [-0.000005,0.000003,]
[0,9,]   180   3.6804e-005   2.42099e-039   4.12182e-039   [0.000015,-0.000011,]
[1,9,]   181   6.48059e-005   1.70186e-039   3.30201e-039   [0.000015,-0.000019,]
[2,9,]   182   6.23281e-005   9.14779e-040   2.57329e-039   [0.000026,-0.000036,]
[3,9,]   183   2.50971e-005   -1.10824e-038   1.93566e-039   [0.000138,-0.000123,]
[4,9,]   184   4.87593e-005   -1.39587e-038   1.38912e-039   [0.000145,0.000113,]
[5,9,]   185   0.00034203   -1.83483e-039   9.33673e-040   [-0.000005,0.000085,]
[6,9,]   186   0.000888961   -3.88445e-040   5.69313e-040   [-0.000005,0.000071,]
[7,9,]   187   0.0012524   -5.32829e-040   2.96043e-040   [-0.000010,0.000077,]
[8,9,]   188   0.00112503   -1.28737e-039   1.13863e-040   [-0.000013,0.000102,]
[9,9,]   189   0.000726716   -5.60815e-039   2.27725e-041   [-0.000084,0.000112,]
[10,9,]   190   0.000675361   -5.9227e-039   2.27725e-041   [-0.000111,-0.000094,]
[11,9,]   191   0.000784261   -5.69605e-039   1.13863e-040   [-0.000046,-0.000106,]
[12,9,]   192   0.00104673   -1.13489e-039   2.96043e-040   [-0.000014,-0.000083,]
[13,9,]   193   0.000795618   -7.53177e-040   5.69313e-040   [0.000008,-0.000077,]
[14,9,]   194   0.000325818   -3.07475e-039   9.33673e-040   [0.000029,-0.000086,]
[15,9,]   195   9.10201e-005   -7.20211e-039   1.38912e-039   [0.000104,-0.000098,]
[16,9,]   196   7.30863e-005   -9.1976e-040   1.93566e-039   [0.000063,0.000095,]
[17,9,]   197   9.83144e-005   1.99141e-039   2.57329e-039   [0.000018,0.000035,]
[18,9,]   198   8.14241e-005   1.39241e-039   3.30201e-039   [-0.000001,0.000016,]
[19,9,]   199   4.63119e-005   1.64785e-039   4.12182e-039   [-0.000015,0.000004,]
[0,10,]   200   4.45579e-005   1.65558e-039   4.12182e-039   [0.000010,-0.000004,]
[1,10,]   201   8.05232e-005   1.40946e-039   3.30201e-039   [0.000001,-0.000016,]
[2,10,]   202   9.82603e-005   2.02008e-039   2.57329e-039   [-0.000018,-0.000035,]
[3,10,]   203   7.31002e-005   -9.15213e-040   1.93566e-039   [-0.000063,-0.000095,]
[4,10,]   204   9.10253e-005   -7.2017e-039   1.38912e-039   [-0.000104,0.000098,]
[5,10,]   205   0.000325817   -3.07489e-039   9.33673e-040   [-0.000029,0.000086,]
[6,10,]   206   0.00079562   -7.53162e-040   5.69313e-040   [-0.000008,0.000077,]
[7,10,]   207   0.00104673   -1.1349e-039   2.96043e-040   [0.000014,0.000083,]
[8,10,]   208   0.000784261   -5.69605e-039   1.13863e-040   [0.000046,0.000106,]
[9,10,]   209   0.000675361   -5.9227e-039   2.27725e-041   [0.000111,0.000094,]
[10,10,]   210   0.000726716   -5.60815e-039   2.27725e-041   [0.000084,-0.000112,]
[11,10,]   211   0.00112503   -1.28737e-039   1.13863e-040   [0.000013,-0.000102,]
[12,10,]   212   0.0012524   -5.32824e-040   2.96043e-040   [0.000010,-0.000077,]
[13,10,]   213   0.000888958   -3.88458e-040   5.69313e-040   [0.000005,-0.000071,]
[14,10,]   214   0.000342028   -1.83492e-039   9.33673e-040   [0.000005,-0.000085,]
[15,10,]   215   4.87609e-005   -1.39587e-038   1.38912e-039   [-0.000145,-0.000113,]
[16,10,]   216   2.51074e-005   -1.10848e-038   1.93566e-039   [-0.000138,0.000123,]
[17,10,]   217   6.24479e-005   8.75059e-040   2.57329e-039   [-0.000027,0.000036,]
[18,10,]   218   6.59767e-005   1.7065e-039   3.30201e-039   [-0.000016,0.000019,]
[19,10,]   219   3.88865e-005   2.44834e-039   4.12182e-039   [-0.000025,0.000011,]
[0,11,]   220   4.66796e-005   1.09255e-039   4.21291e-039   [0.000004,-0.000003,]
[1,11,]   221   8.43408e-005   9.18836e-040   3.3931e-039   [-0.000010,-0.000014,]
[2,11,]   222   0.00011994   1.50268e-039   2.66438e-039   [-0.000028,-0.000023,]
[3,11,]   223   0.000121405   -2.6999e-039   2.02675e-039   [-0.000071,-0.000016,]
[4,11,]   224   0.000250805   -7.75113e-040   1.48021e-039   [-0.000060,0.000014,]
[5,11,]   225   0.000627677   -6.12625e-041   1.02476e-039   [-0.000025,0.000036,]
[6,11,]   226   0.00130238   7.06636e-040   6.60403e-040   [-0.000005,0.000043,]
[7,11,]   227   0.00192087   9.27292e-040   3.87133e-040   [0.000014,0.000042,]
[8,11,]   228   0.00214098   6.7356e-040   2.04953e-040   [0.000032,0.000032,]
[9,11,]   229   0.00223237   7.82809e-040   1.13863e-040   [0.000047,0.000004,]
[10,11,]   230   0.0022168   -2.59962e-040   1.13863e-040   [0.000042,-0.000025,]
[11,11,]   231   0.00258965   1.08078e-039   2.04953e-040   [0.000024,-0.000029,]
[12,11,]   232   0.00239474   1.49756e-039   3.87133e-040   [0.000012,-0.000034,]
[13,11,]   233   0.00152641   1.10742e-039   6.60403e-040   [0.000002,-0.000036,]
[14,11,]   234   0.000609448   6.17854e-041   1.02476e-039   [-0.000012,-0.000038,]
[15,11,]   235   0.000117849   -5.46052e-039   1.48021e-039   [-0.000074,-0.000037,]
[16,11,]   236   3.25866e-005   -8.86042e-039   2.02675e-039   [-0.000131,0.000046,]
[17,11,]   237   5.51747e-005   1.79398e-039   2.66438e-039   [-0.000061,0.000038,]
[18,11,]   238   4.981e-005   1.29584e-039   3.3931e-039   [-0.000021,0.000021,]
[19,11,]   239   2.77946e-005   1.97263e-039   4.21291e-039   [-0.000026,0.000019,]
[0,12,]   240   4.0321e-005   3.15057e-040   4.39509e-039   [-0.000000,-0.000001,]
[1,12,]   241   7.38741e-005   3.9346e-040   3.57528e-039   [-0.000018,-0.000012,]
[2,12,]   242   0.000120907   4.59617e-040   2.84656e-039   [-0.000037,-0.000014,]
[3,12,]   243   0.000185208   -5.10872e-040   2.20893e-039   [-0.000050,-0.000011,]
[4,12,]   244   0.000389899   -5.14425e-040   1.66239e-039   [-0.000037,0.000005,]
[5,12,]   245   0.000929624   5.44922e-040   1.20694e-039   [-0.000019,0.000016,]
[6,12,]   246   0.00185656   1.11176e-039   8.42583e-040   [-0.000002,0.000020,]
[7,12,]   247   0.00290955   1.36585e-039   5.69313e-040   [0.000010,0.000020,]
[8,12,]   248   0.00370837   1.51054e-039   3.87133e-040   [0.000022,0.000014,]
[9,12,]   249   0.0040438   1.09007e-039   2.96043e-040   [0.000028,0.000003,]
[10,12,]   250   0.00425659   1.34017e-039   2.96043e-040   [0.000025,-0.000009,]
[11,12,]   251   0.00422281   1.64466e-039   3.87133e-040   [0.000019,-0.000014,]
[12,12,]   252   0.00340949   1.52113e-039   5.69313e-040   [0.000011,-0.000017,]
[13,12,]   253   0.00209306   1.2528e-039   8.42583e-040   [0.000000,-0.000019,]
[14,12,]   254   0.000904751   6.28907e-040   1.20694e-039   [-0.000014,-0.000019,]
[15,12,]   255   0.000248275   -1.33299e-039   1.66239e-039   [-0.000046,-0.000017,]
[16,12,]   256   6.12472e-005   -4.80479e-039   2.20893e-039   [-0.000088,0.000015,]
[17,12,]   257   4.70621e-005   1.50051e-040   2.84656e-039   [-0.000069,0.000039,]
[18,12,]   258   3.4922e-005   1.04925e-039   3.57528e-039   [-0.000034,0.000021,]
[19,12,]   259   1.61569e-005   1.26704e-039   4.39509e-039   [-0.000024,0.000022,]
[0,13,]   260   2.89884e-005   -5.81275e-040   4.66836e-039   [-0.000004,-0.000001,]
[1,13,]   261   5.32398e-005   -3.576e-040   3.84855e-039   [-0.000025,-0.000010,]
[2,13,]   262   9.99864e-005   -1.7217e-040   3.11983e-039   [-0.000037,-0.000010,]
[3,13,]   263   0.000190867   -5.22089e-040   2.4822e-039   [-0.000039,-0.000004,]
[4,13,]   264   0.000428986   -1.83488e-040   1.93566e-039   [-0.000027,0.000002,]
[5,13,]   265   0.000982809   4.36314e-040   1.48021e-039   [-0.000014,0.000009,]
[6,13,]   266   0.00193463   8.9901e-040   1.11585e-039   [-0.000002,0.000011,]
[7,13,]   267   0.00312242   1.18492e-039   8.42583e-040   [0.000008,0.000011,]
[8,13,]   268   0.00418776   1.30433e-039   6.60403e-040   [0.000016,0.000008,]
[9,13,]   269   0.00484692   1.36881e-039   5.69313e-040   [0.000019,0.000002,]
[10,13,]   270   0.00503931   1.43497e-039   5.69313e-040   [0.000019,-0.000003,]
[11,13,]   271   0.00461051   1.39034e-039   6.60403e-040   [0.000015,-0.000007,]
[12,13,]   272   0.00352149   1.29585e-039   8.42583e-040   [0.000008,-0.000010,]
[13,13,]   273   0.00212247   1.00794e-039   1.11585e-039   [-0.000000,-0.000011,]
[14,13,]   274   0.000962449   5.00047e-040   1.48021e-039   [-0.000013,-0.000010,]
[15,13,]   275   0.000313544   -5.37176e-040   1.93566e-039   [-0.000034,-0.000006,]
[16,13,]   276   8.353e-005   -2.59011e-039   2.4822e-039   [-0.000062,0.000008,]
[17,13,]   277   3.73145e-005   -1.35024e-039   3.11983e-039   [-0.000066,0.000028,]
[18,13,]   278   2.19464e-005   4.55032e-040   3.84855e-039   [-0.000040,0.000021,]
[19,13,]   279   8.24773e-006   3.27129e-040   4.66836e-039   [-0.000021,0.000024,]
[0,14,]   280   1.71459e-005   -1.53154e-039   5.03272e-039   [-0.000008,-0.000002,]
[1,14,]   281   3.17569e-005   -1.13106e-039   4.21291e-039   [-0.000029,-0.000008,]
[2,14,]   282   6.67739e-005   -8.30572e-040   3.48419e-039   [-0.000034,-0.000007,]
[3,14,]   283   0.000146972   -7.14657e-040   2.84656e-039   [-0.000032,-0.000003,]
[4,14,]   284   0.000344451   -3.82989e-040   2.30002e-039   [-0.000022,0.000002,]
[5,14,]   285   0.000782436   1.89206e-040   1.84457e-039   [-0.000011,0.000006,]
[6,14,]   286   0.00153217   6.00504e-040   1.48021e-039   [-0.000001,0.000007,]
[7,14,]   287   0.00250292   8.5954e-040   1.20694e-039   [0.000007,0.000007,]
[8,14,]   288   0.00343725   1.01751e-039   1.02476e-039   [0.000012,0.000005,]
[9,14,]   289   0.00404172   1.05539e-039   9.33673e-040   [0.000015,0.000002,]
[10,14,]   290   0.00416027   1.08847e-039   9.33673e-040   [0.000015,-0.000002,]
[11,14,]   291   0.0036994   1.07542e-039   1.02476e-039   [0.000012,-0.000005,]
[12,14,]   292   0.00274659   9.36378e-040   1.20694e-039   [0.000007,-0.000007,]
[13,14,]   293   0.00164495   6.75857e-040   1.48021e-039   [-0.000000,-0.000007,]
[14,14,]   294   0.000767029   2.20816e-040   1.84457e-039   [-0.000010,-0.000007,]
[15,14,]   295   0.000271179   -5.75245e-040   2.30002e-039   [-0.000026,-0.000003,]
[16,14,]   296   7.73423e-005   -1.90989e-039   2.84656e-039   [-0.000047,0.000005,]
[17,14,]   297   2.60224e-005   -2.31089e-039   3.48419e-039   [-0.000059,0.000018,]
[18,14,]   298   1.22474e-005   -3.34694e-040   4.21291e-039   [-0.000041,0.000019,]
[19,14,]   299   3.83863e-006   -8.84879e-040   5.03272e-039   [-0.000018,0.000024,]
[0,15,]   300   8.37982e-006   -2.47984e-039   5.48817e-039   [-0.000010,-0.000002,]
[1,15,]   301   1.58143e-005   -1.88371e-039   4.66836e-039   [-0.000032,-0.000007,]
[2,15,]   302   3.64841e-005   -1.41031e-039   3.93964e-039   [-0.000031,-0.000006,]
[3,15,]   303   8.77202e-005   -1.14472e-039   3.30201e-039   [-0.000027,-0.000002,]
[4,15,]   304   0.000213011   -7.15733e-040   2.75547e-039   [-0.000018,0.000001,]
[5,15,]   305   0.000482639   -2.22138e-040   2.30002e-039   [-0.000009,0.000004,]
[6,15,]   306   0.000944639   1.76612e-040   1.93566e-039   [-0.000001,0.000005,]
[7,15,]   307   0.00155408   4.40587e-040   1.66239e-039   [0.000006,0.000004,]
[8,15,]   308   0.00215502   5.81542e-040   1.48021e-039   [0.000010,0.000003,]
[9,15,]   309   0.00255604   6.67417e-040   1.38912e-039   [0.000013,0.000001,]
[10,15,]   310   0.00261253   6.85559e-040   1.38912e-039   [0.000012,-0.000001,]
[11,15,]   311   0.00228155   6.21812e-040   1.48021e-039   [0.000010,-0.000003,]
[12,15,]   312   0.00167027   4.9203e-040   1.66239e-039   [0.000006,-0.000005,]
[13,15,]   313   0.000996507   2.25727e-040   1.93566e-039   [-0.000000,-0.000005,]
[14,15,]   314   0.000472206   -2.1191e-040   2.30002e-039   [-0.000009,-0.000005,]
[15,15,]   315   0.000174905   -8.70337e-040   2.75547e-039   [-0.000021,-0.000002,]
[16,15,]   316   5.2149e-005   -1.91646e-039   3.30201e-039   [-0.000038,0.000004,]
[17,15,]   317   1.54729e-005   -2.78057e-039   3.93964e-039   [-0.000051,0.000012,]
[18,15,]   318   5.97934e-006   -1.27317e-039   4.66836e-039   [-0.000037,0.000017,]
[19,15,]   319   1.61149e-006   -2.44063e-039   5.48817e-039   [-0.000013,0.000022,]
[0,16,]   320   3.39807e-006   -3.41947e-039   6.03471e-039   [-0.000012,-0.000002,]
[1,16,]   321   6.57336e-006   -2.64565e-039   5.2149e-039   [-0.000034,-0.000006,]
[2,16,]   322   1.63404e-005   -2.02754e-039   4.48618e-039   [-0.000029,-0.000004,]
[3,16,]   323   4.17555e-005   -1.66135e-039   3.84855e-039   [-0.000024,-0.000002,]
[4,16,]   324   0.000103971   -1.20883e-039   3.30201e-039   [-0.000016,0.000001,]
[5,16,]   325   0.000236355   -7.21912e-040   2.84656e-039   [-0.000008,0.000003,]
[6,16,]   326   0.000462973   -3.3662e-040   2.4822e-039   [-0.000001,0.000004,]
[7,16,]   327   0.000764819   -7.47234e-041   2.20893e-039   [0.000005,0.000003,]
[8,16,]   328   0.00106658   8.05778e-041   2.02675e-039   [0.000009,0.000002,]
[9,16,]   329   0.00126674   1.50551e-040   1.93566e-039   [0.000011,0.000001,]
[10,16,]   330   0.00128793   1.58016e-040   1.93566e-039   [0.000010,-0.000001,]
[11,16,]   331   0.001115   1.07761e-040   2.02675e-039   [0.000008,-0.000002,]
[12,16,]   332   0.000808833   -3.79193e-041   2.20893e-039   [0.000005,-0.000003,]
[13,16,]   333   0.0004816   -3.01954e-040   2.4822e-039   [-0.000000,-0.000004,]
[14,16,]   334   0.000230667   -7.19546e-040   2.84656e-039   [-0.000008,-0.000003,]
[15,16,]   335   8.77438e-005   -1.34235e-039   3.30201e-039   [-0.000018,-0.000001,]
[16,16,]   336   2.70397e-005   -2.19546e-039   3.84855e-039   [-0.000032,0.000003,]
[17,16,]   337   7.60814e-006   -3.17416e-039   4.48618e-039   [-0.000045,0.000009,]
[18,16,]   338   2.52331e-006   -2.21179e-039   5.2149e-039   [-0.000032,0.000014,]
[19,16,]   339   6.00282e-007   -4.08371e-039   6.03471e-039   [-0.000008,0.000019,]
[0,17,]   340   1.13786e-006   -4.46488e-039   6.67234e-039   [-0.000013,-0.000002,]
[1,17,]   341   2.26293e-006   -3.51929e-039   5.85253e-039   [-0.000034,-0.000004,]
[2,17,]   342   5.98368e-006   -2.76948e-039   5.12381e-039   [-0.000026,-0.000003,]
[3,17,]   343   1.60111e-005   -2.32015e-039   4.48618e-039   [-0.000021,-0.000001,]
[4,17,]   344   4.06446e-005   -1.84913e-039   3.93964e-039   [-0.000014,0.000001,]
[5,17,]   345   9.27612e-005   -1.37586e-039   3.48419e-039   [-0.000007,0.000003,]
[6,17,]   346   0.000181971   -9.96738e-040   3.11983e-039   [-0.000001,0.000003,]
[7,17,]   347   0.000301469   -7.32677e-040   2.84656e-039   [0.000004,0.000003,]
[8,17,]   348   0.000421651   -5.74757e-040   2.66438e-039   [0.000008,0.000002,]
[9,17,]   349   0.000501024   -4.9836e-040   2.57329e-039   [0.000009,0.000001,]
[10,17,]   350   0.000507426   -4.9254e-040   2.57329e-039   [0.000009,-0.000000,]
[11,17,]   351   0.000436136   -5.60102e-040   2.66438e-039   [0.000007,-0.000001,]
[12,17,]   352   0.000314377   -7.12362e-040   2.84656e-039   [0.000004,-0.000002,]
[13,17,]   353   0.000186924   -9.78029e-040   3.11983e-039   [-0.000000,-0.000002,]
[14,17,]   354   9.02213e-005   -1.38168e-039   3.48419e-039   [-0.000007,-0.000002,]
[15,17,]   355   3.49975e-005   -1.95426e-039   3.93964e-039   [-0.000016,-0.000001,]
[16,17,]   356   1.10451e-005   -2.71754e-039   4.48618e-039   [-0.000027,0.000002,]
[17,17,]   357   3.04689e-006   -3.6846e-039   5.12381e-039   [-0.000039,0.000007,]
[18,17,]   358   9.04906e-007   -3.19721e-039   5.85253e-039   [-0.000026,0.000012,]
[19,17,]   359   1.95725e-007   -5.69983e-039   6.67234e-039   [-0.000004,0.000018,]
[0,18,]   360   3.20442e-007   -5.72841e-039   7.40106e-039   [-0.000013,0.000010,]
[1,18,]   361   6.52635e-007   -4.56063e-039   6.58125e-039   [-0.000035,0.000006,]
[2,18,]   362   1.81314e-006   -3.68221e-039   5.85253e-039   [-0.000024,0.000005,]
[3,18,]   363   5.03217e-006   -3.16876e-039   5.2149e-039   [-0.000019,0.000006,]
[4,18,]   364   1.29845e-005   -2.70282e-039   4.66836e-039   [-0.000012,0.000007,]
[5,18,]   365   2.97815e-005   -2.24963e-039   4.21291e-039   [-0.000006,0.000008,]
[6,18,]   366   5.85316e-005   -1.88137e-039   3.84855e-039   [-0.000000,0.000008,]
[7,18,]   367   9.71513e-005   -1.61145e-039   3.57528e-039   [0.000004,0.000008,]
[8,18,]   368   0.000136077   -1.43508e-039   3.3931e-039   [0.000007,0.000007,]
[9,18,]   369   0.000161552   -1.34265e-039   3.30201e-039   [0.000008,0.000007,]
[10,18,]   370   0.000162997   -1.32597e-039   3.30201e-039   [0.000008,0.000006,]
[11,18,]   371   0.00013932   -1.38677e-039   3.3931e-039   [0.000006,0.000005,]
[12,18,]   372   9.99237e-005   -1.54016e-039   3.57528e-039   [0.000004,0.000005,]
[13,18,]   373   5.93546e-005   -1.80216e-039   3.84855e-039   [-0.000000,0.000004,]
[14,18,]   374   2.88208e-005   -2.19321e-039   4.21291e-039   [-0.000006,0.000004,]
[15,18,]   375   1.13471e-005   -2.74369e-039   4.66836e-039   [-0.000014,0.000005,]
[16,18,]   376   3.65563e-006   -3.46281e-039   5.2149e-039   [-0.000023,0.000007,]
[17,18,]   377   1.00579e-006   -4.47946e-039   5.85253e-039   [-0.000034,0.000011,]
[18,18,]   378   2.77638e-007   -4.49624e-039   6.58125e-039   [-0.000021,0.000018,]
[19,18,]   379   5.65303e-008   -7.61193e-039   7.40106e-039   [0.000000,0.000023,]
[0,19,]   380   8.98964e-008   -8.12471e-039   8.22087e-039   [-0.000013,0.000022,]
[1,19,]   381   1.74846e-007   -6.88189e-039   7.40106e-039   [-0.000039,0.000016,]
[2,19,]   382   4.91664e-007   -5.71323e-039   6.67234e-039   [-0.000026,0.000014,]
[3,19,]   383   1.40725e-006   -4.95615e-039   6.03471e-039   [-0.000019,0.000012,]
[4,19,]   384   3.73823e-006   -4.34517e-039   5.48817e-039   [-0.000012,0.000013,]
[5,19,]   385   8.73245e-006   -3.82589e-039   5.03272e-039   [-0.000006,0.000013,]
[6,19,]   386   1.72817e-005   -3.43002e-039   4.66836e-039   [-0.000001,0.000013,]
[7,19,]   387   2.86194e-005   -3.14874e-039   4.39509e-039   [0.000003,0.000013,]
[8,19,]   388   3.97224e-005   -2.97532e-039   4.21291e-039   [0.000006,0.000012,]
[9,19,]   389   4.65319e-005   -2.90438e-039   4.12182e-039   [0.000007,0.000012,]
[10,19,]   390   4.62653e-005   -2.92516e-039   4.12182e-039   [0.000008,0.000011,]
[11,19,]   391   3.90393e-005   -3.02804e-039   4.21291e-039   [0.000006,0.000011,]
[12,19,]   392   2.7761e-005   -3.21163e-039   4.39509e-039   [0.000003,0.000011,]
[13,19,]   393   1.64413e-005   -3.47655e-039   4.66836e-039   [-0.000001,0.000011,]
[14,19,]   394   8.01933e-006   -3.82892e-039   5.03272e-039   [-0.000006,0.000011,]
[15,19,]   395   3.21133e-006   -4.27923e-039   5.48817e-039   [-0.000013,0.000011,]
[16,19,]   396   1.07693e-006   -4.80469e-039   6.03471e-039   [-0.000021,0.000011,]
[17,19,]   397   3.17143e-007   -5.61689e-039   6.67234e-039   [-0.000028,0.000015,]
[18,19,]   398   9.23466e-008   -6.0158e-039   7.40106e-039   [-0.000015,0.000023,]
[19,19,]   399   2.03929e-008   -8.88499e-039   8.22087e-039   [0.000004,0.000027,]
