coordinates  index   rho      Q      V    velocities 
[0,0,]   0   1.95783e-008   -9.51564e-039   8.22087e-039   [0.000010,-0.000003,]
[1,0,]   1   8.31024e-008   -6.92985e-039   7.40106e-039   [0.000003,-0.000003,]
[2,0,]   2   2.97954e-007   -6.09167e-039   6.67234e-039   [0.000007,-0.000002,]
[3,0,]   3   9.02878e-007   -5.32499e-039   6.03471e-039   [0.000008,-0.000002,]
[4,0,]   4   2.30818e-006   -4.6609e-039   5.48817e-039   [0.000009,-0.000002,]
[5,0,]   5   4.99585e-006   -4.08621e-039   5.03272e-039   [0.000009,-0.000001,]
[6,0,]   6   9.18342e-006   -3.60709e-039   4.66836e-039   [0.000010,-0.000000,]
[7,0,]   7   1.43873e-005   -3.23207e-039   4.39509e-039   [0.000011,0.000001,]
[8,0,]   8   1.92797e-005   -2.97257e-039   4.21291e-039   [0.000012,0.000002,]
[9,0,]   9   2.21705e-005   -2.84004e-039   4.12182e-039   [0.000012,0.000003,]
[10,0,]   10   2.19287e-005   -2.84195e-039   4.12182e-039   [0.000012,0.000004,]
[11,0,]   11   1.86739e-005   -2.97868e-039   4.21291e-039   [0.000012,0.000005,]
[12,0,]   12   1.36831e-005   -3.24307e-039   4.39509e-039   [0.000012,0.000007,]
[13,0,]   13   8.60947e-006   -3.62319e-039   4.66836e-039   [0.000011,0.000007,]
[14,0,]   14   4.63764e-006   -4.10644e-039   5.03272e-039   [0.000010,0.000008,]
[15,0,]   15   2.13121e-006   -4.68298e-039   5.48817e-039   [0.000010,0.000009,]
[16,0,]   16   8.32622e-007   -5.34575e-039   6.03471e-039   [0.000009,0.000009,]
[17,0,]   17   2.75425e-007   -6.10265e-039   6.67234e-039   [0.000008,0.000009,]
[18,0,]   18   7.70327e-008   -7.02217e-039   7.40106e-039   [0.000011,0.000010,]
[19,0,]   19   1.9171e-008   -9.54221e-039   8.22087e-039   [0.000014,0.000010,]
[0,1,]   20   7.72325e-008   -7.03457e-039   7.40106e-039   [0.000010,-0.000011,]
[1,1,]   21   3.26089e-007   -4.59022e-039   6.58125e-039   [0.000003,-0.000010,]
[2,1,]   22   1.15681e-006   -3.85826e-039   5.85253e-039   [0.000008,-0.000010,]
[3,1,]   23   3.46681e-006   -3.20203e-039   5.2149e-039   [0.000009,-0.000010,]
[4,1,]   24   8.76663e-006   -2.65442e-039   4.66836e-039   [0.000010,-0.000009,]
[5,1,]   25   1.87841e-005   -2.19869e-039   4.21291e-039   [0.000011,-0.000008,]
[6,1,]   26   3.42407e-005   -1.83382e-039   3.84855e-039   [0.000012,-0.000007,]
[7,1,]   27   5.33426e-005   -1.55838e-039   3.57528e-039   [0.000013,-0.000006,]
[8,1,]   28   7.13522e-005   -1.37207e-039   3.3931e-039   [0.000013,-0.000004,]
[9,1,]   29   8.22785e-005   -1.27538e-039   3.30201e-039   [0.000014,-0.000002,]
[10,1,]   30   8.20025e-005   -1.26889e-039   3.30201e-039   [0.000014,-0.000001,]
[11,1,]   31   7.06732e-005   -1.35273e-039   3.3931e-039   [0.000013,0.000001,]
[12,1,]   32   5.25833e-005   -1.52659e-039   3.57528e-039   [0.000013,0.000002,]
[13,1,]   33   3.36605e-005   -1.79012e-039   3.84855e-039   [0.000012,0.000003,]
[14,1,]   34   1.84565e-005   -2.14361e-039   4.21291e-039   [0.000011,0.000003,]
[15,1,]   35   8.62841e-006   -2.58838e-039   4.66836e-039   [0.000010,0.000004,]
[16,1,]   36   3.42466e-006   -3.12538e-039   5.2149e-039   [0.000009,0.000004,]
[17,1,]   37   1.14894e-006   -3.76667e-039   5.85253e-039   [0.000008,0.000004,]
[18,1,]   38   3.25296e-007   -4.57811e-039   6.58125e-039   [0.000010,0.000003,]
[19,1,]   39   8.14891e-008   -6.94778e-039   7.40106e-039   [0.000013,0.000003,]
[0,2,]   40   2.75422e-007   -6.1069e-039   6.67234e-039   [0.000009,-0.000008,]
[1,2,]   41   1.14892e-006   -3.77069e-039   5.85253e-039   [0.000004,-0.000008,]
[2,2,]   42   4.01305e-006   -3.0483e-039   5.12381e-039   [0.000008,-0.000008,]
[3,2,]   43   1.18193e-005   -2.40126e-039   4.48618e-039   [0.000009,-0.000008,]
[4,2,]   44   2.93306e-005   -1.86359e-039   3.93964e-039   [0.000010,-0.000007,]
[5,2,]   45   6.16213e-005   -1.41896e-039   3.48419e-039   [0.000011,-0.000007,]
[6,2,]   46   0.00011017   -1.06602e-039   3.11983e-039   [0.000013,-0.000006,]
[7,2,]   47   0.000168675   -8.02896e-040   2.84656e-039   [0.000014,-0.000005,]
[8,2,]   48   0.000222657   -6.28867e-040   2.66438e-039   [0.000015,-0.000003,]
[9,2,]   49   0.000254953   -5.43949e-040   2.57329e-039   [0.000015,-0.000001,]
[10,2,]   50   0.000254222   -5.48039e-040   2.57329e-039   [0.000015,0.000001,]
[11,2,]   51   0.000220873   -6.4033e-040   2.66438e-039   [0.000015,0.000003,]
[12,2,]   52   0.000166715   -8.19541e-040   2.84656e-039   [0.000014,0.000005,]
[13,2,]   53   0.00010872   -1.08488e-039   3.11983e-039   [0.000013,0.000006,]
[14,2,]   54   6.08482e-005   -1.43692e-039   3.48419e-039   [0.000011,0.000007,]
[15,2,]   55   2.90388e-005   -1.87781e-039   3.93964e-039   [0.000010,0.000007,]
[16,2,]   56   1.17522e-005   -2.40949e-039   4.48618e-039   [0.000009,0.000008,]
[17,2,]   57   4.01309e-006   -3.04437e-039   5.12381e-039   [0.000008,0.000008,]
[18,2,]   58   1.15409e-006   -3.84675e-039   5.85253e-039   [0.000010,0.000008,]
[19,2,]   59   2.92414e-007   -6.10826e-039   6.67234e-039   [0.000012,0.000007,]
[0,3,]   60   8.32621e-007   -5.34574e-039   6.03471e-039   [0.000009,-0.000009,]
[1,3,]   61   3.42466e-006   -3.12537e-039   5.2149e-039   [0.000004,-0.000009,]
[2,3,]   62   1.17522e-005   -2.40948e-039   4.48618e-039   [0.000008,-0.000009,]
[3,3,]   63   3.39103e-005   -1.76908e-039   3.84855e-039   [0.000009,-0.000009,]
[4,3,]   64   8.22275e-005   -1.23801e-039   3.30201e-039   [0.000010,-0.000009,]
[5,3,]   65   0.000168444   -8.00234e-040   2.84656e-039   [0.000012,-0.000008,]
[6,3,]   66   0.000293403   -4.53733e-040   2.4822e-039   [0.000014,-0.000007,]
[7,3,]   67   0.000438355   -1.95827e-040   2.20893e-039   [0.000016,-0.000006,]
[8,3,]   68   0.000567508   -2.51472e-041   2.02675e-039   [0.000017,-0.000004,]
[9,3,]   69   0.000642885   5.83179e-041   1.93566e-039   [0.000018,-0.000001,]
[10,3,]   70   0.000641326   5.45929e-041   1.93566e-039   [0.000018,0.000001,]
[11,3,]   71   0.00056375   -3.52543e-041   2.02675e-039   [0.000017,0.000004,]
[12,3,]   72   0.000434342   -2.09662e-040   2.20893e-039   [0.000016,0.000006,]
[13,3,]   73   0.000290591   -4.68015e-040   2.4822e-039   [0.000014,0.000007,]
[14,3,]   74   0.0001671   -8.11922e-040   2.84656e-039   [0.000012,0.000008,]
[15,3,]   75   8.18451e-005   -1.24467e-039   3.30201e-039   [0.000010,0.000009,]
[16,3,]   76   3.39104e-005   -1.76909e-039   3.84855e-039   [0.000009,0.000009,]
[17,3,]   77   1.18194e-005   -2.39745e-039   4.48618e-039   [0.000008,0.000009,]
[18,3,]   78   3.45894e-006   -3.19102e-039   5.2149e-039   [0.000010,0.000009,]
[19,3,]   79   8.86894e-007   -5.33914e-039   6.03471e-039   [0.000011,0.000008,]
[0,4,]   80   2.13121e-006   -4.68299e-039   5.48817e-039   [0.000009,-0.000010,]
[1,4,]   81   8.6284e-006   -2.58838e-039   4.66836e-039   [0.000004,-0.000010,]
[2,4,]   82   2.90388e-005   -1.87781e-039   3.93964e-039   [0.000007,-0.000010,]
[3,4,]   83   8.1845e-005   -1.24467e-039   3.30201e-039   [0.000009,-0.000010,]
[4,4,]   84   0.000193026   -7.21631e-040   2.75547e-039   [0.000011,-0.000010,]
[5,4,]   85   0.000382947   -2.93326e-040   2.30002e-039   [0.000013,-0.000010,]
[6,4,]   86   0.000644024   4.29568e-041   1.93566e-039   [0.000015,-0.000009,]
[7,4,]   87   0.000929063   2.91359e-040   1.66239e-039   [0.000017,-0.000008,]
[8,4,]   88   0.00116787   4.55221e-040   1.48021e-039   [0.000020,-0.000005,]
[9,4,]   89   0.00130064   5.35646e-040   1.38912e-039   [0.000021,-0.000002,]
[10,4,]   90   0.00129803   5.32206e-040   1.38912e-039   [0.000021,0.000002,]
[11,4,]   91   0.0011617   4.46288e-040   1.48021e-039   [0.000020,0.000005,]
[12,4,]   92   0.000922787   2.80249e-040   1.66239e-039   [0.000017,0.000008,]
[13,4,]   93   0.000640064   3.31662e-041   1.93566e-039   [0.000015,0.000010,]
[14,4,]   94   0.000381513   -2.99087e-040   2.30002e-039   [0.000013,0.000010,]
[15,4,]   95   0.000193026   -7.2163e-040   2.75547e-039   [0.000010,0.000011,]
[16,4,]   96   8.22276e-005   -1.23802e-039   3.30201e-039   [0.000009,0.000010,]
[17,4,]   97   2.93308e-005   -1.85991e-039   3.93964e-039   [0.000007,0.000010,]
[18,4,]   98   8.74757e-006   -2.64393e-039   4.66836e-039   [0.000009,0.000010,]
[19,4,]   99   2.2695e-006   -4.67245e-039   5.48817e-039   [0.000011,0.000009,]
[0,5,]   100   4.63764e-006   -4.10644e-039   5.03272e-039   [0.000008,-0.000010,]
[1,5,]   101   1.84565e-005   -2.14361e-039   4.21291e-039   [0.000003,-0.000011,]
[2,5,]   102   6.08482e-005   -1.43692e-039   3.48419e-039   [0.000007,-0.000011,]
[3,5,]   103   0.0001671   -8.1192e-040   2.84656e-039   [0.000008,-0.000012,]
[4,5,]   104   0.000381513   -2.99086e-040   2.30002e-039   [0.000010,-0.000013,]
[5,5,]   105   0.000727217   1.15243e-040   1.84457e-039   [0.000013,-0.000013,]
[6,5,]   106   0.00116645   4.33583e-040   1.48021e-039   [0.000016,-0.000012,]
[7,5,]   107   0.00159828   6.61696e-040   1.20694e-039   [0.000020,-0.000011,]
[8,5,]   108   0.0019167   8.08537e-040   1.02476e-039   [0.000023,-0.000008,]
[9,5,]   109   0.00207345   8.81251e-040   9.33673e-040   [0.000025,-0.000003,]
[10,5,]   110   0.00207014   8.77521e-040   9.33673e-040   [0.000025,0.000003,]
[11,5,]   111   0.00190915   8.01022e-040   1.02476e-039   [0.000023,0.000008,]
[12,5,]   112   0.00159128   6.53566e-040   1.20694e-039   [0.000020,0.000011,]
[13,5,]   113   0.00116308   4.28569e-040   1.48021e-039   [0.000016,0.000013,]
[14,5,]   114   0.000727217   1.15242e-040   1.84457e-039   [0.000013,0.000013,]
[15,5,]   115   0.000382947   -2.93326e-040   2.30002e-039   [0.000010,0.000013,]
[16,5,]   116   0.000168444   -8.0024e-040   2.84656e-039   [0.000008,0.000012,]
[17,5,]   117   6.16217e-005   -1.41542e-039   3.48419e-039   [0.000007,0.000011,]
[18,5,]   118   1.87451e-005   -2.18872e-039   4.21291e-039   [0.000008,0.000011,]
[19,5,]   119   4.91701e-006   -4.09508e-039   5.03272e-039   [0.000009,0.000009,]
[0,6,]   120   8.60947e-006   -3.62319e-039   4.66836e-039   [0.000007,-0.000011,]
[1,6,]   121   3.36605e-005   -1.79012e-039   3.84855e-039   [0.000003,-0.000012,]
[2,6,]   122   0.00010872   -1.08488e-039   3.11983e-039   [0.000006,-0.000013,]
[3,6,]   123   0.000290591   -4.68015e-040   2.4822e-039   [0.000007,-0.000014,]
[4,6,]   124   0.000640064   3.31662e-041   1.93566e-039   [0.000010,-0.000015,]
[5,6,]   125   0.00116308   4.28569e-040   1.48021e-039   [0.000013,-0.000016,]
[6,6,]   126   0.0017526   7.16744e-040   1.11585e-039   [0.000017,-0.000016,]
[7,6,]   127   0.00222465   9.01804e-040   8.42583e-040   [0.000022,-0.000016,]
[8,6,]   128   0.00246346   9.98743e-040   6.60403e-040   [0.000028,-0.000012,]
[9,6,]   129   0.00252233   1.05343e-039   5.69313e-040   [0.000032,-0.000005,]
[10,6,]   130   0.00251973   1.05362e-039   5.69313e-040   [0.000032,0.000005,]
[11,6,]   131   0.00245694   9.9267e-040   6.60403e-040   [0.000028,0.000012,]
[12,6,]   132   0.00221998   8.96952e-040   8.42583e-040   [0.000022,0.000016,]
[13,6,]   133   0.0017526   7.16744e-040   1.11585e-039   [0.000016,0.000017,]
[14,6,]   134   0.00116645   4.33581e-040   1.48021e-039   [0.000012,0.000016,]
[15,6,]   135   0.000644024   4.29574e-041   1.93566e-039   [0.000009,0.000015,]
[16,6,]   136   0.000293403   -4.53737e-040   2.4822e-039   [0.000007,0.000014,]
[17,6,]   137   0.000110171   -1.06263e-039   3.11983e-039   [0.000006,0.000013,]
[18,6,]   138   3.41732e-005   -1.82434e-039   3.84855e-039   [0.000007,0.000012,]
[19,6,]   139   9.04713e-006   -3.61338e-039   4.66836e-039   [0.000008,0.000010,]
[0,7,]   140   1.36831e-005   -3.24307e-039   4.39509e-039   [0.000007,-0.000012,]
[1,7,]   141   5.25833e-005   -1.52659e-039   3.57528e-039   [0.000002,-0.000013,]
[2,7,]   142   0.000166715   -8.19541e-040   2.84656e-039   [0.000005,-0.000014,]
[3,7,]   143   0.000434342   -2.09662e-040   2.20893e-039   [0.000006,-0.000016,]
[4,7,]   144   0.000922787   2.80249e-040   1.66239e-039   [0.000008,-0.000017,]
[5,7,]   145   0.00159128   6.53566e-040   1.20694e-039   [0.000011,-0.000020,]
[6,7,]   146   0.00221998   8.96952e-040   8.42583e-040   [0.000016,-0.000022,]
[7,7,]   147   0.00252207   9.9102e-040   5.69313e-040   [0.000023,-0.000023,]
[8,7,]   148   0.00242484   9.51504e-040   3.87133e-040   [0.000034,-0.000020,]
[9,7,]   149   0.00219567   8.52332e-040   2.96043e-040   [0.000044,-0.000009,]
[10,7,]   150   0.00219338   8.53761e-040   2.96043e-040   [0.000045,0.000009,]
[11,7,]   151   0.00242078   9.43062e-040   3.87133e-040   [0.000034,0.000021,]
[12,7,]   152   0.00252207   9.9102e-040   5.69313e-040   [0.000023,0.000023,]
[13,7,]   153   0.00222465   9.01804e-040   8.42583e-040   [0.000016,0.000022,]
[14,7,]   154   0.00159828   6.61695e-040   1.20694e-039   [0.000011,0.000020,]
[15,7,]   155   0.000929064   2.9136e-040   1.66239e-039   [0.000008,0.000017,]
[16,7,]   156   0.000438356   -1.95827e-040   2.20893e-039   [0.000006,0.000016,]
[17,7,]   157   0.000168676   -7.99653e-040   2.84656e-039   [0.000005,0.000014,]
[18,7,]   158   5.32424e-005   -1.5493e-039   3.57528e-039   [0.000006,0.000013,]
[19,7,]   159   1.41857e-005   -3.23604e-039   4.39509e-039   [0.000007,0.000011,]
[0,8,]   160   1.86739e-005   -2.97868e-039   4.21291e-039   [0.000005,-0.000012,]
[1,8,]   161   7.06732e-005   -1.35273e-039   3.3931e-039   [0.000001,-0.000013,]
[2,8,]   162   0.000220873   -6.4033e-040   2.66438e-039   [0.000003,-0.000015,]
[3,8,]   163   0.00056375   -3.52544e-041   2.02675e-039   [0.000004,-0.000017,]
[4,8,]   164   0.0011617   4.46288e-040   1.48021e-039   [0.000005,-0.000020,]
[5,8,]   165   0.00190915   8.01022e-040   1.02476e-039   [0.000008,-0.000023,]
[6,8,]   166   0.00245694   9.9267e-040   6.60403e-040   [0.000012,-0.000028,]
[7,8,]   167   0.00242078   9.43062e-040   3.87133e-040   [0.000021,-0.000034,]
[8,8,]   168   0.00181328   3.97007e-040   2.04953e-040   [0.000039,-0.000039,]
[9,8,]   169   0.00119643   -5.1837e-040   1.13863e-040   [0.000069,-0.000018,]
[10,8,]   170   0.00119211   -5.70241e-040   1.13863e-040   [0.000070,0.000028,]
[11,8,]   171   0.00181328   3.97007e-040   2.04953e-040   [0.000039,0.000039,]
[12,8,]   172   0.00242484   9.51504e-040   3.87133e-040   [0.000020,0.000034,]
[13,8,]   173   0.00246346   9.98743e-040   6.60403e-040   [0.000012,0.000028,]
[14,8,]   174   0.0019167   8.08536e-040   1.02476e-039   [0.000008,0.000023,]
[15,8,]   175   0.00116787   4.55222e-040   1.48021e-039   [0.000005,0.000020,]
[16,8,]   176   0.000567509   -2.51434e-041   2.02675e-039   [0.000004,0.000017,]
[17,8,]   177   0.000222658   -6.2574e-040   2.66438e-039   [0.000003,0.000015,]
[18,8,]   178   7.12232e-005   -1.36329e-039   3.3931e-039   [0.000004,0.000013,]
[19,8,]   179   1.90213e-005   -2.97478e-039   4.21291e-039   [0.000005,0.000012,]
[0,9,]   180   2.19287e-005   -2.84195e-039   4.12182e-039   [0.000004,-0.000012,]
[1,9,]   181   8.20025e-005   -1.26889e-039   3.30201e-039   [-0.000001,-0.000014,]
[2,9,]   182   0.000254222   -5.48039e-040   2.57329e-039   [0.000001,-0.000015,]
[3,9,]   183   0.000641326   5.45928e-041   1.93566e-039   [0.000001,-0.000018,]
[4,9,]   184   0.00129803   5.32206e-040   1.38912e-039   [0.000002,-0.000021,]
[5,9,]   185   0.00207014   8.77521e-040   9.33673e-040   [0.000003,-0.000025,]
[6,9,]   186   0.00251973   1.05362e-039   5.69313e-040   [0.000005,-0.000032,]
[7,9,]   187   0.00219338   8.53761e-040   2.96043e-040   [0.000009,-0.000045,]
[8,9,]   188   0.00119211   -5.70241e-040   1.13863e-040   [0.000028,-0.000070,]
[9,9,]   189   0.00030026   -1.21385e-038   2.27725e-041   [0.000121,-0.000111,]
[10,9,]   190   0.00030026   -1.21385e-038   2.27725e-041   [0.000111,0.000121,]
[11,9,]   191   0.00119643   -5.18369e-040   1.13863e-040   [0.000018,0.000069,]
[12,9,]   192   0.00219567   8.52332e-040   2.96043e-040   [0.000009,0.000044,]
[13,9,]   193   0.00252233   1.05343e-039   5.69313e-040   [0.000005,0.000032,]
[14,9,]   194   0.00207345   8.8125e-040   9.33673e-040   [0.000003,0.000025,]
[15,9,]   195   0.00130064   5.35646e-040   1.38912e-039   [0.000002,0.000021,]
[16,9,]   196   0.000642886   5.83259e-041   1.93566e-039   [0.000001,0.000018,]
[17,9,]   197   0.000254953   -5.40892e-040   2.57329e-039   [0.000001,0.000015,]
[18,9,]   198   8.21328e-005   -1.26675e-039   3.30201e-039   [0.000002,0.000014,]
[19,9,]   199   2.188e-005   -2.84128e-039   4.12182e-039   [0.000004,0.000012,]
[0,10,]   200   2.21705e-005   -2.84004e-039   4.12182e-039   [0.000003,-0.000012,]
[1,10,]   201   8.22785e-005   -1.27538e-039   3.30201e-039   [-0.000002,-0.000014,]
[2,10,]   202   0.000254953   -5.43949e-040   2.57329e-039   [-0.000001,-0.000015,]
[3,10,]   203   0.000642885   5.83179e-041   1.93566e-039   [-0.000001,-0.000018,]
[4,10,]   204   0.00130064   5.35646e-040   1.38912e-039   [-0.000002,-0.000021,]
[5,10,]   205   0.00207345   8.81251e-040   9.33673e-040   [-0.000003,-0.000025,]
[6,10,]   206   0.00252233   1.05343e-039   5.69313e-040   [-0.000005,-0.000032,]
[7,10,]   207   0.00219567   8.52332e-040   2.96043e-040   [-0.000009,-0.000044,]
[8,10,]   208   0.00119643   -5.18369e-040   1.13863e-040   [-0.000018,-0.000069,]
[9,10,]   209   0.00030026   -1.21385e-038   2.27725e-041   [-0.000111,-0.000121,]
[10,10,]   210   0.00030026   -1.21385e-038   2.27725e-041   [-0.000121,0.000111,]
[11,10,]   211   0.00119211   -5.70241e-040   1.13863e-040   [-0.000028,0.000070,]
[12,10,]   212   0.00219338   8.53761e-040   2.96043e-040   [-0.000009,0.000045,]
[13,10,]   213   0.00251973   1.05362e-039   5.69313e-040   [-0.000005,0.000032,]
[14,10,]   214   0.00207014   8.77519e-040   9.33673e-040   [-0.000003,0.000025,]
[15,10,]   215   0.00129803   5.32206e-040   1.38912e-039   [-0.000002,0.000021,]
[16,10,]   216   0.000641327   5.46054e-041   1.93566e-039   [-0.000001,0.000018,]
[17,10,]   217   0.000254221   -5.44994e-040   2.57329e-039   [-0.000001,0.000015,]
[18,10,]   218   8.18571e-005   -1.26024e-039   3.30201e-039   [0.000001,0.000014,]
[19,10,]   219   2.16401e-005   -2.84319e-039   4.12182e-039   [0.000003,0.000012,]
[0,11,]   220   1.92797e-005   -2.97257e-039   4.21291e-039   [0.000002,-0.000012,]
[1,11,]   221   7.13522e-005   -1.37207e-039   3.3931e-039   [-0.000004,-0.000013,]
[2,11,]   222   0.000222657   -6.28867e-040   2.66438e-039   [-0.000003,-0.000015,]
[3,11,]   223   0.000567508   -2.51472e-041   2.02675e-039   [-0.000004,-0.000017,]
[4,11,]   224   0.00116787   4.55221e-040   1.48021e-039   [-0.000005,-0.000020,]
[5,11,]   225   0.0019167   8.08537e-040   1.02476e-039   [-0.000008,-0.000023,]
[6,11,]   226   0.00246346   9.98743e-040   6.60403e-040   [-0.000012,-0.000028,]
[7,11,]   227   0.00242484   9.51504e-040   3.87133e-040   [-0.000020,-0.000034,]
[8,11,]   228   0.00181328   3.97007e-040   2.04953e-040   [-0.000039,-0.000039,]
[9,11,]   229   0.00119211   -5.70241e-040   1.13863e-040   [-0.000070,-0.000028,]
[10,11,]   230   0.00119643   -5.1837e-040   1.13863e-040   [-0.000069,0.000018,]
[11,11,]   231   0.00181328   3.97007e-040   2.04953e-040   [-0.000039,0.000039,]
[12,11,]   232   0.00242078   9.43062e-040   3.87133e-040   [-0.000021,0.000034,]
[13,11,]   233   0.00245694   9.9267e-040   6.60403e-040   [-0.000012,0.000028,]
[14,11,]   234   0.00190915   8.01021e-040   1.02476e-039   [-0.000008,0.000023,]
[15,11,]   235   0.0011617   4.46288e-040   1.48021e-039   [-0.000005,0.000020,]
[16,11,]   236   0.000563751   -3.52371e-041   2.02675e-039   [-0.000004,0.000017,]
[17,11,]   237   0.000220872   -6.37239e-040   2.66438e-039   [-0.000003,0.000015,]
[18,11,]   238   7.05448e-005   -1.34391e-039   3.3931e-039   [-0.000001,0.000013,]
[19,11,]   239   1.84202e-005   -2.9809e-039   4.21291e-039   [0.000002,0.000012,]
[0,12,]   240   1.43873e-005   -3.23207e-039   4.39509e-039   [0.000001,-0.000011,]
[1,12,]   241   5.33426e-005   -1.55838e-039   3.57528e-039   [-0.000006,-0.000013,]
[2,12,]   242   0.000168675   -8.02896e-040   2.84656e-039   [-0.000005,-0.000014,]
[3,12,]   243   0.000438355   -1.95827e-040   2.20893e-039   [-0.000006,-0.000016,]
[4,12,]   244   0.000929063   2.91359e-040   1.66239e-039   [-0.000008,-0.000017,]
[5,12,]   245   0.00159828   6.61696e-040   1.20694e-039   [-0.000011,-0.000020,]
[6,12,]   246   0.00222465   9.01804e-040   8.42583e-040   [-0.000016,-0.000022,]
[7,12,]   247   0.00252207   9.9102e-040   5.69313e-040   [-0.000023,-0.000023,]
[8,12,]   248   0.00242078   9.43062e-040   3.87133e-040   [-0.000034,-0.000021,]
[9,12,]   249   0.00219338   8.53761e-040   2.96043e-040   [-0.000045,-0.000009,]
[10,12,]   250   0.00219567   8.52331e-040   2.96043e-040   [-0.000044,0.000009,]
[11,12,]   251   0.00242484   9.51504e-040   3.87133e-040   [-0.000034,0.000020,]
[12,12,]   252   0.00252207   9.9102e-040   5.69313e-040   [-0.000023,0.000023,]
[13,12,]   253   0.00221998   8.96952e-040   8.42583e-040   [-0.000016,0.000022,]
[14,12,]   254   0.00159128   6.53565e-040   1.20694e-039   [-0.000011,0.000020,]
[15,12,]   255   0.000922788   2.80249e-040   1.66239e-039   [-0.000008,0.000017,]
[16,12,]   256   0.000434343   -2.0964e-040   2.20893e-039   [-0.000006,0.000016,]
[17,12,]   257   0.000166714   -8.16358e-040   2.84656e-039   [-0.000005,0.000014,]
[18,12,]   258   5.24837e-005   -1.51744e-039   3.57528e-039   [-0.000002,0.000013,]
[19,12,]   259   1.3487e-005   -3.24714e-039   4.39509e-039   [0.000001,0.000012,]
[0,13,]   260   9.18342e-006   -3.60709e-039   4.66836e-039   [-0.000000,-0.000010,]
[1,13,]   261   3.42407e-005   -1.83382e-039   3.84855e-039   [-0.000007,-0.000012,]
[2,13,]   262   0.00011017   -1.06602e-039   3.11983e-039   [-0.000006,-0.000013,]
[3,13,]   263   0.000293403   -4.53733e-040   2.4822e-039   [-0.000007,-0.000014,]
[4,13,]   264   0.000644024   4.29567e-041   1.93566e-039   [-0.000009,-0.000015,]
[5,13,]   265   0.00116645   4.33582e-040   1.48021e-039   [-0.000012,-0.000016,]
[6,13,]   266   0.0017526   7.16744e-040   1.11585e-039   [-0.000016,-0.000017,]
[7,13,]   267   0.00221998   8.96952e-040   8.42583e-040   [-0.000022,-0.000016,]
[8,13,]   268   0.00245694   9.9267e-040   6.60403e-040   [-0.000028,-0.000012,]
[9,13,]   269   0.00251973   1.05362e-039   5.69313e-040   [-0.000032,-0.000005,]
[10,13,]   270   0.00252233   1.05343e-039   5.69313e-040   [-0.000032,0.000005,]
[11,13,]   271   0.00246346   9.98743e-040   6.60403e-040   [-0.000028,0.000012,]
[12,13,]   272   0.00222465   9.01804e-040   8.42583e-040   [-0.000022,0.000016,]
[13,13,]   273   0.0017526   7.16744e-040   1.11585e-039   [-0.000017,0.000016,]
[14,13,]   274   0.00116308   4.28568e-040   1.48021e-039   [-0.000013,0.000016,]
[15,13,]   275   0.000640064   3.3167e-041   1.93566e-039   [-0.000010,0.000015,]
[16,13,]   276   0.000290591   -4.67988e-040   2.4822e-039   [-0.000007,0.000014,]
[17,13,]   277   0.000108719   -1.08158e-039   3.11983e-039   [-0.000006,0.000013,]
[18,13,]   278   3.35933e-005   -1.78053e-039   3.84855e-039   [-0.000003,0.000012,]
[19,13,]   279   8.47789e-006   -3.62972e-039   4.66836e-039   [0.000000,0.000011,]
[0,14,]   280   4.99585e-006   -4.08621e-039   5.03272e-039   [-0.000001,-0.000009,]
[1,14,]   281   1.87841e-005   -2.19869e-039   4.21291e-039   [-0.000008,-0.000011,]
[2,14,]   282   6.16213e-005   -1.41896e-039   3.48419e-039   [-0.000007,-0.000011,]
[3,14,]   283   0.000168444   -8.00236e-040   2.84656e-039   [-0.000008,-0.000012,]
[4,14,]   284   0.000382947   -2.93327e-040   2.30002e-039   [-0.000010,-0.000013,]
[5,14,]   285   0.000727217   1.15242e-040   1.84457e-039   [-0.000013,-0.000013,]
[6,14,]   286   0.00116308   4.28568e-040   1.48021e-039   [-0.000016,-0.000013,]
[7,14,]   287   0.00159128   6.53565e-040   1.20694e-039   [-0.000020,-0.000011,]
[8,14,]   288   0.00190915   8.01021e-040   1.02476e-039   [-0.000023,-0.000008,]
[9,14,]   289   0.00207014   8.77519e-040   9.33673e-040   [-0.000025,-0.000003,]
[10,14,]   290   0.00207345   8.8125e-040   9.33673e-040   [-0.000025,0.000003,]
[11,14,]   291   0.0019167   8.08536e-040   1.02476e-039   [-0.000023,0.000008,]
[12,14,]   292   0.00159828   6.61695e-040   1.20694e-039   [-0.000020,0.000011,]
[13,14,]   293   0.00116645   4.33581e-040   1.48021e-039   [-0.000016,0.000012,]
[14,14,]   294   0.000727217   1.15241e-040   1.84457e-039   [-0.000013,0.000013,]
[15,14,]   295   0.000381513   -2.99087e-040   2.30002e-039   [-0.000010,0.000013,]
[16,14,]   296   0.0001671   -8.11891e-040   2.84656e-039   [-0.000008,0.000012,]
[17,14,]   297   6.08474e-005   -1.43349e-039   3.48419e-039   [-0.000007,0.000011,]
[18,14,]   298   1.84177e-005   -2.1335e-039   4.21291e-039   [-0.000003,0.000011,]
[19,14,]   299   4.56182e-006   -4.11576e-039   5.03272e-039   [0.000000,0.000011,]
[0,15,]   300   2.30818e-006   -4.6609e-039   5.48817e-039   [-0.000002,-0.000009,]
[1,15,]   301   8.76664e-006   -2.65442e-039   4.66836e-039   [-0.000009,-0.000010,]
[2,15,]   302   2.93306e-005   -1.86359e-039   3.93964e-039   [-0.000007,-0.000010,]
[3,15,]   303   8.22276e-005   -1.23801e-039   3.30201e-039   [-0.000009,-0.000010,]
[4,15,]   304   0.000193026   -7.2163e-040   2.75547e-039   [-0.000010,-0.000011,]
[5,15,]   305   0.000381513   -2.99085e-040   2.30002e-039   [-0.000013,-0.000010,]
[6,15,]   306   0.000640064   3.3167e-041   1.93566e-039   [-0.000015,-0.000010,]
[7,15,]   307   0.000922788   2.80249e-040   1.66239e-039   [-0.000017,-0.000008,]
[8,15,]   308   0.0011617   4.46288e-040   1.48021e-039   [-0.000020,-0.000005,]
[9,15,]   309   0.00129803   5.32206e-040   1.38912e-039   [-0.000021,-0.000002,]
[10,15,]   310   0.00130064   5.35646e-040   1.38912e-039   [-0.000021,0.000002,]
[11,15,]   311   0.00116787   4.55222e-040   1.48021e-039   [-0.000020,0.000005,]
[12,15,]   312   0.000929064   2.9136e-040   1.66239e-039   [-0.000017,0.000008,]
[13,15,]   313   0.000644024   4.29574e-041   1.93566e-039   [-0.000015,0.000009,]
[14,15,]   314   0.000382947   -2.93327e-040   2.30002e-039   [-0.000013,0.000010,]
[15,15,]   315   0.000193027   -7.21629e-040   2.75547e-039   [-0.000011,0.000010,]
[16,15,]   316   8.18452e-005   -1.24464e-039   3.30201e-039   [-0.000009,0.000010,]
[17,15,]   317   2.90383e-005   -1.87425e-039   3.93964e-039   [-0.000007,0.000010,]
[18,15,]   318   8.60935e-006   -2.57772e-039   4.66836e-039   [-0.000003,0.000010,]
[19,15,]   319   2.09405e-006   -4.69519e-039   5.48817e-039   [0.000000,0.000010,]
[0,16,]   320   9.0288e-007   -5.32495e-039   6.03471e-039   [-0.000002,-0.000008,]
[1,16,]   321   3.46681e-006   -3.202e-039   5.2149e-039   [-0.000010,-0.000009,]
[2,16,]   322   1.18194e-005   -2.40122e-039   4.48618e-039   [-0.000008,-0.000009,]
[3,16,]   323   3.39104e-005   -1.76905e-039   3.84855e-039   [-0.000009,-0.000009,]
[4,16,]   324   8.18451e-005   -1.24464e-039   3.30201e-039   [-0.000010,-0.000009,]
[5,16,]   325   0.0001671   -8.1189e-040   2.84656e-039   [-0.000012,-0.000008,]
[6,16,]   326   0.000290591   -4.67988e-040   2.4822e-039   [-0.000014,-0.000007,]
[7,16,]   327   0.000434343   -2.0964e-040   2.20893e-039   [-0.000016,-0.000006,]
[8,16,]   328   0.000563751   -3.52371e-041   2.02675e-039   [-0.000017,-0.000004,]
[9,16,]   329   0.000641327   5.46054e-041   1.93566e-039   [-0.000018,-0.000001,]
[10,16,]   330   0.000642886   5.83259e-041   1.93566e-039   [-0.000018,0.000001,]
[11,16,]   331   0.000567509   -2.51434e-041   2.02675e-039   [-0.000017,0.000004,]
[12,16,]   332   0.000438356   -1.95827e-040   2.20893e-039   [-0.000016,0.000006,]
[13,16,]   333   0.000293403   -4.53737e-040   2.4822e-039   [-0.000014,0.000007,]
[14,16,]   334   0.000168444   -8.00242e-040   2.84656e-039   [-0.000012,0.000008,]
[15,16,]   335   8.22277e-005   -1.23801e-039   3.30201e-039   [-0.000010,0.000009,]
[16,16,]   336   3.39104e-005   -1.76906e-039   3.84855e-039   [-0.000009,0.000009,]
[17,16,]   337   1.1752e-005   -2.40581e-039   4.48618e-039   [-0.000008,0.000009,]
[18,16,]   338   3.41676e-006   -3.11419e-039   5.2149e-039   [-0.000004,0.000009,]
[19,16,]   339   8.17237e-007   -5.36075e-039   6.03471e-039   [0.000000,0.000009,]
[0,17,]   340   2.97948e-007   -6.08759e-039   6.67234e-039   [-0.000002,-0.000007,]
[1,17,]   341   1.15679e-006   -3.85439e-039   5.85253e-039   [-0.000010,-0.000008,]
[2,17,]   342   4.01298e-006   -3.04452e-039   5.12381e-039   [-0.000008,-0.000008,]
[3,17,]   343   1.1752e-005   -2.4058e-039   4.48618e-039   [-0.000009,-0.000008,]
[4,17,]   344   2.90383e-005   -1.87425e-039   3.93964e-039   [-0.000010,-0.000007,]
[5,17,]   345   6.08474e-005   -1.43349e-039   3.48419e-039   [-0.000011,-0.000007,]
[6,17,]   346   0.000108719   -1.08158e-039   3.11983e-039   [-0.000013,-0.000006,]
[7,17,]   347   0.000166714   -8.16358e-040   2.84656e-039   [-0.000014,-0.000005,]
[8,17,]   348   0.000220872   -6.37239e-040   2.66438e-039   [-0.000015,-0.000003,]
[9,17,]   349   0.000254221   -5.44994e-040   2.57329e-039   [-0.000015,-0.000001,]
[10,17,]   350   0.000254953   -5.40892e-040   2.57329e-039   [-0.000015,0.000001,]
[11,17,]   351   0.000222658   -6.2574e-040   2.66438e-039   [-0.000015,0.000003,]
[12,17,]   352   0.000168676   -7.99653e-040   2.84656e-039   [-0.000014,0.000005,]
[13,17,]   353   0.000110171   -1.06263e-039   3.11983e-039   [-0.000013,0.000006,]
[14,17,]   354   6.16217e-005   -1.41542e-039   3.48419e-039   [-0.000011,0.000007,]
[15,17,]   355   2.93308e-005   -1.85991e-039   3.93964e-039   [-0.000010,0.000007,]
[16,17,]   356   1.18195e-005   -2.39741e-039   4.48618e-039   [-0.000009,0.000008,]
[17,17,]   357   4.01301e-006   -3.04059e-039   5.12381e-039   [-0.000008,0.000008,]
[18,17,]   358   1.14618e-006   -3.75495e-039   5.85253e-039   [-0.000003,0.000008,]
[19,17,]   359   2.70071e-007   -6.12026e-039   6.67234e-039   [0.000001,0.000008,]
[0,18,]   360   8.28846e-008   -6.9173e-039   7.40106e-039   [-0.000003,-0.000003,]
[1,18,]   361   3.25283e-007   -4.57789e-039   6.58125e-039   [-0.000010,-0.000003,]
[2,18,]   362   1.14617e-006   -3.75897e-039   5.85253e-039   [-0.000008,-0.000003,]
[3,18,]   363   3.41676e-006   -3.11417e-039   5.2149e-039   [-0.000009,-0.000004,]
[4,18,]   364   8.60935e-006   -2.57772e-039   4.66836e-039   [-0.000010,-0.000003,]
[5,18,]   365   1.84177e-005   -2.1335e-039   4.21291e-039   [-0.000011,-0.000003,]
[6,18,]   366   3.35933e-005   -1.78053e-039   3.84855e-039   [-0.000012,-0.000003,]
[7,18,]   367   5.24837e-005   -1.51744e-039   3.57528e-039   [-0.000013,-0.000002,]
[8,18,]   368   7.05448e-005   -1.34391e-039   3.3931e-039   [-0.000013,-0.000001,]
[9,18,]   369   8.18571e-005   -1.26024e-039   3.30201e-039   [-0.000014,0.000001,]
[10,18,]   370   8.21328e-005   -1.26675e-039   3.30201e-039   [-0.000014,0.000002,]
[11,18,]   371   7.12232e-005   -1.36329e-039   3.3931e-039   [-0.000013,0.000004,]
[12,18,]   372   5.32424e-005   -1.5493e-039   3.57528e-039   [-0.000013,0.000006,]
[13,18,]   373   3.41732e-005   -1.82434e-039   3.84855e-039   [-0.000012,0.000007,]
[14,18,]   374   1.87451e-005   -2.18872e-039   4.21291e-039   [-0.000011,0.000008,]
[15,18,]   375   8.74757e-006   -2.64393e-039   4.66836e-039   [-0.000010,0.000009,]
[16,18,]   376   3.45894e-006   -3.19098e-039   5.2149e-039   [-0.000009,0.000010,]
[17,18,]   377   1.15407e-006   -3.84287e-039   5.85253e-039   [-0.000008,0.000010,]
[18,18,]   378   3.24492e-007   -4.56578e-039   6.58125e-039   [-0.000003,0.000010,]
[19,18,]   379   7.54687e-008   -7.04123e-039   7.40106e-039   [0.000001,0.000011,]
[0,19,]   380   1.91549e-008   -9.54319e-039   8.22087e-039   [-0.000003,0.000002,]
[1,19,]   381   7.56645e-008   -7.05362e-039   7.40106e-039   [-0.000011,0.000001,]
[2,19,]   382   2.70068e-007   -6.12451e-039   6.67234e-039   [-0.000008,0.000001,]
[3,19,]   383   8.17236e-007   -5.36074e-039   6.03471e-039   [-0.000009,0.000000,]
[4,19,]   384   2.09405e-006   -4.69519e-039   5.48817e-039   [-0.000010,0.000000,]
[5,19,]   385   4.56182e-006   -4.11576e-039   5.03272e-039   [-0.000011,0.000000,]
[6,19,]   386   8.47789e-006   -3.62972e-039   4.66836e-039   [-0.000011,0.000000,]
[7,19,]   387   1.3487e-005   -3.24714e-039   4.39509e-039   [-0.000012,0.000001,]
[8,19,]   388   1.84202e-005   -2.9809e-039   4.21291e-039   [-0.000012,0.000002,]
[9,19,]   389   2.16401e-005   -2.84319e-039   4.12182e-039   [-0.000012,0.000003,]
[10,19,]   390   2.188e-005   -2.84128e-039   4.12182e-039   [-0.000012,0.000004,]
[11,19,]   391   1.90213e-005   -2.97478e-039   4.21291e-039   [-0.000012,0.000005,]
[12,19,]   392   1.41857e-005   -3.23604e-039   4.39509e-039   [-0.000011,0.000007,]
[13,19,]   393   9.04713e-006   -3.61338e-039   4.66836e-039   [-0.000010,0.000008,]
[14,19,]   394   4.91701e-006   -4.09509e-039   5.03272e-039   [-0.000009,0.000009,]
[15,19,]   395   2.2695e-006   -4.67245e-039   5.48817e-039   [-0.000009,0.000011,]
[16,19,]   396   8.86895e-007   -5.3391e-039   6.03471e-039   [-0.000008,0.000011,]
[17,19,]   397   2.92408e-007   -6.10419e-039   6.67234e-039   [-0.000007,0.000012,]
[18,19,]   398   8.12758e-008   -6.93523e-039   7.40106e-039   [-0.000003,0.000013,]
[19,19,]   399   1.87562e-008   -9.56996e-039   8.22087e-039   [0.000002,0.000014,]
