coordinates  index   rho      Q      V    velocities 
[0,0,]   0   4.92681e-007   -9.46357e-039   8.22087e-039   [0.000011,-0.000001,]
[1,0,]   1   2.03014e-006   -6.94869e-039   7.40106e-039   [0.000001,-0.000001,]
[2,0,]   2   7.25422e-006   -6.09169e-039   6.67234e-039   [0.000007,-0.000001,]
[3,0,]   3   2.19672e-005   -5.31524e-039   6.03471e-039   [0.000008,-0.000001,]
[4,0,]   4   5.60169e-005   -4.65564e-039   5.48817e-039   [0.000008,-0.000000,]
[5,0,]   5   0.000120833   -4.08401e-039   5.03272e-039   [0.000009,0.000000,]
[6,0,]   6   0.000221162   -3.60863e-039   4.66836e-039   [0.000010,0.000001,]
[7,0,]   7   0.000344747   -3.23239e-039   4.39509e-039   [0.000011,0.000002,]
[8,0,]   8   0.000458824   -2.98408e-039   4.21291e-039   [0.000012,0.000003,]
[9,0,]   9   0.00052495   -2.85643e-039   4.12182e-039   [0.000012,0.000004,]
[10,0,]   10   0.000518096   -2.84912e-039   4.12182e-039   [0.000013,0.000006,]
[11,0,]   11   0.000439687   -2.98912e-039   4.21291e-039   [0.000012,0.000007,]
[12,0,]   12   0.000320937   -3.26099e-039   4.39509e-039   [0.000012,0.000008,]
[13,0,]   13   0.000201711   -3.6355e-039   4.66836e-039   [0.000011,0.000009,]
[14,0,]   14   0.000108703   -4.11621e-039   5.03272e-039   [0.000011,0.000010,]
[15,0,]   15   5.00396e-005   -4.68943e-039   5.48817e-039   [0.000010,0.000010,]
[16,0,]   16   1.96015e-005   -5.34661e-039   6.03471e-039   [0.000009,0.000011,]
[17,0,]   17   6.49978e-006   -6.10493e-039   6.67234e-039   [0.000008,0.000011,]
[18,0,]   18   1.82397e-006   -7.07107e-039   7.40106e-039   [0.000013,0.000011,]
[19,0,]   19   4.71693e-007   -9.5191e-039   8.22087e-039   [0.000017,0.000011,]
[0,1,]   20   1.83416e-006   -7.09634e-039   7.40106e-039   [0.000011,-0.000013,]
[1,1,]   21   7.56776e-006   -4.67793e-039   6.58125e-039   [0.000002,-0.000012,]
[2,1,]   22   2.68271e-005   -3.92576e-039   5.85253e-039   [0.000008,-0.000012,]
[3,1,]   23   8.05741e-005   -3.2534e-039   5.2149e-039   [0.000009,-0.000011,]
[4,1,]   24   0.000203923   -2.7022e-039   4.66836e-039   [0.000010,-0.000010,]
[5,1,]   25   0.000437132   -2.24065e-039   4.21291e-039   [0.000011,-0.000009,]
[6,1,]   26   0.000796733   -1.87043e-039   3.84855e-039   [0.000012,-0.000008,]
[7,1,]   27   0.00124041   -1.58445e-039   3.57528e-039   [0.000013,-0.000007,]
[8,1,]   28   0.00165478   -1.40328e-039   3.3931e-039   [0.000013,-0.000005,]
[9,1,]   29   0.00190597   -1.30595e-039   3.30201e-039   [0.000014,-0.000003,]
[10,1,]   30   0.00190208   -1.28294e-039   3.30201e-039   [0.000014,-0.000002,]
[11,1,]   31   0.00163761   -1.36756e-039   3.3931e-039   [0.000013,-0.000000,]
[12,1,]   32   0.00121515   -1.55069e-039   3.57528e-039   [0.000013,0.000001,]
[13,1,]   33   0.000777159   -1.81025e-039   3.84855e-039   [0.000012,0.000002,]
[14,1,]   34   0.00042603   -2.16425e-039   4.21291e-039   [0.000011,0.000002,]
[15,1,]   35   0.00019924   -2.60985e-039   4.66836e-039   [0.000010,0.000002,]
[16,1,]   36   7.91444e-005   -3.14634e-039   5.2149e-039   [0.000009,0.000002,]
[17,1,]   37   2.65606e-005   -3.79423e-039   5.85253e-039   [0.000008,0.000002,]
[18,1,]   38   7.52819e-006   -4.65304e-039   6.58125e-039   [0.000012,0.000002,]
[19,1,]   39   1.94894e-006   -6.98739e-039   7.40106e-039   [0.000016,0.000001,]
[0,2,]   40   6.49939e-006   -6.1141e-039   6.67234e-039   [0.000011,-0.000008,]
[1,2,]   41   2.65591e-005   -3.80292e-039   5.85253e-039   [0.000002,-0.000008,]
[2,2,]   42   9.2711e-005   -3.06565e-039   5.12381e-039   [0.000008,-0.000008,]
[3,2,]   43   0.000273678   -2.4061e-039   4.48618e-039   [0.000009,-0.000008,]
[4,2,]   44   0.000679868   -1.8684e-039   3.93964e-039   [0.000010,-0.000007,]
[5,2,]   45   0.00142937   -1.4221e-039   3.48419e-039   [0.000011,-0.000007,]
[6,2,]   46   0.00255601   -1.06856e-039   3.11983e-039   [0.000013,-0.000006,]
[7,2,]   47   0.00391218   -7.99325e-040   2.84656e-039   [0.000014,-0.000005,]
[8,2,]   48   0.00515112   -6.36908e-040   2.66438e-039   [0.000015,-0.000003,]
[9,2,]   49   0.00589318   -5.56933e-040   2.57329e-039   [0.000016,-0.000001,]
[10,2,]   50   0.00588775   -5.46892e-040   2.57329e-039   [0.000016,0.000001,]
[11,2,]   51   0.00511168   -6.43573e-040   2.66438e-039   [0.000015,0.000003,]
[12,2,]   52   0.00384807   -8.3526e-040   2.84656e-039   [0.000014,0.000005,]
[13,2,]   53   0.00250763   -1.0968e-039   3.11983e-039   [0.000013,0.000006,]
[14,2,]   54   0.00140339   -1.44872e-039   3.48419e-039   [0.000011,0.000007,]
[15,2,]   55   0.00067007   -1.88899e-039   3.93964e-039   [0.000010,0.000007,]
[16,2,]   56   0.000271421   -2.41825e-039   4.48618e-039   [0.000009,0.000008,]
[17,2,]   57   9.27164e-005   -3.05718e-039   5.12381e-039   [0.000008,0.000008,]
[18,2,]   58   2.66915e-005   -3.90205e-039   5.85253e-039   [0.000011,0.000008,]
[19,2,]   59   6.97607e-006   -6.1272e-039   6.67234e-039   [0.000015,0.000007,]
[0,3,]   60   1.96006e-005   -5.34653e-039   6.03471e-039   [0.000011,-0.000009,]
[1,3,]   61   7.91412e-005   -3.14627e-039   5.2149e-039   [0.000002,-0.000009,]
[2,3,]   62   0.000271409   -2.41819e-039   4.48618e-039   [0.000008,-0.000009,]
[3,3,]   63   0.000784841   -1.76626e-039   3.84855e-039   [0.000009,-0.000009,]
[4,3,]   64   0.00190518   -1.23546e-039   3.30201e-039   [0.000010,-0.000009,]
[5,3,]   65   0.00390594   -7.96277e-040   2.84656e-039   [0.000012,-0.000008,]
[6,3,]   66   0.00680594   -4.49476e-040   2.4822e-039   [0.000014,-0.000007,]
[7,3,]   67   0.0101673   -1.84766e-040   2.20893e-039   [0.000016,-0.000006,]
[8,3,]   68   0.0131288   -2.72725e-041   2.02675e-039   [0.000017,-0.000004,]
[9,3,]   69   0.0148627   5.04062e-041   1.93566e-039   [0.000018,-0.000001,]
[10,3,]   70   0.0148659   6.34962e-041   1.93566e-039   [0.000018,0.000001,]
[11,3,]   71   0.0130623   -3.05456e-041   2.02675e-039   [0.000017,0.000004,]
[12,3,]   72   0.0100378   -2.18175e-040   2.20893e-039   [0.000016,0.000006,]
[13,3,]   73   0.00671269   -4.71195e-040   2.4822e-039   [0.000014,0.000007,]
[14,3,]   74   0.00386095   -8.13821e-040   2.84656e-039   [0.000012,0.000008,]
[15,3,]   75   0.00189243   -1.24499e-039   3.30201e-039   [0.000010,0.000009,]
[16,3,]   76   0.00078488   -1.76634e-039   3.84855e-039   [0.000009,0.000009,]
[17,3,]   77   0.000273694   -2.39791e-039   4.48618e-039   [0.000008,0.000009,]
[18,3,]   78   8.01823e-005   -3.2307e-039   5.2149e-039   [0.000011,0.000009,]
[19,3,]   79   2.11638e-005   -5.34568e-039   6.03471e-039   [0.000014,0.000008,]
[0,4,]   80   5.00373e-005   -4.68938e-039   5.48817e-039   [0.000010,-0.000010,]
[1,4,]   81   0.000199231   -2.60982e-039   4.66836e-039   [0.000002,-0.000010,]
[2,4,]   82   0.000670038   -1.88896e-039   3.93964e-039   [0.000007,-0.000010,]
[3,4,]   83   0.00189233   -1.24494e-039   3.30201e-039   [0.000009,-0.000010,]
[4,4,]   84   0.00446778   -7.21971e-040   2.75547e-039   [0.000011,-0.000010,]
[5,4,]   85   0.00887177   -2.91942e-040   2.30002e-039   [0.000013,-0.000010,]
[6,4,]   86   0.014928   4.49443e-041   1.93566e-039   [0.000015,-0.000009,]
[7,4,]   87   0.0215379   3.01754e-040   1.66239e-039   [0.000017,-0.000008,]
[8,4,]   88   0.0270006   4.50816e-040   1.48021e-039   [0.000020,-0.000005,]
[9,4,]   89   0.0300569   5.25117e-040   1.38912e-039   [0.000022,-0.000002,]
[10,4,]   90   0.0301025   5.42308e-040   1.38912e-039   [0.000022,0.000002,]
[11,4,]   91   0.0269365   4.51158e-040   1.48021e-039   [0.000020,0.000005,]
[12,4,]   92   0.0213401   2.7036e-040   1.66239e-039   [0.000017,0.000008,]
[13,4,]   93   0.014798   2.95222e-041   1.93566e-039   [0.000015,0.000010,]
[14,4,]   94   0.008824   -3.0108e-040   2.30002e-039   [0.000013,0.000010,]
[15,4,]   95   0.00446807   -7.21954e-040   2.75547e-039   [0.000010,0.000011,]
[16,4,]   96   0.00190529   -1.23547e-039   3.30201e-039   [0.000009,0.000010,]
[17,4,]   97   0.000679912   -1.86044e-039   3.93964e-039   [0.000007,0.000010,]
[18,4,]   98   0.000202975   -2.68048e-039   4.66836e-039   [0.000010,0.000010,]
[19,4,]   99   5.40737e-005   -4.68063e-039   5.48817e-039   [0.000013,0.000008,]
[0,5,]   100   0.000108698   -4.1159e-039   5.03272e-039   [0.000010,-0.000011,]
[1,5,]   101   0.000426011   -2.16394e-039   4.21291e-039   [0.000002,-0.000011,]
[2,5,]   102   0.00140332   -1.44839e-039   3.48419e-039   [0.000007,-0.000011,]
[3,5,]   103   0.00386073   -8.13437e-040   2.84656e-039   [0.000008,-0.000012,]
[4,5,]   104   0.00882337   -3.00733e-040   2.30002e-039   [0.000010,-0.000013,]
[5,5,]   105   0.0168341   1.15382e-040   1.84457e-039   [0.000013,-0.000013,]
[6,5,]   106   0.027019   4.34449e-040   1.48021e-039   [0.000016,-0.000012,]
[7,5,]   107   0.0370349   6.72573e-040   1.20694e-039   [0.000020,-0.000011,]
[8,5,]   108   0.0442808   8.02566e-040   1.02476e-039   [0.000023,-0.000008,]
[9,5,]   109   0.0478865   8.68617e-040   9.33673e-040   [0.000026,-0.000003,]
[10,5,]   110   0.048035   8.90289e-040   9.33673e-040   [0.000027,0.000003,]
[11,5,]   111   0.0443055   8.08077e-040   1.02476e-039   [0.000023,0.000008,]
[12,5,]   112   0.0368255   6.43237e-040   1.20694e-039   [0.000020,0.000011,]
[13,5,]   113   0.0269127   4.25923e-040   1.48021e-039   [0.000016,0.000013,]
[14,5,]   114   0.0168353   1.1461e-040   1.84457e-039   [0.000013,0.000013,]
[15,5,]   115   0.00887233   -2.92267e-040   2.30002e-039   [0.000010,0.000013,]
[16,5,]   116   0.00390616   -7.96592e-040   2.84656e-039   [0.000008,0.000012,]
[17,5,]   117   0.00142945   -1.41475e-039   3.48419e-039   [0.000007,0.000011,]
[18,5,]   118   0.000435195   -2.22021e-039   4.21291e-039   [0.000009,0.000011,]
[19,5,]   119   0.000116874   -4.10363e-039   5.03272e-039   [0.000012,0.000009,]
[0,6,]   120   0.00020169   -3.63477e-039   4.66836e-039   [0.000009,-0.000011,]
[1,6,]   121   0.000777071   -1.80953e-039   3.84855e-039   [0.000002,-0.000012,]
[2,6,]   122   0.00250731   -1.09598e-039   3.11983e-039   [0.000006,-0.000013,]
[3,6,]   123   0.00671171   -4.70218e-040   2.4822e-039   [0.000007,-0.000014,]
[4,6,]   124   0.0147955   3.05891e-041   1.93566e-039   [0.000010,-0.000015,]
[5,6,]   125   0.0269077   4.27654e-040   1.48021e-039   [0.000013,-0.000016,]
[6,6,]   126   0.0405728   7.16196e-040   1.11585e-039   [0.000017,-0.000016,]
[7,6,]   127   0.0515335   9.14626e-040   8.42583e-040   [0.000022,-0.000015,]
[8,6,]   128   0.0568622   9.88494e-040   6.60403e-040   [0.000028,-0.000012,]
[9,6,]   129   0.0581818   1.0402e-039   5.69313e-040   [0.000033,-0.000005,]
[10,6,]   130   0.0585099   1.08142e-039   5.69313e-040   [0.000034,0.000004,]
[11,6,]   131   0.0570713   1.00089e-039   6.60403e-040   [0.000028,0.000012,]
[12,6,]   132   0.0514173   8.87096e-040   8.42583e-040   [0.000022,0.000016,]
[13,6,]   133   0.0405851   7.14922e-040   1.11585e-039   [0.000016,0.000017,]
[14,6,]   134   0.0270232   4.34122e-040   1.48021e-039   [0.000012,0.000016,]
[15,6,]   135   0.01493   4.4948e-041   1.93566e-039   [0.000009,0.000015,]
[16,6,]   136   0.00680679   -4.49559e-040   2.4822e-039   [0.000007,0.000014,]
[17,6,]   137   0.00255631   -1.06139e-039   3.11983e-039   [0.000006,0.000013,]
[18,6,]   138   0.00079342   -1.85084e-039   3.84855e-039   [0.000008,0.000012,]
[19,6,]   139   0.000214338   -3.62277e-039   4.66836e-039   [0.000010,0.000010,]
[0,7,]   140   0.000320844   -3.25586e-039   4.39509e-039   [0.000008,-0.000012,]
[1,7,]   141   0.00121476   -1.54556e-039   3.57528e-039   [0.000001,-0.000013,]
[2,7,]   142   0.00384664   -8.29591e-040   2.84656e-039   [0.000005,-0.000014,]
[3,7,]   143   0.0100334   -2.11828e-040   2.20893e-039   [0.000006,-0.000016,]
[4,7,]   144   0.0213288   2.77406e-040   1.66239e-039   [0.000008,-0.000017,]
[5,7,]   145   0.0368024   6.51701e-040   1.20694e-039   [0.000011,-0.000020,]
[6,7,]   146   0.0513716   8.95356e-040   8.42583e-040   [0.000016,-0.000022,]
[7,7,]   147   0.0584154   1.00525e-039   5.69313e-040   [0.000023,-0.000023,]
[8,7,]   148   0.055963   9.53974e-040   3.87133e-040   [0.000034,-0.000020,]
[9,7,]   149   0.0504241   7.98043e-040   2.96043e-040   [0.000046,-0.000009,]
[10,7,]   150   0.0508153   8.65519e-040   2.96043e-040   [0.000047,0.000008,]
[11,7,]   151   0.0563014   9.63126e-040   3.87133e-040   [0.000035,0.000021,]
[12,7,]   152   0.0584703   9.83152e-040   5.69313e-040   [0.000023,0.000023,]
[13,7,]   153   0.0515477   9.01464e-040   8.42583e-040   [0.000015,0.000022,]
[14,7,]   154   0.037041   6.62637e-040   1.20694e-039   [0.000011,0.000020,]
[15,7,]   155   0.0215417   2.93682e-040   1.66239e-039   [0.000008,0.000017,]
[16,7,]   156   0.0101691   -1.91773e-040   2.20893e-039   [0.000006,0.000016,]
[17,7,]   157   0.00391284   -7.98526e-040   2.84656e-039   [0.000005,0.000014,]
[18,7,]   158   0.00123557   -1.57102e-039   3.57528e-039   [0.000007,0.000013,]
[19,7,]   159   0.00033469   -3.24655e-039   4.39509e-039   [0.000009,0.000011,]
[0,8,]   160   0.000438934   -2.99181e-039   4.21291e-039   [0.000007,-0.000012,]
[1,8,]   161   0.00163457   -1.37207e-039   3.3931e-039   [-0.000000,-0.000013,]
[2,8,]   162   0.00510101   -6.48781e-040   2.66438e-039   [0.000003,-0.000015,]
[3,8,]   163   0.0130312   -3.65613e-041   2.02675e-039   [0.000004,-0.000017,]
[4,8,]   164   0.0268616   4.43943e-040   1.48021e-039   [0.000005,-0.000020,]
[5,8,]   165   0.0441597   7.99827e-040   1.02476e-039   [0.000008,-0.000023,]
[6,8,]   166   0.0568367   9.87963e-040   6.60403e-040   [0.000012,-0.000028,]
[7,8,]   167   0.0560448   9.59513e-040   3.87133e-040   [0.000021,-0.000034,]
[8,8,]   168   0.0418538   4.07714e-040   2.04953e-040   [0.000039,-0.000039,]
[9,8,]   169   0.027442   -6.2669e-040   1.13863e-040   [0.000071,-0.000017,]
[10,8,]   170   0.0275574   -6.54112e-040   1.13863e-040   [0.000073,0.000029,]
[11,8,]   171   0.0422509   4.394e-040   2.04953e-040   [0.000040,0.000039,]
[12,8,]   172   0.0562648   9.57202e-040   3.87133e-040   [0.000020,0.000034,]
[13,8,]   173   0.0570772   9.95618e-040   6.60403e-040   [0.000012,0.000028,]
[14,8,]   174   0.0444149   8.09452e-040   1.02476e-039   [0.000008,0.000023,]
[15,8,]   175   0.0270703   4.57062e-040   1.48021e-039   [0.000005,0.000020,]
[16,8,]   176   0.0131582   -2.18729e-041   2.02675e-039   [0.000004,0.000017,]
[17,8,]   177   0.00516124   -6.25464e-040   2.66438e-039   [0.000003,0.000015,]
[18,8,]   178   0.00165121   -1.38071e-039   3.3931e-039   [0.000005,0.000013,]
[19,8,]   179   0.000446636   -2.98658e-039   4.21291e-039   [0.000007,0.000012,]
[0,9,]   180   0.000517398   -2.85457e-039   4.12182e-039   [0.000006,-0.000012,]
[1,9,]   181   0.00189942   -1.28965e-039   3.30201e-039   [-0.000002,-0.000014,]
[2,9,]   182   0.00587854   -5.54601e-040   2.57329e-039   [0.000001,-0.000015,]
[3,9,]   183   0.0148394   5.46204e-041   1.93566e-039   [0.000001,-0.000018,]
[4,9,]   184   0.0300395   5.31734e-040   1.38912e-039   [0.000002,-0.000021,]
[5,9,]   185   0.0479139   8.7745e-040   9.33673e-040   [0.000003,-0.000025,]
[6,9,]   186   0.0583204   1.0605e-039   5.69313e-040   [0.000005,-0.000033,]
[7,9,]   187   0.0506505   8.39242e-040   2.96043e-040   [0.000009,-0.000045,]
[8,9,]   188   0.0274575   -6.71818e-040   1.13863e-040   [0.000029,-0.000070,]
[9,9,]   189   0.00713922   -1.18282e-038   2.27725e-041   [0.000126,-0.000111,]
[10,9,]   190   0.00725523   -1.15513e-038   2.27725e-041   [0.000115,0.000122,]
[11,9,]   191   0.0278618   -5.15654e-040   1.13863e-040   [0.000018,0.000069,]
[12,9,]   192   0.0507801   8.269e-040   2.96043e-040   [0.000009,0.000044,]
[13,9,]   193   0.0584053   1.05554e-039   5.69313e-040   [0.000005,0.000032,]
[14,9,]   194   0.0480247   8.82792e-040   9.33673e-040   [0.000003,0.000025,]
[15,9,]   195   0.0301276   5.36744e-040   1.38912e-039   [0.000002,0.000021,]
[16,9,]   196   0.0148921   6.01186e-041   1.93566e-039   [0.000001,0.000018,]
[17,9,]   197   0.00590317   -5.42121e-040   2.57329e-039   [0.000001,0.000015,]
[18,9,]   198   0.00190151   -1.28063e-039   3.30201e-039   [0.000003,0.000014,]
[19,9,]   199   0.000511149   -2.85449e-039   4.12182e-039   [0.000005,0.000012,]
[0,10,]   200   0.000525632   -2.85115e-039   4.12182e-039   [0.000004,-0.000012,]
[1,10,]   201   0.00190881   -1.29873e-039   3.30201e-039   [-0.000003,-0.000014,]
[2,10,]   202   0.00590322   -5.48687e-040   2.57329e-039   [-0.000001,-0.000015,]
[3,10,]   203   0.0148921   6.00792e-041   1.93566e-039   [-0.000001,-0.000018,]
[4,10,]   204   0.0301275   5.36742e-040   1.38912e-039   [-0.000002,-0.000021,]
[5,10,]   205   0.0480247   8.82798e-040   9.33673e-040   [-0.000003,-0.000025,]
[6,10,]   206   0.0584053   1.05554e-039   5.69313e-040   [-0.000005,-0.000032,]
[7,10,]   207   0.0507801   8.269e-040   2.96043e-040   [-0.000009,-0.000044,]
[8,10,]   208   0.0278618   -5.15654e-040   1.13863e-040   [-0.000018,-0.000069,]
[9,10,]   209   0.00725523   -1.15513e-038   2.27725e-041   [-0.000115,-0.000122,]
[10,10,]   210   0.00713922   -1.18282e-038   2.27725e-041   [-0.000126,0.000111,]
[11,10,]   211   0.0274575   -6.71818e-040   1.13863e-040   [-0.000029,0.000070,]
[12,10,]   212   0.0506505   8.39242e-040   2.96043e-040   [-0.000009,0.000045,]
[13,10,]   213   0.0583204   1.0605e-039   5.69313e-040   [-0.000005,0.000033,]
[14,10,]   214   0.0479139   8.77444e-040   9.33673e-040   [-0.000003,0.000025,]
[15,10,]   215   0.0300396   5.31737e-040   1.38912e-039   [-0.000002,0.000021,]
[16,10,]   216   0.0148395   5.4674e-041   1.93566e-039   [-0.000001,0.000018,]
[17,10,]   217   0.00587844   -5.48073e-040   2.57329e-039   [-0.000001,0.000015,]
[18,10,]   218   0.00189214   -1.27151e-039   3.30201e-039   [0.000002,0.000014,]
[19,10,]   219   0.000503047   -2.85792e-039   4.12182e-039   [0.000004,0.000012,]
[0,11,]   220   0.000459559   -2.9812e-039   4.21291e-039   [0.000003,-0.000011,]
[1,11,]   221   0.00165768   -1.39908e-039   3.3931e-039   [-0.000005,-0.000013,]
[2,11,]   222   0.00516125   -6.3219e-040   2.66438e-039   [-0.000003,-0.000015,]
[3,11,]   223   0.0131581   -2.18998e-041   2.02675e-039   [-0.000004,-0.000017,]
[4,11,]   224   0.0270702   4.57059e-040   1.48021e-039   [-0.000005,-0.000020,]
[5,11,]   225   0.0444149   8.09458e-040   1.02476e-039   [-0.000008,-0.000023,]
[6,11,]   226   0.0570772   9.95617e-040   6.60403e-040   [-0.000012,-0.000028,]
[7,11,]   227   0.0562648   9.57202e-040   3.87133e-040   [-0.000020,-0.000034,]
[8,11,]   228   0.0422509   4.394e-040   2.04953e-040   [-0.000040,-0.000039,]
[9,11,]   229   0.0275574   -6.54112e-040   1.13863e-040   [-0.000073,-0.000029,]
[10,11,]   230   0.027442   -6.2669e-040   1.13863e-040   [-0.000071,0.000017,]
[11,11,]   231   0.0418538   4.07714e-040   2.04953e-040   [-0.000039,0.000039,]
[12,11,]   232   0.0560448   9.59513e-040   3.87133e-040   [-0.000021,0.000034,]
[13,11,]   233   0.0568367   9.87963e-040   6.60403e-040   [-0.000012,0.000028,]
[14,11,]   234   0.0441597   7.99821e-040   1.02476e-039   [-0.000008,0.000023,]
[15,11,]   235   0.0268616   4.43946e-040   1.48021e-039   [-0.000005,0.000020,]
[16,11,]   236   0.0130312   -3.64926e-041   2.02675e-039   [-0.000004,0.000017,]
[17,11,]   237   0.00510088   -6.42167e-040   2.66438e-039   [-0.000003,0.000015,]
[18,11,]   238   0.00162815   -1.35356e-039   3.3931e-039   [0.000000,0.000013,]
[19,11,]   239   0.00042635   -2.99729e-039   4.21291e-039   [0.000003,0.000012,]
[0,12,]   240   0.000344796   -3.23746e-039   4.39509e-039   [0.000002,-0.000011,]
[1,12,]   241   0.0012406   -1.58996e-039   3.57528e-039   [-0.000007,-0.000013,]
[2,12,]   242   0.00391282   -8.05512e-040   2.84656e-039   [-0.000005,-0.000014,]
[3,12,]   243   0.010169   -1.91789e-040   2.20893e-039   [-0.000006,-0.000016,]
[4,12,]   244   0.0215416   2.93679e-040   1.66239e-039   [-0.000008,-0.000017,]
[5,12,]   245   0.037041   6.62643e-040   1.20694e-039   [-0.000011,-0.000020,]
[6,12,]   246   0.0515477   9.01464e-040   8.42583e-040   [-0.000015,-0.000022,]
[7,12,]   247   0.0584703   9.83152e-040   5.69313e-040   [-0.000023,-0.000023,]
[8,12,]   248   0.0563014   9.63126e-040   3.87133e-040   [-0.000035,-0.000021,]
[9,12,]   249   0.0508153   8.65519e-040   2.96043e-040   [-0.000047,-0.000008,]
[10,12,]   250   0.0504241   7.98043e-040   2.96043e-040   [-0.000046,0.000009,]
[11,12,]   251   0.055963   9.53974e-040   3.87133e-040   [-0.000034,0.000020,]
[12,12,]   252   0.0584154   1.00525e-039   5.69313e-040   [-0.000023,0.000023,]
[13,12,]   253   0.0513716   8.95356e-040   8.42583e-040   [-0.000016,0.000022,]
[14,12,]   254   0.0368024   6.51695e-040   1.20694e-039   [-0.000011,0.000020,]
[15,12,]   255   0.0213289   2.77409e-040   1.66239e-039   [-0.000008,0.000017,]
[16,12,]   256   0.0100335   -2.11744e-040   2.20893e-039   [-0.000006,0.000016,]
[17,12,]   257   0.00384652   -8.22792e-040   2.84656e-039   [-0.000005,0.000014,]
[18,12,]   258   0.00120978   -1.52639e-039   3.57528e-039   [-0.000001,0.000013,]
[19,12,]   259   0.000311142   -3.26533e-039   4.39509e-039   [0.000003,0.000012,]
[0,13,]   260   0.000221181   -3.60884e-039   4.66836e-039   [0.000001,-0.000010,]
[1,13,]   261   0.000796808   -1.87059e-039   3.84855e-039   [-0.000008,-0.000012,]
[2,13,]   262   0.00255628   -1.06869e-039   3.11983e-039   [-0.000006,-0.000013,]
[3,13,]   263   0.00680675   -4.49565e-040   2.4822e-039   [-0.000007,-0.000014,]
[4,13,]   264   0.01493   4.49447e-041   1.93566e-039   [-0.000009,-0.000015,]
[5,13,]   265   0.0270232   4.34127e-040   1.48021e-039   [-0.000012,-0.000016,]
[6,13,]   266   0.0405851   7.14922e-040   1.11585e-039   [-0.000016,-0.000017,]
[7,13,]   267   0.0514173   8.87096e-040   8.42583e-040   [-0.000022,-0.000016,]
[8,13,]   268   0.0570713   1.00088e-039   6.60403e-040   [-0.000028,-0.000012,]
[9,13,]   269   0.0585099   1.08142e-039   5.69313e-040   [-0.000034,-0.000004,]
[10,13,]   270   0.0581818   1.0402e-039   5.69313e-040   [-0.000033,0.000005,]
[11,13,]   271   0.0568622   9.88494e-040   6.60403e-040   [-0.000028,0.000012,]
[12,13,]   272   0.0515335   9.14626e-040   8.42583e-040   [-0.000022,0.000015,]
[13,13,]   273   0.0405728   7.16196e-040   1.11585e-039   [-0.000017,0.000016,]
[14,13,]   274   0.0269077   4.27649e-040   1.48021e-039   [-0.000013,0.000016,]
[15,13,]   275   0.0147955   3.05928e-041   1.93566e-039   [-0.000010,0.000015,]
[16,13,]   276   0.00671175   -4.7012e-040   2.4822e-039   [-0.000007,0.000014,]
[17,13,]   277   0.00250721   -1.08894e-039   3.11983e-039   [-0.000006,0.000013,]
[18,13,]   278   0.00077371   -1.78949e-039   3.84855e-039   [-0.000002,0.000012,]
[19,13,]   279   0.000195186   -3.64957e-039   4.66836e-039   [0.000002,0.000011,]
[0,14,]   280   0.000120838   -4.08427e-039   5.03272e-039   [0.000000,-0.000009,]
[1,14,]   281   0.000437149   -2.24091e-039   4.21291e-039   [-0.000009,-0.000011,]
[2,14,]   282   0.00142943   -1.42239e-039   3.48419e-039   [-0.000007,-0.000011,]
[3,14,]   283   0.00390614   -7.96595e-040   2.84656e-039   [-0.000008,-0.000012,]
[4,14,]   284   0.00887231   -2.92275e-040   2.30002e-039   [-0.000010,-0.000013,]
[5,14,]   285   0.0168353   1.14611e-040   1.84457e-039   [-0.000013,-0.000013,]
[6,14,]   286   0.0269127   4.25918e-040   1.48021e-039   [-0.000016,-0.000013,]
[7,14,]   287   0.0368255   6.43231e-040   1.20694e-039   [-0.000020,-0.000011,]
[8,14,]   288   0.0443055   8.08072e-040   1.02476e-039   [-0.000023,-0.000008,]
[9,14,]   289   0.048035   8.90284e-040   9.33673e-040   [-0.000027,-0.000003,]
[10,14,]   290   0.0478865   8.68611e-040   9.33673e-040   [-0.000026,0.000003,]
[11,14,]   291   0.0442808   8.02561e-040   1.02476e-039   [-0.000023,0.000008,]
[12,14,]   292   0.0370349   6.72568e-040   1.20694e-039   [-0.000020,0.000011,]
[13,14,]   293   0.027019   4.34444e-040   1.48021e-039   [-0.000016,0.000012,]
[14,14,]   294   0.0168341   1.15371e-040   1.84457e-039   [-0.000013,0.000013,]
[15,14,]   295   0.0088234   -3.00735e-040   2.30002e-039   [-0.000010,0.000013,]
[16,14,]   296   0.00386075   -8.13331e-040   2.84656e-039   [-0.000008,0.000012,]
[17,14,]   297   0.00140325   -1.44107e-039   3.48419e-039   [-0.000007,0.000011,]
[18,14,]   298   0.000424066   -2.14288e-039   4.21291e-039   [-0.000002,0.000011,]
[19,14,]   299   0.000104951   -4.13675e-039   5.03272e-039   [0.000003,0.000011,]
[0,15,]   300   5.60194e-005   -4.65568e-039   5.48817e-039   [-0.000000,-0.000008,]
[1,15,]   301   0.000203932   -2.7022e-039   4.66836e-039   [-0.000010,-0.000010,]
[2,15,]   302   0.000679901   -1.8684e-039   3.93964e-039   [-0.000007,-0.000010,]
[3,15,]   303   0.00190528   -1.23546e-039   3.30201e-039   [-0.000009,-0.000010,]
[4,15,]   304   0.00446807   -7.21954e-040   2.75547e-039   [-0.000010,-0.000011,]
[5,15,]   305   0.00882403   -3.0107e-040   2.30002e-039   [-0.000013,-0.000010,]
[6,15,]   306   0.0147981   2.95258e-041   1.93566e-039   [-0.000015,-0.000010,]
[7,15,]   307   0.0213402   2.70364e-040   1.66239e-039   [-0.000017,-0.000008,]
[8,15,]   308   0.0269366   4.51161e-040   1.48021e-039   [-0.000020,-0.000005,]
[9,15,]   309   0.0301026   5.42311e-040   1.38912e-039   [-0.000022,-0.000002,]
[10,15,]   310   0.030057   5.2512e-040   1.38912e-039   [-0.000022,0.000002,]
[11,15,]   311   0.0270007   4.50819e-040   1.48021e-039   [-0.000020,0.000005,]
[12,15,]   312   0.0215379   3.01757e-040   1.66239e-039   [-0.000017,0.000008,]
[13,15,]   313   0.014928   4.49473e-041   1.93566e-039   [-0.000015,0.000009,]
[14,15,]   314   0.00887179   -2.91943e-040   2.30002e-039   [-0.000013,0.000010,]
[15,15,]   315   0.0044678   -7.21963e-040   2.75547e-039   [-0.000011,0.000010,]
[16,15,]   316   0.00189234   -1.24481e-039   3.30201e-039   [-0.000009,0.000010,]
[17,15,]   317   0.000670003   -1.88136e-039   3.93964e-039   [-0.000007,0.000010,]
[18,15,]   318   0.000198275   -2.58766e-039   4.66836e-039   [-0.000002,0.000010,]
[19,15,]   319   4.82e-005   -4.71646e-039   5.48817e-039   [0.000003,0.000010,]
[0,16,]   320   2.19682e-005   -5.31516e-039   6.03471e-039   [-0.000001,-0.000008,]
[1,16,]   321   8.05772e-005   -3.25332e-039   5.2149e-039   [-0.000011,-0.000009,]
[2,16,]   322   0.00027369   -2.40602e-039   4.48618e-039   [-0.000008,-0.000009,]
[3,16,]   323   0.00078488   -1.7662e-039   3.84855e-039   [-0.000009,-0.000009,]
[4,16,]   324   0.00189244   -1.24487e-039   3.30201e-039   [-0.000010,-0.000009,]
[5,16,]   325   0.00386097   -8.13704e-040   2.84656e-039   [-0.000012,-0.000008,]
[6,16,]   326   0.00671272   -4.71096e-040   2.4822e-039   [-0.000014,-0.000007,]
[7,16,]   327   0.0100379   -2.18091e-040   2.20893e-039   [-0.000016,-0.000006,]
[8,16,]   328   0.0130624   -3.04769e-041   2.02675e-039   [-0.000017,-0.000004,]
[9,16,]   329   0.014866   6.35497e-041   1.93566e-039   [-0.000018,-0.000001,]
[10,16,]   330   0.0148627   5.04457e-041   1.93566e-039   [-0.000018,0.000001,]
[11,16,]   331   0.0131288   -2.72457e-041   2.02675e-039   [-0.000017,0.000004,]
[12,16,]   332   0.0101673   -1.8475e-040   2.20893e-039   [-0.000016,0.000006,]
[13,16,]   333   0.00680597   -4.4947e-040   2.4822e-039   [-0.000014,0.000007,]
[14,16,]   334   0.00390597   -7.96284e-040   2.84656e-039   [-0.000012,0.000008,]
[15,16,]   335   0.00190519   -1.23546e-039   3.30201e-039   [-0.000010,0.000009,]
[16,16,]   336   0.00078485   -1.76615e-039   3.84855e-039   [-0.000009,0.000009,]
[17,16,]   337   0.000271395   -2.41037e-039   4.48618e-039   [-0.000008,0.000009,]
[18,16,]   338   7.87444e-005   -3.12304e-039   5.2149e-039   [-0.000002,0.000009,]
[19,16,]   339   1.8839e-005   -5.37965e-039   6.03471e-039   [0.000003,0.000009,]
[0,17,]   340   7.25395e-006   -6.08306e-039   6.67234e-039   [-0.000001,-0.000007,]
[1,17,]   341   2.68262e-005   -3.91752e-039   5.85253e-039   [-0.000012,-0.000008,]
[2,17,]   342   9.27084e-005   -3.05763e-039   5.12381e-039   [-0.000008,-0.000008,]
[3,17,]   343   0.000271403   -2.4104e-039   4.48618e-039   [-0.000009,-0.000008,]
[4,17,]   344   0.000670032   -1.8814e-039   3.93964e-039   [-0.000010,-0.000007,]
[5,17,]   345   0.00140332   -1.44139e-039   3.48419e-039   [-0.000011,-0.000007,]
[6,17,]   346   0.00250752   -1.08976e-039   3.11983e-039   [-0.000013,-0.000006,]
[7,17,]   347   0.00384795   -8.28461e-040   2.84656e-039   [-0.000014,-0.000005,]
[8,17,]   348   0.00511156   -6.36957e-040   2.66438e-039   [-0.000015,-0.000003,]
[9,17,]   349   0.00588766   -5.40358e-040   2.57329e-039   [-0.000016,-0.000001,]
[10,17,]   350   0.00589313   -5.50363e-040   2.57329e-039   [-0.000016,0.000001,]
[11,17,]   351   0.00515111   -6.30181e-040   2.66438e-039   [-0.000015,0.000003,]
[12,17,]   352   0.0039122   -7.92338e-040   2.84656e-039   [-0.000014,0.000005,]
[13,17,]   353   0.00255604   -1.06126e-039   3.11983e-039   [-0.000013,0.000006,]
[14,17,]   354   0.00142939   -1.41447e-039   3.48419e-039   [-0.000011,0.000007,]
[15,17,]   355   0.000679883   -1.86044e-039   3.93964e-039   [-0.000010,0.000007,]
[16,17,]   356   0.000273685   -2.39772e-039   4.48618e-039   [-0.000009,0.000008,]
[17,17,]   357   9.27076e-005   -3.04908e-039   5.12381e-039   [-0.000008,0.000008,]
[18,17,]   358   2.64213e-005   -3.76991e-039   5.85253e-039   [-0.000002,0.000008,]
[19,17,]   359   6.23422e-006   -6.14357e-039   6.67234e-039   [0.000004,0.000008,]
[0,18,]   360   2.01863e-006   -6.92306e-039   7.40106e-039   [-0.000001,-0.000001,]
[1,18,]   361   7.52718e-006   -4.65247e-039   6.58125e-039   [-0.000012,-0.000002,]
[2,18,]   362   2.64214e-005   -3.77869e-039   5.85253e-039   [-0.000008,-0.000002,]
[3,18,]   363   7.87466e-005   -3.12308e-039   5.2149e-039   [-0.000009,-0.000002,]
[4,18,]   364   0.000198283   -2.5877e-039   4.66836e-039   [-0.000010,-0.000002,]
[5,18,]   365   0.000424086   -2.14318e-039   4.21291e-039   [-0.000011,-0.000002,]
[6,18,]   366   0.000773797   -1.7902e-039   3.84855e-039   [-0.000012,-0.000002,]
[7,18,]   367   0.00121017   -1.53152e-039   3.57528e-039   [-0.000013,-0.000001,]
[8,18,]   368   0.00163117   -1.34904e-039   3.3931e-039   [-0.000013,0.000000,]
[9,18,]   369   0.00189478   -1.26479e-039   3.30201e-039   [-0.000014,0.000002,]
[10,18,]   370   0.00189868   -1.28785e-039   3.30201e-039   [-0.000014,0.000003,]
[11,18,]   371   0.00164832   -1.3849e-039   3.3931e-039   [-0.000013,0.000005,]
[12,18,]   372   0.00123538   -1.5655e-039   3.57528e-039   [-0.000013,0.000007,]
[13,18,]   373   0.000793345   -1.85068e-039   3.84855e-039   [-0.000012,0.000008,]
[14,18,]   374   0.000435178   -2.21995e-039   4.21291e-039   [-0.000011,0.000009,]
[15,18,]   375   0.000202967   -2.68046e-039   4.66836e-039   [-0.000010,0.000010,]
[16,18,]   376   8.01801e-005   -3.2305e-039   5.2149e-039   [-0.000009,0.000011,]
[17,18,]   377   2.6689e-005   -3.89373e-039   5.85253e-039   [-0.000008,0.000011,]
[18,18,]   378   7.48744e-006   -4.6275e-039   6.58125e-039   [-0.000002,0.000012,]
[19,18,]   379   1.74625e-006   -7.1133e-039   7.40106e-039   [0.000004,0.000013,]
[0,19,]   380   4.70532e-007   -9.52222e-039   8.22087e-039   [-0.000001,0.000005,]
[1,19,]   381   1.75611e-006   -7.13863e-039   7.40106e-039   [-0.000013,0.000004,]
[2,19,]   382   6.23428e-006   -6.15287e-039   6.67234e-039   [-0.000008,0.000004,]
[3,19,]   383   1.88396e-005   -5.37971e-039   6.03471e-039   [-0.000009,0.000003,]
[4,19,]   384   4.8202e-005   -4.71652e-039   5.48817e-039   [-0.000010,0.000003,]
[5,19,]   385   0.000104956   -4.13705e-039   5.03272e-039   [-0.000011,0.000003,]
[6,19,]   386   0.000195206   -3.6503e-039   4.66836e-039   [-0.000011,0.000002,]
[7,19,]   387   0.000311232   -3.27042e-039   4.39509e-039   [-0.000012,0.000003,]
[8,19,]   388   0.000427076   -2.99461e-039   4.21291e-039   [-0.000012,0.000003,]
[9,19,]   389   0.00050371   -2.85261e-039   4.12182e-039   [-0.000013,0.000004,]
[10,19,]   390   0.000510479   -2.85973e-039   4.12182e-039   [-0.000013,0.000005,]
[11,19,]   391   0.000445925   -2.98935e-039   4.21291e-039   [-0.000012,0.000007,]
[12,19,]   392   0.000334641   -3.24152e-039   4.39509e-039   [-0.000011,0.000009,]
[13,19,]   393   0.000214319   -3.62256e-039   4.66836e-039   [-0.000010,0.000010,]
[14,19,]   394   0.00011687   -4.10338e-039   5.03272e-039   [-0.000009,0.000012,]
[15,19,]   395   5.40715e-005   -4.68058e-039   5.48817e-039   [-0.000008,0.000013,]
[16,19,]   396   2.11631e-005   -5.34546e-039   6.03471e-039   [-0.000008,0.000014,]
[17,19,]   397   6.97536e-006   -6.11847e-039   6.67234e-039   [-0.000007,0.000015,]
[18,19,]   398   1.93779e-006   -6.96165e-039   7.40106e-039   [-0.000001,0.000016,]
[19,19,]   399   4.50435e-007   -9.57845e-039   8.22087e-039   [0.000005,0.000017,]
