coordinates  index   rho      Q      V    velocities 
[0,0,]   0   2.20097e-008   -9.44202e-039   8.22087e-039   [0.000012,-0.000000,]
[1,0,]   1   8.94872e-008   -6.95764e-039   7.40106e-039   [0.000000,-0.000000,]
[2,0,]   2   3.19286e-007   -6.09162e-039   6.67234e-039   [0.000007,-0.000000,]
[3,0,]   3   9.66612e-007   -5.31123e-039   6.03471e-039   [0.000007,-0.000000,]
[4,0,]   4   2.46258e-006   -4.6534e-039   5.48817e-039   [0.000008,0.000000,]
[5,0,]   5   5.30549e-006   -4.08328e-039   5.03272e-039   [0.000009,0.000001,]
[6,0,]   6   9.69657e-006   -3.60931e-039   4.66836e-039   [0.000010,0.000002,]
[7,0,]   7   1.50898e-005   -3.23938e-039   4.39509e-039   [0.000011,0.000003,]
[8,0,]   8   2.00756e-005   -2.98444e-039   4.21291e-039   [0.000011,0.000004,]
[9,0,]   9   2.2921e-005   -2.85545e-039   4.12182e-039   [0.000012,0.000005,]
[10,0,]   10   2.2527e-005   -2.85952e-039   4.12182e-039   [0.000012,0.000006,]
[11,0,]   11   1.90889e-005   -2.99697e-039   4.21291e-039   [0.000012,0.000008,]
[12,0,]   12   1.39445e-005   -3.26081e-039   4.39509e-039   [0.000012,0.000009,]
[13,0,]   13   8.76511e-006   -3.63912e-039   4.66836e-039   [0.000012,0.000010,]
[14,0,]   14   4.72583e-006   -4.11925e-039   5.03272e-039   [0.000011,0.000010,]
[15,0,]   15   2.17728e-006   -4.69134e-039   5.48817e-039   [0.000010,0.000011,]
[16,0,]   16   8.53855e-007   -5.3462e-039   6.03471e-039   [0.000009,0.000011,]
[17,0,]   17   2.83412e-007   -6.1051e-039   6.67234e-039   [0.000008,0.000012,]
[18,0,]   18   7.96346e-008   -7.08798e-039   7.40106e-039   [0.000013,0.000012,]
[19,0,]   19   2.08814e-008   -9.50916e-039   8.22087e-039   [0.000018,0.000012,]
[0,1,]   20   8.01844e-008   -7.11838e-039   7.40106e-039   [0.000012,-0.000013,]
[1,1,]   21   3.27218e-007   -4.71348e-039   6.58125e-039   [0.000001,-0.000012,]
[2,1,]   22   1.15941e-006   -3.95143e-039   5.85253e-039   [0.000008,-0.000012,]
[3,1,]   23   3.48504e-006   -3.27268e-039   5.2149e-039   [0.000009,-0.000011,]
[4,1,]   24   8.82282e-006   -2.72018e-039   4.66836e-039   [0.000010,-0.000011,]
[5,1,]   25   1.89155e-005   -2.25687e-039   4.21291e-039   [0.000011,-0.000010,]
[6,1,]   26   3.44773e-005   -1.88459e-039   3.84855e-039   [0.000012,-0.000008,]
[7,1,]   27   5.36695e-005   -1.60214e-039   3.57528e-039   [0.000013,-0.000007,]
[8,1,]   28   7.16878e-005   -1.40969e-039   3.3931e-039   [0.000013,-0.000005,]
[9,1,]   29   8.2509e-005   -1.30813e-039   3.30201e-039   [0.000014,-0.000004,]
[10,1,]   30   8.20599e-005   -1.2983e-039   3.30201e-039   [0.000014,-0.000002,]
[11,1,]   31   7.05829e-005   -1.38042e-039   3.3931e-039   [0.000013,-0.000000,]
[12,1,]   32   5.24345e-005   -1.55403e-039   3.57528e-039   [0.000013,0.000001,]
[13,1,]   33   3.35341e-005   -1.81843e-039   3.84855e-039   [0.000012,0.000001,]
[14,1,]   34   1.83833e-005   -2.17345e-039   4.21291e-039   [0.000011,0.000002,]
[15,1,]   35   8.59835e-006   -2.61998e-039   4.66836e-039   [0.000010,0.000002,]
[16,1,]   36   3.41651e-006   -3.15646e-039   5.2149e-039   [0.000009,0.000002,]
[17,1,]   37   1.14663e-006   -3.80722e-039   5.85253e-039   [0.000008,0.000002,]
[18,1,]   38   3.25108e-007   -4.68346e-039   6.58125e-039   [0.000012,0.000001,]
[19,1,]   39   8.51699e-008   -7.00502e-039   7.40106e-039   [0.000017,0.000000,]
[0,2,]   40   2.83403e-007   -6.11644e-039   6.67234e-039   [0.000012,-0.000009,]
[1,2,]   41   1.14659e-006   -3.81796e-039   5.85253e-039   [0.000002,-0.000008,]
[2,2,]   42   4.00079e-006   -3.07291e-039   5.12381e-039   [0.000008,-0.000008,]
[3,2,]   43   1.182e-005   -2.40836e-039   4.48618e-039   [0.000009,-0.000008,]
[4,2,]   44   2.93739e-005   -1.87067e-039   3.93964e-039   [0.000010,-0.000008,]
[5,2,]   45   6.17713e-005   -1.42415e-039   3.48419e-039   [0.000011,-0.000007,]
[6,2,]   46   0.000110478   -1.07017e-039   3.11983e-039   [0.000013,-0.000006,]
[7,2,]   47   0.000169093   -8.06928e-040   2.84656e-039   [0.000014,-0.000005,]
[8,2,]   48   0.000222993   -6.33806e-040   2.66438e-039   [0.000015,-0.000003,]
[9,2,]   49   0.000254958   -5.50751e-040   2.57329e-039   [0.000015,-0.000001,]
[10,2,]   50   0.000253782   -5.57262e-040   2.57329e-039   [0.000015,0.000001,]
[11,2,]   51   0.000220124   -6.52088e-040   2.66438e-039   [0.000015,0.000003,]
[12,2,]   52   0.000165942   -8.33463e-040   2.84656e-039   [0.000014,0.000005,]
[13,2,]   53   0.000108146   -1.10026e-039   3.11983e-039   [0.000013,0.000006,]
[14,2,]   54   6.05286e-005   -1.45284e-039   3.48419e-039   [0.000011,0.000007,]
[15,2,]   55   2.8905e-005   -1.89333e-039   3.93964e-039   [0.000010,0.000007,]
[16,2,]   56   1.17118e-005   -2.42174e-039   4.48618e-039   [0.000009,0.000008,]
[17,2,]   57   4.00092e-006   -3.06247e-039   5.12381e-039   [0.000008,0.000008,]
[18,2,]   58   1.15218e-006   -3.92282e-039   5.85253e-039   [0.000012,0.000008,]
[19,2,]   59   3.04511e-007   -6.13498e-039   6.67234e-039   [0.000016,0.000007,]
[0,3,]   60   8.53847e-007   -5.3462e-039   6.03471e-039   [0.000011,-0.000009,]
[1,3,]   61   3.41648e-006   -3.15644e-039   5.2149e-039   [0.000002,-0.000009,]
[2,3,]   62   1.17117e-005   -2.42173e-039   4.48618e-039   [0.000008,-0.000009,]
[3,3,]   63   3.38938e-005   -1.7652e-039   3.84855e-039   [0.000009,-0.000009,]
[4,3,]   64   8.2307e-005   -1.23453e-039   3.30201e-039   [0.000010,-0.000009,]
[5,3,]   65   0.00016879   -7.95294e-040   2.84656e-039   [0.000012,-0.000008,]
[6,3,]   66   0.000294172   -4.48105e-040   2.4822e-039   [0.000014,-0.000007,]
[7,3,]   67   0.000439479   -1.90382e-040   2.20893e-039   [0.000016,-0.000006,]
[8,3,]   68   0.000568565   -2.07532e-041   2.02675e-039   [0.000017,-0.000004,]
[9,3,]   69   0.000643303   6.07124e-041   1.93566e-039   [0.000018,-0.000001,]
[10,3,]   70   0.000640795   5.46375e-041   1.93566e-039   [0.000018,0.000001,]
[11,3,]   71   0.000562526   -3.69605e-041   2.02675e-039   [0.000017,0.000004,]
[12,3,]   72   0.000433029   -2.12522e-040   2.20893e-039   [0.000016,0.000006,]
[13,3,]   73   0.000289654   -4.7092e-040   2.4822e-039   [0.000014,0.000007,]
[14,3,]   74   0.000166633   -8.13913e-040   2.84656e-039   [0.000012,0.000008,]
[15,3,]   75   8.16945e-005   -1.24498e-039   3.30201e-039   [0.000010,0.000009,]
[16,3,]   76   3.38941e-005   -1.76521e-039   3.84855e-039   [0.000009,0.000009,]
[17,3,]   77   1.18203e-005   -2.39824e-039   4.48618e-039   [0.000008,0.000009,]
[18,3,]   78   3.46411e-006   -3.24525e-039   5.2149e-039   [0.000011,0.000009,]
[19,3,]   79   9.2391e-007   -5.34842e-039   6.03471e-039   [0.000015,0.000007,]
[0,4,]   80   2.17727e-006   -4.69134e-039   5.48817e-039   [0.000011,-0.000010,]
[1,4,]   81   8.59832e-006   -2.61998e-039   4.66836e-039   [0.000002,-0.000010,]
[2,4,]   82   2.89049e-005   -1.89334e-039   3.93964e-039   [0.000007,-0.000010,]
[3,4,]   83   8.16942e-005   -1.24499e-039   3.30201e-039   [0.000009,-0.000010,]
[4,4,]   84   0.000192952   -7.22066e-040   2.75547e-039   [0.000011,-0.000010,]
[5,4,]   85   0.000383267   -2.91909e-040   2.30002e-039   [0.000013,-0.000010,]
[6,4,]   86   0.000645081   4.5608e-041   1.93566e-039   [0.000015,-0.000009,]
[7,4,]   87   0.000930813   2.94456e-040   1.66239e-039   [0.000017,-0.000008,]
[8,4,]   88   0.0011696   4.5763e-040   1.48021e-039   [0.000020,-0.000005,]
[9,4,]   89   0.00130144   5.37234e-040   1.38912e-039   [0.000021,-0.000002,]
[10,4,]   90   0.00129726   5.31768e-040   1.38912e-039   [0.000021,0.000002,]
[11,4,]   91   0.00115969   4.43219e-040   1.48021e-039   [0.000020,0.000005,]
[12,4,]   92   0.000920714   2.76539e-040   1.66239e-039   [0.000017,0.000008,]
[13,4,]   93   0.000638707   2.97825e-041   1.93566e-039   [0.000015,0.000010,]
[14,4,]   94   0.000380959   -3.01253e-040   2.30002e-039   [0.000013,0.000010,]
[15,4,]   95   0.000192953   -7.2206e-040   2.75547e-039   [0.000010,0.000011,]
[16,4,]   96   8.23077e-005   -1.23453e-039   3.30201e-039   [0.000009,0.000010,]
[17,4,]   97   2.93746e-005   -1.8609e-039   3.93964e-039   [0.000007,0.000010,]
[18,4,]   98   8.77207e-006   -2.69396e-039   4.66836e-039   [0.000011,0.000010,]
[19,4,]   99   2.35929e-006   -4.68402e-039   5.48817e-039   [0.000014,0.000008,]
[0,5,]   100   4.72583e-006   -4.11924e-039   5.03272e-039   [0.000010,-0.000011,]
[1,5,]   101   1.83833e-005   -2.17345e-039   4.21291e-039   [0.000002,-0.000011,]
[2,5,]   102   6.05286e-005   -1.45283e-039   3.48419e-039   [0.000007,-0.000011,]
[3,5,]   103   0.000166633   -8.13905e-040   2.84656e-039   [0.000008,-0.000012,]
[4,5,]   104   0.000380959   -3.01245e-040   2.30002e-039   [0.000010,-0.000013,]
[5,5,]   105   0.000727058   1.14963e-040   1.84457e-039   [0.000013,-0.000013,]
[6,5,]   106   0.00116733   4.34941e-040   1.48021e-039   [0.000016,-0.000012,]
[7,5,]   107   0.00160028   6.63626e-040   1.20694e-039   [0.000020,-0.000011,]
[8,5,]   108   0.0019188   8.10592e-040   1.02476e-039   [0.000023,-0.000008,]
[9,5,]   109   0.00207445   8.83982e-040   9.33673e-040   [0.000025,-0.000003,]
[10,5,]   110   0.00206921   8.77284e-040   9.33673e-040   [0.000025,0.000003,]
[11,5,]   111   0.00190671   7.98982e-040   1.02476e-039   [0.000023,0.000008,]
[12,5,]   112   0.00158898   6.50505e-040   1.20694e-039   [0.000020,0.000011,]
[13,5,]   113   0.0011619   4.26858e-040   1.48021e-039   [0.000016,0.000013,]
[14,5,]   114   0.000727058   1.14954e-040   1.84457e-039   [0.000013,0.000013,]
[15,5,]   115   0.000383268   -2.91904e-040   2.30002e-039   [0.000010,0.000013,]
[16,5,]   116   0.000168791   -7.95288e-040   2.84656e-039   [0.000008,0.000012,]
[17,5,]   117   6.17724e-005   -1.41478e-039   3.48419e-039   [0.000007,0.000011,]
[18,5,]   118   1.88117e-005   -2.23186e-039   4.21291e-039   [0.000010,0.000011,]
[19,5,]   119   5.09513e-006   -4.10714e-039   5.03272e-039   [0.000012,0.000009,]
[0,6,]   120   8.76511e-006   -3.63912e-039   4.66836e-039   [0.000010,-0.000012,]
[1,6,]   121   3.35341e-005   -1.81843e-039   3.84855e-039   [0.000001,-0.000012,]
[2,6,]   122   0.000108146   -1.10026e-039   3.11983e-039   [0.000006,-0.000013,]
[3,6,]   123   0.000289654   -4.7092e-040   2.4822e-039   [0.000007,-0.000014,]
[4,6,]   124   0.000638707   2.97824e-041   1.93566e-039   [0.000010,-0.000015,]
[5,6,]   125   0.0011619   4.26858e-040   1.48021e-039   [0.000013,-0.000016,]
[6,6,]   126   0.0017526   7.16496e-040   1.11585e-039   [0.000017,-0.000016,]
[7,6,]   127   0.00222643   9.04338e-040   8.42583e-040   [0.000022,-0.000015,]
[8,6,]   128   0.00246514   9.97913e-040   6.60403e-040   [0.000028,-0.000012,]
[9,6,]   129   0.00252204   1.06041e-039   5.69313e-040   [0.000032,-0.000005,]
[10,6,]   130   0.00251872   1.06734e-039   5.69313e-040   [0.000033,0.000005,]
[11,6,]   131   0.00245447   9.88944e-040   6.60403e-040   [0.000028,0.000012,]
[12,6,]   132   0.00221878   8.96112e-040   8.42583e-040   [0.000022,0.000016,]
[13,6,]   133   0.0017526   7.16496e-040   1.11585e-039   [0.000016,0.000017,]
[14,6,]   134   0.00116733   4.34933e-040   1.48021e-039   [0.000012,0.000016,]
[15,6,]   135   0.000645084   4.56127e-041   1.93566e-039   [0.000009,0.000015,]
[16,6,]   136   0.000294174   -4.48089e-040   2.4822e-039   [0.000007,0.000014,]
[17,6,]   137   0.000110479   -1.06122e-039   3.11983e-039   [0.000006,0.000013,]
[18,6,]   138   3.42974e-005   -1.86072e-039   3.84855e-039   [0.000008,0.000012,]
[19,6,]   139   9.33355e-006   -3.62659e-039   4.66836e-039   [0.000011,0.000010,]
[0,7,]   140   1.39445e-005   -3.26081e-039   4.39509e-039   [0.000009,-0.000012,]
[1,7,]   141   5.24345e-005   -1.55403e-039   3.57528e-039   [0.000001,-0.000013,]
[2,7,]   142   0.000165942   -8.33463e-040   2.84656e-039   [0.000005,-0.000014,]
[3,7,]   143   0.000433029   -2.12522e-040   2.20893e-039   [0.000006,-0.000016,]
[4,7,]   144   0.000920714   2.76539e-040   1.66239e-039   [0.000008,-0.000017,]
[5,7,]   145   0.00158898   6.50505e-040   1.20694e-039   [0.000011,-0.000020,]
[6,7,]   146   0.00221878   8.96112e-040   8.42583e-040   [0.000016,-0.000022,]
[7,7,]   147   0.0025232   9.93474e-040   5.69313e-040   [0.000023,-0.000023,]
[8,7,]   148   0.00242796   9.71196e-040   3.87133e-040   [0.000034,-0.000020,]
[9,7,]   149   0.00218757   8.12752e-040   2.96043e-040   [0.000044,-0.000008,]
[10,7,]   150   0.00218279   8.25433e-040   2.96043e-040   [0.000045,0.000009,]
[11,7,]   151   0.00241933   9.49136e-040   3.87133e-040   [0.000034,0.000021,]
[12,7,]   152   0.0025232   9.93474e-040   5.69313e-040   [0.000023,0.000023,]
[13,7,]   153   0.00222643   9.04338e-040   8.42583e-040   [0.000015,0.000022,]
[14,7,]   154   0.00160028   6.63617e-040   1.20694e-039   [0.000011,0.000020,]
[15,7,]   155   0.000930816   2.9446e-040   1.66239e-039   [0.000008,0.000017,]
[16,7,]   156   0.000439482   -1.90354e-040   2.20893e-039   [0.000006,0.000016,]
[17,7,]   157   0.000169094   -7.98368e-040   2.84656e-039   [0.000005,0.000014,]
[18,7,]   158   5.34026e-005   -1.57921e-039   3.57528e-039   [0.000007,0.000013,]
[19,7,]   159   1.4554e-005   -3.25078e-039   4.39509e-039   [0.000009,0.000011,]
[0,8,]   160   1.90889e-005   -2.99697e-039   4.21291e-039   [0.000008,-0.000012,]
[1,8,]   161   7.05829e-005   -1.38042e-039   3.3931e-039   [-0.000000,-0.000013,]
[2,8,]   162   0.000220124   -6.52088e-040   2.66438e-039   [0.000003,-0.000015,]
[3,8,]   163   0.000562526   -3.69606e-041   2.02675e-039   [0.000004,-0.000017,]
[4,8,]   164   0.00115969   4.43219e-040   1.48021e-039   [0.000005,-0.000020,]
[5,8,]   165   0.00190671   7.98982e-040   1.02476e-039   [0.000008,-0.000023,]
[6,8,]   166   0.00245447   9.88944e-040   6.60403e-040   [0.000012,-0.000028,]
[7,8,]   167   0.00241933   9.49136e-040   3.87133e-040   [0.000021,-0.000034,]
[8,8,]   168   0.00181507   4.14368e-040   2.04953e-040   [0.000039,-0.000039,]
[9,8,]   169   0.00120017   -5.60801e-040   1.13863e-040   [0.000069,-0.000016,]
[10,8,]   170   0.00118459   -7.55441e-040   1.13863e-040   [0.000069,0.000030,]
[11,8,]   171   0.00181507   4.14368e-040   2.04953e-040   [0.000039,0.000039,]
[12,8,]   172   0.00242796   9.71196e-040   3.87133e-040   [0.000020,0.000034,]
[13,8,]   173   0.00246514   9.97913e-040   6.60403e-040   [0.000012,0.000028,]
[14,8,]   174   0.0019188   8.10584e-040   1.02476e-039   [0.000008,0.000023,]
[15,8,]   175   0.0011696   4.57634e-040   1.48021e-039   [0.000005,0.000020,]
[16,8,]   176   0.00056857   -2.07102e-041   2.02675e-039   [0.000004,0.000017,]
[17,8,]   177   0.000222992   -6.25567e-040   2.66438e-039   [0.000003,0.000015,]
[18,8,]   178   7.13445e-005   -1.38743e-039   3.3931e-039   [0.000005,0.000013,]
[19,8,]   179   1.93909e-005   -2.99133e-039   4.21291e-039   [0.000007,0.000011,]
[0,9,]   180   2.2527e-005   -2.85952e-039   4.12182e-039   [0.000006,-0.000012,]
[1,9,]   181   8.20599e-005   -1.2983e-039   3.30201e-039   [-0.000002,-0.000014,]
[2,9,]   182   0.000253782   -5.57262e-040   2.57329e-039   [0.000001,-0.000015,]
[3,9,]   183   0.000640795   5.46374e-041   1.93566e-039   [0.000001,-0.000018,]
[4,9,]   184   0.00129726   5.31767e-040   1.38912e-039   [0.000002,-0.000021,]
[5,9,]   185   0.00206921   8.77284e-040   9.33673e-040   [0.000003,-0.000025,]
[6,9,]   186   0.00251872   1.06734e-039   5.69313e-040   [0.000005,-0.000033,]
[7,9,]   187   0.00218279   8.25433e-040   2.96043e-040   [0.000009,-0.000045,]
[8,9,]   188   0.00118459   -7.55441e-040   1.13863e-040   [0.000030,-0.000069,]
[9,9,]   189   0.000322705   -1.12579e-038   2.27725e-041   [0.000123,-0.000109,]
[10,9,]   190   0.000322706   -1.12579e-038   2.27725e-041   [0.000109,0.000123,]
[11,9,]   191   0.00120017   -5.60799e-040   1.13863e-040   [0.000016,0.000069,]
[12,9,]   192   0.00218757   8.12753e-040   2.96043e-040   [0.000008,0.000044,]
[13,9,]   193   0.00252204   1.06041e-039   5.69313e-040   [0.000005,0.000032,]
[14,9,]   194   0.00207445   8.83974e-040   9.33673e-040   [0.000003,0.000025,]
[15,9,]   195   0.00130144   5.37238e-040   1.38912e-039   [0.000002,0.000021,]
[16,9,]   196   0.000643308   6.07723e-041   1.93566e-039   [0.000001,0.000018,]
[17,9,]   197   0.000254954   -5.42713e-040   2.57329e-039   [0.000001,0.000015,]
[18,9,]   198   8.21218e-005   -1.2862e-039   3.30201e-039   [0.000004,0.000014,]
[19,9,]   199   2.21543e-005   -2.85986e-039   4.12182e-039   [0.000006,0.000012,]
[0,10,]   200   2.2921e-005   -2.85545e-039   4.12182e-039   [0.000005,-0.000012,]
[1,10,]   201   8.2509e-005   -1.30813e-039   3.30201e-039   [-0.000004,-0.000014,]
[2,10,]   202   0.000254958   -5.50751e-040   2.57329e-039   [-0.000001,-0.000015,]
[3,10,]   203   0.000643303   6.07125e-041   1.93566e-039   [-0.000001,-0.000018,]
[4,10,]   204   0.00130144   5.37234e-040   1.38912e-039   [-0.000002,-0.000021,]
[5,10,]   205   0.00207445   8.83983e-040   9.33673e-040   [-0.000003,-0.000025,]
[6,10,]   206   0.00252204   1.06041e-039   5.69313e-040   [-0.000005,-0.000032,]
[7,10,]   207   0.00218757   8.12753e-040   2.96043e-040   [-0.000008,-0.000044,]
[8,10,]   208   0.00120017   -5.60799e-040   1.13863e-040   [-0.000016,-0.000069,]
[9,10,]   209   0.000322706   -1.12579e-038   2.27725e-041   [-0.000109,-0.000123,]
[10,10,]   210   0.000322705   -1.12579e-038   2.27725e-041   [-0.000123,0.000109,]
[11,10,]   211   0.00118459   -7.55441e-040   1.13863e-040   [-0.000030,0.000069,]
[12,10,]   212   0.00218279   8.25433e-040   2.96043e-040   [-0.000009,0.000045,]
[13,10,]   213   0.00251872   1.06734e-039   5.69313e-040   [-0.000005,0.000033,]
[14,10,]   214   0.00206921   8.77275e-040   9.33673e-040   [-0.000003,0.000025,]
[15,10,]   215   0.00129727   5.31772e-040   1.38912e-039   [-0.000002,0.000021,]
[16,10,]   216   0.0006408   5.47161e-041   1.93566e-039   [-0.000001,0.000018,]
[17,10,]   217   0.000253776   -5.49275e-040   2.57329e-039   [-0.000001,0.000015,]
[18,10,]   218   8.16737e-005   -1.27631e-039   3.30201e-039   [0.000002,0.000014,]
[19,10,]   219   2.17681e-005   -2.86395e-039   4.12182e-039   [0.000005,0.000012,]
[0,11,]   220   2.00756e-005   -2.98444e-039   4.21291e-039   [0.000004,-0.000011,]
[1,11,]   221   7.16878e-005   -1.40969e-039   3.3931e-039   [-0.000005,-0.000013,]
[2,11,]   222   0.000222993   -6.33806e-040   2.66438e-039   [-0.000003,-0.000015,]
[3,11,]   223   0.000568565   -2.07531e-041   2.02675e-039   [-0.000004,-0.000017,]
[4,11,]   224   0.0011696   4.5763e-040   1.48021e-039   [-0.000005,-0.000020,]
[5,11,]   225   0.0019188   8.10592e-040   1.02476e-039   [-0.000008,-0.000023,]
[6,11,]   226   0.00246514   9.97913e-040   6.60403e-040   [-0.000012,-0.000028,]
[7,11,]   227   0.00242796   9.71196e-040   3.87133e-040   [-0.000020,-0.000034,]
[8,11,]   228   0.00181507   4.14368e-040   2.04953e-040   [-0.000039,-0.000039,]
[9,11,]   229   0.00118459   -7.55441e-040   1.13863e-040   [-0.000069,-0.000030,]
[10,11,]   230   0.00120017   -5.60801e-040   1.13863e-040   [-0.000069,0.000016,]
[11,11,]   231   0.00181507   4.14368e-040   2.04953e-040   [-0.000039,0.000039,]
[12,11,]   232   0.00241933   9.49136e-040   3.87133e-040   [-0.000021,0.000034,]
[13,11,]   233   0.00245447   9.88944e-040   6.60403e-040   [-0.000012,0.000028,]
[14,11,]   234   0.00190671   7.98974e-040   1.02476e-039   [-0.000008,0.000023,]
[15,11,]   235   0.0011597   4.43224e-040   1.48021e-039   [-0.000005,0.000020,]
[16,11,]   236   0.000562531   -3.68613e-041   2.02675e-039   [-0.000004,0.000017,]
[17,11,]   237   0.000220117   -6.44001e-040   2.66438e-039   [-0.000003,0.000015,]
[18,11,]   238   7.0242e-005   -1.35799e-039   3.3931e-039   [0.000001,0.000013,]
[19,11,]   239   1.8424e-005   -3.00403e-039   4.21291e-039   [0.000004,0.000012,]
[0,12,]   240   1.50898e-005   -3.23939e-039   4.39509e-039   [0.000003,-0.000011,]
[1,12,]   241   5.36695e-005   -1.60214e-039   3.57528e-039   [-0.000007,-0.000013,]
[2,12,]   242   0.000169093   -8.06928e-040   2.84656e-039   [-0.000005,-0.000014,]
[3,12,]   243   0.000439479   -1.90383e-040   2.20893e-039   [-0.000006,-0.000016,]
[4,12,]   244   0.000930813   2.94456e-040   1.66239e-039   [-0.000008,-0.000017,]
[5,12,]   245   0.00160028   6.63626e-040   1.20694e-039   [-0.000011,-0.000020,]
[6,12,]   246   0.00222643   9.04338e-040   8.42583e-040   [-0.000015,-0.000022,]
[7,12,]   247   0.0025232   9.93474e-040   5.69313e-040   [-0.000023,-0.000023,]
[8,12,]   248   0.00241933   9.49136e-040   3.87133e-040   [-0.000034,-0.000021,]
[9,12,]   249   0.00218279   8.25433e-040   2.96043e-040   [-0.000045,-0.000009,]
[10,12,]   250   0.00218757   8.12752e-040   2.96043e-040   [-0.000044,0.000008,]
[11,12,]   251   0.00242796   9.71196e-040   3.87133e-040   [-0.000034,0.000020,]
[12,12,]   252   0.0025232   9.93474e-040   5.69313e-040   [-0.000023,0.000023,]
[13,12,]   253   0.00221878   8.96112e-040   8.42583e-040   [-0.000016,0.000022,]
[14,12,]   254   0.00158898   6.50497e-040   1.20694e-039   [-0.000011,0.000020,]
[15,12,]   255   0.000920717   2.76544e-040   1.66239e-039   [-0.000008,0.000017,]
[16,12,]   256   0.000433033   -2.12402e-040   2.20893e-039   [-0.000006,0.000016,]
[17,12,]   257   0.000165935   -8.25153e-040   2.84656e-039   [-0.000005,0.000014,]
[18,12,]   258   5.21701e-005   -1.53082e-039   3.57528e-039   [-0.000001,0.000013,]
[19,12,]   259   1.34322e-005   -3.27276e-039   4.39509e-039   [0.000003,0.000012,]
[0,13,]   260   9.69657e-006   -3.60931e-039   4.66836e-039   [0.000002,-0.000010,]
[1,13,]   261   3.44773e-005   -1.88459e-039   3.84855e-039   [-0.000008,-0.000012,]
[2,13,]   262   0.000110478   -1.07017e-039   3.11983e-039   [-0.000006,-0.000013,]
[3,13,]   263   0.000294172   -4.48105e-040   2.4822e-039   [-0.000007,-0.000014,]
[4,13,]   264   0.000645081   4.56078e-041   1.93566e-039   [-0.000009,-0.000015,]
[5,13,]   265   0.00116733   4.34941e-040   1.48021e-039   [-0.000012,-0.000016,]
[6,13,]   266   0.0017526   7.16496e-040   1.11585e-039   [-0.000016,-0.000017,]
[7,13,]   267   0.00221878   8.96111e-040   8.42583e-040   [-0.000022,-0.000016,]
[8,13,]   268   0.00245447   9.88944e-040   6.60403e-040   [-0.000028,-0.000012,]
[9,13,]   269   0.00251872   1.06734e-039   5.69313e-040   [-0.000033,-0.000005,]
[10,13,]   270   0.00252204   1.06041e-039   5.69313e-040   [-0.000032,0.000005,]
[11,13,]   271   0.00246514   9.97913e-040   6.60403e-040   [-0.000028,0.000012,]
[12,13,]   272   0.00222643   9.04338e-040   8.42583e-040   [-0.000022,0.000015,]
[13,13,]   273   0.0017526   7.16496e-040   1.11585e-039   [-0.000017,0.000016,]
[14,13,]   274   0.0011619   4.2685e-040   1.48021e-039   [-0.000013,0.000016,]
[15,13,]   275   0.000638709   2.97881e-041   1.93566e-039   [-0.000010,0.000015,]
[16,13,]   276   0.000289656   -4.70779e-040   2.4822e-039   [-0.000007,0.000014,]
[17,13,]   277   0.00010814   -1.09165e-039   3.11983e-039   [-0.000006,0.000013,]
[18,13,]   278   3.33558e-005   -1.79418e-039   3.84855e-039   [-0.000001,0.000012,]
[19,13,]   279   8.42178e-006   -3.65761e-039   4.66836e-039   [0.000003,0.000012,]
[0,14,]   280   5.30549e-006   -4.08329e-039   5.03272e-039   [0.000001,-0.000009,]
[1,14,]   281   1.89155e-005   -2.25688e-039   4.21291e-039   [-0.000010,-0.000011,]
[2,14,]   282   6.17713e-005   -1.42415e-039   3.48419e-039   [-0.000007,-0.000011,]
[3,14,]   283   0.00016879   -7.95301e-040   2.84656e-039   [-0.000008,-0.000012,]
[4,14,]   284   0.000383267   -2.91916e-040   2.30002e-039   [-0.000010,-0.000013,]
[5,14,]   285   0.000727058   1.14955e-040   1.84457e-039   [-0.000013,-0.000013,]
[6,14,]   286   0.0011619   4.2685e-040   1.48021e-039   [-0.000016,-0.000013,]
[7,14,]   287   0.00158898   6.50497e-040   1.20694e-039   [-0.000020,-0.000011,]
[8,14,]   288   0.00190671   7.98974e-040   1.02476e-039   [-0.000023,-0.000008,]
[9,14,]   289   0.00206921   8.77275e-040   9.33673e-040   [-0.000025,-0.000003,]
[10,14,]   290   0.00207445   8.83974e-040   9.33673e-040   [-0.000025,0.000003,]
[11,14,]   291   0.0019188   8.10584e-040   1.02476e-039   [-0.000023,0.000008,]
[12,14,]   292   0.00160028   6.63617e-040   1.20694e-039   [-0.000020,0.000011,]
[13,14,]   293   0.00116733   4.34932e-040   1.48021e-039   [-0.000016,0.000012,]
[14,14,]   294   0.000727058   1.14947e-040   1.84457e-039   [-0.000013,0.000013,]
[15,14,]   295   0.000380961   -3.01247e-040   2.30002e-039   [-0.000010,0.000013,]
[16,14,]   296   0.000166634   -8.13755e-040   2.84656e-039   [-0.000008,0.000012,]
[17,14,]   297   6.05246e-005   -1.4439e-039   3.48419e-039   [-0.000007,0.000011,]
[18,14,]   298   1.82801e-005   -2.14799e-039   4.21291e-039   [-0.000002,0.000011,]
[19,14,]   299   4.52803e-006   -4.14516e-039   5.03272e-039   [0.000003,0.000011,]
[0,15,]   300   2.46259e-006   -4.65339e-039   5.48817e-039   [0.000000,-0.000008,]
[1,15,]   301   8.82285e-006   -2.72017e-039   4.66836e-039   [-0.000011,-0.000010,]
[2,15,]   302   2.9374e-005   -1.87066e-039   3.93964e-039   [-0.000008,-0.000010,]
[3,15,]   303   8.23073e-005   -1.23452e-039   3.30201e-039   [-0.000009,-0.000010,]
[4,15,]   304   0.000192953   -7.22059e-040   2.75547e-039   [-0.000010,-0.000011,]
[5,15,]   305   0.000380961   -3.01239e-040   2.30002e-039   [-0.000013,-0.000010,]
[6,15,]   306   0.000638709   2.9788e-041   1.93566e-039   [-0.000015,-0.000010,]
[7,15,]   307   0.000920717   2.76544e-040   1.66239e-039   [-0.000017,-0.000008,]
[8,15,]   308   0.0011597   4.43224e-040   1.48021e-039   [-0.000020,-0.000005,]
[9,15,]   309   0.00129727   5.31772e-040   1.38912e-039   [-0.000021,-0.000002,]
[10,15,]   310   0.00130144   5.37238e-040   1.38912e-039   [-0.000021,0.000002,]
[11,15,]   311   0.0011696   4.57634e-040   1.48021e-039   [-0.000020,0.000005,]
[12,15,]   312   0.000930816   2.9446e-040   1.66239e-039   [-0.000017,0.000008,]
[13,15,]   313   0.000645084   4.56126e-041   1.93566e-039   [-0.000015,0.000009,]
[14,15,]   314   0.000383268   -2.91911e-040   2.30002e-039   [-0.000013,0.000010,]
[15,15,]   315   0.000192954   -7.22054e-040   2.75547e-039   [-0.000011,0.000010,]
[16,15,]   316   8.16952e-005   -1.24481e-039   3.30201e-039   [-0.000009,0.000010,]
[17,15,]   317   2.89028e-005   -1.88406e-039   3.93964e-039   [-0.000007,0.000010,]
[18,15,]   318   8.54758e-006   -2.59323e-039   4.66836e-039   [-0.000002,0.000010,]
[19,15,]   319   2.08025e-006   -4.7249e-039   5.48817e-039   [0.000004,0.000010,]
[0,16,]   320   9.66621e-007   -5.31101e-039   6.03471e-039   [-0.000000,-0.000007,]
[1,16,]   321   3.48507e-006   -3.27248e-039   5.2149e-039   [-0.000011,-0.000009,]
[2,16,]   322   1.18201e-005   -2.40817e-039   4.48618e-039   [-0.000008,-0.000009,]
[3,16,]   323   3.38941e-005   -1.76502e-039   3.84855e-039   [-0.000009,-0.000009,]
[4,16,]   324   8.16949e-005   -1.24481e-039   3.30201e-039   [-0.000010,-0.000009,]
[5,16,]   325   0.000166634   -8.13747e-040   2.84656e-039   [-0.000012,-0.000008,]
[6,16,]   326   0.000289656   -4.7078e-040   2.4822e-039   [-0.000014,-0.000007,]
[7,16,]   327   0.000433033   -2.12402e-040   2.20893e-039   [-0.000016,-0.000006,]
[8,16,]   328   0.000562531   -3.68612e-041   2.02675e-039   [-0.000017,-0.000004,]
[9,16,]   329   0.0006408   5.47162e-041   1.93566e-039   [-0.000018,-0.000001,]
[10,16,]   330   0.000643308   6.07722e-041   1.93566e-039   [-0.000018,0.000001,]
[11,16,]   331   0.00056857   -2.07102e-041   2.02675e-039   [-0.000017,0.000004,]
[12,16,]   332   0.000439482   -1.90354e-040   2.20893e-039   [-0.000016,0.000006,]
[13,16,]   333   0.000294174   -4.48089e-040   2.4822e-039   [-0.000014,0.000007,]
[14,16,]   334   0.000168791   -7.95296e-040   2.84656e-039   [-0.000012,0.000008,]
[15,16,]   335   8.2308e-005   -1.23453e-039   3.30201e-039   [-0.000010,0.000009,]
[16,16,]   336   3.38944e-005   -1.76503e-039   3.84855e-039   [-0.000009,0.000009,]
[17,16,]   337   1.17108e-005   -2.41217e-039   4.48618e-039   [-0.000008,0.000009,]
[18,16,]   338   3.39541e-006   -3.12842e-039   5.2149e-039   [-0.000002,0.000009,]
[19,16,]   339   8.13613e-007   -5.38713e-039   6.03471e-039   [0.000004,0.000009,]
[0,17,]   340   3.19255e-007   -6.081e-039   6.67234e-039   [-0.000000,-0.000007,]
[1,17,]   341   1.15931e-006   -3.94131e-039   5.85253e-039   [-0.000012,-0.000008,]
[2,17,]   342   4.00045e-006   -3.06306e-039   5.12381e-039   [-0.000008,-0.000008,]
[3,17,]   343   1.17107e-005   -2.41215e-039   4.48618e-039   [-0.000009,-0.000008,]
[4,17,]   344   2.89027e-005   -1.88407e-039   3.93964e-039   [-0.000010,-0.000007,]
[5,17,]   345   6.05246e-005   -1.44389e-039   3.48419e-039   [-0.000011,-0.000007,]
[6,17,]   346   0.00010814   -1.09165e-039   3.11983e-039   [-0.000013,-0.000006,]
[7,17,]   347   0.000165935   -8.25154e-040   2.84656e-039   [-0.000014,-0.000005,]
[8,17,]   348   0.000220117   -6.44e-040   2.66438e-039   [-0.000015,-0.000003,]
[9,17,]   349   0.000253776   -5.49275e-040   2.57329e-039   [-0.000015,-0.000001,]
[10,17,]   350   0.000254954   -5.42713e-040   2.57329e-039   [-0.000015,0.000001,]
[11,17,]   351   0.000222992   -6.25567e-040   2.66438e-039   [-0.000015,0.000003,]
[12,17,]   352   0.000169094   -7.98368e-040   2.84656e-039   [-0.000014,0.000005,]
[13,17,]   353   0.000110479   -1.06122e-039   3.11983e-039   [-0.000013,0.000006,]
[14,17,]   354   6.17724e-005   -1.41479e-039   3.48419e-039   [-0.000011,0.000007,]
[15,17,]   355   2.93747e-005   -1.8609e-039   3.93964e-039   [-0.000010,0.000007,]
[16,17,]   356   1.18204e-005   -2.39805e-039   4.48618e-039   [-0.000009,0.000008,]
[17,17,]   357   4.00058e-006   -3.05262e-039   5.12381e-039   [-0.000008,0.000008,]
[18,17,]   358   1.13927e-006   -3.77796e-039   5.85253e-039   [-0.000001,0.000008,]
[19,17,]   359   2.69391e-007   -6.15287e-039   6.67234e-039   [0.000005,0.000008,]
[0,18,]   360   8.88593e-008   -6.92682e-039   7.40106e-039   [-0.000000,-0.000000,]
[1,18,]   361   3.25047e-007   -4.68276e-039   6.58125e-039   [-0.000012,-0.000001,]
[2,18,]   362   1.13923e-006   -3.78869e-039   5.85253e-039   [-0.000008,-0.000001,]
[3,18,]   363   3.39538e-006   -3.12841e-039   5.2149e-039   [-0.000009,-0.000002,]
[4,18,]   364   8.54755e-006   -2.59323e-039   4.66836e-039   [-0.000010,-0.000002,]
[5,18,]   365   1.82801e-005   -2.14798e-039   4.21291e-039   [-0.000011,-0.000002,]
[6,18,]   366   3.33558e-005   -1.79418e-039   3.84855e-039   [-0.000012,-0.000001,]
[7,18,]   367   5.21701e-005   -1.53082e-039   3.57528e-039   [-0.000013,-0.000001,]
[8,18,]   368   7.0242e-005   -1.35799e-039   3.3931e-039   [-0.000013,0.000001,]
[9,18,]   369   8.16737e-005   -1.27631e-039   3.30201e-039   [-0.000014,0.000002,]
[10,18,]   370   8.21218e-005   -1.2862e-039   3.30201e-039   [-0.000014,0.000004,]
[11,18,]   371   7.13445e-005   -1.38743e-039   3.3931e-039   [-0.000013,0.000005,]
[12,18,]   372   5.34026e-005   -1.57921e-039   3.57528e-039   [-0.000013,0.000007,]
[13,18,]   373   3.42974e-005   -1.86072e-039   3.84855e-039   [-0.000012,0.000008,]
[14,18,]   374   1.88117e-005   -2.23187e-039   4.21291e-039   [-0.000011,0.000010,]
[15,18,]   375   8.7721e-006   -2.69395e-039   4.66836e-039   [-0.000010,0.000011,]
[16,18,]   376   3.46415e-006   -3.24505e-039   5.2149e-039   [-0.000009,0.000011,]
[17,18,]   377   1.15208e-006   -3.91271e-039   5.85253e-039   [-0.000008,0.000012,]
[18,18,]   378   3.22951e-007   -4.65276e-039   6.58125e-039   [-0.000001,0.000012,]
[19,18,]   379   7.55271e-008   -7.14034e-039   7.40106e-039   [0.000005,0.000013,]
[0,19,]   380   2.08138e-008   -9.51342e-039   8.22087e-039   [-0.000000,0.000006,]
[1,19,]   381   7.60482e-008   -7.17066e-039   7.40106e-039   [-0.000013,0.000005,]
[2,19,]   382   2.69382e-007   -6.16421e-039   6.67234e-039   [-0.000009,0.000005,]
[3,19,]   383   8.13605e-007   -5.38712e-039   6.03471e-039   [-0.000009,0.000004,]
[4,19,]   384   2.08025e-006   -4.72491e-039   5.48817e-039   [-0.000010,0.000004,]
[5,19,]   385   4.52803e-006   -4.14515e-039   5.03272e-039   [-0.000011,0.000003,]
[6,19,]   386   8.42178e-006   -3.65761e-039   4.66836e-039   [-0.000012,0.000003,]
[7,19,]   387   1.34322e-005   -3.27276e-039   4.39509e-039   [-0.000012,0.000003,]
[8,19,]   388   1.8424e-005   -3.00403e-039   4.21291e-039   [-0.000012,0.000004,]
[9,19,]   389   2.17681e-005   -2.86395e-039   4.12182e-039   [-0.000012,0.000005,]
[10,19,]   390   2.21543e-005   -2.85986e-039   4.12182e-039   [-0.000012,0.000006,]
[11,19,]   391   1.93909e-005   -2.99133e-039   4.21291e-039   [-0.000011,0.000007,]
[12,19,]   392   1.4554e-005   -3.25078e-039   4.39509e-039   [-0.000011,0.000009,]
[13,19,]   393   9.33355e-006   -3.62659e-039   4.66836e-039   [-0.000010,0.000011,]
[14,19,]   394   5.09513e-006   -4.10715e-039   5.03272e-039   [-0.000009,0.000012,]
[15,19,]   395   2.3593e-006   -4.68402e-039   5.48817e-039   [-0.000008,0.000014,]
[16,19,]   396   9.23919e-007   -5.34821e-039   6.03471e-039   [-0.000007,0.000015,]
[17,19,]   397   3.04482e-007   -6.12438e-039   6.67234e-039   [-0.000007,0.000016,]
[18,19,]   398   8.45735e-008   -6.97422e-039   7.40106e-039   [-0.000000,0.000017,]
[19,19,]   399   1.97456e-008   -9.58178e-039   8.22087e-039   [0.000006,0.000018,]
