coordinates  index   rho      Q      V    velocities 
[0,0,]   0   4.32433e-007   -9.54421e-039   8.22087e-039   [0.000008,-0.000004,]
[1,0,]   1   1.85707e-006   -6.92525e-039   7.40106e-039   [0.000004,-0.000004,]
[2,0,]   2   6.66875e-006   -6.09202e-039   6.67234e-039   [0.000007,-0.000004,]
[3,0,]   3   2.02151e-005   -5.331e-039   6.03471e-039   [0.000008,-0.000004,]
[4,0,]   4   5.17634e-005   -4.66441e-039   5.48817e-039   [0.000009,-0.000003,]
[5,0,]   5   0.000112305   -4.08767e-039   5.03272e-039   [0.000010,-0.000003,]
[6,0,]   6   0.000207087   -3.60617e-039   4.66836e-039   [0.000010,-0.000002,]
[7,0,]   7   0.000325663   -3.22685e-039   4.39509e-039   [0.000011,-0.000001,]
[8,0,]   8   0.000438006   -2.96869e-039   4.21291e-039   [0.000012,0.000000,]
[9,0,]   9   0.000505975   -2.83572e-039   4.12182e-039   [0.000013,0.000002,]
[10,0,]   10   0.000503101   -2.83229e-039   4.12182e-039   [0.000013,0.000003,]
[11,0,]   11   0.000430003   -2.9697e-039   4.21291e-039   [0.000012,0.000004,]
[12,0,]   12   0.000315708   -3.23733e-039   4.39509e-039   [0.000012,0.000005,]
[13,0,]   13   0.000198937   -3.61583e-039   4.66836e-039   [0.000011,0.000006,]
[14,0,]   14   0.000107208   -4.09972e-039   5.03272e-039   [0.000010,0.000007,]
[15,0,]   15   4.92414e-005   -4.67765e-039   5.48817e-039   [0.000009,0.000007,]
[16,0,]   16   1.9212e-005   -5.34353e-039   6.03471e-039   [0.000009,0.000008,]
[17,0,]   17   6.34607e-006   -6.09975e-039   6.67234e-039   [0.000008,0.000008,]
[18,0,]   18   1.77112e-006   -6.98614e-039   7.40106e-039   [0.000009,0.000008,]
[19,0,]   19   4.28942e-007   -9.55445e-039   8.22087e-039   [0.000011,0.000008,]
[0,1,]   20   1.77282e-006   -6.99093e-039   7.40106e-039   [0.000008,-0.000009,]
[1,1,]   21   7.5411e-006   -4.54073e-039   6.58125e-039   [0.000005,-0.000009,]
[2,1,]   22   2.67495e-005   -3.81409e-039   5.85253e-039   [0.000008,-0.000009,]
[3,1,]   23   8.00377e-005   -3.16755e-039   5.2149e-039   [0.000009,-0.000008,]
[4,1,]   24   0.000202249   -2.62276e-039   4.66836e-039   [0.000010,-0.000008,]
[5,1,]   25   0.000433201   -2.17092e-039   4.21291e-039   [0.000011,-0.000007,]
[6,1,]   26   0.0007897   -1.80991e-039   3.84855e-039   [0.000012,-0.000006,]
[7,1,]   27   0.00123081   -1.53605e-039   3.57528e-039   [0.000013,-0.000005,]
[8,1,]   28   0.0016467   -1.35742e-039   3.3931e-039   [0.000013,-0.000003,]
[9,1,]   29   0.00190136   -1.26494e-039   3.30201e-039   [0.000014,-0.000002,]
[10,1,]   30   0.00189978   -1.25485e-039   3.30201e-039   [0.000014,-0.000000,]
[11,1,]   31   0.00163957   -1.34147e-039   3.3931e-039   [0.000013,0.000001,]
[12,1,]   32   0.00122024   -1.5206e-039   3.57528e-039   [0.000013,0.000002,]
[13,1,]   33   0.00078151   -1.7827e-039   3.84855e-039   [0.000012,0.000003,]
[14,1,]   34   0.000428561   -2.1363e-039   4.21291e-039   [0.000011,0.000004,]
[15,1,]   35   0.00020029   -2.58116e-039   4.66836e-039   [0.000010,0.000005,]
[16,1,]   36   7.94406e-005   -3.11923e-039   5.2149e-039   [0.000009,0.000005,]
[17,1,]   37   2.66378e-005   -3.75747e-039   5.85253e-039   [0.000008,0.000005,]
[18,1,]   38   7.53428e-006   -4.53607e-039   6.58125e-039   [0.000009,0.000005,]
[19,1,]   39   1.84313e-006   -6.93205e-039   7.40106e-039   [0.000010,0.000004,]
[0,2,]   40   6.34596e-006   -6.10131e-039   6.67234e-039   [0.000008,-0.000008,]
[1,2,]   41   2.66374e-005   -3.75896e-039   5.85253e-039   [0.000005,-0.000008,]
[2,2,]   42   9.30252e-005   -3.0388e-039   5.12381e-039   [0.000008,-0.000008,]
[3,2,]   43   0.00027353   -2.39917e-039   4.48618e-039   [0.000009,-0.000008,]
[4,2,]   44   0.000678196   -1.86192e-039   3.93964e-039   [0.000010,-0.000007,]
[5,2,]   45   0.00142403   -1.41826e-039   3.48419e-039   [0.000011,-0.000007,]
[6,2,]   46   0.00254544   -1.06573e-039   3.11983e-039   [0.000013,-0.000006,]
[7,2,]   47   0.00389793   -8.00012e-040   2.84656e-039   [0.000014,-0.000005,]
[8,2,]   48   0.00514475   -6.29935e-040   2.66438e-039   [0.000015,-0.000003,]
[9,2,]   49   0.00589746   -5.45119e-040   2.57329e-039   [0.000016,-0.000001,]
[10,2,]   50   0.00589524   -5.40816e-040   2.57329e-039   [0.000016,0.000001,]
[11,2,]   51   0.00512812   -6.32762e-040   2.66438e-039   [0.000015,0.000003,]
[12,2,]   52   0.00387072   -8.1543e-040   2.84656e-039   [0.000014,0.000005,]
[13,2,]   53   0.00252493   -1.07779e-039   3.11983e-039   [0.000013,0.000006,]
[14,2,]   54   0.00141304   -1.4295e-039   3.48419e-039   [0.000011,0.000007,]
[15,2,]   55   0.000674048   -1.87076e-039   3.93964e-039   [0.000010,0.000007,]
[16,2,]   56   0.000272578   -2.40425e-039   4.48618e-039   [0.000009,0.000008,]
[17,2,]   57   9.30267e-005   -3.03735e-039   5.12381e-039   [0.000008,0.000008,]
[18,2,]   58   2.67261e-005   -3.80966e-039   5.85253e-039   [0.000009,0.000008,]
[19,2,]   59   6.62082e-006   -6.09835e-039   6.67234e-039   [0.000010,0.000007,]
[0,3,]   60   1.92117e-005   -5.3435e-039   6.03471e-039   [0.000008,-0.000009,]
[1,3,]   61   7.94394e-005   -3.1192e-039   5.2149e-039   [0.000005,-0.000009,]
[2,3,]   62   0.000272574   -2.40422e-039   4.48618e-039   [0.000008,-0.000009,]
[3,3,]   63   0.000785253   -1.77069e-039   3.84855e-039   [0.000009,-0.000009,]
[4,3,]   64   0.00190239   -1.23991e-039   3.30201e-039   [0.000010,-0.000009,]
[5,3,]   65   0.00389445   -8.03008e-040   2.84656e-039   [0.000012,-0.000008,]
[6,3,]   66   0.0067811   -4.56892e-040   2.4822e-039   [0.000014,-0.000007,]
[7,3,]   67   0.0101313   -1.96067e-040   2.20893e-039   [0.000016,-0.000006,]
[8,3,]   68   0.0131108   -3.00258e-041   2.02675e-039   [0.000017,-0.000004,]
[9,3,]   69   0.014866   5.30376e-041   1.93566e-039   [0.000018,-0.000001,]
[10,3,]   70   0.0148676   5.86957e-041   1.93566e-039   [0.000018,0.000001,]
[11,3,]   71   0.0130828   -3.13571e-041   2.02675e-039   [0.000017,0.000004,]
[12,3,]   72   0.0100763   -2.10385e-040   2.20893e-039   [0.000016,0.000006,]
[13,3,]   73   0.00674151   -4.66154e-040   2.4822e-039   [0.000014,0.000007,]
[14,3,]   74   0.00387542   -8.10389e-040   2.84656e-039   [0.000012,0.000008,]
[15,3,]   75   0.00189698   -1.2441e-039   3.30201e-039   [0.000010,0.000009,]
[16,3,]   76   0.000785268   -1.77072e-039   3.84855e-039   [0.000009,0.000009,]
[17,3,]   77   0.000273535   -2.39777e-039   4.48618e-039   [0.000008,0.000009,]
[18,3,]   78   7.99704e-005   -3.16332e-039   5.2149e-039   [0.000008,0.000009,]
[19,3,]   79   2.0077e-005   -5.33639e-039   6.03471e-039   [0.000009,0.000008,]
[0,4,]   80   4.92405e-005   -4.67761e-039   5.48817e-039   [0.000007,-0.000009,]
[1,4,]   81   0.000200286   -2.58113e-039   4.66836e-039   [0.000005,-0.000010,]
[2,4,]   82   0.000674034   -1.87073e-039   3.93964e-039   [0.000007,-0.000010,]
[3,4,]   83   0.00189693   -1.24406e-039   3.30201e-039   [0.000009,-0.000010,]
[4,4,]   84   0.00446972   -7.21436e-040   2.75547e-039   [0.000011,-0.000010,]
[5,4,]   85   0.00886084   -2.94212e-040   2.30002e-039   [0.000013,-0.000010,]
[6,4,]   86   0.0148941   4.13516e-041   1.93566e-039   [0.000015,-0.000009,]
[7,4,]   87   0.0214821   2.92726e-040   1.66239e-039   [0.000017,-0.000008,]
[8,4,]   88   0.0269832   4.50768e-040   1.48021e-039   [0.000020,-0.000005,]
[9,4,]   89   0.0300728   5.30028e-040   1.38912e-039   [0.000022,-0.000002,]
[10,4,]   90   0.0300925   5.37413e-040   1.38912e-039   [0.000022,0.000002,]
[11,4,]   91   0.0269564   4.51031e-040   1.48021e-039   [0.000020,0.000005,]
[12,4,]   92   0.0213979   2.79299e-040   1.66239e-039   [0.000017,0.000008,]
[13,4,]   93   0.014839   3.48492e-041   1.93566e-039   [0.000015,0.000010,]
[14,4,]   94   0.00884075   -2.97911e-040   2.30002e-039   [0.000013,0.000010,]
[15,4,]   95   0.00446984   -7.2148e-040   2.75547e-039   [0.000010,0.000011,]
[16,4,]   96   0.00190244   -1.23995e-039   3.30201e-039   [0.000009,0.000010,]
[17,4,]   97   0.000678211   -1.86057e-039   3.93964e-039   [0.000007,0.000010,]
[18,4,]   98   0.000202087   -2.61874e-039   4.66836e-039   [0.000008,0.000010,]
[19,4,]   99   5.14294e-005   -4.6688e-039   5.48817e-039   [0.000009,0.000009,]
[0,5,]   100   0.000107206   -4.09963e-039   5.03272e-039   [0.000007,-0.000010,]
[1,5,]   101   0.000428551   -2.13623e-039   4.21291e-039   [0.000004,-0.000011,]
[2,5,]   102   0.00141301   -1.42942e-039   3.48419e-039   [0.000007,-0.000011,]
[3,5,]   103   0.0038753   -8.10296e-040   2.84656e-039   [0.000008,-0.000012,]
[4,5,]   104   0.00884044   -2.97805e-040   2.30002e-039   [0.000010,-0.000013,]
[5,5,]   105   0.0168383   1.15431e-040   1.84457e-039   [0.000013,-0.000013,]
[6,5,]   106   0.0269919   4.3282e-040   1.48021e-039   [0.000016,-0.000012,]
[7,5,]   107   0.0369717   6.64249e-040   1.20694e-039   [0.000020,-0.000011,]
[8,5,]   108   0.0442873   8.03825e-040   1.02476e-039   [0.000023,-0.000008,]
[9,5,]   109   0.0479339   8.73883e-040   9.33673e-040   [0.000026,-0.000003,]
[10,5,]   110   0.0479971   8.83575e-040   9.33673e-040   [0.000027,0.000003,]
[11,5,]   111   0.0442981   8.06051e-040   1.02476e-039   [0.000023,0.000008,]
[12,5,]   112   0.0368821   6.51649e-040   1.20694e-039   [0.000020,0.000011,]
[13,5,]   113   0.0269465   4.29213e-040   1.48021e-039   [0.000016,0.000013,]
[14,5,]   114   0.016839   1.15262e-040   1.84457e-039   [0.000013,0.000013,]
[15,5,]   115   0.00886114   -2.94308e-040   2.30002e-039   [0.000010,0.000013,]
[16,5,]   116   0.00389456   -8.03093e-040   2.84656e-039   [0.000008,0.000012,]
[17,5,]   117   0.00142407   -1.417e-039   3.48419e-039   [0.000007,0.000011,]
[18,5,]   118   0.000432872   -2.16715e-039   4.21291e-039   [0.000007,0.000011,]
[19,5,]   119   0.000111624   -4.09108e-039   5.03272e-039   [0.000008,0.000010,]
[0,6,]   120   0.00019893   -3.61559e-039   4.66836e-039   [0.000006,-0.000011,]
[1,6,]   121   0.000781478   -1.78246e-039   3.84855e-039   [0.000003,-0.000012,]
[2,6,]   122   0.00252482   -1.07752e-039   3.11983e-039   [0.000006,-0.000013,]
[3,6,]   123   0.00674116   -4.65845e-040   2.4822e-039   [0.000007,-0.000014,]
[4,6,]   124   0.0148381   3.52083e-041   1.93566e-039   [0.000010,-0.000015,]
[5,6,]   125   0.0269446   4.29689e-040   1.48021e-039   [0.000013,-0.000016,]
[6,6,]   126   0.0405757   7.16829e-040   1.11585e-039   [0.000017,-0.000017,]
[7,6,]   127   0.051479   9.05202e-040   8.42583e-040   [0.000022,-0.000016,]
[8,6,]   128   0.0569221   9.94843e-040   6.60403e-040   [0.000028,-0.000012,]
[9,6,]   129   0.0583046   1.04101e-039   5.69313e-040   [0.000034,-0.000005,]
[10,6,]   130   0.0584352   1.05553e-039   5.69313e-040   [0.000034,0.000005,]
[11,6,]   131   0.0570139   9.99729e-040   6.60403e-040   [0.000028,0.000012,]
[12,6,]   132   0.0514291   8.93528e-040   8.42583e-040   [0.000022,0.000016,]
[13,6,]   133   0.0405799   7.16271e-040   1.11585e-039   [0.000017,0.000017,]
[14,6,]   134   0.0269937   4.32599e-040   1.48021e-039   [0.000012,0.000016,]
[15,6,]   135   0.014895   4.11929e-041   1.93566e-039   [0.000009,0.000015,]
[16,6,]   136   0.00678142   -4.57045e-040   2.4822e-039   [0.000007,0.000014,]
[17,6,]   137   0.00254555   -1.0646e-039   3.11983e-039   [0.000006,0.000013,]
[18,6,]   138   0.000789143   -1.8064e-039   3.84855e-039   [0.000006,0.000012,]
[19,6,]   139   0.000205912   -3.60865e-039   4.66836e-039   [0.000007,0.000010,]
[0,7,]   140   0.000315677   -3.23517e-039   4.39509e-039   [0.000005,-0.000012,]
[1,7,]   141   0.00122011   -1.51833e-039   3.57528e-039   [0.000002,-0.000013,]
[2,7,]   142   0.00387025   -8.1291e-040   2.84656e-039   [0.000005,-0.000014,]
[3,7,]   143   0.0100748   -2.0755e-040   2.20893e-039   [0.000006,-0.000016,]
[4,7,]   144   0.0213943   2.82519e-040   1.66239e-039   [0.000008,-0.000017,]
[5,7,]   145   0.0368747   6.55395e-040   1.20694e-039   [0.000011,-0.000020,]
[6,7,]   146   0.0514156   8.97754e-040   8.42583e-040   [0.000016,-0.000022,]
[7,7,]   147   0.0583768   9.95184e-040   5.69313e-040   [0.000023,-0.000023,]
[8,7,]   148   0.0560026   9.37631e-040   3.87133e-040   [0.000034,-0.000020,]
[9,7,]   149   0.0508123   8.57334e-040   2.96043e-040   [0.000046,-0.000009,]
[10,7,]   150   0.05099   8.80243e-040   2.96043e-040   [0.000047,0.000009,]
[11,7,]   151   0.0561736   9.45673e-040   3.87133e-040   [0.000034,0.000021,]
[12,7,]   152   0.0583964   9.85274e-040   5.69313e-040   [0.000023,0.000023,]
[13,7,]   153   0.0514868   9.00086e-040   8.42583e-040   [0.000016,0.000022,]
[14,7,]   154   0.036976   6.60235e-040   1.20694e-039   [0.000011,0.000020,]
[15,7,]   155   0.0214843   2.89331e-040   1.66239e-039   [0.000008,0.000017,]
[16,7,]   156   0.0101323   -1.99026e-040   2.20893e-039   [0.000006,0.000016,]
[17,7,]   157   0.00389826   -8.01405e-040   2.84656e-039   [0.000005,0.000014,]
[18,7,]   158   0.00123004   -1.53491e-039   3.57528e-039   [0.000005,0.000013,]
[19,7,]   159   0.000323935   -3.23044e-039   4.39509e-039   [0.000005,0.000011,]
[0,8,]   160   0.000429701   -2.97084e-039   4.21291e-039   [0.000004,-0.000012,]
[1,8,]   161   0.0016383   -1.34337e-039   3.3931e-039   [0.000001,-0.000013,]
[2,8,]   162   0.00512364   -6.34934e-040   2.66438e-039   [0.000003,-0.000015,]
[3,8,]   163   0.0130698   -3.38627e-041   2.02675e-039   [0.000004,-0.000017,]
[4,8,]   164   0.0269251   4.48077e-040   1.48021e-039   [0.000005,-0.000020,]
[5,8,]   165   0.044237   8.02526e-040   1.02476e-039   [0.000008,-0.000023,]
[6,8,]   166   0.0569176   9.95025e-040   6.60403e-040   [0.000012,-0.000028,]
[7,8,]   167   0.0560594   9.44763e-040   3.87133e-040   [0.000021,-0.000034,]
[8,8,]   168   0.0418731   3.81219e-040   2.04953e-040   [0.000039,-0.000039,]
[9,8,]   169   0.0275823   -5.11374e-040   1.13863e-040   [0.000072,-0.000020,]
[10,8,]   170   0.027727   -4.75811e-040   1.13863e-040   [0.000073,0.000026,]
[11,8,]   171   0.0420573   3.9716e-040   2.04953e-040   [0.000039,0.000039,]
[12,8,]   172   0.0561258   9.38681e-040   3.87133e-040   [0.000020,0.000034,]
[13,8,]   173   0.0570148   9.9849e-040   6.60403e-040   [0.000012,0.000028,]
[14,8,]   174   0.0443462   8.07097e-040   1.02476e-039   [0.000008,0.000023,]
[15,8,]   175   0.0270135   4.53553e-040   1.48021e-039   [0.000005,0.000020,]
[16,8,]   176   0.0131235   -2.76399e-041   2.02675e-039   [0.000004,0.000017,]
[17,8,]   177   0.00514914   -6.26673e-040   2.66438e-039   [0.000003,0.000015,]
[18,8,]   178   0.00164683   -1.35221e-039   3.3931e-039   [0.000003,0.000013,]
[19,8,]   179   0.000436056   -2.96828e-039   4.21291e-039   [0.000004,0.000012,]
[0,9,]   180   0.00050282   -2.83454e-039   4.12182e-039   [0.000003,-0.000012,]
[1,9,]   181   0.00189862   -1.2578e-039   3.30201e-039   [-0.000000,-0.000014,]
[2,9,]   182   0.0058912   -5.44183e-040   2.57329e-039   [0.000001,-0.000015,]
[3,9,]   183   0.0148559   5.47918e-041   1.93566e-039   [0.000001,-0.000018,]
[4,9,]   184   0.0300647   5.32765e-040   1.38912e-039   [0.000002,-0.000021,]
[5,9,]   185   0.0479432   8.7786e-040   9.33673e-040   [0.000003,-0.000025,]
[6,9,]   186   0.0583509   1.04721e-039   5.69313e-040   [0.000005,-0.000032,]
[7,9,]   187   0.0509   8.70653e-040   2.96043e-040   [0.000009,-0.000045,]
[8,9,]   188   0.0276357   -4.95258e-040   1.13863e-040   [0.000026,-0.000070,]
[9,9,]   189   0.00667022   -1.2688e-038   2.27725e-041   [0.000123,-0.000113,]
[10,9,]   190   0.00673554   -1.25028e-038   2.27725e-041   [0.000118,0.000119,]
[11,9,]   191   0.0277348   -4.73895e-040   1.13863e-040   [0.000021,0.000069,]
[12,9,]   192   0.0509367   8.67062e-040   2.96043e-040   [0.000009,0.000044,]
[13,9,]   193   0.0583941   1.04817e-039   5.69313e-040   [0.000005,0.000032,]
[14,9,]   194   0.0479909   8.79902e-040   9.33673e-040   [0.000003,0.000025,]
[15,9,]   195   0.0301021   5.34875e-040   1.38912e-039   [0.000002,0.000021,]
[16,9,]   196   0.0148782   5.70793e-041   1.93566e-039   [0.000001,0.000018,]
[17,9,]   197   0.00590165   -5.40502e-040   2.57329e-039   [0.000001,0.000015,]
[18,9,]   198   0.00190128   -1.25859e-039   3.30201e-039   [0.000002,0.000014,]
[19,9,]   199   0.000503719   -2.83392e-039   4.12182e-039   [0.000003,0.000012,]
[0,10,]   200   0.000506253   -2.83352e-039   4.12182e-039   [0.000002,-0.000012,]
[1,10,]   201   0.00190254   -1.2619e-039   3.30201e-039   [-0.000002,-0.000014,]
[2,10,]   202   0.00590165   -5.41655e-040   2.57329e-039   [-0.000001,-0.000015,]
[3,10,]   203   0.0148782   5.70784e-041   1.93566e-039   [-0.000001,-0.000018,]
[4,10,]   204   0.0301021   5.34875e-040   1.38912e-039   [-0.000002,-0.000021,]
[5,10,]   205   0.0479909   8.79902e-040   9.33673e-040   [-0.000003,-0.000025,]
[6,10,]   206   0.0583941   1.04817e-039   5.69313e-040   [-0.000005,-0.000032,]
[7,10,]   207   0.0509367   8.67062e-040   2.96043e-040   [-0.000009,-0.000044,]
[8,10,]   208   0.0277348   -4.73895e-040   1.13863e-040   [-0.000021,-0.000069,]
[9,10,]   209   0.00673554   -1.25028e-038   2.27725e-041   [-0.000118,-0.000119,]
[10,10,]   210   0.00667022   -1.2688e-038   2.27725e-041   [-0.000123,0.000113,]
[11,10,]   211   0.0276357   -4.95258e-040   1.13863e-040   [-0.000026,0.000070,]
[12,10,]   212   0.0509   8.70653e-040   2.96043e-040   [-0.000009,0.000045,]
[13,10,]   213   0.0583509   1.04721e-039   5.69313e-040   [-0.000005,0.000032,]
[14,10,]   214   0.0479432   8.7786e-040   9.33673e-040   [-0.000003,0.000025,]
[15,10,]   215   0.0300647   5.32765e-040   1.38912e-039   [-0.000002,0.000021,]
[16,10,]   216   0.0148559   5.47938e-041   1.93566e-039   [-0.000001,0.000018,]
[17,10,]   217   0.0058912   -5.43033e-040   2.57329e-039   [-0.000001,0.000015,]
[18,10,]   218   0.00189735   -1.25449e-039   3.30201e-039   [0.000000,0.000014,]
[19,10,]   219   0.000500295   -2.83494e-039   4.12182e-039   [0.000001,0.000012,]
[0,11,]   220   0.000438306   -2.96751e-039   4.21291e-039   [0.000000,-0.000012,]
[1,11,]   221   0.00164795   -1.35558e-039   3.3931e-039   [-0.000003,-0.000013,]
[2,11,]   222   0.00514914   -6.27851e-040   2.66438e-039   [-0.000003,-0.000015,]
[3,11,]   223   0.0131235   -2.76398e-041   2.02675e-039   [-0.000004,-0.000017,]
[4,11,]   224   0.0270135   4.53553e-040   1.48021e-039   [-0.000005,-0.000020,]
[5,11,]   225   0.0443462   8.07097e-040   1.02476e-039   [-0.000008,-0.000023,]
[6,11,]   226   0.0570148   9.9849e-040   6.60403e-040   [-0.000012,-0.000028,]
[7,11,]   227   0.0561258   9.38681e-040   3.87133e-040   [-0.000020,-0.000034,]
[8,11,]   228   0.0420573   3.9716e-040   2.04953e-040   [-0.000039,-0.000039,]
[9,11,]   229   0.027727   -4.75811e-040   1.13863e-040   [-0.000073,-0.000026,]
[10,11,]   230   0.0275823   -5.11374e-040   1.13863e-040   [-0.000072,0.000020,]
[11,11,]   231   0.0418731   3.81219e-040   2.04953e-040   [-0.000039,0.000039,]
[12,11,]   232   0.0560594   9.44763e-040   3.87133e-040   [-0.000021,0.000034,]
[13,11,]   233   0.0569176   9.95025e-040   6.60403e-040   [-0.000012,0.000028,]
[14,11,]   234   0.044237   8.02526e-040   1.02476e-039   [-0.000008,0.000023,]
[15,11,]   235   0.0269251   4.48078e-040   1.48021e-039   [-0.000005,0.000020,]
[16,11,]   236   0.0130698   -3.38596e-041   2.02675e-039   [-0.000004,0.000017,]
[17,11,]   237   0.00512364   -6.33764e-040   2.66438e-039   [-0.000003,0.000015,]
[18,11,]   238   0.00163718   -1.34e-039   3.3931e-039   [-0.000001,0.000013,]
[19,11,]   239   0.000427476   -2.97161e-039   4.21291e-039   [0.000000,0.000012,]
[0,12,]   240   0.000325687   -3.229e-039   4.39509e-039   [-0.000001,-0.000011,]
[1,12,]   241   0.00123091   -1.53839e-039   3.57528e-039   [-0.000005,-0.000013,]
[2,12,]   242   0.00389826   -8.02625e-040   2.84656e-039   [-0.000005,-0.000014,]
[3,12,]   243   0.0101323   -1.99025e-040   2.20893e-039   [-0.000006,-0.000016,]
[4,12,]   244   0.0214843   2.89331e-040   1.66239e-039   [-0.000008,-0.000017,]
[5,12,]   245   0.036976   6.60235e-040   1.20694e-039   [-0.000011,-0.000020,]
[6,12,]   246   0.0514868   9.00086e-040   8.42583e-040   [-0.000016,-0.000022,]
[7,12,]   247   0.0583964   9.85274e-040   5.69313e-040   [-0.000023,-0.000023,]
[8,12,]   248   0.0561736   9.45673e-040   3.87133e-040   [-0.000034,-0.000021,]
[9,12,]   249   0.05099   8.80243e-040   2.96043e-040   [-0.000047,-0.000009,]
[10,12,]   250   0.0508123   8.57334e-040   2.96043e-040   [-0.000046,0.000009,]
[11,12,]   251   0.0560026   9.37631e-040   3.87133e-040   [-0.000034,0.000020,]
[12,12,]   252   0.0583768   9.95184e-040   5.69313e-040   [-0.000023,0.000023,]
[13,12,]   253   0.0514156   8.97754e-040   8.42583e-040   [-0.000016,0.000022,]
[14,12,]   254   0.0368747   6.55395e-040   1.20694e-039   [-0.000011,0.000020,]
[15,12,]   255   0.0213943   2.82519e-040   1.66239e-039   [-0.000008,0.000017,]
[16,12,]   256   0.0100748   -2.07546e-040   2.20893e-039   [-0.000006,0.000016,]
[17,12,]   257   0.00387024   -8.11703e-040   2.84656e-039   [-0.000005,0.000014,]
[18,12,]   258   0.00121924   -1.51483e-039   3.57528e-039   [-0.000002,0.000013,]
[19,12,]   259   0.000313956   -3.23663e-039   4.39509e-039   [-0.000001,0.000012,]
[0,13,]   260   0.000207094   -3.60632e-039   4.66836e-039   [-0.000002,-0.000010,]
[1,13,]   261   0.00078973   -1.81005e-039   3.84855e-039   [-0.000006,-0.000012,]
[2,13,]   262   0.00254555   -1.06587e-039   3.11983e-039   [-0.000006,-0.000013,]
[3,13,]   263   0.00678142   -4.57043e-040   2.4822e-039   [-0.000007,-0.000014,]
[4,13,]   264   0.014895   4.11928e-041   1.93566e-039   [-0.000009,-0.000015,]
[5,13,]   265   0.0269937   4.32599e-040   1.48021e-039   [-0.000012,-0.000016,]
[6,13,]   266   0.0405799   7.16271e-040   1.11585e-039   [-0.000017,-0.000017,]
[7,13,]   267   0.0514291   8.93528e-040   8.42583e-040   [-0.000022,-0.000016,]
[8,13,]   268   0.0570139   9.99729e-040   6.60403e-040   [-0.000028,-0.000012,]
[9,13,]   269   0.0584352   1.05553e-039   5.69313e-040   [-0.000034,-0.000005,]
[10,13,]   270   0.0583046   1.04101e-039   5.69313e-040   [-0.000034,0.000005,]
[11,13,]   271   0.0569221   9.94843e-040   6.60403e-040   [-0.000028,0.000012,]
[12,13,]   272   0.051479   9.05202e-040   8.42583e-040   [-0.000022,0.000016,]
[13,13,]   273   0.0405757   7.16829e-040   1.11585e-039   [-0.000017,0.000017,]
[14,13,]   274   0.0269446   4.29689e-040   1.48021e-039   [-0.000013,0.000016,]
[15,13,]   275   0.0148381   3.52085e-041   1.93566e-039   [-0.000010,0.000015,]
[16,13,]   276   0.00674116   -4.6584e-040   2.4822e-039   [-0.000007,0.000014,]
[17,13,]   277   0.00252481   -1.07626e-039   3.11983e-039   [-0.000006,0.000013,]
[18,13,]   278   0.000780893   -1.77879e-039   3.84855e-039   [-0.000003,0.000012,]
[19,13,]   279   0.000197773   -3.61798e-039   4.66836e-039   [-0.000001,0.000011,]
[0,14,]   280   0.000112307   -4.08775e-039   5.03272e-039   [-0.000003,-0.000010,]
[1,14,]   281   0.000433211   -2.17099e-039   4.21291e-039   [-0.000007,-0.000011,]
[2,14,]   282   0.00142406   -1.41833e-039   3.48419e-039   [-0.000007,-0.000011,]
[3,14,]   283   0.00389456   -8.03091e-040   2.84656e-039   [-0.000008,-0.000012,]
[4,14,]   284   0.00886114   -2.94308e-040   2.30002e-039   [-0.000010,-0.000013,]
[5,14,]   285   0.016839   1.15262e-040   1.84457e-039   [-0.000013,-0.000013,]
[6,14,]   286   0.0269465   4.29213e-040   1.48021e-039   [-0.000016,-0.000013,]
[7,14,]   287   0.0368821   6.51649e-040   1.20694e-039   [-0.000020,-0.000011,]
[8,14,]   288   0.0442981   8.06051e-040   1.02476e-039   [-0.000023,-0.000008,]
[9,14,]   289   0.0479971   8.83575e-040   9.33673e-040   [-0.000027,-0.000003,]
[10,14,]   290   0.0479339   8.73883e-040   9.33673e-040   [-0.000026,0.000003,]
[11,14,]   291   0.0442873   8.03824e-040   1.02476e-039   [-0.000023,0.000008,]
[12,14,]   292   0.0369717   6.64249e-040   1.20694e-039   [-0.000020,0.000011,]
[13,14,]   293   0.0269919   4.3282e-040   1.48021e-039   [-0.000016,0.000012,]
[14,14,]   294   0.0168383   1.15431e-040   1.84457e-039   [-0.000013,0.000013,]
[15,14,]   295   0.00884044   -2.97805e-040   2.30002e-039   [-0.000010,0.000013,]
[16,14,]   296   0.0038753   -8.1029e-040   2.84656e-039   [-0.000008,0.000012,]
[17,14,]   297   0.001413   -1.42811e-039   3.48419e-039   [-0.000007,0.000011,]
[18,14,]   298   0.000428213   -2.13235e-039   4.21291e-039   [-0.000004,0.000011,]
[19,14,]   299   0.000106539   -4.10306e-039   5.03272e-039   [-0.000002,0.000010,]
[0,15,]   300   5.17644e-005   -4.66444e-039   5.48817e-039   [-0.000003,-0.000009,]
[1,15,]   301   0.000202253   -2.62279e-039   4.66836e-039   [-0.000008,-0.000010,]
[2,15,]   302   0.000678209   -1.86195e-039   3.93964e-039   [-0.000007,-0.000010,]
[3,15,]   303   0.00190244   -1.23994e-039   3.30201e-039   [-0.000009,-0.000010,]
[4,15,]   304   0.00446984   -7.2148e-040   2.75547e-039   [-0.000010,-0.000011,]
[5,15,]   305   0.00884075   -2.9791e-040   2.30002e-039   [-0.000013,-0.000010,]
[6,15,]   306   0.014839   3.48493e-041   1.93566e-039   [-0.000015,-0.000010,]
[7,15,]   307   0.0213979   2.793e-040   1.66239e-039   [-0.000017,-0.000008,]
[8,15,]   308   0.0269564   4.51031e-040   1.48021e-039   [-0.000020,-0.000005,]
[9,15,]   309   0.0300925   5.37413e-040   1.38912e-039   [-0.000022,-0.000002,]
[10,15,]   310   0.0300728   5.30028e-040   1.38912e-039   [-0.000022,0.000002,]
[11,15,]   311   0.0269832   4.50768e-040   1.48021e-039   [-0.000020,0.000005,]
[12,15,]   312   0.0214821   2.92726e-040   1.66239e-039   [-0.000017,0.000008,]
[13,15,]   313   0.0148941   4.13517e-041   1.93566e-039   [-0.000015,0.000009,]
[14,15,]   314   0.00886084   -2.94212e-040   2.30002e-039   [-0.000013,0.000010,]
[15,15,]   315   0.00446972   -7.21436e-040   2.75547e-039   [-0.000011,0.000010,]
[16,15,]   316   0.00189693   -1.24406e-039   3.30201e-039   [-0.000009,0.000010,]
[17,15,]   317   0.000674032   -1.86937e-039   3.93964e-039   [-0.000007,0.000010,]
[18,15,]   318   0.00020012   -2.57704e-039   4.66836e-039   [-0.000005,0.000010,]
[19,15,]   319   4.89138e-005   -4.68212e-039   5.48817e-039   [-0.000002,0.000009,]
[0,16,]   320   2.02154e-005   -5.33103e-039   6.03471e-039   [-0.000004,-0.000008,]
[1,16,]   321   8.00389e-005   -3.16757e-039   5.2149e-039   [-0.000008,-0.000009,]
[2,16,]   322   0.000273535   -2.39919e-039   4.48618e-039   [-0.000008,-0.000009,]
[3,16,]   323   0.000785268   -1.77071e-039   3.84855e-039   [-0.000009,-0.000009,]
[4,16,]   324   0.00189698   -1.2441e-039   3.30201e-039   [-0.000010,-0.000009,]
[5,16,]   325   0.00387542   -8.10383e-040   2.84656e-039   [-0.000012,-0.000008,]
[6,16,]   326   0.00674151   -4.66149e-040   2.4822e-039   [-0.000014,-0.000007,]
[7,16,]   327   0.0100763   -2.10381e-040   2.20893e-039   [-0.000016,-0.000006,]
[8,16,]   328   0.0130828   -3.1354e-041   2.02675e-039   [-0.000017,-0.000004,]
[9,16,]   329   0.0148676   5.86977e-041   1.93566e-039   [-0.000018,-0.000001,]
[10,16,]   330   0.014866   5.30385e-041   1.93566e-039   [-0.000018,0.000001,]
[11,16,]   331   0.0131108   -3.00259e-041   2.02675e-039   [-0.000017,0.000004,]
[12,16,]   332   0.0101313   -1.96068e-040   2.20893e-039   [-0.000016,0.000006,]
[13,16,]   333   0.0067811   -4.56893e-040   2.4822e-039   [-0.000014,0.000007,]
[14,16,]   334   0.00389445   -8.03011e-040   2.84656e-039   [-0.000012,0.000008,]
[15,16,]   335   0.00190239   -1.23991e-039   3.30201e-039   [-0.000010,0.000009,]
[16,16,]   336   0.000785253   -1.77069e-039   3.84855e-039   [-0.000009,0.000009,]
[17,16,]   337   0.000272573   -2.40283e-039   4.48618e-039   [-0.000008,0.000009,]
[18,16,]   338   7.93708e-005   -3.11491e-039   5.2149e-039   [-0.000005,0.000009,]
[19,16,]   339   1.90765e-005   -5.34906e-039   6.03471e-039   [-0.000002,0.000009,]
[0,17,]   340   6.66881e-006   -6.0905e-039   6.67234e-039   [-0.000004,-0.000007,]
[1,17,]   341   2.67497e-005   -3.81264e-039   5.85253e-039   [-0.000009,-0.000008,]
[2,17,]   342   9.30261e-005   -3.03738e-039   5.12381e-039   [-0.000008,-0.000008,]
[3,17,]   343   0.000272577   -2.40285e-039   4.48618e-039   [-0.000009,-0.000008,]
[4,17,]   344   0.000674045   -1.8694e-039   3.93964e-039   [-0.000010,-0.000007,]
[5,17,]   345   0.00141304   -1.42819e-039   3.48419e-039   [-0.000011,-0.000007,]
[6,17,]   346   0.00252493   -1.07653e-039   3.11983e-039   [-0.000013,-0.000006,]
[7,17,]   347   0.00387071   -8.14223e-040   2.84656e-039   [-0.000014,-0.000005,]
[8,17,]   348   0.00512811   -6.31592e-040   2.66438e-039   [-0.000015,-0.000003,]
[9,17,]   349   0.00589524   -5.39664e-040   2.57329e-039   [-0.000016,-0.000001,]
[10,17,]   350   0.00589746   -5.43965e-040   2.57329e-039   [-0.000016,0.000001,]
[11,17,]   351   0.00514476   -6.28756e-040   2.66438e-039   [-0.000015,0.000003,]
[12,17,]   352   0.00389793   -7.98792e-040   2.84656e-039   [-0.000014,0.000005,]
[13,17,]   353   0.00254545   -1.06445e-039   3.11983e-039   [-0.000013,0.000006,]
[14,17,]   354   0.00142403   -1.41693e-039   3.48419e-039   [-0.000011,0.000007,]
[15,17,]   355   0.000678198   -1.86054e-039   3.93964e-039   [-0.000010,0.000007,]
[16,17,]   356   0.000273531   -2.39774e-039   4.48618e-039   [-0.000009,0.000008,]
[17,17,]   357   9.30251e-005   -3.03589e-039   5.12381e-039   [-0.000008,0.000008,]
[18,17,]   358   2.66136e-005   -3.75294e-039   5.85253e-039   [-0.000005,0.000008,]
[19,17,]   359   6.29897e-006   -6.10626e-039   6.67234e-039   [-0.000002,0.000008,]
[0,18,]   360   1.85528e-006   -6.92042e-039   7.40106e-039   [-0.000004,-0.000004,]
[1,18,]   361   7.53422e-006   -4.53601e-039   6.58125e-039   [-0.000009,-0.000005,]
[2,18,]   362   2.66139e-005   -3.75447e-039   5.85253e-039   [-0.000008,-0.000005,]
[3,18,]   363   7.93719e-005   -3.11493e-039   5.2149e-039   [-0.000009,-0.000005,]
[4,18,]   364   0.000200124   -2.57707e-039   4.66836e-039   [-0.000010,-0.000005,]
[5,18,]   365   0.000428223   -2.13243e-039   4.21291e-039   [-0.000011,-0.000004,]
[6,18,]   366   0.000780925   -1.77903e-039   3.84855e-039   [-0.000012,-0.000003,]
[7,18,]   367   0.00121937   -1.5171e-039   3.57528e-039   [-0.000013,-0.000002,]
[8,18,]   368   0.00163845   -1.33809e-039   3.3931e-039   [-0.000013,-0.000001,]
[9,18,]   369   0.00189851   -1.25154e-039   3.30201e-039   [-0.000014,0.000000,]
[10,18,]   370   0.00190009   -1.26163e-039   3.30201e-039   [-0.000014,0.000002,]
[11,18,]   371   0.00164558   -1.35406e-039   3.3931e-039   [-0.000013,0.000003,]
[12,18,]   372   0.00122994   -1.53257e-039   3.57528e-039   [-0.000013,0.000005,]
[13,18,]   373   0.000789114   -1.80626e-039   3.84855e-039   [-0.000012,0.000006,]
[14,18,]   374   0.000432862   -2.16708e-039   4.21291e-039   [-0.000011,0.000007,]
[15,18,]   375   0.000202084   -2.61871e-039   4.66836e-039   [-0.000010,0.000008,]
[16,18,]   376   7.99693e-005   -3.16329e-039   5.2149e-039   [-0.000009,0.000008,]
[17,18,]   377   2.67256e-005   -3.80817e-039   5.85253e-039   [-0.000008,0.000009,]
[18,18,]   378   7.52724e-006   -4.53131e-039   6.58125e-039   [-0.000005,0.000009,]
[19,18,]   379   1.75738e-006   -6.99314e-039   7.40106e-039   [-0.000002,0.000009,]
[0,19,]   380   4.28855e-007   -9.55467e-039   8.22087e-039   [-0.000004,-0.000001,]
[1,19,]   381   1.75912e-006   -6.99798e-039   7.40106e-039   [-0.000009,-0.000002,]
[2,19,]   382   6.29905e-006   -6.10788e-039   6.67234e-039   [-0.000008,-0.000002,]
[3,19,]   383   1.90768e-005   -5.34908e-039   6.03471e-039   [-0.000009,-0.000002,]
[4,19,]   384   4.89147e-005   -4.68216e-039   5.48817e-039   [-0.000009,-0.000002,]
[5,19,]   385   0.000106541   -4.10315e-039   5.03272e-039   [-0.000010,-0.000002,]
[6,19,]   386   0.000197781   -3.61822e-039   4.66836e-039   [-0.000011,-0.000001,]
[7,19,]   387   0.000313986   -3.23879e-039   4.39509e-039   [-0.000012,-0.000001,]
[8,19,]   388   0.000427777   -2.97047e-039   4.21291e-039   [-0.000012,0.000000,]
[9,19,]   389   0.000500573   -2.83271e-039   4.12182e-039   [-0.000013,0.000001,]
[10,19,]   390   0.00050344   -2.83613e-039   4.12182e-039   [-0.000013,0.000003,]
[11,19,]   391   0.000435758   -2.96944e-039   4.21291e-039   [-0.000012,0.000004,]
[12,19,]   392   0.000323911   -3.2283e-039   4.39509e-039   [-0.000011,0.000005,]
[13,19,]   393   0.000205905   -3.6085e-039   4.66836e-039   [-0.000010,0.000007,]
[14,19,]   394   0.000111621   -4.091e-039   5.03272e-039   [-0.000010,0.000008,]
[15,19,]   395   5.14285e-005   -4.66876e-039   5.48817e-039   [-0.000009,0.000009,]
[16,19,]   396   2.00767e-005   -5.33636e-039   6.03471e-039   [-0.000008,0.000009,]
[17,19,]   397   6.6207e-006   -6.09678e-039   6.67234e-039   [-0.000007,0.000010,]
[18,19,]   398   1.84129e-006   -6.92717e-039   7.40106e-039   [-0.000004,0.000010,]
[19,19,]   399   4.25378e-007   -9.56489e-039   8.22087e-039   [-0.000001,0.000011,]
