coordinates  index   rho      Q      V    velocities 
[0,0,]   0   1.02691e-006   -8.92313e-039   8.22087e-039   [0.000019,0.000007,]
[1,0,]   1   3.04552e-006   -7.11065e-039   7.40106e-039   [-0.000007,0.000007,]
[2,0,]   2   1.04243e-005   -6.05014e-039   6.67234e-039   [0.000005,0.000007,]
[3,0,]   3   3.14441e-005   -5.18182e-039   6.03471e-039   [0.000006,0.000008,]
[4,0,]   4   7.89874e-005   -4.56001e-039   5.48817e-039   [0.000007,0.000008,]
[5,0,]   5   0.000167188   -4.01358e-039   5.03272e-039   [0.000008,0.000009,]
[6,0,]   6   0.000298868   -3.57391e-039   4.66836e-039   [0.000009,0.000009,]
[7,0,]   7   0.000453955   -3.22329e-039   4.39509e-039   [0.000010,0.000010,]
[8,0,]   8   0.000586954   -3.01878e-039   4.21291e-039   [0.000011,0.000011,]
[9,0,]   9   0.000655267   -2.92402e-039   4.12182e-039   [0.000012,0.000013,]
[10,0,]   10   0.00063695   -2.91721e-039   4.12182e-039   [0.000013,0.000014,]
[11,0,]   11   0.000535184   -3.06423e-039   4.21291e-039   [0.000013,0.000015,]
[12,0,]   12   0.000389559   -3.33826e-039   4.39509e-039   [0.000013,0.000016,]
[13,0,]   13   0.00024688   -3.68497e-039   4.66836e-039   [0.000012,0.000017,]
[14,0,]   14   0.000135309   -4.13073e-039   5.03272e-039   [0.000012,0.000018,]
[15,0,]   15   6.37459e-005   -4.65909e-039   5.48817e-039   [0.000011,0.000019,]
[16,0,]   16   2.56244e-005   -5.26198e-039   6.03471e-039   [0.000010,0.000019,]
[17,0,]   17   8.67133e-006   -6.02595e-039   6.67234e-039   [0.000010,0.000019,]
[18,0,]   18   2.50016e-006   -7.24592e-039   7.40106e-039   [0.000020,0.000019,]
[19,0,]   19   8.09041e-007   -9.23351e-039   8.22087e-039   [0.000029,0.000019,]
[0,1,]   20   2.60581e-006   -7.359e-039   7.40106e-039   [0.000019,-0.000021,]
[1,1,]   21   7.91018e-006   -5.42078e-039   6.58125e-039   [-0.000005,-0.000020,]
[2,1,]   22   2.73246e-005   -4.41869e-039   5.85253e-039   [0.000006,-0.000019,]
[3,1,]   23   8.31975e-005   -3.60447e-039   5.2149e-039   [0.000008,-0.000018,]
[4,1,]   24   0.000211478   -3.0349e-039   4.66836e-039   [0.000009,-0.000016,]
[5,1,]   25   0.000454414   -2.53691e-039   4.21291e-039   [0.000010,-0.000015,]
[6,1,]   26   0.000827389   -2.1397e-039   3.84855e-039   [0.000011,-0.000013,]
[7,1,]   27   0.00128404   -1.81846e-039   3.57528e-039   [0.000012,-0.000011,]
[8,1,]   28   0.00169986   -1.62726e-039   3.3931e-039   [0.000013,-0.000009,]
[9,1,]   29   0.00194348   -1.52272e-039   3.30201e-039   [0.000014,-0.000007,]
[10,1,]   30   0.0019311   -1.4784e-039   3.30201e-039   [0.000014,-0.000005,]
[11,1,]   31   0.00165175   -1.56878e-039   3.3931e-039   [0.000013,-0.000004,]
[12,1,]   32   0.00121648   -1.77584e-039   3.57528e-039   [0.000013,-0.000003,]
[13,1,]   33   0.000775025   -2.04926e-039   3.84855e-039   [0.000012,-0.000003,]
[14,1,]   34   0.0004246   -2.42248e-039   4.21291e-039   [0.000011,-0.000003,]
[15,1,]   35   0.000199103   -2.88363e-039   4.66836e-039   [0.000010,-0.000003,]
[16,1,]   36   7.94397e-005   -3.42752e-039   5.2149e-039   [0.000009,-0.000004,]
[17,1,]   37   2.66374e-005   -4.14052e-039   5.85253e-039   [0.000009,-0.000005,]
[18,1,]   38   7.60178e-006   -5.30402e-039   6.58125e-039   [0.000019,-0.000005,]
[19,1,]   39   2.41413e-006   -7.38342e-039   7.40106e-039   [0.000028,-0.000007,]
[0,2,]   40   8.6721e-006   -6.09221e-039   6.67234e-039   [0.000019,-0.000011,]
[1,2,]   41   2.66375e-005   -4.20448e-039   5.85253e-039   [-0.000005,-0.000009,]
[2,2,]   42   9.08393e-005   -3.25291e-039   5.12381e-039   [0.000007,-0.000009,]
[3,2,]   43   0.000272067   -2.47659e-039   4.48618e-039   [0.000008,-0.000009,]
[4,2,]   44   0.000679862   -1.94196e-039   3.93964e-039   [0.000010,-0.000009,]
[5,2,]   45   0.00143574   -1.48189e-039   3.48419e-039   [0.000011,-0.000008,]
[6,2,]   46   0.00257077   -1.12633e-039   3.11983e-039   [0.000013,-0.000007,]
[7,2,]   47   0.00393254   -8.44244e-040   2.84656e-039   [0.000014,-0.000006,]
[8,2,]   48   0.00515004   -6.9612e-040   2.66438e-039   [0.000015,-0.000004,]
[9,2,]   49   0.00586236   -6.26984e-040   2.57329e-039   [0.000016,-0.000002,]
[10,2,]   50   0.00584558   -6.03879e-040   2.57329e-039   [0.000016,0.000000,]
[11,2,]   51   0.00504902   -7.13195e-040   2.66438e-039   [0.000015,0.000002,]
[12,2,]   52   0.00377509   -9.26336e-040   2.84656e-039   [0.000014,0.000004,]
[13,2,]   53   0.00245099   -1.19323e-039   3.11983e-039   [0.000013,0.000005,]
[14,2,]   54   0.00137045   -1.54978e-039   3.48419e-039   [0.000011,0.000006,]
[15,2,]   55   0.000655615   -1.98832e-039   3.93964e-039   [0.000010,0.000007,]
[16,2,]   56   0.000266441   -2.50717e-039   4.48618e-039   [0.000009,0.000007,]
[17,2,]   57   9.08391e-005   -3.19098e-039   5.12381e-039   [0.000009,0.000007,]
[18,2,]   58   2.63001e-005   -4.3048e-039   5.85253e-039   [0.000018,0.000006,]
[19,2,]   59   8.33428e-006   -6.29387e-039   6.67234e-039   [0.000027,0.000005,]
[0,3,]   60   2.56162e-005   -5.26319e-039   6.03471e-039   [0.000019,-0.000010,]
[1,3,]   61   7.94155e-005   -3.42859e-039   5.2149e-039   [-0.000004,-0.000009,]
[2,3,]   62   0.000266355   -2.50857e-039   4.48618e-039   [0.000007,-0.000009,]
[3,3,]   63   0.000780871   -1.74907e-039   3.84855e-039   [0.000009,-0.000009,]
[4,3,]   64   0.00190659   -1.22495e-039   3.30201e-039   [0.000010,-0.000009,]
[5,3,]   65   0.00392758   -7.75491e-040   2.84656e-039   [0.000012,-0.000008,]
[6,3,]   66   0.00685617   -4.30429e-040   2.4822e-039   [0.000014,-0.000007,]
[7,3,]   67   0.0102442   -1.5631e-040   2.20893e-039   [0.000016,-0.000006,]
[8,3,]   68   0.013164   -1.62124e-041   2.02675e-039   [0.000017,-0.000004,]
[9,3,]   69   0.0148411   4.72777e-041   1.93566e-039   [0.000018,-0.000001,]
[10,3,]   70   0.0148409   7.37082e-041   1.93566e-039   [0.000018,0.000001,]
[11,3,]   71   0.0129934   -2.63858e-041   2.02675e-039   [0.000017,0.000004,]
[12,3,]   72   0.00993008   -2.33658e-040   2.20893e-039   [0.000016,0.000006,]
[13,3,]   73   0.00662723   -4.82599e-040   2.4822e-039   [0.000014,0.000007,]
[14,3,]   74   0.00381426   -8.22056e-040   2.84656e-039   [0.000012,0.000008,]
[15,3,]   75   0.00187558   -1.24325e-039   3.30201e-039   [0.000010,0.000008,]
[16,3,]   76   0.0007811   -1.74816e-039   3.84855e-039   [0.000009,0.000009,]
[17,3,]   77   0.000272053   -2.41728e-039   4.48618e-039   [0.000009,0.000008,]
[18,3,]   78   8.01987e-005   -3.49397e-039   5.2149e-039   [0.000017,0.000008,]
[19,3,]   79   2.53594e-005   -5.39665e-039   6.03471e-039   [0.000025,0.000006,]
[0,4,]   80   6.37341e-005   -4.6596e-039   5.48817e-039   [0.000019,-0.000011,]
[1,4,]   81   0.000199069   -2.88413e-039   4.66836e-039   [-0.000003,-0.000010,]
[2,4,]   82   0.000655491   -1.98913e-039   3.93964e-039   [0.000007,-0.000010,]
[3,4,]   83   0.00187528   -1.24339e-039   3.30201e-039   [0.000009,-0.000010,]
[4,4,]   84   0.00445322   -7.26577e-040   2.75547e-039   [0.000011,-0.000010,]
[5,4,]   85   0.0088899   -2.83571e-040   2.30002e-039   [0.000013,-0.000010,]
[6,4,]   86   0.0149966   5.07004e-041   1.93566e-039   [0.000015,-0.000009,]
[7,4,]   87   0.0216677   3.2384e-040   1.66239e-039   [0.000018,-0.000008,]
[8,4,]   88   0.0270409   4.48651e-040   1.48021e-039   [0.000020,-0.000005,]
[9,4,]   89   0.0300084   5.19952e-040   1.38912e-039   [0.000021,-0.000002,]
[10,4,]   90   0.0301203   5.63928e-040   1.38912e-039   [0.000022,0.000002,]
[11,4,]   91   0.0268691   4.47559e-040   1.48021e-039   [0.000020,0.000006,]
[12,4,]   92   0.0211923   2.5019e-040   1.66239e-039   [0.000018,0.000008,]
[13,4,]   93   0.0146775   1.09523e-041   1.93566e-039   [0.000015,0.000010,]
[14,4,]   94   0.00876498   -3.13291e-040   2.30002e-039   [0.000012,0.000010,]
[15,4,]   95   0.00445426   -7.24387e-040   2.75547e-039   [0.000010,0.000011,]
[16,4,]   96   0.00190727   -1.22215e-039   3.30201e-039   [0.000009,0.000010,]
[17,4,]   97   0.000679844   -1.88338e-039   3.93964e-039   [0.000008,0.000010,]
[18,4,]   98   0.000204195   -2.92598e-039   4.66836e-039   [0.000016,0.000009,]
[19,4,]   99   6.42896e-005   -4.74278e-039   5.48817e-039   [0.000023,0.000007,]
[0,5,]   100   0.000135315   -4.12784e-039   5.03272e-039   [0.000018,-0.000012,]
[1,5,]   101   0.000424614   -2.41955e-039   4.21291e-039   [-0.000003,-0.000011,]
[2,5,]   102   0.00137046   -1.54691e-039   3.48419e-039   [0.000006,-0.000011,]
[3,5,]   103   0.00381439   -8.18155e-040   2.84656e-039   [0.000008,-0.000012,]
[4,5,]   104   0.00876439   -3.1136e-040   2.30002e-039   [0.000010,-0.000012,]
[5,5,]   105   0.0168123   1.1672e-040   1.84457e-039   [0.000013,-0.000013,]
[6,5,]   106   0.0270724   4.36538e-040   1.48021e-039   [0.000016,-0.000012,]
[7,5,]   107   0.0372   6.89627e-040   1.20694e-039   [0.000020,-0.000011,]
[8,5,]   108   0.0443161   8.10339e-040   1.02476e-039   [0.000023,-0.000007,]
[9,5,]   109   0.0476736   8.49245e-040   9.33673e-040   [0.000026,-0.000003,]
[10,5,]   110   0.0480501   9.1828e-040   9.33673e-040   [0.000026,0.000003,]
[11,5,]   111   0.0443256   8.19559e-040   1.02476e-039   [0.000024,0.000008,]
[12,5,]   112   0.036717   6.22486e-040   1.20694e-039   [0.000020,0.000011,]
[13,5,]   113   0.0268242   4.15548e-040   1.48021e-039   [0.000016,0.000013,]
[14,5,]   114   0.0168067   1.08515e-040   1.84457e-039   [0.000013,0.000013,]
[15,5,]   115   0.0088887   -2.86578e-040   2.30002e-039   [0.000010,0.000013,]
[16,5,]   116   0.00392774   -7.77077e-040   2.84656e-039   [0.000008,0.000012,]
[17,5,]   117   0.00143525   -1.42984e-039   3.48419e-039   [0.000008,0.000011,]
[18,5,]   118   0.000439387   -2.43456e-039   4.21291e-039   [0.000015,0.000010,]
[19,5,]   119   0.000137314   -4.16759e-039   5.03272e-039   [0.000021,0.000008,]
[0,6,]   120   0.000246762   -3.68162e-039   4.66836e-039   [0.000017,-0.000012,]
[1,6,]   121   0.000774604   -2.04648e-039   3.84855e-039   [-0.000003,-0.000012,]
[2,6,]   122   0.0024494   -1.19043e-039   3.11983e-039   [0.000005,-0.000013,]
[3,6,]   123   0.00662255   -4.78343e-040   2.4822e-039   [0.000007,-0.000014,]
[4,6,]   124   0.0146637   1.32999e-041   1.93566e-039   [0.000010,-0.000015,]
[5,6,]   125   0.0268067   4.25884e-040   1.48021e-039   [0.000013,-0.000016,]
[6,6,]   126   0.0405555   7.06656e-040   1.11585e-039   [0.000017,-0.000016,]
[7,6,]   127   0.0517336   9.4573e-040   8.42583e-040   [0.000022,-0.000015,]
[8,6,]   128   0.0568588   1.00197e-039   6.60403e-040   [0.000028,-0.000012,]
[9,6,]   129   0.0576217   1.00551e-039   5.69313e-040   [0.000033,-0.000004,]
[10,6,]   130   0.0582755   1.10797e-039   5.69313e-040   [0.000034,0.000005,]
[11,6,]   131   0.0571874   1.02762e-039   6.60403e-040   [0.000029,0.000012,]
[12,6,]   132   0.0515435   8.96432e-040   8.42583e-040   [0.000022,0.000016,]
[13,6,]   133   0.0406284   7.03951e-040   1.11585e-039   [0.000016,0.000017,]
[14,6,]   134   0.027085   4.34256e-040   1.48021e-039   [0.000012,0.000016,]
[15,6,]   135   0.0150047   5.30484e-041   1.93566e-039   [0.000009,0.000015,]
[16,6,]   136   0.00686058   -4.27467e-040   2.4822e-039   [0.000007,0.000014,]
[17,6,]   137   0.00257116   -1.07309e-039   3.11983e-039   [0.000007,0.000013,]
[18,6,]   138   0.00080172   -2.03679e-039   3.84855e-039   [0.000013,0.000011,]
[19,6,]   139   0.000247734   -3.69398e-039   4.66836e-039   [0.000019,0.000009,]
[0,7,]   140   0.000389007   -3.32614e-039   4.39509e-039   [0.000016,-0.000013,]
[1,7,]   141   0.00121468   -1.76537e-039   3.57528e-039   [-0.000003,-0.000013,]
[2,7,]   142   0.00376847   -9.15654e-040   2.84656e-039   [0.000004,-0.000014,]
[3,7,]   143   0.00990983   -2.21139e-040   2.20893e-039   [0.000006,-0.000016,]
[4,7,]   144   0.0211369   2.61199e-040   1.66239e-039   [0.000008,-0.000017,]
[5,7,]   145   0.0366136   6.40894e-040   1.20694e-039   [0.000011,-0.000020,]
[6,7,]   146   0.0513049   9.04305e-040   8.42583e-040   [0.000016,-0.000022,]
[7,7,]   147   0.058492   1.02653e-039   5.69313e-040   [0.000023,-0.000023,]
[8,7,]   148   0.0560032   1.01904e-039   3.87133e-040   [0.000034,-0.000020,]
[9,7,]   149   0.0494793   5.96572e-040   2.96043e-040   [0.000046,-0.000008,]
[10,7,]   150   0.0499097   8.07694e-040   2.96043e-040   [0.000046,0.000011,]
[11,7,]   151   0.0563217   9.94797e-040   3.87133e-040   [0.000035,0.000021,]
[12,7,]   152   0.0587886   9.99803e-040   5.69313e-040   [0.000023,0.000023,]
[13,7,]   153   0.0518131   9.12918e-040   8.42583e-040   [0.000015,0.000022,]
[14,7,]   154   0.0372075   6.62281e-040   1.20694e-039   [0.000011,0.000020,]
[15,7,]   155   0.0216756   3.04908e-040   1.66239e-039   [0.000008,0.000017,]
[16,7,]   156   0.0102502   -1.70759e-040   2.20893e-039   [0.000006,0.000016,]
[17,7,]   157   0.00393295   -8.08624e-040   2.84656e-039   [0.000005,0.000014,]
[18,7,]   158   0.00124605   -1.73088e-039   3.57528e-039   [0.000011,0.000012,]
[19,7,]   159   0.000379072   -3.3284e-039   4.39509e-039   [0.000017,0.000010,]
[0,8,]   160   0.000532646   -3.07195e-039   4.21291e-039   [0.000015,-0.000013,]
[1,8,]   161   0.001644   -1.57924e-039   3.3931e-039   [-0.000004,-0.000013,]
[2,8,]   162   0.00502239   -7.26129e-040   2.66438e-039   [0.000002,-0.000015,]
[3,8,]   163   0.0129156   -4.02408e-041   2.02675e-039   [0.000004,-0.000017,]
[4,8,]   164   0.0266772   4.28369e-040   1.48021e-039   [0.000006,-0.000020,]
[5,8,]   165   0.0439643   8.01254e-040   1.02476e-039   [0.000008,-0.000023,]
[6,8,]   166   0.0565881   9.87132e-040   6.60403e-040   [0.000012,-0.000028,]
[7,8,]   167   0.0557547   9.58496e-040   3.87133e-040   [0.000021,-0.000034,]
[8,8,]   168   0.0417581   3.798e-040   2.04953e-040   [0.000039,-0.000037,]
[9,8,]   169   0.028196   -4.38566e-040   1.13863e-040   [0.000072,-0.000019,]
[10,8,]   170   0.0265338   -1.46911e-039   1.13863e-040   [0.000072,0.000027,]
[11,8,]   171   0.0422717   3.94778e-040   2.04953e-040   [0.000038,0.000039,]
[12,8,]   172   0.0567199   1.0242e-039   3.87133e-040   [0.000020,0.000034,]
[13,8,]   173   0.0573762   1.00994e-039   6.60403e-040   [0.000012,0.000028,]
[14,8,]   174   0.0446113   8.18417e-040   1.02476e-039   [0.000007,0.000023,]
[15,8,]   175   0.027199   4.61145e-040   1.48021e-039   [0.000005,0.000020,]
[16,8,]   176   0.0132337   -3.49183e-042   2.02675e-039   [0.000004,0.000017,]
[17,8,]   177   0.00517134   -6.38467e-040   2.66438e-039   [0.000004,0.000015,]
[18,8,]   178   0.0016573   -1.51966e-039   3.3931e-039   [0.000009,0.000013,]
[19,8,]   179   0.000494295   -3.08337e-039   4.21291e-039   [0.000014,0.000011,]
[0,9,]   180   0.00063479   -2.93134e-039   4.12182e-039   [0.000014,-0.000012,]
[1,9,]   181   0.00192506   -1.49288e-039   3.30201e-039   [-0.000005,-0.000014,]
[2,9,]   182   0.00582557   -6.20565e-040   2.57329e-039   [0.000000,-0.000016,]
[3,9,]   183   0.0147837   5.52068e-041   1.93566e-039   [0.000001,-0.000018,]
[4,9,]   184   0.0299824   5.40718e-040   1.38912e-039   [0.000002,-0.000021,]
[5,9,]   185   0.047795   8.85402e-040   9.33673e-040   [0.000003,-0.000026,]
[6,9,]   186   0.0579613   1.05634e-039   5.69313e-040   [0.000005,-0.000033,]
[7,9,]   187   0.0498788   7.48931e-040   2.96043e-040   [0.000011,-0.000044,]
[8,9,]   188   0.0268913   -1.35948e-039   1.13863e-040   [0.000027,-0.000070,]
[9,9,]   189   0.00884584   -9.30609e-039   2.27725e-041   [0.000121,-0.000114,]
[10,9,]   190   0.00880834   -9.51572e-039   2.27725e-041   [0.000117,0.000119,]
[11,9,]   191   0.0291493   -1.9984e-040   1.13863e-040   [0.000021,0.000071,]
[12,9,]   192   0.0506597   7.20825e-040   2.96043e-040   [0.000008,0.000045,]
[13,9,]   193   0.0583227   1.04771e-039   5.69313e-040   [0.000004,0.000032,]
[14,9,]   194   0.0480433   8.81847e-040   9.33673e-040   [0.000003,0.000025,]
[15,9,]   195   0.030188   5.47164e-040   1.38912e-039   [0.000002,0.000021,]
[16,9,]   196   0.0149181   7.31375e-041   1.93566e-039   [0.000001,0.000018,]
[17,9,]   197   0.00588434   -5.60634e-040   2.57329e-039   [0.000001,0.000015,]
[18,9,]   198   0.00189497   -1.40707e-039   3.30201e-039   [0.000007,0.000013,]
[19,9,]   199   0.000552345   -2.97123e-039   4.12182e-039   [0.000013,0.000012,]
[0,10,]   200   0.000657491   -2.90967e-039   4.12182e-039   [0.000013,-0.000012,]
[1,10,]   201   0.0019507   -1.50536e-039   3.30201e-039   [-0.000007,-0.000013,]
[2,10,]   202   0.00588735   -6.06845e-040   2.57329e-039   [-0.000002,-0.000015,]
[3,10,]   203   0.0149148   7.12494e-041   1.93566e-039   [-0.000001,-0.000018,]
[4,10,]   204   0.0301847   5.46992e-040   1.38912e-039   [-0.000002,-0.000021,]
[5,10,]   205   0.0480431   8.82097e-040   9.33673e-040   [-0.000003,-0.000025,]
[6,10,]   206   0.0583227   1.04771e-039   5.69313e-040   [-0.000004,-0.000032,]
[7,10,]   207   0.0506597   7.20829e-040   2.96043e-040   [-0.000008,-0.000045,]
[8,10,]   208   0.0291493   -1.99842e-040   1.13863e-040   [-0.000021,-0.000071,]
[9,10,]   209   0.00880834   -9.51572e-039   2.27725e-041   [-0.000117,-0.000119,]
[10,10,]   210   0.00884584   -9.30609e-039   2.27725e-041   [-0.000121,0.000114,]
[11,10,]   211   0.0268913   -1.35947e-039   1.13863e-040   [-0.000027,0.000070,]
[12,10,]   212   0.0498787   7.48927e-040   2.96043e-040   [-0.000011,0.000044,]
[13,10,]   213   0.0579613   1.05634e-039   5.69313e-040   [-0.000005,0.000033,]
[14,10,]   214   0.0477952   8.85159e-040   9.33673e-040   [-0.000003,0.000026,]
[15,10,]   215   0.0299858   5.40902e-040   1.38912e-039   [-0.000002,0.000021,]
[16,10,]   216   0.0147869   5.73275e-041   1.93566e-039   [-0.000001,0.000018,]
[17,10,]   217   0.00582178   -5.74948e-040   2.57329e-039   [-0.000001,0.000016,]
[18,10,]   218   0.0018696   -1.39439e-039   3.30201e-039   [0.000006,0.000014,]
[19,10,]   219   0.000531903   -2.99559e-039   4.12182e-039   [0.000012,0.000013,]
[0,11,]   220   0.000589247   -3.01142e-039   4.21291e-039   [0.000011,-0.000011,]
[1,11,]   221   0.00170681   -1.61844e-039   3.3931e-039   [-0.000009,-0.000013,]
[2,11,]   222   0.00517343   -6.8606e-040   2.66438e-039   [-0.000004,-0.000015,]
[3,11,]   223   0.0132307   -5.1942e-042   2.02675e-039   [-0.000004,-0.000017,]
[4,11,]   224   0.0271961   4.60975e-040   1.48021e-039   [-0.000005,-0.000020,]
[5,11,]   225   0.0446112   8.18668e-040   1.02476e-039   [-0.000007,-0.000023,]
[6,11,]   226   0.0573762   1.00994e-039   6.60403e-040   [-0.000012,-0.000028,]
[7,11,]   227   0.0567199   1.0242e-039   3.87133e-040   [-0.000020,-0.000034,]
[8,11,]   228   0.0422717   3.94778e-040   2.04953e-040   [-0.000038,-0.000039,]
[9,11,]   229   0.0265338   -1.4691e-039   1.13863e-040   [-0.000072,-0.000027,]
[10,11,]   230   0.028196   -4.38564e-040   1.13863e-040   [-0.000072,0.000019,]
[11,11,]   231   0.0417581   3.79803e-040   2.04953e-040   [-0.000039,0.000037,]
[12,11,]   232   0.0557547   9.58493e-040   3.87133e-040   [-0.000021,0.000034,]
[13,11,]   233   0.0565881   9.87123e-040   6.60403e-040   [-0.000012,0.000028,]
[14,11,]   234   0.0439646   8.01021e-040   1.02476e-039   [-0.000008,0.000023,]
[15,11,]   235   0.0266802   4.28576e-040   1.48021e-039   [-0.000006,0.000020,]
[16,11,]   236   0.0129183   -3.78483e-041   2.02675e-039   [-0.000004,0.000017,]
[17,11,]   237   0.00501829   -6.80307e-040   2.66438e-039   [-0.000003,0.000015,]
[18,11,]   238   0.0015951   -1.47999e-039   3.3931e-039   [0.000005,0.000013,]
[19,11,]   239   0.000443406   -3.15262e-039   4.21291e-039   [0.000011,0.000013,]
[0,12,]   240   0.00045411   -3.23548e-039   4.39509e-039   [0.000010,-0.000010,]
[1,12,]   241   0.00128459   -1.83096e-039   3.57528e-039   [-0.000011,-0.000012,]
[2,12,]   242   0.00393421   -8.58242e-040   2.84656e-039   [-0.000006,-0.000014,]
[3,12,]   243   0.0102479   -1.72323e-040   2.20893e-039   [-0.000006,-0.000016,]
[4,12,]   244   0.0216733   3.04728e-040   1.66239e-039   [-0.000008,-0.000017,]
[5,12,]   245   0.0372075   6.62528e-040   1.20694e-039   [-0.000011,-0.000020,]
[6,12,]   246   0.0518131   9.12914e-040   8.42583e-040   [-0.000015,-0.000022,]
[7,12,]   247   0.0587886   9.99802e-040   5.69313e-040   [-0.000023,-0.000023,]
[8,12,]   248   0.0563216   9.94792e-040   3.87133e-040   [-0.000035,-0.000021,]
[9,12,]   249   0.0499097   8.0769e-040   2.96043e-040   [-0.000046,-0.000011,]
[10,12,]   250   0.0494793   5.96568e-040   2.96043e-040   [-0.000046,0.000008,]
[11,12,]   251   0.0560031   1.01904e-039   3.87133e-040   [-0.000034,0.000020,]
[12,12,]   252   0.058492   1.02652e-039   5.69313e-040   [-0.000023,0.000023,]
[13,12,]   253   0.0513049   9.0429e-040   8.42583e-040   [-0.000016,0.000022,]
[14,12,]   254   0.0366138   6.40668e-040   1.20694e-039   [-0.000011,0.000020,]
[15,12,]   255   0.0211393   2.61427e-040   1.66239e-039   [-0.000008,0.000017,]
[16,12,]   256   0.00991187   -2.18459e-040   2.20893e-039   [-0.000006,0.000016,]
[17,12,]   257   0.0037647   -8.68932e-040   2.84656e-039   [-0.000004,0.000014,]
[18,12,]   258   0.0011767   -1.66507e-039   3.57528e-039   [0.000004,0.000013,]
[19,12,]   259   0.000320697   -3.43558e-039   4.39509e-039   [0.000012,0.000013,]
[0,13,]   260   0.000298966   -3.57329e-039   4.66836e-039   [0.000009,-0.000009,]
[1,13,]   261   0.000827693   -2.13898e-039   3.84855e-039   [-0.000013,-0.000011,]
[2,13,]   262   0.00257182   -1.12515e-039   3.11983e-039   [-0.000007,-0.000013,]
[3,13,]   263   0.00685902   -4.28935e-040   2.4822e-039   [-0.000007,-0.000014,]
[4,13,]   264   0.0150031   5.28447e-041   1.93566e-039   [-0.000009,-0.000015,]
[5,13,]   265   0.027085   4.34488e-040   1.48021e-039   [-0.000012,-0.000016,]
[6,13,]   266   0.0406284   7.03935e-040   1.11585e-039   [-0.000016,-0.000017,]
[7,13,]   267   0.0515435   8.96422e-040   8.42583e-040   [-0.000022,-0.000016,]
[8,13,]   268   0.0571874   1.02761e-039   6.60403e-040   [-0.000029,-0.000012,]
[9,13,]   269   0.0582755   1.10796e-039   5.69313e-040   [-0.000034,-0.000005,]
[10,13,]   270   0.0576217   1.00551e-039   5.69313e-040   [-0.000033,0.000004,]
[11,13,]   271   0.0568588   1.00197e-039   6.60403e-040   [-0.000028,0.000012,]
[12,13,]   272   0.0517336   9.45728e-040   8.42583e-040   [-0.000022,0.000015,]
[13,13,]   273   0.0405555   7.06645e-040   1.11585e-039   [-0.000017,0.000016,]
[14,13,]   274   0.0268069   4.25675e-040   1.48021e-039   [-0.000013,0.000016,]
[15,13,]   275   0.0146653   1.35592e-041   1.93566e-039   [-0.000010,0.000015,]
[16,13,]   276   0.00662389   -4.7537e-040   2.4822e-039   [-0.000007,0.000014,]
[17,13,]   277   0.0024465   -1.14227e-039   3.11983e-039   [-0.000006,0.000013,]
[18,13,]   278   0.000748896   -1.94491e-039   3.84855e-039   [0.000004,0.000012,]
[19,13,]   279   0.00020106   -3.82837e-039   4.66836e-039   [0.000013,0.000013,]
[0,14,]   280   0.000167171   -4.01596e-039   5.03272e-039   [0.000009,-0.000008,]
[1,14,]   281   0.000454359   -2.53962e-039   4.21291e-039   [-0.000015,-0.000010,]
[2,14,]   282   0.00143555   -1.48467e-039   3.48419e-039   [-0.000008,-0.000011,]
[3,14,]   283   0.00392686   -7.78646e-040   2.84656e-039   [-0.000008,-0.000012,]
[4,14,]   284   0.00888781   -2.86983e-040   2.30002e-039   [-0.000010,-0.000013,]
[5,14,]   285   0.0168068   1.08554e-040   1.84457e-039   [-0.000013,-0.000013,]
[6,14,]   286   0.0268244   4.15332e-040   1.48021e-039   [-0.000016,-0.000013,]
[7,14,]   287   0.0367172   6.22267e-040   1.20694e-039   [-0.000020,-0.000011,]
[8,14,]   288   0.0443259   8.19325e-040   1.02476e-039   [-0.000024,-0.000008,]
[9,14,]   289   0.0480503   9.18036e-040   9.33673e-040   [-0.000026,-0.000003,]
[10,14,]   290   0.0476737   8.48994e-040   9.33673e-040   [-0.000026,0.000003,]
[11,14,]   291   0.0443162   8.10088e-040   1.02476e-039   [-0.000023,0.000007,]
[12,14,]   292   0.0372   6.89375e-040   1.20694e-039   [-0.000020,0.000011,]
[13,14,]   293   0.0270724   4.36278e-040   1.48021e-039   [-0.000016,0.000012,]
[14,14,]   294   0.0168124   1.16271e-040   1.84457e-039   [-0.000013,0.000013,]
[15,14,]   295   0.00876538   -3.11326e-040   2.30002e-039   [-0.000010,0.000012,]
[16,14,]   296   0.00381515   -8.15168e-040   2.84656e-039   [-0.000008,0.000012,]
[17,14,]   297   0.0013686   -1.49721e-039   3.48419e-039   [-0.000006,0.000011,]
[18,14,]   298   0.000409626   -2.31683e-039   4.21291e-039   [0.000004,0.000011,]
[19,14,]   299   0.000108892   -4.31634e-039   5.03272e-039   [0.000014,0.000012,]
[0,15,]   300   7.9006e-005   -4.55875e-039   5.48817e-039   [0.000008,-0.000007,]
[1,15,]   301   0.000211527   -3.03351e-039   4.66836e-039   [-0.000016,-0.000009,]
[2,15,]   302   0.000680031   -1.94024e-039   3.93964e-039   [-0.000009,-0.000010,]
[3,15,]   303   0.00190704   -1.22316e-039   3.30201e-039   [-0.000009,-0.000010,]
[4,15,]   304   0.00445428   -7.24313e-040   2.75547e-039   [-0.000010,-0.000011,]
[5,15,]   305   0.00876598   -3.12773e-040   2.30002e-039   [-0.000012,-0.000010,]
[6,15,]   306   0.0146792   1.12034e-041   1.93566e-039   [-0.000015,-0.000010,]
[7,15,]   307   0.0211947   2.50423e-040   1.66239e-039   [-0.000018,-0.000008,]
[8,15,]   308   0.0268721   4.47764e-040   1.48021e-039   [-0.000020,-0.000006,]
[9,15,]   309   0.0301237   5.64111e-040   1.38912e-039   [-0.000022,-0.000002,]
[10,15,]   310   0.0300116   5.20124e-040   1.38912e-039   [-0.000021,0.000002,]
[11,15,]   311   0.0270438   4.48822e-040   1.48021e-039   [-0.000020,0.000005,]
[12,15,]   312   0.02167   3.24014e-040   1.66239e-039   [-0.000018,0.000008,]
[13,15,]   313   0.0149982   5.08758e-041   1.93566e-039   [-0.000015,0.000009,]
[14,15,]   314   0.00889093   -2.83567e-040   2.30002e-039   [-0.000013,0.000010,]
[15,15,]   315   0.00445422   -7.26066e-040   2.75547e-039   [-0.000011,0.000010,]
[16,15,]   316   0.00187586   -1.23971e-039   3.30201e-039   [-0.000009,0.000010,]
[17,15,]   317   0.000654584   -1.93699e-039   3.93964e-039   [-0.000007,0.000010,]
[18,15,]   318   0.000191644   -2.77943e-039   4.66836e-039   [0.000004,0.000010,]
[19,15,]   319   5.06767e-005   -4.88929e-039   5.48817e-039   [0.000015,0.000011,]
[0,16,]   320   3.1453e-005   -5.17809e-039   6.03471e-039   [0.000008,-0.000006,]
[1,16,]   321   8.32203e-005   -3.60096e-039   5.2149e-039   [-0.000018,-0.000008,]
[2,16,]   322   0.000272143   -2.47306e-039   4.48618e-039   [-0.000009,-0.000009,]
[3,16,]   323   0.000781072   -1.7458e-039   3.84855e-039   [-0.000009,-0.000009,]
[4,16,]   324   0.00187575   -1.24004e-039   3.30201e-039   [-0.000010,-0.000009,]
[5,16,]   325   0.00381503   -8.18587e-040   2.84656e-039   [-0.000012,-0.000008,]
[6,16,]   326   0.00662857   -4.79635e-040   2.4822e-039   [-0.000014,-0.000007,]
[7,16,]   327   0.00993213   -2.30974e-040   2.20893e-039   [-0.000016,-0.000006,]
[8,16,]   328   0.0129962   -2.39957e-041   2.02675e-039   [-0.000017,-0.000004,]
[9,16,]   329   0.0148441   7.58295e-041   1.93566e-039   [-0.000018,-0.000001,]
[10,16,]   330   0.0148444   4.91669e-041   1.93566e-039   [-0.000018,0.000001,]
[11,16,]   331   0.0131669   -1.45098e-041   2.02675e-039   [-0.000017,0.000004,]
[12,16,]   332   0.0102465   -1.54753e-040   2.20893e-039   [-0.000016,0.000006,]
[13,16,]   333   0.00685774   -4.28989e-040   2.4822e-039   [-0.000014,0.000007,]
[14,16,]   334   0.00392852   -7.74317e-040   2.84656e-039   [-0.000012,0.000008,]
[15,16,]   335   0.00190726   -1.22334e-039   3.30201e-039   [-0.000010,0.000009,]
[16,16,]   336   0.000781213   -1.74418e-039   3.84855e-039   [-0.000009,0.000009,]
[17,16,]   337   0.000265993   -2.45347e-039   4.48618e-039   [-0.000007,0.000009,]
[18,16,]   338   7.63062e-005   -3.32133e-039   5.2149e-039   [0.000005,0.000009,]
[19,16,]   339   2.01449e-005   -5.53087e-039   6.03471e-039   [0.000017,0.000010,]
[0,17,]   340   1.04062e-005   -5.99035e-039   6.67234e-039   [0.000007,-0.000005,]
[1,17,]   341   2.72799e-005   -4.36059e-039   5.85253e-039   [-0.000019,-0.000007,]
[2,17,]   342   9.06961e-005   -3.19683e-039   5.12381e-039   [-0.000009,-0.000007,]
[3,17,]   343   0.000265951   -2.45452e-039   4.48618e-039   [-0.000009,-0.000007,]
[4,17,]   344   0.000654564   -1.93668e-039   3.93964e-039   [-0.000010,-0.000007,]
[5,17,]   345   0.0013686   -1.4996e-039   3.48419e-039   [-0.000011,-0.000006,]
[6,17,]   346   0.00244809   -1.14509e-039   3.11983e-039   [-0.000013,-0.000006,]
[7,17,]   347   0.00377132   -8.79607e-040   2.84656e-039   [-0.000014,-0.000004,]
[8,17,]   348   0.0050449   -6.6735e-040   2.66438e-039   [-0.000015,-0.000003,]
[9,17,]   349   0.00584178   -5.58227e-040   2.57329e-039   [-0.000016,-0.000001,]
[10,17,]   350   0.00585936   -5.80746e-040   2.57329e-039   [-0.000016,0.000001,]
[11,17,]   351   0.00514797   -6.48517e-040   2.66438e-039   [-0.000015,0.000004,]
[12,17,]   352   0.00393127   -7.94627e-040   2.84656e-039   [-0.000014,0.000005,]
[13,17,]   353   0.00257012   -1.0743e-039   3.11983e-039   [-0.000013,0.000007,]
[14,17,]   354   0.00143547   -1.42745e-039   3.48419e-039   [-0.000011,0.000008,]
[15,17,]   355   0.000679832   -1.88448e-039   3.93964e-039   [-0.000010,0.000008,]
[16,17,]   356   0.000272088   -2.41332e-039   4.48618e-039   [-0.000009,0.000009,]
[17,17,]   357   9.06781e-005   -3.13544e-039   5.12381e-039   [-0.000007,0.000009,]
[18,17,]   358   2.55386e-005   -4.03279e-039   5.85253e-039   [0.000006,0.000009,]
[19,17,]   359   6.74984e-006   -6.33e-039   6.67234e-039   [0.000018,0.000010,]
[0,18,]   360   2.91078e-006   -7.00723e-039   7.40106e-039   [0.000007,0.000008,]
[1,18,]   361   7.57151e-006   -5.31124e-039   6.58125e-039   [-0.000020,0.000007,]
[2,18,]   362   2.55425e-005   -4.09674e-039   5.85253e-039   [-0.000009,0.000006,]
[3,18,]   363   7.62925e-005   -3.32271e-039   5.2149e-039   [-0.000009,0.000005,]
[4,18,]   364   0.000191634   -2.77945e-039   4.66836e-039   [-0.000010,0.000004,]
[5,18,]   365   0.000409614   -2.3193e-039   4.21291e-039   [-0.000011,0.000004,]
[6,18,]   366   0.000749303   -1.9477e-039   3.84855e-039   [-0.000012,0.000004,]
[7,18,]   367   0.00117844   -1.6755e-039   3.57528e-039   [-0.000013,0.000004,]
[8,18,]   368   0.00160259   -1.46955e-039   3.3931e-039   [-0.000013,0.000005,]
[9,18,]   369   0.00187541   -1.37996e-039   3.30201e-039   [-0.000014,0.000006,]
[10,18,]   370   0.00188796   -1.42431e-039   3.30201e-039   [-0.000014,0.000007,]
[11,18,]   371   0.00165056   -1.5284e-039   3.3931e-039   [-0.000013,0.000009,]
[12,18,]   372   0.0012455   -1.71843e-039   3.57528e-039   [-0.000012,0.000011,]
[13,18,]   373   0.000801426   -2.03751e-039   3.84855e-039   [-0.000011,0.000013,]
[14,18,]   374   0.000439447   -2.43225e-039   4.21291e-039   [-0.000010,0.000015,]
[15,18,]   375   0.000204195   -2.92675e-039   4.66836e-039   [-0.000009,0.000016,]
[16,18,]   376   8.02104e-005   -3.48975e-039   5.2149e-039   [-0.000008,0.000017,]
[17,18,]   377   2.62527e-005   -4.24696e-039   5.85253e-039   [-0.000007,0.000018,]
[18,18,]   378   7.27579e-006   -5.19448e-039   6.58125e-039   [0.000007,0.000019,]
[19,18,]   379   1.92863e-006   -7.58789e-039   7.40106e-039   [0.000020,0.000020,]
[0,19,]   380   7.88916e-007   -9.29577e-039   8.22087e-039   [0.000007,0.000021,]
[1,19,]   381   2.01035e-006   -7.699e-039   7.40106e-039   [-0.000021,0.000020,]
[2,19,]   382   6.75158e-006   -6.39635e-039   6.67234e-039   [-0.000011,0.000018,]
[3,19,]   383   2.01417e-005   -5.53246e-039   6.03471e-039   [-0.000010,0.000017,]
[4,19,]   384   5.06744e-005   -4.88938e-039   5.48817e-039   [-0.000011,0.000015,]
[5,19,]   385   0.000108888   -4.31875e-039   5.03272e-039   [-0.000012,0.000014,]
[6,19,]   386   0.000201157   -3.83178e-039   4.66836e-039   [-0.000013,0.000013,]
[7,19,]   387   0.000321143   -3.44773e-039   4.39509e-039   [-0.000013,0.000012,]
[8,19,]   388   0.000445461   -3.14573e-039   4.21291e-039   [-0.000013,0.000012,]
[9,19,]   389   0.000533631   -2.98239e-039   4.12182e-039   [-0.000013,0.000012,]
[10,19,]   390   0.000550485   -2.98472e-039   4.12182e-039   [-0.000012,0.000013,]
[11,19,]   391   0.000492397   -3.09e-039   4.21291e-039   [-0.000011,0.000014,]
[12,19,]   392   0.000378934   -3.31655e-039   4.39509e-039   [-0.000010,0.000017,]
[13,19,]   393   0.000247654   -3.69448e-039   4.66836e-039   [-0.000009,0.000019,]
[14,19,]   394   0.00013733   -4.16567e-039   5.03272e-039   [-0.000008,0.000021,]
[15,19,]   395   6.429e-005   -4.74332e-039   5.48817e-039   [-0.000007,0.000023,]
[16,19,]   396   2.53628e-005   -5.39228e-039   6.03471e-039   [-0.000006,0.000025,]
[17,19,]   397   8.31848e-006   -6.23445e-039   6.67234e-039   [-0.000005,0.000027,]
[18,19,]   398   2.30727e-006   -7.28195e-039   7.40106e-039   [0.000008,0.000028,]
[19,19,]   399   6.21175e-007   -9.62681e-039   8.22087e-039   [0.000021,0.000030,]
