coordinates  index   rho      Q      V    velocities 
[0,0,]   0   2.08302e-006   -8.24855e-039   8.22087e-039   [0.000026,0.000013,]
[1,0,]   1   4.51583e-006   -7.06851e-039   7.40106e-039   [-0.000010,0.000013,]
[2,0,]   2   1.44601e-005   -5.9149e-039   6.67234e-039   [0.000002,0.000014,]
[3,0,]   3   4.34496e-005   -4.95166e-039   6.03471e-039   [0.000005,0.000014,]
[4,0,]   4   0.000108333   -4.35646e-039   5.48817e-039   [0.000007,0.000014,]
[5,0,]   5   0.000227098   -3.82972e-039   5.03272e-039   [0.000007,0.000015,]
[6,0,]   6   0.000400279   -3.42991e-039   4.66836e-039   [0.000008,0.000015,]
[7,0,]   7   0.000599041   -3.11215e-039   4.39509e-039   [0.000010,0.000016,]
[8,0,]   8   0.000762546   -2.94805e-039   4.21291e-039   [0.000011,0.000018,]
[9,0,]   9   0.000840895   -2.89056e-039   4.12182e-039   [0.000012,0.000019,]
[10,0,]   10   0.000813221   -2.89556e-039   4.12182e-039   [0.000013,0.000020,]
[11,0,]   11   0.000683737   -3.04016e-039   4.21291e-039   [0.000013,0.000021,]
[12,0,]   12   0.000501394   -3.29838e-039   4.39509e-039   [0.000013,0.000022,]
[13,0,]   13   0.000322254   -3.60701e-039   4.66836e-039   [0.000013,0.000023,]
[14,0,]   14   0.000180087   -4.00241e-039   5.03272e-039   [0.000012,0.000024,]
[15,0,]   15   8.67859e-005   -4.46805e-039   5.48817e-039   [0.000011,0.000025,]
[16,0,]   16   3.5641e-005   -5.01666e-039   6.03471e-039   [0.000011,0.000025,]
[17,0,]   17   1.22574e-005   -5.77318e-039   6.67234e-039   [0.000012,0.000025,]
[18,0,]   18   3.6278e-006   -7.10814e-039   7.40106e-039   [0.000025,0.000025,]
[19,0,]   19   1.35429e-006   -8.80444e-039   8.22087e-039   [0.000035,0.000026,]
[0,1,]   20   3.98526e-006   -7.2578e-039   7.40106e-039   [0.000025,-0.000025,]
[1,1,]   21   8.74348e-006   -5.95376e-039   6.58125e-039   [-0.000009,-0.000024,]
[2,1,]   22   2.84807e-005   -4.80236e-039   5.85253e-039   [0.000004,-0.000023,]
[3,1,]   23   8.7269e-005   -3.84908e-039   5.2149e-039   [0.000007,-0.000021,]
[4,1,]   24   0.00022255   -3.26446e-039   4.66836e-039   [0.000009,-0.000020,]
[5,1,]   25   0.000479131   -2.73969e-039   4.21291e-039   [0.000010,-0.000018,]
[6,1,]   26   0.000870571   -2.33459e-039   3.84855e-039   [0.000011,-0.000016,]
[7,1,]   27   0.00134658   -2.00061e-039   3.57528e-039   [0.000012,-0.000014,]
[8,1,]   28   0.00177282   -1.8072e-039   3.3931e-039   [0.000013,-0.000012,]
[9,1,]   29   0.00201494   -1.70994e-039   3.30201e-039   [0.000014,-0.000009,]
[10,1,]   30   0.00199351   -1.66979e-039   3.30201e-039   [0.000014,-0.000008,]
[11,1,]   31   0.00169811   -1.76995e-039   3.3931e-039   [0.000014,-0.000007,]
[12,1,]   32   0.00124645   -1.99633e-039   3.57528e-039   [0.000013,-0.000006,]
[13,1,]   33   0.000793264   -2.28369e-039   3.84855e-039   [0.000012,-0.000005,]
[14,1,]   34   0.000435257   -2.67072e-039   4.21291e-039   [0.000011,-0.000006,]
[15,1,]   35   0.000204996   -3.13421e-039   4.66836e-039   [0.000010,-0.000006,]
[16,1,]   36   8.21372e-005   -3.68493e-039   5.2149e-039   [0.000009,-0.000007,]
[17,1,]   37   2.75614e-005   -4.44692e-039   5.85253e-039   [0.000011,-0.000008,]
[18,1,]   38   7.96821e-006   -5.79985e-039   6.58125e-039   [0.000024,-0.000009,]
[19,1,]   39   2.94229e-006   -7.62496e-039   7.40106e-039   [0.000035,-0.000010,]
[0,2,]   40   1.22778e-005   -5.91563e-039   6.67234e-039   [0.000025,-0.000013,]
[1,2,]   41   2.76042e-005   -4.58705e-039   5.85253e-039   [-0.000008,-0.000012,]
[2,2,]   42   8.91978e-005   -3.49145e-039   5.12381e-039   [0.000005,-0.000011,]
[3,2,]   43   0.000269346   -2.58925e-039   4.48618e-039   [0.000008,-0.000011,]
[4,2,]   44   0.00067662   -2.05071e-039   3.93964e-039   [0.000010,-0.000010,]
[5,2,]   45   0.0014355   -1.57027e-039   3.48419e-039   [0.000011,-0.000010,]
[6,2,]   46   0.00257206   -1.21796e-039   3.11983e-039   [0.000013,-0.000008,]
[7,2,]   47   0.00393443   -9.24591e-040   2.84656e-039   [0.000014,-0.000007,]
[8,2,]   48   0.00513917   -7.82426e-040   2.66438e-039   [0.000015,-0.000005,]
[9,2,]   49   0.0058333   -7.12797e-040   2.57329e-039   [0.000016,-0.000003,]
[10,2,]   50   0.00580587   -6.84879e-040   2.57329e-039   [0.000016,-0.000001,]
[11,2,]   51   0.00499563   -8.07421e-040   2.66438e-039   [0.000016,0.000001,]
[12,2,]   52   0.0037213   -1.02653e-039   2.84656e-039   [0.000014,0.000003,]
[13,2,]   53   0.00240869   -1.30528e-039   3.11983e-039   [0.000013,0.000004,]
[14,2,]   54   0.00134525   -1.66656e-039   3.48419e-039   [0.000011,0.000005,]
[15,2,]   55   0.000644199   -2.10387e-039   3.93964e-039   [0.000010,0.000005,]
[16,2,]   56   0.000261979   -2.62464e-039   4.48618e-039   [0.000009,0.000005,]
[17,2,]   57   8.9069e-005   -3.35447e-039   5.12381e-039   [0.000010,0.000005,]
[18,2,]   58   2.60468e-005   -4.64584e-039   5.85253e-039   [0.000023,0.000004,]
[19,2,]   59   9.54879e-006   -6.41871e-039   6.67234e-039   [0.000033,0.000002,]
[0,3,]   60   3.56068e-005   -5.02261e-039   6.03471e-039   [0.000025,-0.000011,]
[1,3,]   61   8.20648e-005   -3.69064e-039   5.2149e-039   [-0.000007,-0.000010,]
[2,3,]   62   0.000261721   -2.63242e-039   4.48618e-039   [0.000005,-0.000010,]
[3,3,]   63   0.000773449   -1.75592e-039   3.84855e-039   [0.000008,-0.000009,]
[4,3,]   64   0.00189828   -1.23106e-039   3.30201e-039   [0.000010,-0.000009,]
[5,3,]   65   0.00392916   -7.67048e-040   2.84656e-039   [0.000012,-0.000009,]
[6,3,]   66   0.00686635   -4.26194e-040   2.4822e-039   [0.000014,-0.000008,]
[7,3,]   67   0.0102622   -1.51293e-040   2.20893e-039   [0.000016,-0.000006,]
[8,3,]   68   0.0131643   -1.2721e-041   2.02675e-039   [0.000017,-0.000004,]
[9,3,]   69   0.014799   4.08019e-041   1.93566e-039   [0.000018,-0.000002,]
[10,3,]   70   0.0147939   7.86921e-041   1.93566e-039   [0.000018,0.000001,]
[11,3,]   71   0.0129191   -3.14974e-041   2.02675e-039   [0.000018,0.000003,]
[12,3,]   72   0.00984189   -2.51267e-040   2.20893e-039   [0.000016,0.000005,]
[13,3,]   73   0.00655514   -4.97132e-040   2.4822e-039   [0.000014,0.000007,]
[14,3,]   74   0.00377032   -8.38868e-040   2.84656e-039   [0.000012,0.000008,]
[15,3,]   75   0.0018569   -1.24879e-039   3.30201e-039   [0.000010,0.000008,]
[16,3,]   76   0.000774028   -1.75105e-039   3.84855e-039   [0.000009,0.000008,]
[17,3,]   77   0.000268896   -2.45969e-039   4.48618e-039   [0.000010,0.000008,]
[18,3,]   78   8.00755e-005   -3.69648e-039   5.2149e-039   [0.000021,0.000007,]
[19,3,]   79   2.90949e-005   -5.40665e-039   6.03471e-039   [0.000031,0.000005,]
[0,4,]   80   8.67421e-005   -4.46941e-039   5.48817e-039   [0.000025,-0.000011,]
[1,4,]   81   0.000204905   -3.13566e-039   4.66836e-039   [-0.000006,-0.000010,]
[2,4,]   82   0.000643842   -2.10742e-039   3.93964e-039   [0.000005,-0.000010,]
[3,4,]   83   0.00185638   -1.24856e-039   3.30201e-039   [0.000008,-0.000010,]
[4,4,]   84   0.00443004   -7.35738e-040   2.75547e-039   [0.000011,-0.000010,]
[5,4,]   85   0.00889037   -2.71949e-040   2.30002e-039   [0.000013,-0.000010,]
[6,4,]   86   0.0150157   4.79888e-041   1.93566e-039   [0.000015,-0.000009,]
[7,4,]   87   0.021726   3.35882e-040   1.66239e-039   [0.000018,-0.000007,]
[8,4,]   88   0.0270734   4.51909e-040   1.48021e-039   [0.000020,-0.000005,]
[9,4,]   89   0.029946   5.21983e-040   1.38912e-039   [0.000021,-0.000001,]
[10,4,]   90   0.0300826   5.82749e-040   1.38912e-039   [0.000022,0.000002,]
[11,4,]   91   0.0268038   4.47753e-040   1.48021e-039   [0.000020,0.000006,]
[12,4,]   92   0.0211065   2.44891e-040   1.66239e-039   [0.000018,0.000008,]
[13,4,]   93   0.0145835   -9.43751e-042   1.93566e-039   [0.000015,0.000010,]
[14,4,]   94   0.00870813   -3.25498e-040   2.30002e-039   [0.000012,0.000011,]
[15,4,]   95   0.00443266   -7.2857e-040   2.75547e-039   [0.000010,0.000011,]
[16,4,]   96   0.00190021   -1.21948e-039   3.30201e-039   [0.000009,0.000010,]
[17,4,]   97   0.000675627   -1.92033e-039   3.93964e-039   [0.000010,0.000010,]
[18,4,]   98   0.000204996   -3.10784e-039   4.66836e-039   [0.000020,0.000009,]
[19,4,]   99   7.36297e-005   -4.75269e-039   5.48817e-039   [0.000029,0.000007,]
[0,5,]   100   0.000180128   -3.99354e-039   5.03272e-039   [0.000024,-0.000012,]
[1,5,]   101   0.000435359   -2.66232e-039   4.21291e-039   [-0.000006,-0.000011,]
[2,5,]   102   0.00134535   -1.65997e-039   3.48419e-039   [0.000005,-0.000011,]
[3,5,]   103   0.00377154   -8.27697e-040   2.84656e-039   [0.000008,-0.000012,]
[4,5,]   104   0.00870739   -3.21436e-040   2.30002e-039   [0.000010,-0.000012,]
[5,5,]   105   0.0167899   1.18178e-040   1.84457e-039   [0.000013,-0.000012,]
[6,5,]   106   0.0271069   4.42664e-040   1.48021e-039   [0.000016,-0.000012,]
[7,5,]   107   0.0372865   6.92377e-040   1.20694e-039   [0.000020,-0.000010,]
[8,5,]   108   0.0444347   8.47993e-040   1.02476e-039   [0.000023,-0.000007,]
[9,5,]   109   0.0474207   8.04451e-040   9.33673e-040   [0.000026,-0.000003,]
[10,5,]   110   0.0478803   9.52158e-040   9.33673e-040   [0.000026,0.000003,]
[11,5,]   111   0.0443013   8.44976e-040   1.02476e-039   [0.000024,0.000008,]
[12,5,]   112   0.0367133   6.21274e-040   1.20694e-039   [0.000020,0.000011,]
[13,5,]   113   0.0267887   4.09264e-040   1.48021e-039   [0.000016,0.000013,]
[14,5,]   114   0.016771   9.63488e-041   1.84457e-039   [0.000012,0.000013,]
[15,5,]   115   0.00888484   -2.80626e-040   2.30002e-039   [0.000010,0.000013,]
[16,5,]   116   0.00392907   -7.68307e-040   2.84656e-039   [0.000008,0.000012,]
[17,5,]   117   0.00143202   -1.45709e-039   3.48419e-039   [0.000009,0.000011,]
[18,5,]   118   0.000442633   -2.59453e-039   4.21291e-039   [0.000018,0.000010,]
[19,5,]   119   0.000156521   -4.17954e-039   5.03272e-039   [0.000026,0.000008,]
[0,6,]   120   0.000321856   -3.60013e-039   4.66836e-039   [0.000023,-0.000013,]
[1,6,]   121   0.000792276   -2.27844e-039   3.84855e-039   [-0.000005,-0.000012,]
[2,6,]   122   0.00240485   -1.30235e-039   3.11983e-039   [0.000004,-0.000013,]
[3,6,]   123   0.00654501   -4.88536e-040   2.4822e-039   [0.000007,-0.000014,]
[4,6,]   124   0.0145493   -8.69523e-042   1.93566e-039   [0.000010,-0.000015,]
[5,6,]   125   0.0267486   4.30391e-040   1.48021e-039   [0.000013,-0.000016,]
[6,6,]   126   0.0405681   7.06946e-040   1.11585e-039   [0.000016,-0.000016,]
[7,6,]   127   0.0518244   9.66406e-040   8.42583e-040   [0.000022,-0.000015,]
[8,6,]   128   0.05688   1.02279e-039   6.60403e-040   [0.000028,-0.000012,]
[9,6,]   129   0.0574518   1.01222e-039   5.69313e-040   [0.000033,-0.000003,]
[10,6,]   130   0.0573329   9.69246e-040   5.69313e-040   [0.000034,0.000005,]
[11,6,]   131   0.056947   1.02843e-039   6.60403e-040   [0.000029,0.000012,]
[12,6,]   132   0.0517534   9.38815e-040   8.42583e-040   [0.000022,0.000016,]
[13,6,]   133   0.0407409   7.02428e-040   1.11585e-039   [0.000016,0.000017,]
[14,6,]   134   0.027132   4.32935e-040   1.48021e-039   [0.000012,0.000016,]
[15,6,]   135   0.0150327   5.2057e-041   1.93566e-039   [0.000009,0.000015,]
[16,6,]   136   0.00687684   -4.16345e-040   2.4822e-039   [0.000007,0.000014,]
[17,6,]   137   0.00256924   -1.10022e-039   3.11983e-039   [0.000008,0.000013,]
[18,6,]   138   0.000808151   -2.18143e-039   3.84855e-039   [0.000016,0.000011,]
[19,6,]   139   0.000279982   -3.71811e-039   4.66836e-039   [0.000024,0.000009,]
[0,7,]   140   0.00049981   -3.28465e-039   4.39509e-039   [0.000022,-0.000013,]
[1,7,]   141   0.00124269   -1.98504e-039   3.57528e-039   [-0.000006,-0.000013,]
[2,7,]   142   0.00370794   -1.01749e-039   2.84656e-039   [0.000003,-0.000014,]
[3,7,]   143   0.00980249   -2.37658e-040   2.20893e-039   [0.000005,-0.000016,]
[4,7,]   144   0.020993   2.51773e-040   1.66239e-039   [0.000008,-0.000018,]
[5,7,]   145   0.0365025   6.38448e-040   1.20694e-039   [0.000011,-0.000020,]
[6,7,]   146   0.0512979   9.38182e-040   8.42583e-040   [0.000016,-0.000022,]
[7,7,]   147   0.0583453   1.02352e-039   5.69313e-040   [0.000023,-0.000023,]
[8,7,]   148   0.0556396   9.27614e-040   3.87133e-040   [0.000035,-0.000018,]
[9,7,]   149   0.0498688   6.72255e-040   2.96043e-040   [0.000046,-0.000010,]
[10,7,]   150   0.0495537   7.26861e-040   2.96043e-040   [0.000045,0.000013,]
[11,7,]   151   0.0561305   9.93395e-040   3.87133e-040   [0.000035,0.000022,]
[12,7,]   152   0.0589991   1.03641e-039   5.69313e-040   [0.000024,0.000023,]
[13,7,]   153   0.0521037   9.39894e-040   8.42583e-040   [0.000015,0.000022,]
[14,7,]   154   0.0373391   6.5721e-040   1.20694e-039   [0.000010,0.000020,]
[15,7,]   155   0.0217511   3.12309e-040   1.66239e-039   [0.000007,0.000017,]
[16,7,]   156   0.010279   -1.62827e-040   2.20893e-039   [0.000006,0.000016,]
[17,7,]   157   0.00393014   -8.31328e-040   2.84656e-039   [0.000006,0.000014,]
[18,7,]   158   0.00125407   -1.86382e-039   3.57528e-039   [0.000014,0.000012,]
[19,7,]   159   0.000423658   -3.36985e-039   4.39509e-039   [0.000022,0.000010,]
[0,8,]   160   0.000679013   -3.05149e-039   4.21291e-039   [0.000021,-0.000013,]
[1,8,]   161   0.00168718   -1.78246e-039   3.3931e-039   [-0.000006,-0.000013,]
[2,8,]   162   0.00495949   -8.24385e-040   2.66438e-039   [0.000001,-0.000015,]
[3,8,]   163   0.0128145   -4.65432e-041   2.02675e-039   [0.000003,-0.000017,]
[4,8,]   164   0.0265357   4.21294e-040   1.48021e-039   [0.000006,-0.000020,]
[5,8,]   165   0.043811   8.15964e-040   1.02476e-039   [0.000008,-0.000024,]
[6,8,]   166   0.0562302   9.75029e-040   6.60403e-040   [0.000012,-0.000028,]
[7,8,]   167   0.0555382   9.32836e-040   3.87133e-040   [0.000023,-0.000034,]
[8,8,]   168   0.0417456   2.66313e-040   2.04953e-040   [0.000038,-0.000034,]
[9,8,]   169   0.0290633   -1.64471e-040   1.13863e-040   [0.000074,-0.000024,]
[10,8,]   170   0.0269755   -1.30956e-039   1.13863e-040   [0.000075,0.000024,]
[11,8,]   171   0.0420153   2.39164e-040   2.04953e-040   [0.000035,0.000037,]
[12,8,]   172   0.0564872   9.29593e-040   3.87133e-040   [0.000019,0.000034,]
[13,8,]   173   0.0575641   1.02094e-039   6.60403e-040   [0.000012,0.000028,]
[14,8,]   174   0.0448016   8.44988e-040   1.02476e-039   [0.000007,0.000023,]
[15,8,]   175   0.0272769   4.64284e-040   1.48021e-039   [0.000005,0.000020,]
[16,8,]   176   0.0132586   6.51664e-042   2.02675e-039   [0.000004,0.000017,]
[17,8,]   177   0.00515755   -6.65279e-040   2.66438e-039   [0.000004,0.000015,]
[18,8,]   178   0.00166163   -1.64559e-039   3.3931e-039   [0.000012,0.000013,]
[19,8,]   179   0.000545172   -3.14862e-039   4.21291e-039   [0.000019,0.000011,]
[0,9,]   180   0.000809729   -2.91298e-039   4.12182e-039   [0.000020,-0.000013,]
[1,9,]   181   0.00198586   -1.68685e-039   3.30201e-039   [-0.000008,-0.000014,]
[2,9,]   182   0.00578161   -7.03915e-040   2.57329e-039   [-0.000001,-0.000016,]
[3,9,]   183   0.0147232   5.65163e-041   1.93566e-039   [0.000001,-0.000018,]
[4,9,]   184   0.0299101   5.51824e-040   1.38912e-039   [0.000002,-0.000021,]
[5,9,]   185   0.047602   9.0234e-040   9.33673e-040   [0.000003,-0.000025,]
[6,9,]   186   0.0572021   9.12286e-040   5.69313e-040   [0.000006,-0.000033,]
[7,9,]   187   0.0500197   7.3011e-040   2.96043e-040   [0.000014,-0.000044,]
[8,9,]   188   0.0276654   -1.11311e-039   1.13863e-040   [0.000023,-0.000073,]
[9,9,]   189   0.00895659   -9.45107e-039   2.27725e-041   [0.000116,-0.000115,]
[10,9,]   190   0.00886325   -9.72387e-039   2.27725e-041   [0.000118,0.000113,]
[11,9,]   191   0.0299435   1.13541e-042   1.13863e-040   [0.000024,0.000072,]
[12,9,]   192   0.0513864   8.18742e-040   2.96043e-040   [0.000011,0.000045,]
[13,9,]   193   0.0585508   1.08649e-039   5.69313e-040   [0.000004,0.000032,]
[14,9,]   194   0.0479775   8.51516e-040   9.33673e-040   [0.000002,0.000025,]
[15,9,]   195   0.0301973   5.55274e-040   1.38912e-039   [0.000001,0.000021,]
[16,9,]   196   0.0149089   8.03263e-041   1.93566e-039   [0.000001,0.000018,]
[17,9,]   197   0.00585107   -5.85269e-040   2.57329e-039   [0.000002,0.000016,]
[18,9,]   198   0.00188915   -1.53619e-039   3.30201e-039   [0.000010,0.000013,]
[19,9,]   199   0.00060126   -3.06804e-039   4.12182e-039   [0.000018,0.000012,]
[0,10,]   200   0.000844907   -2.86978e-039   4.12182e-039   [0.000019,-0.000012,]
[1,10,]   201   0.00202495   -1.68732e-039   3.30201e-039   [-0.000010,-0.000013,]
[2,10,]   202   0.00586616   -6.86914e-040   2.57329e-039   [-0.000003,-0.000016,]
[3,10,]   203   0.0148962   7.21926e-041   1.93566e-039   [-0.000002,-0.000018,]
[4,10,]   204   0.0301822   5.54218e-040   1.38912e-039   [-0.000001,-0.000021,]
[5,10,]   205   0.0479762   8.52576e-040   9.33673e-040   [-0.000002,-0.000025,]
[6,10,]   206   0.0585506   1.08653e-039   5.69313e-040   [-0.000004,-0.000032,]
[7,10,]   207   0.0513866   8.18782e-040   2.96043e-040   [-0.000011,-0.000045,]
[8,10,]   208   0.0299435   1.11422e-042   1.13863e-040   [-0.000024,-0.000072,]
[9,10,]   209   0.00886325   -9.72387e-039   2.27725e-041   [-0.000118,-0.000113,]
[10,10,]   210   0.00895659   -9.45108e-039   2.27725e-041   [-0.000116,0.000115,]
[11,10,]   211   0.0276654   -1.11309e-039   1.13863e-040   [-0.000023,0.000073,]
[12,10,]   212   0.0500194   7.30065e-040   2.96043e-040   [-0.000014,0.000044,]
[13,10,]   213   0.0572023   9.1222e-040   5.69313e-040   [-0.000006,0.000033,]
[14,10,]   214   0.0476037   9.01317e-040   9.33673e-040   [-0.000003,0.000025,]
[15,10,]   215   0.0299253   5.52955e-040   1.38912e-039   [-0.000002,0.000021,]
[16,10,]   216   0.0147353   6.52954e-041   1.93566e-039   [-0.000001,0.000018,]
[17,10,]   217   0.00576407   -6.03926e-040   2.57329e-039   [0.000000,0.000016,]
[18,10,]   218   0.00185077   -1.53748e-039   3.30201e-039   [0.000009,0.000014,]
[19,10,]   219   0.000572809   -3.12465e-039   4.12182e-039   [0.000017,0.000013,]
[0,11,]   220   0.000766528   -2.93866e-039   4.21291e-039   [0.000018,-0.000011,]
[1,11,]   221   0.00178224   -1.79702e-039   3.3931e-039   [-0.000012,-0.000013,]
[2,11,]   222   0.00516915   -7.70025e-040   2.66438e-039   [-0.000005,-0.000015,]
[3,11,]   223   0.013247   -1.10694e-042   2.02675e-039   [-0.000004,-0.000017,]
[4,11,]   224   0.0272635   4.63258e-040   1.48021e-039   [-0.000005,-0.000020,]
[5,11,]   225   0.0448007   8.46066e-040   1.02476e-039   [-0.000007,-0.000023,]
[6,11,]   226   0.0575639   1.02097e-039   6.60403e-040   [-0.000012,-0.000028,]
[7,11,]   227   0.0564874   9.29635e-040   3.87133e-040   [-0.000019,-0.000034,]
[8,11,]   228   0.0420152   2.39157e-040   2.04953e-040   [-0.000035,-0.000037,]
[9,11,]   229   0.0269755   -1.30954e-039   1.13863e-040   [-0.000075,-0.000024,]
[10,11,]   230   0.0290633   -1.64449e-040   1.13863e-040   [-0.000074,0.000024,]
[11,11,]   231   0.0417455   2.66342e-040   2.04953e-040   [-0.000038,0.000034,]
[12,11,]   232   0.055538   9.32811e-040   3.87133e-040   [-0.000023,0.000034,]
[13,11,]   233   0.0562305   9.74963e-040   6.60403e-040   [-0.000012,0.000028,]
[14,11,]   234   0.043813   8.15015e-040   1.02476e-039   [-0.000008,0.000024,]
[15,11,]   235   0.0265492   4.2257e-040   1.48021e-039   [-0.000006,0.000020,]
[16,11,]   236   0.0128245   -3.69916e-041   2.02675e-039   [-0.000004,0.000017,]
[17,11,]   237   0.00494152   -7.24552e-040   2.66438e-039   [-0.000002,0.000015,]
[18,11,]   238   0.00156813   -1.63635e-039   3.3931e-039   [0.000008,0.000013,]
[19,11,]   239   0.000474571   -3.30115e-039   4.21291e-039   [0.000017,0.000014,]
[0,12,]   240   0.000599521   -3.12667e-039   4.39509e-039   [0.000016,-0.000010,]
[1,12,]   241   0.00134785   -2.01493e-039   3.57528e-039   [-0.000014,-0.000012,]
[2,12,]   242   0.00393809   -9.40435e-040   2.84656e-039   [-0.000007,-0.000014,]
[3,12,]   243   0.0102699   -1.70125e-040   2.20893e-039   [-0.000006,-0.000016,]
[4,12,]   244   0.0217405   3.11238e-040   1.66239e-039   [-0.000007,-0.000017,]
[5,12,]   245   0.0373385   6.58248e-040   1.20694e-039   [-0.000010,-0.000020,]
[6,12,]   246   0.0521034   9.39875e-040   8.42583e-040   [-0.000015,-0.000022,]
[7,12,]   247   0.0589991   1.0364e-039   5.69313e-040   [-0.000024,-0.000023,]
[8,12,]   248   0.0561302   9.93342e-040   3.87133e-040   [-0.000035,-0.000022,]
[9,12,]   249   0.0495534   7.26819e-040   2.96043e-040   [-0.000045,-0.000013,]
[10,12,]   250   0.0498685   6.72215e-040   2.96043e-040   [-0.000046,0.000010,]
[11,12,]   251   0.0556393   9.27589e-040   3.87133e-040   [-0.000035,0.000018,]
[12,12,]   252   0.0583448   1.02345e-039   5.69313e-040   [-0.000023,0.000023,]
[13,12,]   253   0.051298   9.3807e-040   8.42583e-040   [-0.000016,0.000022,]
[14,12,]   254   0.0365043   6.37531e-040   1.20694e-039   [-0.000011,0.000020,]
[15,12,]   255   0.0210037   2.53151e-040   1.66239e-039   [-0.000008,0.000018,]
[16,12,]   256   0.00980963   -2.27318e-040   2.20893e-039   [-0.000006,0.000016,]
[17,12,]   257   0.00369201   -9.16376e-040   2.84656e-039   [-0.000004,0.000014,]
[18,12,]   258   0.00115013   -1.84507e-039   3.57528e-039   [0.000008,0.000013,]
[19,12,]   259   0.000343605   -3.59464e-039   4.39509e-039   [0.000018,0.000014,]
[0,13,]   260   0.000400546   -3.42814e-039   4.66836e-039   [0.000015,-0.000008,]
[1,13,]   261   0.000871209   -2.33275e-039   3.84855e-039   [-0.000016,-0.000011,]
[2,13,]   262   0.00257409   -1.21454e-039   3.11983e-039   [-0.000008,-0.000013,]
[3,13,]   263   0.00687076   -4.23455e-040   2.4822e-039   [-0.000008,-0.000014,]
[4,13,]   264   0.0150256   5.08667e-041   1.93566e-039   [-0.000009,-0.000015,]
[5,13,]   265   0.0271319   4.33901e-040   1.48021e-039   [-0.000012,-0.000016,]
[6,13,]   266   0.0407411   7.02338e-040   1.11585e-039   [-0.000016,-0.000017,]
[7,13,]   267   0.0517539   9.38755e-040   8.42583e-040   [-0.000022,-0.000016,]
[8,13,]   268   0.0569472   1.02834e-039   6.60403e-040   [-0.000029,-0.000012,]
[9,13,]   269   0.0573331   9.69182e-040   5.69313e-040   [-0.000034,-0.000005,]
[10,13,]   270   0.0574519   1.01217e-039   5.69313e-040   [-0.000033,0.000003,]
[11,13,]   271   0.0568801   1.02277e-039   6.60403e-040   [-0.000028,0.000012,]
[12,13,]   272   0.0518244   9.66363e-040   8.42583e-040   [-0.000022,0.000015,]
[13,13,]   273   0.0405684   7.06856e-040   1.11585e-039   [-0.000016,0.000016,]
[14,13,]   274   0.0267502   4.29561e-040   1.48021e-039   [-0.000013,0.000016,]
[15,13,]   275   0.0145568   -7.1363e-042   1.93566e-039   [-0.000010,0.000015,]
[16,13,]   276   0.0065495   -4.77354e-040   2.4822e-039   [-0.000007,0.000014,]
[17,13,]   277   0.00239289   -1.19863e-039   3.11983e-039   [-0.000005,0.000013,]
[18,13,]   278   0.00072942   -2.14608e-039   3.84855e-039   [0.000008,0.000012,]
[19,13,]   279   0.000217086   -3.98465e-039   4.66836e-039   [0.000020,0.000013,]
[0,14,]   280   0.000226992   -3.83631e-039   5.03272e-039   [0.000015,-0.000007,]
[1,14,]   281   0.000478886   -2.74708e-039   4.21291e-039   [-0.000018,-0.000010,]
[2,14,]   282   0.00143465   -1.57758e-039   3.48419e-039   [-0.000010,-0.000011,]
[3,14,]   283   0.00392579   -7.75902e-040   2.84656e-039   [-0.000009,-0.000012,]
[4,14,]   284   0.00888106   -2.82561e-040   2.30002e-039   [-0.000010,-0.000013,]
[5,14,]   285   0.0167719   9.66031e-041   1.84457e-039   [-0.000012,-0.000013,]
[6,14,]   286   0.0267902   4.08421e-040   1.48021e-039   [-0.000016,-0.000013,]
[7,14,]   287   0.0367154   6.20409e-040   1.20694e-039   [-0.000020,-0.000011,]
[8,14,]   288   0.0443033   8.44007e-040   1.02476e-039   [-0.000024,-0.000008,]
[9,14,]   289   0.047882   9.51136e-040   9.33673e-040   [-0.000026,-0.000003,]
[10,14,]   290   0.047422   8.03388e-040   9.33673e-040   [-0.000026,0.000003,]
[11,14,]   291   0.0444355   8.46924e-040   1.02476e-039   [-0.000023,0.000007,]
[12,14,]   292   0.0372869   6.91279e-040   1.20694e-039   [-0.000020,0.000010,]
[13,14,]   293   0.0271073   4.41513e-040   1.48021e-039   [-0.000016,0.000012,]
[14,14,]   294   0.0167909   1.16333e-040   1.84457e-039   [-0.000013,0.000012,]
[15,14,]   295   0.00871192   -3.20809e-040   2.30002e-039   [-0.000011,0.000012,]
[16,14,]   296   0.00377399   -8.16825e-040   2.84656e-039   [-0.000008,0.000012,]
[17,14,]   297   0.00133781   -1.55365e-039   3.48419e-039   [-0.000005,0.000011,]
[18,14,]   298   0.000398504   -2.53982e-039   4.21291e-039   [0.000008,0.000011,]
[19,14,]   299   0.000119122   -4.45983e-039   5.03272e-039   [0.000021,0.000013,]
[0,15,]   300   0.000108415   -4.35106e-039   5.48817e-039   [0.000014,-0.000007,]
[1,15,]   301   0.000222715   -3.25876e-039   4.66836e-039   [-0.000020,-0.000009,]
[2,15,]   302   0.000677142   -2.04359e-039   3.93964e-039   [-0.000010,-0.000010,]
[3,15,]   303   0.00189948   -1.22432e-039   3.30201e-039   [-0.000009,-0.000010,]
[4,15,]   304   0.00443279   -7.28035e-040   2.75547e-039   [-0.000010,-0.000011,]
[5,15,]   305   0.00871257   -3.22787e-040   2.30002e-039   [-0.000012,-0.000011,]
[6,15,]   306   0.0145909   -7.90449e-042   1.93566e-039   [-0.000015,-0.000010,]
[7,15,]   307   0.0211174   2.46315e-040   1.66239e-039   [-0.000018,-0.000008,]
[8,15,]   308   0.0268175   4.49007e-040   1.48021e-039   [-0.000020,-0.000006,]
[9,15,]   309   0.0300978   5.83876e-040   1.38912e-039   [-0.000022,-0.000002,]
[10,15,]   310   0.0299609   5.23042e-040   1.38912e-039   [-0.000021,0.000001,]
[11,15,]   311   0.0270867   4.52944e-040   1.48021e-039   [-0.000020,0.000005,]
[12,15,]   312   0.0217365   3.36894e-040   1.66239e-039   [-0.000018,0.000007,]
[13,15,]   313   0.0150231   4.89941e-041   1.93566e-039   [-0.000015,0.000009,]
[14,15,]   314   0.0088952   -2.71556e-040   2.30002e-039   [-0.000013,0.000010,]
[15,15,]   315   0.00443449   -7.32715e-040   2.75547e-039   [-0.000011,0.000010,]
[16,15,]   316   0.00185844   -1.23469e-039   3.30201e-039   [-0.000008,0.000010,]
[17,15,]   317   0.000640206   -1.99432e-039   3.93964e-039   [-0.000006,0.000010,]
[18,15,]   318   0.00018656   -3.01914e-039   4.66836e-039   [0.000009,0.000010,]
[19,15,]   319   5.63146e-005   -5.012e-039   5.48817e-039   [0.000023,0.000012,]
[0,16,]   320   4.34783e-005   -4.93861e-039   6.03471e-039   [0.000014,-0.000005,]
[1,16,]   321   8.73228e-005   -3.83666e-039   5.2149e-039   [-0.000021,-0.000008,]
[2,16,]   322   0.000269509   -2.57653e-039   4.48618e-039   [-0.000011,-0.000008,]
[3,16,]   323   0.000773798   -1.74457e-039   3.84855e-039   [-0.000009,-0.000008,]
[4,16,]   324   0.00185714   -1.23756e-039   3.30201e-039   [-0.000010,-0.000008,]
[5,16,]   325   0.00377273   -8.25922e-040   2.84656e-039   [-0.000012,-0.000008,]
[6,16,]   326   0.00655961   -4.85983e-040   2.4822e-039   [-0.000014,-0.000007,]
[7,16,]   327   0.00984913   -2.40886e-040   2.20893e-039   [-0.000016,-0.000006,]
[8,16,]   328   0.0129292   -2.19674e-041   2.02675e-039   [-0.000018,-0.000004,]
[9,16,]   329   0.0148061   8.74739e-041   1.93566e-039   [-0.000018,-0.000001,]
[10,16,]   330   0.0148116   4.89447e-041   1.93566e-039   [-0.000018,0.000001,]
[11,16,]   331   0.0131757   -5.09359e-042   2.02675e-039   [-0.000017,0.000004,]
[12,16,]   332   0.0102713   -1.44057e-040   2.20893e-039   [-0.000016,0.000006,]
[13,16,]   333   0.00687251   -4.19268e-040   2.4822e-039   [-0.000014,0.000007,]
[14,16,]   334   0.00393292   -7.60968e-040   2.84656e-039   [-0.000012,0.000008,]
[15,16,]   335   0.00190098   -1.2225e-039   3.30201e-039   [-0.000010,0.000009,]
[16,16,]   336   0.000774616   -1.73625e-039   3.84855e-039   [-0.000008,0.000009,]
[17,16,]   337   0.000260241   -2.50942e-039   4.48618e-039   [-0.000006,0.000009,]
[18,16,]   338   7.43353e-005   -3.57665e-039   5.2149e-039   [0.000010,0.000009,]
[19,16,]   339   2.27261e-005   -5.63295e-039   6.03471e-039   [0.000025,0.000011,]
[0,17,]   340   1.4359e-005   -5.78561e-039   6.67234e-039   [0.000014,-0.000003,]
[1,17,]   341   2.82847e-005   -4.67468e-039   5.85253e-039   [-0.000023,-0.000005,]
[2,17,]   342   8.86053e-005   -3.36803e-039   5.12381e-039   [-0.000011,-0.000006,]
[3,17,]   343   0.000260027   -2.51464e-039   4.48618e-039   [-0.000009,-0.000006,]
[4,17,]   344   0.000639928   -1.99353e-039   3.93964e-039   [-0.000010,-0.000006,]
[5,17,]   345   0.00133771   -1.55818e-039   3.48419e-039   [-0.000011,-0.000005,]
[6,17,]   346   0.0023967   -1.2016e-039   3.11983e-039   [-0.000013,-0.000005,]
[7,17,]   347   0.00370535   -9.25351e-040   2.84656e-039   [-0.000014,-0.000004,]
[8,17,]   348   0.00497753   -7.07555e-040   2.66438e-039   [-0.000016,-0.000002,]
[9,17,]   349   0.00578826   -5.84837e-040   2.57329e-039   [-0.000016,0.000000,]
[10,17,]   350   0.00581832   -6.11077e-040   2.57329e-039   [-0.000016,0.000002,]
[11,17,]   351   0.00512766   -6.77642e-040   2.66438e-039   [-0.000015,0.000004,]
[12,17,]   352   0.00392648   -8.15533e-040   2.84656e-039   [-0.000014,0.000006,]
[13,17,]   353   0.00256726   -1.10382e-039   3.11983e-039   [-0.000013,0.000008,]
[14,17,]   354   0.00143304   -1.4513e-039   3.48419e-039   [-0.000011,0.000009,]
[15,17,]   355   0.000675815   -1.9236e-039   3.93964e-039   [-0.000010,0.000010,]
[16,17,]   356   0.000269057   -2.44549e-039   4.48618e-039   [-0.000008,0.000010,]
[17,17,]   357   8.84401e-005   -3.23513e-039   5.12381e-039   [-0.000006,0.000010,]
[18,17,]   358   2.48154e-005   -4.34538e-039   5.85253e-039   [0.000011,0.000011,]
[19,17,]   359   7.6952e-006   -6.45363e-039   6.67234e-039   [0.000027,0.000012,]
[0,18,]   360   4.04412e-006   -6.98281e-039   7.40106e-039   [0.000013,0.000013,]
[1,18,]   361   7.83728e-006   -5.86062e-039   6.58125e-039   [-0.000024,0.000012,]
[2,18,]   362   2.48589e-005   -4.48502e-039   5.85253e-039   [-0.000012,0.000011,]
[3,18,]   363   7.42657e-005   -3.58398e-039   5.2149e-039   [-0.000010,0.000010,]
[4,18,]   364   0.000186455   -3.02066e-039   4.66836e-039   [-0.000010,0.000009,]
[5,18,]   365   0.000398406   -2.5462e-039   4.21291e-039   [-0.000011,0.000008,]
[6,18,]   366   0.00073032   -2.15144e-039   3.84855e-039   [-0.000012,0.000008,]
[7,18,]   367   0.00115358   -1.85643e-039   3.57528e-039   [-0.000013,0.000008,]
[8,18,]   368   0.00157819   -1.62418e-039   3.3931e-039   [-0.000014,0.000008,]
[9,18,]   369   0.00185782   -1.52053e-039   3.30201e-039   [-0.000014,0.000009,]
[10,18,]   370   0.00187983   -1.55846e-039   3.30201e-039   [-0.000014,0.000010,]
[11,18,]   371   0.00165287   -1.65557e-039   3.3931e-039   [-0.000013,0.000012,]
[12,18,]   372   0.00125286   -1.84963e-039   3.57528e-039   [-0.000012,0.000014,]
[13,18,]   373   0.000807567   -2.18343e-039   3.84855e-039   [-0.000011,0.000016,]
[14,18,]   374   0.000442912   -2.58868e-039   4.21291e-039   [-0.000010,0.000018,]
[15,18,]   375   0.000205062   -3.10958e-039   4.66836e-039   [-0.000009,0.000020,]
[16,18,]   376   8.01245e-005   -3.68125e-039   5.2149e-039   [-0.000008,0.000021,]
[17,18,]   377   2.58582e-005   -4.52065e-039   5.85253e-039   [-0.000005,0.000023,]
[18,18,]   378   7.14184e-006   -5.70685e-039   6.58125e-039   [0.000012,0.000024,]
[19,18,]   379   2.24594e-006   -7.86447e-039   7.40106e-039   [0.000029,0.000025,]
[0,19,]   380   1.28933e-006   -8.99485e-039   8.22087e-039   [0.000013,0.000029,]
[1,19,]   381   2.46767e-006   -8.00696e-039   7.40106e-039   [-0.000025,0.000029,]
[2,19,]   382   7.71064e-006   -6.59548e-039   6.67234e-039   [-0.000013,0.000027,]
[3,19,]   383   2.27067e-005   -5.64088e-039   6.03471e-039   [-0.000012,0.000025,]
[4,19,]   384   5.62853e-005   -5.01404e-039   5.48817e-039   [-0.000012,0.000023,]
[5,19,]   385   0.000119096   -4.46682e-039   5.03272e-039   [-0.000013,0.000021,]
[6,19,]   386   0.00021735   -3.99218e-039   4.66836e-039   [-0.000013,0.000020,]
[7,19,]   387   0.000344663   -3.60954e-039   4.39509e-039   [-0.000014,0.000018,]
[8,19,]   388   0.000477784   -3.29194e-039   4.21291e-039   [-0.000014,0.000017,]
[9,19,]   389   0.000575197   -3.10829e-039   4.12182e-039   [-0.000013,0.000017,]
[10,19,]   390   0.000598424   -3.08727e-039   4.12182e-039   [-0.000012,0.000018,]
[11,19,]   391   0.000542374   -3.15684e-039   4.21291e-039   [-0.000011,0.000019,]
[12,19,]   392   0.000423315   -3.35566e-039   4.39509e-039   [-0.000010,0.000022,]
[13,19,]   393   0.000279799   -3.71994e-039   4.66836e-039   [-0.000009,0.000024,]
[14,19,]   394   0.000156611   -4.17475e-039   5.03272e-039   [-0.000008,0.000026,]
[15,19,]   395   7.36539e-005   -4.75388e-039   5.48817e-039   [-0.000007,0.000029,]
[16,19,]   396   2.91117e-005   -5.39141e-039   6.03471e-039   [-0.000005,0.000031,]
[17,19,]   397   9.47857e-006   -6.2925e-039   6.67234e-039   [-0.000003,0.000033,]
[18,19,]   398   2.63448e-006   -7.54965e-039   7.40106e-039   [0.000013,0.000035,]
[19,19,]   399   8.37853e-007   -9.60171e-039   8.22087e-039   [0.000029,0.000036,]
