coordinates  index   rho      Q      V    velocities 
[0,0,]   0   6.41445e-007   -9.28655e-039   8.22087e-039   [0.000015,0.000003,]
[1,0,]   1   2.36069e-006   -7.02054e-039   7.40106e-039   [-0.000003,0.000003,]
[2,0,]   2   8.32706e-006   -6.08713e-039   6.67234e-039   [0.000006,0.000003,]
[3,0,]   3   2.5171e-005   -5.27906e-039   6.03471e-039   [0.000007,0.000003,]
[4,0,]   4   6.37676e-005   -4.63362e-039   5.48817e-039   [0.000008,0.000003,]
[5,0,]   5   0.000136413   -4.07137e-039   5.03272e-039   [0.000009,0.000004,]
[6,0,]   6   0.000247137   -3.60804e-039   4.66836e-039   [0.000010,0.000005,]
[7,0,]   7   0.00038086   -3.23969e-039   4.39509e-039   [0.000010,0.000006,]
[8,0,]   8   0.000500359   -3.00741e-039   4.21291e-039   [0.000011,0.000007,]
[9,0,]   9   0.000566064   -2.8903e-039   4.12182e-039   [0.000012,0.000008,]
[10,0,]   10   0.000554409   -2.88087e-039   4.12182e-039   [0.000013,0.000009,]
[11,0,]   11   0.000467666   -3.02431e-039   4.21291e-039   [0.000013,0.000011,]
[12,0,]   12   0.000340174   -3.2992e-039   4.39509e-039   [0.000012,0.000012,]
[13,0,]   13   0.000214043   -3.66507e-039   4.66836e-039   [0.000012,0.000013,]
[14,0,]   14   0.000115894   -4.13591e-039   5.03272e-039   [0.000011,0.000013,]
[15,0,]   15   5.37527e-005   -4.69607e-039   5.48817e-039   [0.000010,0.000014,]
[16,0,]   16   2.12513e-005   -5.3347e-039   6.03471e-039   [0.000010,0.000014,]
[17,0,]   17   7.10036e-006   -6.09678e-039   6.67234e-039   [0.000009,0.000015,]
[18,0,]   18   2.0123e-006   -7.17639e-039   7.40106e-039   [0.000016,0.000015,]
[19,0,]   19   5.72457e-007   -9.43356e-039   8.22087e-039   [0.000023,0.000015,]
[0,1,]   20   2.04566e-006   -7.23868e-039   7.40106e-039   [0.000015,-0.000016,]
[1,1,]   21   7.64831e-006   -4.95464e-039   6.58125e-039   [-0.000002,-0.000015,]
[2,1,]   22   2.69589e-005   -4.11517e-039   5.85253e-039   [0.000007,-0.000015,]
[3,1,]   23   8.14291e-005   -3.39274e-039   5.2149e-039   [0.000008,-0.000014,]
[4,1,]   24   0.000206469   -2.83351e-039   4.66836e-039   [0.000010,-0.000013,]
[5,1,]   25   0.000443034   -2.3572e-039   4.21291e-039   [0.000011,-0.000012,]
[6,1,]   26   0.000807277   -1.97446e-039   3.84855e-039   [0.000012,-0.000010,]
[7,1,]   27   0.00125523   -1.67246e-039   3.57528e-039   [0.000013,-0.000009,]
[8,1,]   28   0.00166898   -1.48682e-039   3.3931e-039   [0.000013,-0.000007,]
[9,1,]   29   0.00191648   -1.38459e-039   3.30201e-039   [0.000014,-0.000005,]
[10,1,]   30   0.00190942   -1.3492e-039   3.30201e-039   [0.000014,-0.000003,]
[11,1,]   31   0.00163926   -1.43439e-039   3.3931e-039   [0.000013,-0.000002,]
[12,1,]   32   0.0012122   -1.62599e-039   3.57528e-039   [0.000013,-0.000001,]
[13,1,]   33   0.000773914   -1.88846e-039   3.84855e-039   [0.000012,-0.000000,]
[14,1,]   34   0.000424073   -2.24845e-039   4.21291e-039   [0.000011,-0.000000,]
[15,1,]   35   0.000198501   -2.69965e-039   4.66836e-039   [0.000010,-0.000000,]
[16,1,]   36   7.89935e-005   -3.23773e-039   5.2149e-039   [0.000009,-0.000001,]
[17,1,]   37   2.65075e-005   -3.90906e-039   5.85253e-039   [0.000008,-0.000001,]
[18,1,]   38   7.53031e-006   -4.89193e-039   6.58125e-039   [0.000015,-0.000002,]
[19,1,]   39   2.11813e-006   -7.13324e-039   7.40106e-039   [0.000022,-0.000003,]
[0,2,]   40   7.09964e-006   -6.12376e-039   6.67234e-039   [0.000015,-0.000009,]
[1,2,]   41   2.65045e-005   -3.93474e-039   5.85253e-039   [-0.000001,-0.000008,]
[2,2,]   42   9.20518e-005   -3.12573e-039   5.12381e-039   [0.000007,-0.000008,]
[3,2,]   43   0.000273334   -2.42627e-039   4.48618e-039   [0.000009,-0.000008,]
[4,2,]   44   0.000680639   -1.88975e-039   3.93964e-039   [0.000010,-0.000008,]
[5,2,]   45   0.00143345   -1.43893e-039   3.48419e-039   [0.000011,-0.000007,]
[6,2,]   46   0.00256476   -1.08417e-039   3.11983e-039   [0.000013,-0.000006,]
[7,2,]   47   0.00392416   -8.09839e-040   2.84656e-039   [0.000014,-0.000005,]
[8,2,]   48   0.00515365   -6.54839e-040   2.66438e-039   [0.000015,-0.000003,]
[9,2,]   49   0.00588276   -5.80233e-040   2.57329e-039   [0.000016,-0.000001,]
[10,2,]   50   0.00587299   -5.63958e-040   2.57329e-039   [0.000016,0.000001,]
[11,2,]   51   0.00508748   -6.65955e-040   2.66438e-039   [0.000015,0.000003,]
[12,2,]   52   0.00381809   -8.67899e-040   2.84656e-039   [0.000014,0.000005,]
[13,2,]   53   0.00248448   -1.1303e-039   3.11983e-039   [0.000013,0.000006,]
[14,2,]   54   0.00139012   -1.48348e-039   3.48419e-039   [0.000011,0.000007,]
[15,2,]   55   0.00066436   -1.92295e-039   3.93964e-039   [0.000010,0.000007,]
[16,2,]   56   0.000269564   -2.44682e-039   4.48618e-039   [0.000009,0.000007,]
[17,2,]   57   9.20623e-005   -3.10082e-039   5.12381e-039   [0.000008,0.000007,]
[18,2,]   58   2.65579e-005   -4.05505e-039   5.85253e-039   [0.000014,0.000007,]
[19,2,]   59   7.50418e-006   -6.18878e-039   6.67234e-039   [0.000021,0.000006,]
[0,3,]   60   2.12489e-005   -5.33475e-039   6.03471e-039   [0.000014,-0.000010,]
[1,3,]   61   7.89854e-005   -3.23776e-039   5.2149e-039   [-0.000001,-0.000009,]
[2,3,]   62   0.000269535   -2.4469e-039   4.48618e-039   [0.000007,-0.000009,]
[3,3,]   63   0.000783771   -1.75828e-039   3.84855e-039   [0.000009,-0.000009,]
[4,3,]   64   0.00190713   -1.22982e-039   3.30201e-039   [0.000010,-0.000009,]
[5,3,]   65   0.00391735   -7.87234e-040   2.84656e-039   [0.000012,-0.000008,]
[6,3,]   66   0.00683146   -4.40502e-040   2.4822e-039   [0.000014,-0.000007,]
[7,3,]   67   0.0102055   -1.7123e-040   2.20893e-039   [0.000016,-0.000006,]
[8,3,]   68   0.0131474   -2.25816e-041   2.02675e-039   [0.000017,-0.000004,]
[9,3,]   69   0.0148561   4.84876e-041   1.93566e-039   [0.000018,-0.000001,]
[10,3,]   70   0.0148596   6.89161e-041   1.93566e-039   [0.000018,0.000001,]
[11,3,]   71   0.0130358   -2.8465e-041   2.02675e-039   [0.000017,0.000004,]
[12,3,]   72   0.00999224   -2.25357e-040   2.20893e-039   [0.000016,0.000006,]
[13,3,]   73   0.00667724   -4.76109e-040   2.4822e-039   [0.000014,0.000007,]
[14,3,]   74   0.00384232   -8.16907e-040   2.84656e-039   [0.000012,0.000008,]
[15,3,]   75   0.00188611   -1.24439e-039   3.30201e-039   [0.000010,0.000009,]
[16,3,]   76   0.000783859   -1.75827e-039   3.84855e-039   [0.000009,0.000009,]
[17,3,]   77   0.000273363   -2.40224e-039   4.48618e-039   [0.000008,0.000009,]
[18,3,]   78   8.02646e-005   -3.33486e-039   5.2149e-039   [0.000014,0.000008,]
[19,3,]   79   2.27865e-005   -5.36715e-039   6.03471e-039   [0.000019,0.000007,]
[0,4,]   80   5.37479e-005   -4.69613e-039   5.48817e-039   [0.000014,-0.000010,]
[1,4,]   81   0.000198485   -2.69973e-039   4.66836e-039   [-0.000000,-0.000010,]
[2,4,]   82   0.000664301   -1.92307e-039   3.93964e-039   [0.000007,-0.000010,]
[3,4,]   83   0.00188593   -1.24441e-039   3.30201e-039   [0.000009,-0.000010,]
[4,4,]   84   0.00446337   -7.23301e-040   2.75547e-039   [0.000011,-0.000010,]
[5,4,]   85   0.00888173   -2.89015e-040   2.30002e-039   [0.000013,-0.000010,]
[6,4,]   86   0.0149624   4.82803e-041   1.93566e-039   [0.000015,-0.000009,]
[7,4,]   87   0.0215989   3.11814e-040   1.66239e-039   [0.000017,-0.000008,]
[8,4,]   88   0.0270193   4.50414e-040   1.48021e-039   [0.000020,-0.000005,]
[9,4,]   89   0.0300376   5.21095e-040   1.38912e-039   [0.000022,-0.000002,]
[10,4,]   90   0.0301119   5.49434e-040   1.38912e-039   [0.000022,0.000002,]
[11,4,]   91   0.0269102   4.503e-040   1.48021e-039   [0.000020,0.000005,]
[12,4,]   92   0.0212739   2.60645e-040   1.66239e-039   [0.000018,0.000008,]
[13,4,]   93   0.0147475   2.23708e-041   1.93566e-039   [0.000015,0.000010,]
[14,4,]   94   0.00880105   -3.05693e-040   2.30002e-039   [0.000012,0.000010,]
[15,4,]   95   0.00446389   -7.22821e-040   2.75547e-039   [0.000010,0.000011,]
[16,4,]   96   0.00190739   -1.22938e-039   3.30201e-039   [0.000009,0.000010,]
[17,4,]   97   0.000680715   -1.86627e-039   3.93964e-039   [0.000008,0.000010,]
[18,4,]   98   0.000203647   -2.77756e-039   4.66836e-039   [0.000013,0.000010,]
[19,4,]   99   5.80042e-005   -4.70698e-039   5.48817e-039   [0.000018,0.000008,]
[0,5,]   100   0.000115889   -4.13499e-039   5.03272e-039   [0.000013,-0.000011,]
[1,5,]   101   0.000424055   -2.24748e-039   4.21291e-039   [-0.000000,-0.000011,]
[2,5,]   102   0.00139005   -1.48246e-039   3.48419e-039   [0.000007,-0.000011,]
[3,5,]   103   0.0038421   -8.1566e-040   2.84656e-039   [0.000008,-0.000012,]
[4,5,]   104   0.00880029   -3.04839e-040   2.30002e-039   [0.000010,-0.000012,]
[5,5,]   105   0.0168263   1.15589e-040   1.84457e-039   [0.000013,-0.000013,]
[6,5,]   106   0.0270455   4.35623e-040   1.48021e-039   [0.000016,-0.000012,]
[7,5,]   107   0.0371086   6.81241e-040   1.20694e-039   [0.000020,-0.000011,]
[8,5,]   108   0.044281   8.02339e-040   1.02476e-039   [0.000023,-0.000007,]
[9,5,]   109   0.0478162   8.63419e-040   9.33673e-040   [0.000026,-0.000003,]
[10,5,]   110   0.0480637   8.99092e-040   9.33673e-040   [0.000027,0.000003,]
[11,5,]   111   0.0443153   8.11437e-040   1.02476e-039   [0.000024,0.000008,]
[12,5,]   112   0.0367684   6.33735e-040   1.20694e-039   [0.000020,0.000011,]
[13,5,]   113   0.0268723   4.21534e-040   1.48021e-039   [0.000016,0.000013,]
[14,5,]   114   0.0168262   1.12941e-040   1.84457e-039   [0.000013,0.000013,]
[15,5,]   115   0.00888208   -2.89987e-040   2.30002e-039   [0.000010,0.000013,]
[16,5,]   116   0.0039176   -7.88049e-040   2.84656e-039   [0.000008,0.000012,]
[17,5,]   117   0.00143351   -1.41758e-039   3.48419e-039   [0.000007,0.000011,]
[18,5,]   118   0.000437241   -2.30452e-039   4.21291e-039   [0.000012,0.000011,]
[19,5,]   119   0.000124686   -4.13069e-039   5.03272e-039   [0.000016,0.000009,]
[0,6,]   120   0.000213997   -3.6635e-039   4.66836e-039   [0.000013,-0.000012,]
[1,6,]   121   0.000773726   -1.887e-039   3.84855e-039   [-0.000000,-0.000012,]
[2,6,]   122   0.00248379   -1.12863e-039   3.11983e-039   [0.000006,-0.000013,]
[3,6,]   123   0.00667511   -4.73997e-040   2.4822e-039   [0.000007,-0.000014,]
[4,6,]   124   0.0147417   2.42958e-041   1.93566e-039   [0.000010,-0.000015,]
[5,6,]   125   0.0268631   4.25928e-040   1.48021e-039   [0.000013,-0.000016,]
[6,6,]   126   0.0405663   7.13322e-040   1.11585e-039   [0.000017,-0.000016,]
[7,6,]   127   0.0516163   9.27576e-040   8.42583e-040   [0.000022,-0.000015,]
[8,6,]   128   0.0568248   9.85735e-040   6.60403e-040   [0.000028,-0.000012,]
[9,6,]   129   0.0579681   1.03223e-039   5.69313e-040   [0.000033,-0.000005,]
[10,6,]   130   0.0585323   1.11358e-039   5.69313e-040   [0.000034,0.000004,]
[11,6,]   131   0.0571371   1.00727e-039   6.60403e-040   [0.000029,0.000012,]
[12,6,]   132   0.0514377   8.84159e-040   8.42583e-040   [0.000022,0.000016,]
[13,6,]   133   0.0405958   7.11349e-040   1.11585e-039   [0.000016,0.000017,]
[14,6,]   134   0.0270528   4.35029e-040   1.48021e-039   [0.000012,0.000016,]
[15,6,]   135   0.0149665   4.90262e-041   1.93566e-039   [0.000009,0.000015,]
[16,6,]   136   0.00683331   -4.39929e-040   2.4822e-039   [0.000007,0.000014,]
[17,6,]   137   0.00256529   -1.06275e-039   3.11983e-039   [0.000006,0.000013,]
[18,6,]   138   0.00079737   -1.92294e-039   3.84855e-039   [0.000010,0.000012,]
[19,6,]   139   0.000226983   -3.65205e-039   4.66836e-039   [0.000014,0.000010,]
[0,7,]   140   0.000339957   -3.29071e-039   4.39509e-039   [0.000012,-0.000012,]
[1,7,]   141   0.00121134   -1.61803e-039   3.57528e-039   [-0.000001,-0.000013,]
[2,7,]   142   0.00381494   -8.59268e-040   2.84656e-039   [0.000005,-0.000014,]
[3,7,]   143   0.0099825   -2.15675e-040   2.20893e-039   [0.000006,-0.000016,]
[4,7,]   144   0.0212482   2.70774e-040   1.66239e-039   [0.000008,-0.000017,]
[5,7,]   145   0.0367178   6.47143e-040   1.20694e-039   [0.000011,-0.000020,]
[6,7,]   146   0.0513284   8.94243e-040   8.42583e-040   [0.000016,-0.000022,]
[7,7,]   147   0.0584749   1.01714e-039   5.69313e-040   [0.000023,-0.000023,]
[8,7,]   148   0.0559949   9.89877e-040   3.87133e-040   [0.000034,-0.000020,]
[9,7,]   149   0.0498906   6.98482e-040   2.96043e-040   [0.000046,-0.000008,]
[10,7,]   150   0.0504294   8.41008e-040   2.96043e-040   [0.000046,0.000009,]
[11,7,]   151   0.056379   9.81774e-040   3.87133e-040   [0.000035,0.000021,]
[12,7,]   152   0.0585996   9.85932e-040   5.69313e-040   [0.000023,0.000023,]
[13,7,]   153   0.0516427   9.04524e-040   8.42583e-040   [0.000015,0.000022,]
[14,7,]   154   0.0371136   6.6384e-040   1.20694e-039   [0.000011,0.000020,]
[15,7,]   155   0.0216037   2.98593e-040   1.66239e-039   [0.000008,0.000017,]
[16,7,]   156   0.0102084   -1.82446e-040   2.20893e-039   [0.000006,0.000016,]
[17,7,]   157   0.00392503   -7.99663e-040   2.84656e-039   [0.000005,0.000014,]
[18,7,]   158   0.00124061   -1.63169e-039   3.57528e-039   [0.000008,0.000012,]
[19,7,]   159   0.000351226   -3.27905e-039   4.39509e-039   [0.000012,0.000010,]
[0,8,]   160   0.000466273   -3.029e-039   4.21291e-039   [0.000011,-0.000013,]
[1,8,]   161   0.00163415   -1.44176e-039   3.3931e-039   [-0.000002,-0.000013,]
[2,8,]   162   0.00506966   -6.74661e-040   2.66438e-039   [0.000003,-0.000015,]
[3,8,]   163   0.0129837   -3.84029e-041   2.02675e-039   [0.000004,-0.000017,]
[4,8,]   164   0.0267838   4.3788e-040   1.48021e-039   [0.000006,-0.000020,]
[5,8,]   165   0.0440723   7.98452e-040   1.02476e-039   [0.000008,-0.000023,]
[6,8,]   166   0.0567358   9.82636e-040   6.60403e-040   [0.000012,-0.000028,]
[7,8,]   167   0.0559721   9.69163e-040   3.87133e-040   [0.000021,-0.000034,]
[8,8,]   168   0.0418594   4.33557e-040   2.04953e-040   [0.000039,-0.000038,]
[9,8,]   169   0.0275311   -6.64519e-040   1.13863e-040   [0.000071,-0.000016,]
[10,8,]   170   0.0270859   -1.03129e-039   1.13863e-040   [0.000072,0.000029,]
[11,8,]   171   0.0423974   4.68488e-040   2.04953e-040   [0.000040,0.000039,]
[12,8,]   172   0.0565013   9.95605e-040   3.87133e-040   [0.000020,0.000034,]
[13,8,]   173   0.0571772   9.94897e-040   6.60403e-040   [0.000012,0.000028,]
[14,8,]   174   0.044493   8.11568e-040   1.02476e-039   [0.000007,0.000023,]
[15,8,]   175   0.0271308   4.60022e-040   1.48021e-039   [0.000005,0.000020,]
[16,8,]   176   0.0131951   -1.398e-041   2.02675e-039   [0.000004,0.000017,]
[17,8,]   177   0.00516974   -6.28018e-040   2.66438e-039   [0.000003,0.000015,]
[18,8,]   178   0.00165455   -1.43172e-039   3.3931e-039   [0.000007,0.000013,]
[19,8,]   179   0.00046387   -3.02342e-039   4.21291e-039   [0.000010,0.000011,]
[0,9,]   180   0.000553146   -2.89022e-039   4.12182e-039   [0.000009,-0.000012,]
[1,9,]   181   0.00190516   -1.35977e-039   3.30201e-039   [-0.000003,-0.000014,]
[2,9,]   182   0.00585845   -5.76161e-040   2.57329e-039   [0.000001,-0.000015,]
[3,9,]   183   0.0148179   5.50783e-041   1.93566e-039   [0.000001,-0.000018,]
[4,9,]   184   0.0300128   5.3275e-040   1.38912e-039   [0.000002,-0.000021,]
[5,9,]   185   0.0478754   8.78327e-040   9.33673e-040   [0.000003,-0.000025,]
[6,9,]   186   0.058249   1.07783e-039   5.69313e-040   [0.000005,-0.000033,]
[7,9,]   187   0.0502508   7.92231e-040   2.96043e-040   [0.000009,-0.000044,]
[8,9,]   188   0.027129   -1.01002e-039   1.13863e-040   [0.000030,-0.000069,]
[9,9,]   189   0.00796168   -1.04775e-038   2.27725e-041   [0.000126,-0.000111,]
[10,9,]   190   0.00805032   -1.03565e-038   2.27725e-041   [0.000115,0.000123,]
[11,9,]   191   0.0282575   -4.67336e-040   1.13863e-040   [0.000018,0.000069,]
[12,9,]   192   0.0505938   7.63763e-040   2.96043e-040   [0.000008,0.000044,]
[13,9,]   193   0.0583754   1.05688e-039   5.69313e-040   [0.000004,0.000032,]
[14,9,]   194   0.048052   8.86141e-040   9.33673e-040   [0.000003,0.000025,]
[15,9,]   195   0.0301569   5.40325e-040   1.38912e-039   [0.000002,0.000021,]
[16,9,]   196   0.0149063   6.50088e-041   1.93566e-039   [0.000001,0.000018,]
[17,9,]   197   0.0058991   -5.4761e-040   2.57329e-039   [0.000001,0.000015,]
[18,9,]   198   0.00189966   -1.32464e-039   3.30201e-039   [0.000005,0.000014,]
[19,9,]   199   0.000525166   -2.89677e-039   4.12182e-039   [0.000009,0.000012,]
[0,10,]   200   0.000567306   -2.88124e-039   4.12182e-039   [0.000008,-0.000012,]
[1,10,]   201   0.00192126   -1.37266e-039   3.30201e-039   [-0.000005,-0.000014,]
[2,10,]   202   0.00589958   -5.66538e-040   2.57329e-039   [-0.000001,-0.000015,]
[3,10,]   203   0.0149056   6.46738e-041   1.93566e-039   [-0.000001,-0.000018,]
[4,10,]   204   0.0301563   5.40301e-040   1.38912e-039   [-0.000002,-0.000021,]
[5,10,]   205   0.048052   8.86187e-040   9.33673e-040   [-0.000003,-0.000025,]
[6,10,]   206   0.0583754   1.05688e-039   5.69313e-040   [-0.000004,-0.000032,]
[7,10,]   207   0.0505938   7.63763e-040   2.96043e-040   [-0.000008,-0.000044,]
[8,10,]   208   0.0282575   -4.67336e-040   1.13863e-040   [-0.000018,-0.000069,]
[9,10,]   209   0.00805032   -1.03565e-038   2.27725e-041   [-0.000115,-0.000123,]
[10,10,]   210   0.00796168   -1.04775e-038   2.27725e-041   [-0.000126,0.000111,]
[11,10,]   211   0.027129   -1.01002e-039   1.13863e-040   [-0.000030,0.000069,]
[12,10,]   212   0.0502508   7.92231e-040   2.96043e-040   [-0.000009,0.000044,]
[13,10,]   213   0.058249   1.07783e-039   5.69313e-040   [-0.000005,0.000033,]
[14,10,]   214   0.0478754   8.78282e-040   9.33673e-040   [-0.000003,0.000025,]
[15,10,]   215   0.0300134   5.32776e-040   1.38912e-039   [-0.000002,0.000021,]
[16,10,]   216   0.0148185   5.54794e-041   1.93566e-039   [-0.000001,0.000018,]
[17,10,]   217   0.00585777   -5.57408e-040   2.57329e-039   [-0.000001,0.000015,]
[18,10,]   218   0.00188363   -1.31158e-039   3.30201e-039   [0.000003,0.000014,]
[19,10,]   219   0.000511636   -2.90606e-039   4.12182e-039   [0.000008,0.000012,]
[0,11,]   220   0.00050168   -3.00248e-039   4.21291e-039   [0.000007,-0.000011,]
[1,11,]   221   0.00167373   -1.48027e-039   3.3931e-039   [-0.000007,-0.000013,]
[2,11,]   222   0.00517   -6.47466e-040   2.66438e-039   [-0.000003,-0.000015,]
[3,11,]   223   0.0131945   -1.42591e-041   2.02675e-039   [-0.000004,-0.000017,]
[4,11,]   224   0.0271303   4.59997e-040   1.48021e-039   [-0.000005,-0.000020,]
[5,11,]   225   0.044493   8.11614e-040   1.02476e-039   [-0.000007,-0.000023,]
[6,11,]   226   0.0571772   9.94897e-040   6.60403e-040   [-0.000012,-0.000028,]
[7,11,]   227   0.0565013   9.95605e-040   3.87133e-040   [-0.000020,-0.000034,]
[8,11,]   228   0.0423974   4.68488e-040   2.04953e-040   [-0.000040,-0.000039,]
[9,11,]   229   0.0270859   -1.03129e-039   1.13863e-040   [-0.000072,-0.000029,]
[10,11,]   230   0.0275311   -6.64519e-040   1.13863e-040   [-0.000071,0.000016,]
[11,11,]   231   0.0418594   4.33557e-040   2.04953e-040   [-0.000039,0.000038,]
[12,11,]   232   0.0559721   9.69163e-040   3.87133e-040   [-0.000021,0.000034,]
[13,11,]   233   0.0567358   9.82635e-040   6.60403e-040   [-0.000012,0.000028,]
[14,11,]   234   0.0440723   7.98409e-040   1.02476e-039   [-0.000008,0.000023,]
[15,11,]   235   0.0267843   4.37909e-040   1.48021e-039   [-0.000006,0.000020,]
[16,11,]   236   0.0129842   -3.79274e-041   2.02675e-039   [-0.000004,0.000017,]
[17,11,]   237   0.00506886   -6.55733e-040   2.66438e-039   [-0.000003,0.000015,]
[18,11,]   238   0.00161516   -1.39274e-039   3.3931e-039   [0.000002,0.000013,]
[19,11,]   239   0.000430063   -3.05118e-039   4.21291e-039   [0.000007,0.000013,]
[0,12,]   240   0.000380939   -3.24809e-039   4.39509e-039   [0.000006,-0.000010,]
[1,12,]   241   0.00125553   -1.68142e-039   3.57528e-039   [-0.000009,-0.000012,]
[2,12,]   242   0.00392512   -8.19908e-040   2.84656e-039   [-0.000005,-0.000014,]
[3,12,]   243   0.0102079   -1.82679e-040   2.20893e-039   [-0.000006,-0.000016,]
[4,12,]   244   0.0216033   2.98567e-040   1.66239e-039   [-0.000008,-0.000017,]
[5,12,]   245   0.0371136   6.63885e-040   1.20694e-039   [-0.000011,-0.000020,]
[6,12,]   246   0.0516427   9.04524e-040   8.42583e-040   [-0.000015,-0.000022,]
[7,12,]   247   0.0585996   9.85932e-040   5.69313e-040   [-0.000023,-0.000023,]
[8,12,]   248   0.056379   9.81774e-040   3.87133e-040   [-0.000035,-0.000021,]
[9,12,]   249   0.0504294   8.41008e-040   2.96043e-040   [-0.000046,-0.000009,]
[10,12,]   250   0.0498906   6.98482e-040   2.96043e-040   [-0.000046,0.000008,]
[11,12,]   251   0.0559949   9.89877e-040   3.87133e-040   [-0.000034,0.000020,]
[12,12,]   252   0.0584749   1.01714e-039   5.69313e-040   [-0.000023,0.000023,]
[13,12,]   253   0.0513284   8.94242e-040   8.42583e-040   [-0.000016,0.000022,]
[14,12,]   254   0.0367178   6.47101e-040   1.20694e-039   [-0.000011,0.000020,]
[15,12,]   255   0.0212487   2.70806e-040   1.66239e-039   [-0.000008,0.000017,]
[16,12,]   256   0.00998291   -2.15121e-040   2.20893e-039   [-0.000006,0.000016,]
[17,12,]   257   0.00381417   -8.39879e-040   2.84656e-039   [-0.000005,0.000014,]
[18,12,]   258   0.00119661   -1.56759e-039   3.57528e-039   [0.000001,0.000013,]
[19,12,]   259   0.000312144   -3.32458e-039   4.39509e-039   [0.000007,0.000012,]
[0,13,]   260   0.000247179   -3.60804e-039   4.66836e-039   [0.000005,-0.000010,]
[1,13,]   261   0.000807427   -1.97438e-039   3.84855e-039   [-0.000010,-0.000012,]
[2,13,]   262   0.00256529   -1.08396e-039   3.11983e-039   [-0.000006,-0.000013,]
[3,13,]   263   0.00683301   -4.40126e-040   2.4822e-039   [-0.000007,-0.000014,]
[4,13,]   264   0.0149662   4.89966e-041   1.93566e-039   [-0.000009,-0.000015,]
[5,13,]   265   0.0270528   4.35072e-040   1.48021e-039   [-0.000012,-0.000016,]
[6,13,]   266   0.0405958   7.11347e-040   1.11585e-039   [-0.000016,-0.000017,]
[7,13,]   267   0.0514377   8.84158e-040   8.42583e-040   [-0.000022,-0.000016,]
[8,13,]   268   0.0571371   1.00727e-039   6.60403e-040   [-0.000029,-0.000012,]
[9,13,]   269   0.0585323   1.11358e-039   5.69313e-040   [-0.000034,-0.000004,]
[10,13,]   270   0.0579681   1.03223e-039   5.69313e-040   [-0.000033,0.000005,]
[11,13,]   271   0.0568248   9.85735e-040   6.60403e-040   [-0.000028,0.000012,]
[12,13,]   272   0.0516163   9.27576e-040   8.42583e-040   [-0.000022,0.000015,]
[13,13,]   273   0.0405663   7.13321e-040   1.11585e-039   [-0.000017,0.000016,]
[14,13,]   274   0.0268631   4.25888e-040   1.48021e-039   [-0.000013,0.000016,]
[15,13,]   275   0.014742   2.43318e-041   1.93566e-039   [-0.000010,0.000015,]
[16,13,]   276   0.00667539   -4.73367e-040   2.4822e-039   [-0.000007,0.000014,]
[17,13,]   277   0.00248318   -1.10858e-039   3.11983e-039   [-0.000006,0.000013,]
[18,13,]   278   0.000763779   -1.8347e-039   3.84855e-039   [0.000001,0.000012,]
[19,13,]   279   0.000195383   -3.71288e-039   4.66836e-039   [0.000007,0.000012,]
[0,14,]   280   0.000136416   -4.07215e-039   5.03272e-039   [0.000004,-0.000009,]
[1,14,]   281   0.000443042   -2.35807e-039   4.21291e-039   [-0.000012,-0.000011,]
[2,14,]   282   0.00143348   -1.43985e-039   3.48419e-039   [-0.000007,-0.000011,]
[3,14,]   283   0.00391743   -7.88252e-040   2.84656e-039   [-0.000008,-0.000012,]
[4,14,]   284   0.00888192   -2.90056e-040   2.30002e-039   [-0.000010,-0.000013,]
[5,14,]   285   0.0168263   1.12946e-040   1.84457e-039   [-0.000013,-0.000013,]
[6,14,]   286   0.0268724   4.21493e-040   1.48021e-039   [-0.000016,-0.000013,]
[7,14,]   287   0.0367684   6.33694e-040   1.20694e-039   [-0.000020,-0.000011,]
[8,14,]   288   0.0443153   8.11394e-040   1.02476e-039   [-0.000024,-0.000008,]
[9,14,]   289   0.0480637   8.99047e-040   9.33673e-040   [-0.000027,-0.000003,]
[10,14,]   290   0.0478162   8.63373e-040   9.33673e-040   [-0.000026,0.000003,]
[11,14,]   291   0.044281   8.02294e-040   1.02476e-039   [-0.000023,0.000007,]
[12,14,]   292   0.0371086   6.81196e-040   1.20694e-039   [-0.000020,0.000011,]
[13,14,]   293   0.0270455   4.35577e-040   1.48021e-039   [-0.000016,0.000012,]
[14,14,]   294   0.0168263   1.15505e-040   1.84457e-039   [-0.000013,0.000013,]
[15,14,]   295   0.00880047   -3.04845e-040   2.30002e-039   [-0.000010,0.000012,]
[16,14,]   296   0.00384226   -8.15007e-040   2.84656e-039   [-0.000008,0.000012,]
[17,14,]   297   0.00138966   -1.4617e-039   3.48419e-039   [-0.000007,0.000011,]
[18,14,]   298   0.000418284   -2.19309e-039   4.21291e-039   [0.000001,0.000011,]
[19,14,]   299   0.00010516   -4.20197e-039   5.03272e-039   [0.000008,0.000011,]
[0,15,]   300   6.37734e-005   -4.63343e-039   5.48817e-039   [0.000003,-0.000008,]
[1,15,]   301   0.000206488   -2.83327e-039   4.66836e-039   [-0.000013,-0.000010,]
[2,15,]   302   0.000680705   -1.88944e-039   3.93964e-039   [-0.000008,-0.000010,]
[3,15,]   303   0.00190734   -1.22948e-039   3.30201e-039   [-0.000009,-0.000010,]
[4,15,]   304   0.0044639   -7.22814e-040   2.75547e-039   [-0.000010,-0.000011,]
[5,15,]   305   0.00880122   -3.05612e-040   2.30002e-039   [-0.000012,-0.000010,]
[6,15,]   306   0.0147478   2.24054e-041   1.93566e-039   [-0.000015,-0.000010,]
[7,15,]   307   0.0212743   2.60677e-040   1.66239e-039   [-0.000018,-0.000008,]
[8,15,]   308   0.0269107   4.50328e-040   1.48021e-039   [-0.000020,-0.000005,]
[9,15,]   309   0.0301125   5.49459e-040   1.38912e-039   [-0.000022,-0.000002,]
[10,15,]   310   0.0300382   5.21119e-040   1.38912e-039   [-0.000022,0.000002,]
[11,15,]   311   0.0270198   4.50438e-040   1.48021e-039   [-0.000020,0.000005,]
[12,15,]   312   0.0215993   3.11839e-040   1.66239e-039   [-0.000017,0.000008,]
[13,15,]   313   0.0149627   4.83068e-041   1.93566e-039   [-0.000015,0.000009,]
[14,15,]   314   0.00888191   -2.89023e-040   2.30002e-039   [-0.000013,0.000010,]
[15,15,]   315   0.00446355   -7.23229e-040   2.75547e-039   [-0.000011,0.000010,]
[16,15,]   316   0.00188605   -1.24362e-039   3.30201e-039   [-0.000009,0.000010,]
[17,15,]   317   0.000664104   -1.90146e-039   3.93964e-039   [-0.000007,0.000010,]
[18,15,]   318   0.000195639   -2.643e-039   4.66836e-039   [0.000001,0.000010,]
[19,15,]   319   4.84745e-005   -4.78099e-039   5.48817e-039   [0.000008,0.000010,]
[0,16,]   320   2.51736e-005   -5.27828e-039   6.03471e-039   [0.000003,-0.000007,]
[1,16,]   321   8.14371e-005   -3.392e-039   5.2149e-039   [-0.000014,-0.000008,]
[2,16,]   322   0.000273362   -2.42553e-039   4.48618e-039   [-0.000008,-0.000009,]
[3,16,]   323   0.000783856   -1.7576e-039   3.84855e-039   [-0.000009,-0.000009,]
[4,16,]   324   0.00188615   -1.24367e-039   3.30201e-039   [-0.000010,-0.000009,]
[5,16,]   325   0.00384248   -8.16167e-040   2.84656e-039   [-0.000012,-0.000008,]
[6,16,]   326   0.00667751   -4.75481e-040   2.4822e-039   [-0.000014,-0.000007,]
[7,16,]   327   0.00999265   -2.24804e-040   2.20893e-039   [-0.000016,-0.000006,]
[8,16,]   328   0.0130364   -2.79898e-041   2.02675e-039   [-0.000017,-0.000004,]
[9,16,]   329   0.0148602   6.93174e-041   1.93566e-039   [-0.000018,-0.000001,]
[10,16,]   330   0.0148568   4.88228e-041   1.93566e-039   [-0.000018,0.000001,]
[11,16,]   331   0.0131479   -2.23026e-041   2.02675e-039   [-0.000017,0.000004,]
[12,16,]   332   0.010206   -1.70998e-040   2.20893e-039   [-0.000016,0.000006,]
[13,16,]   333   0.00683175   -4.40308e-040   2.4822e-039   [-0.000014,0.000007,]
[14,16,]   334   0.00391752   -7.87107e-040   2.84656e-039   [-0.000012,0.000008,]
[15,16,]   335   0.00190726   -1.22964e-039   3.30201e-039   [-0.000010,0.000009,]
[16,16,]   336   0.000783841   -1.75736e-039   3.84855e-039   [-0.000009,0.000009,]
[17,16,]   337   0.000269455   -2.42447e-039   4.48618e-039   [-0.000007,0.000009,]
[18,16,]   338   7.77999e-005   -3.17871e-039   5.2149e-039   [0.000001,0.000009,]
[19,16,]   339   1.90547e-005   -5.4366e-039   6.03471e-039   [0.000009,0.000010,]
[0,17,]   340   8.32415e-006   -6.06244e-039   6.67234e-039   [0.000003,-0.000006,]
[1,17,]   341   2.69503e-005   -4.09147e-039   5.85253e-039   [-0.000015,-0.000007,]
[2,17,]   342   9.2024e-005   -3.10274e-039   5.12381e-039   [-0.000008,-0.000008,]
[3,17,]   343   0.00026946   -2.42462e-039   4.48618e-039   [-0.000009,-0.000007,]
[4,17,]   344   0.000664137   -1.90141e-039   3.93964e-039   [-0.000010,-0.000007,]
[5,17,]   345   0.00138973   -1.46264e-039   3.48419e-039   [-0.000011,-0.000007,]
[6,17,]   346   0.00248387   -1.11026e-039   3.11983e-039   [-0.000013,-0.000006,]
[7,17,]   347   0.00381732   -8.4851e-040   2.84656e-039   [-0.000014,-0.000005,]
[8,17,]   348   0.00508668   -6.4702e-040   2.66438e-039   [-0.000015,-0.000003,]
[9,17,]   349   0.00587231   -5.45186e-040   2.57329e-039   [-0.000016,-0.000001,]
[10,17,]   350   0.00588229   -5.61295e-040   2.57329e-039   [-0.000016,0.000001,]
[11,17,]   351   0.00515339   -6.3539e-040   2.66438e-039   [-0.000015,0.000003,]
[12,17,]   352   0.00392406   -7.89592e-040   2.84656e-039   [-0.000014,0.000005,]
[13,17,]   353   0.00256476   -1.06296e-039   3.11983e-039   [-0.000013,0.000006,]
[14,17,]   354   0.00143348   -1.41674e-039   3.48419e-039   [-0.000011,0.000007,]
[15,17,]   355   0.000680676   -1.86649e-039   3.93964e-039   [-0.000010,0.000008,]
[16,17,]   356   0.000273358   -2.40131e-039   4.48618e-039   [-0.000009,0.000008,]
[17,17,]   357   9.2024e-005   -3.07779e-039   5.12381e-039   [-0.000008,0.000008,]
[18,17,]   358   2.60905e-005   -3.8479e-039   5.85253e-039   [0.000001,0.000008,]
[19,17,]   359   6.33346e-006   -6.21439e-039   6.67234e-039   [0.000010,0.000009,]
[0,18,]   360   2.32047e-006   -6.95822e-039   7.40106e-039   [0.000003,0.000003,]
[1,18,]   361   7.52428e-006   -4.891e-039   6.58125e-039   [-0.000015,0.000002,]
[2,18,]   362   2.60901e-005   -3.87369e-039   5.85253e-039   [-0.000008,0.000001,]
[3,18,]   363   7.78004e-005   -3.1789e-039   5.2149e-039   [-0.000009,0.000001,]
[4,18,]   364   0.000195647   -2.64299e-039   4.66836e-039   [-0.000010,0.000001,]
[5,18,]   365   0.000418301   -2.19398e-039   4.21291e-039   [-0.000011,0.000001,]
[6,18,]   366   0.000763965   -1.83617e-039   3.84855e-039   [-0.000012,0.000001,]
[7,18,]   367   0.00119745   -1.57553e-039   3.57528e-039   [-0.000013,0.000001,]
[8,18,]   368   0.0016202   -1.38535e-039   3.3931e-039   [-0.000013,0.000002,]
[9,18,]   369   0.00188782   -1.30101e-039   3.30201e-039   [-0.000014,0.000003,]
[10,18,]   370   0.00189492   -1.33654e-039   3.30201e-039   [-0.000014,0.000005,]
[11,18,]   371   0.00164987   -1.43824e-039   3.3931e-039   [-0.000013,0.000007,]
[12,18,]   372   0.0012403   -1.62275e-039   3.57528e-039   [-0.000013,0.000008,]
[13,18,]   373   0.000797223   -1.92301e-039   3.84855e-039   [-0.000012,0.000010,]
[14,18,]   374   0.000437235   -2.30373e-039   4.21291e-039   [-0.000011,0.000012,]
[15,18,]   375   0.000203637   -2.77773e-039   4.66836e-039   [-0.000010,0.000013,]
[16,18,]   376   8.0264e-005   -3.33389e-039   5.2149e-039   [-0.000008,0.000014,]
[17,18,]   377   2.65468e-005   -4.03127e-039   5.85253e-039   [-0.000007,0.000014,]
[18,18,]   378   7.40765e-006   -4.8282e-039   6.58125e-039   [0.000002,0.000015,]
[19,18,]   379   1.78652e-006   -7.30738e-039   7.40106e-039   [0.000011,0.000016,]
[0,19,]   380   5.66957e-007   -9.44948e-039   8.22087e-039   [0.000003,0.000012,]
[1,19,]   381   1.81631e-006   -7.36944e-039   7.40106e-039   [-0.000017,0.000011,]
[2,19,]   382   6.33352e-006   -6.24153e-039   6.67234e-039   [-0.000009,0.000010,]
[3,19,]   383   1.9055e-005   -5.43685e-039   6.03471e-039   [-0.000010,0.000009,]
[4,19,]   384   4.84767e-005   -4.78101e-039   5.48817e-039   [-0.000010,0.000008,]
[5,19,]   385   0.000105164   -4.2028e-039   5.03272e-039   [-0.000011,0.000008,]
[6,19,]   386   0.000195425   -3.71447e-039   4.66836e-039   [-0.000012,0.000007,]
[7,19,]   387   0.000312342   -3.33298e-039   4.39509e-039   [-0.000013,0.000007,]
[8,19,]   388   0.000431325   -3.04668e-039   4.21291e-039   [-0.000013,0.000007,]
[9,19,]   389   0.00051276   -2.89716e-039   4.12182e-039   [-0.000013,0.000008,]
[10,19,]   390   0.00052401   -2.90557e-039   4.12182e-039   [-0.000012,0.000009,]
[11,19,]   391   0.000462659   -3.02801e-039   4.21291e-039   [-0.000011,0.000010,]
[12,19,]   392   0.000351149   -3.2708e-039   4.39509e-039   [-0.000011,0.000012,]
[13,19,]   393   0.000226945   -3.65198e-039   4.66836e-039   [-0.000010,0.000014,]
[14,19,]   394   0.000124683   -4.13e-039   5.03272e-039   [-0.000009,0.000016,]
[15,19,]   395   5.80014e-005   -4.70707e-039   5.48817e-039   [-0.000008,0.000018,]
[16,19,]   396   2.27862e-005   -5.3661e-039   6.03471e-039   [-0.000007,0.000019,]
[17,19,]   397   7.50079e-006   -6.16402e-039   6.67234e-039   [-0.000006,0.000021,]
[18,19,]   398   2.08194e-006   -7.07098e-039   7.40106e-039   [0.000003,0.000022,]
[19,19,]   399   5.05821e-007   -9.60175e-039   8.22087e-039   [0.000012,0.000023,]
