coordinates  index   rho      Q      V    velocities 
[0,0,]   0   3.03512e-006   -7.82351e-039   8.22087e-039   [0.000029,0.000016,]
[1,0,]   1   5.64635e-006   -6.94059e-039   7.40106e-039   [-0.000010,0.000017,]
[2,0,]   2   1.7224e-005   -5.80464e-039   6.67234e-039   [0.000001,0.000017,]
[3,0,]   3   5.15296e-005   -4.79288e-039   6.03471e-039   [0.000004,0.000017,]
[4,0,]   4   0.000128204   -4.20492e-039   5.48817e-039   [0.000006,0.000017,]
[5,0,]   5   0.000268014   -3.68491e-039   5.03272e-039   [0.000007,0.000018,]
[6,0,]   6   0.000469788   -3.307e-039   4.66836e-039   [0.000008,0.000019,]
[7,0,]   7   0.000699162   -3.00843e-039   4.39509e-039   [0.000009,0.000020,]
[8,0,]   8   0.000885192   -2.86417e-039   4.21291e-039   [0.000011,0.000021,]
[9,0,]   9   0.000972498   -2.82382e-039   4.12182e-039   [0.000012,0.000022,]
[10,0,]   10   0.000939684   -2.8358e-039   4.12182e-039   [0.000013,0.000023,]
[11,0,]   11   0.000791561   -2.97675e-039   4.21291e-039   [0.000013,0.000024,]
[12,0,]   12   0.000583624   -3.21859e-039   4.39509e-039   [0.000013,0.000026,]
[13,0,]   13   0.000377888   -3.5034e-039   4.66836e-039   [0.000013,0.000027,]
[14,0,]   14   0.00021317   -3.86908e-039   5.03272e-039   [0.000012,0.000027,]
[15,0,]   15   0.000103805   -4.2978e-039   5.48817e-039   [0.000011,0.000028,]
[16,0,]   16   4.30135e-005   -4.82099e-039   6.03471e-039   [0.000011,0.000028,]
[17,0,]   17   1.49002e-005   -5.57034e-039   6.67234e-039   [0.000013,0.000029,]
[18,0,]   18   4.476e-006   -6.92949e-039   7.40106e-039   [0.000026,0.000029,]
[19,0,]   19   1.77504e-006   -8.50844e-039   8.22087e-039   [0.000037,0.000029,]
[0,1,]   20   5.09879e-006   -7.07799e-039   7.40106e-039   [0.000029,-0.000026,]
[1,1,]   21   9.51194e-006   -6.11026e-039   6.58125e-039   [-0.000010,-0.000025,]
[2,1,]   22   2.95459e-005   -4.9584e-039   5.85253e-039   [0.000003,-0.000024,]
[3,1,]   23   9.04436e-005   -3.93733e-039   5.2149e-039   [0.000006,-0.000023,]
[4,1,]   24   0.000231004   -3.34225e-039   4.66836e-039   [0.000009,-0.000021,]
[5,1,]   25   0.0004979   -2.80496e-039   4.21291e-039   [0.000010,-0.000019,]
[6,1,]   26   0.000903264   -2.40118e-039   3.84855e-039   [0.000011,-0.000017,]
[7,1,]   27   0.00139417   -2.06839e-039   3.57528e-039   [0.000012,-0.000015,]
[8,1,]   28   0.00183069   -1.87641e-039   3.3931e-039   [0.000013,-0.000012,]
[9,1,]   29   0.00207471   -1.78696e-039   3.30201e-039   [0.000014,-0.000010,]
[10,1,]   30   0.0020481   -1.75375e-039   3.30201e-039   [0.000014,-0.000009,]
[11,1,]   31   0.00174182   -1.85924e-039   3.3931e-039   [0.000014,-0.000007,]
[12,1,]   32   0.001278   -2.0912e-039   3.57528e-039   [0.000013,-0.000007,]
[13,1,]   33   0.000813931   -2.37938e-039   3.84855e-039   [0.000012,-0.000006,]
[14,1,]   34   0.000447473   -2.76778e-039   4.21291e-039   [0.000011,-0.000006,]
[15,1,]   35   0.00021147   -3.22298e-039   4.66836e-039   [0.000010,-0.000007,]
[16,1,]   36   8.49548e-005   -3.77522e-039   5.2149e-039   [0.000009,-0.000008,]
[17,1,]   37   2.85634e-005   -4.55298e-039   5.85253e-039   [0.000012,-0.000009,]
[18,1,]   38   8.35021e-006   -5.96127e-039   6.58125e-039   [0.000026,-0.000010,]
[19,1,]   39   3.29897e-006   -7.65375e-039   7.40106e-039   [0.000037,-0.000010,]
[0,2,]   40   1.49541e-005   -5.76092e-039   6.67234e-039   [0.000029,-0.000014,]
[1,2,]   41   2.86672e-005   -4.74141e-039   5.85253e-039   [-0.000009,-0.000013,]
[2,2,]   42   8.86163e-005   -3.63744e-039   5.12381e-039   [0.000003,-0.000012,]
[3,2,]   43   0.000267737   -2.66834e-039   4.48618e-039   [0.000007,-0.000012,]
[4,2,]   44   0.000674506   -2.12316e-039   3.93964e-039   [0.000010,-0.000011,]
[5,2,]   45   0.00143525   -1.62683e-039   3.48419e-039   [0.000011,-0.000011,]
[6,2,]   46   0.0025719   -1.27994e-039   3.11983e-039   [0.000013,-0.000009,]
[7,2,]   47   0.0039344   -9.80047e-040   2.84656e-039   [0.000014,-0.000008,]
[8,2,]   48   0.00513515   -8.40619e-040   2.66438e-039   [0.000015,-0.000006,]
[9,2,]   49   0.00582229   -7.65819e-040   2.57329e-039   [0.000016,-0.000004,]
[10,2,]   50   0.0057895   -7.37941e-040   2.57329e-039   [0.000016,-0.000002,]
[11,2,]   51   0.00497216   -8.69451e-040   2.66438e-039   [0.000016,0.000000,]
[12,2,]   52   0.00369927   -1.08709e-039   2.84656e-039   [0.000014,0.000002,]
[13,2,]   53   0.00239096   -1.3742e-039   3.11983e-039   [0.000013,0.000003,]
[14,2,]   54   0.00133478   -1.73553e-039   3.48419e-039   [0.000011,0.000004,]
[15,2,]   55   0.000639468   -2.17258e-039   3.93964e-039   [0.000010,0.000004,]
[16,2,]   56   0.000259993   -2.69842e-039   4.48618e-039   [0.000009,0.000004,]
[17,2,]   57   8.83165e-005   -3.45138e-039   5.12381e-039   [0.000011,0.000003,]
[18,2,]   58   2.6056e-005   -4.80198e-039   5.85253e-039   [0.000025,0.000003,]
[19,2,]   59   1.02172e-005   -6.45873e-039   6.67234e-039   [0.000036,0.000001,]
[0,3,]   60   4.29499e-005   -4.83134e-039   6.03471e-039   [0.000028,-0.000012,]
[1,3,]   61   8.48434e-005   -3.78536e-039   5.2149e-039   [-0.000008,-0.000010,]
[2,3,]   62   0.000259597   -2.7129e-039   4.48618e-039   [0.000004,-0.000010,]
[3,3,]   63   0.000767779   -1.77435e-039   3.84855e-039   [0.000007,-0.000010,]
[4,3,]   64   0.0018899   -1.24268e-039   3.30201e-039   [0.000010,-0.000009,]
[5,3,]   65   0.00392344   -7.69124e-040   2.84656e-039   [0.000012,-0.000009,]
[6,3,]   66   0.0068602   -4.30153e-040   2.4822e-039   [0.000014,-0.000008,]
[7,3,]   67   0.0102533   -1.59548e-040   2.20893e-039   [0.000016,-0.000007,]
[8,3,]   68   0.0131546   -1.23296e-041   2.02675e-039   [0.000017,-0.000004,]
[9,3,]   69   0.0147602   2.82385e-041   1.93566e-039   [0.000018,-0.000002,]
[10,3,]   70   0.0147576   8.37727e-041   1.93566e-039   [0.000018,0.000000,]
[11,3,]   71   0.0128716   -3.82423e-041   2.02675e-039   [0.000018,0.000003,]
[12,3,]   72   0.00979288   -2.66605e-040   2.20893e-039   [0.000016,0.000005,]
[13,3,]   73   0.00651458   -5.11071e-040   2.4822e-039   [0.000014,0.000006,]
[14,3,]   74   0.00374401   -8.56239e-040   2.84656e-039   [0.000012,0.000007,]
[15,3,]   75   0.00184478   -1.25793e-039   3.30201e-039   [0.000010,0.000007,]
[16,3,]   76   0.000768578   -1.76563e-039   3.84855e-039   [0.000009,0.000007,]
[17,3,]   77   0.000266716   -2.49378e-039   4.48618e-039   [0.000011,0.000007,]
[18,3,]   78   8.01044e-005   -3.78581e-039   5.2149e-039   [0.000023,0.000006,]
[19,3,]   79   3.10675e-005   -5.39183e-039   6.03471e-039   [0.000033,0.000004,]
[0,4,]   80   0.000103717   -4.2995e-039   5.48817e-039   [0.000028,-0.000011,]
[1,4,]   81   0.000211321   -3.22495e-039   4.66836e-039   [-0.000007,-0.000010,]
[2,4,]   82   0.000638865   -2.17907e-039   3.93964e-039   [0.000004,-0.000010,]
[3,4,]   83   0.00184408   -1.25699e-039   3.30201e-039   [0.000007,-0.000010,]
[4,4,]   84   0.0044123   -7.44688e-040   2.75547e-039   [0.000011,-0.000010,]
[5,4,]   85   0.00888468   -2.64555e-040   2.30002e-039   [0.000013,-0.000010,]
[6,4,]   86   0.0150143   4.39982e-041   1.93566e-039   [0.000015,-0.000009,]
[7,4,]   87   0.0217372   3.39832e-040   1.66239e-039   [0.000018,-0.000007,]
[8,4,]   88   0.027092   4.6004e-040   1.48021e-039   [0.000020,-0.000005,]
[9,4,]   89   0.0299034   5.24291e-040   1.38912e-039   [0.000021,-0.000001,]
[10,4,]   90   0.030006   5.81617e-040   1.38912e-039   [0.000022,0.000002,]
[11,4,]   91   0.0267552   4.51141e-040   1.48021e-039   [0.000021,0.000005,]
[12,4,]   92   0.0210745   2.47886e-040   1.66239e-039   [0.000018,0.000008,]
[13,4,]   93   0.014536   -2.2677e-041   1.93566e-039   [0.000015,0.000010,]
[14,4,]   94   0.00867479   -3.33055e-040   2.30002e-039   [0.000012,0.000011,]
[15,4,]   95   0.0044164   -7.33554e-040   2.75547e-039   [0.000010,0.000011,]
[16,4,]   96   0.00189277   -1.22305e-039   3.30201e-039   [0.000009,0.000010,]
[17,4,]   97   0.000672225   -1.94534e-039   3.93964e-039   [0.000010,0.000010,]
[18,4,]   98   0.000205691   -3.18132e-039   4.66836e-039   [0.000022,0.000009,]
[19,4,]   99   7.86754e-005   -4.73149e-039   5.48817e-039   [0.000031,0.000007,]
[0,5,]   100   0.000213227   -3.85529e-039   5.03272e-039   [0.000027,-0.000012,]
[1,5,]   101   0.000447629   -2.75495e-039   4.21291e-039   [-0.000006,-0.000011,]
[2,5,]   102   0.00133482   -1.72692e-039   3.48419e-039   [0.000004,-0.000011,]
[3,5,]   103   0.00374601   -8.39381e-040   2.84656e-039   [0.000007,-0.000012,]
[4,5,]   104   0.00867332   -3.27144e-040   2.30002e-039   [0.000010,-0.000012,]
[5,5,]   105   0.0167766   1.17402e-040   1.84457e-039   [0.000013,-0.000012,]
[6,5,]   106   0.0271351   4.53573e-040   1.48021e-039   [0.000016,-0.000012,]
[7,5,]   107   0.0373053   6.89827e-040   1.20694e-039   [0.000020,-0.000010,]
[8,5,]   108   0.0444892   8.73183e-040   1.02476e-039   [0.000024,-0.000007,]
[9,5,]   109   0.0473236   7.82751e-040   9.33673e-040   [0.000026,-0.000002,]
[10,5,]   110   0.0477014   9.57543e-040   9.33673e-040   [0.000026,0.000003,]
[11,5,]   111   0.0442446   8.64359e-040   1.02476e-039   [0.000025,0.000008,]
[12,5,]   112   0.036746   6.36154e-040   1.20694e-039   [0.000020,0.000011,]
[13,5,]   113   0.0267933   4.10092e-040   1.48021e-039   [0.000016,0.000013,]
[14,5,]   114   0.0167513   8.63672e-041   1.84457e-039   [0.000012,0.000013,]
[15,5,]   115   0.00887653   -2.77646e-040   2.30002e-039   [0.000010,0.000013,]
[16,5,]   116   0.00392315   -7.68727e-040   2.84656e-039   [0.000008,0.000012,]
[17,5,]   117   0.00142833   -1.47385e-039   3.48419e-039   [0.000009,0.000011,]
[18,5,]   118   0.000445026   -2.65857e-039   4.21291e-039   [0.000020,0.000010,]
[19,5,]   119   0.000167146   -4.15919e-039   5.03272e-039   [0.000029,0.000008,]
[0,6,]   120   0.000377165   -3.49441e-039   4.66836e-039   [0.000027,-0.000013,]
[1,6,]   121   0.000812484   -2.37236e-039   3.84855e-039   [-0.000006,-0.000012,]
[2,6,]   122   0.00238534   -1.37245e-039   3.11983e-039   [0.000003,-0.000013,]
[3,6,]   123   0.0065007   -4.993e-040   2.4822e-039   [0.000006,-0.000014,]
[4,6,]   124   0.0144865   -2.31748e-041   1.93566e-039   [0.000010,-0.000015,]
[5,6,]   125   0.026729   4.35804e-040   1.48021e-039   [0.000013,-0.000016,]
[6,6,]   126   0.0405882   7.15916e-040   1.11585e-039   [0.000016,-0.000016,]
[7,6,]   127   0.0518323   9.78352e-040   8.42583e-040   [0.000022,-0.000015,]
[8,6,]   128   0.0567592   1.00095e-039   6.60403e-040   [0.000028,-0.000011,]
[9,6,]   129   0.0576022   1.05883e-039   5.69313e-040   [0.000033,-0.000003,]
[10,6,]   130   0.0567661   8.74722e-040   5.69313e-040   [0.000033,0.000005,]
[11,6,]   131   0.0566059   9.94193e-040   6.60403e-040   [0.000029,0.000012,]
[12,6,]   132   0.051797   9.55314e-040   8.42583e-040   [0.000023,0.000016,]
[13,6,]   133   0.0408299   7.09398e-040   1.11585e-039   [0.000016,0.000017,]
[14,6,]   134   0.0271709   4.36347e-040   1.48021e-039   [0.000012,0.000016,]
[15,6,]   135   0.0150379   4.77329e-041   1.93566e-039   [0.000009,0.000015,]
[16,6,]   136   0.00687473   -4.14972e-040   2.4822e-039   [0.000007,0.000014,]
[17,6,]   137   0.00256452   -1.11973e-039   3.11983e-039   [0.000008,0.000013,]
[18,6,]   138   0.000812672   -2.24112e-039   3.84855e-039   [0.000018,0.000011,]
[19,6,]   139   0.000298127   -3.7067e-039   4.66836e-039   [0.000026,0.000009,]
[0,7,]   140   0.000581063   -3.20585e-039   4.39509e-039   [0.000026,-0.000013,]
[1,7,]   141   0.00127288   -2.08065e-039   3.57528e-039   [-0.000006,-0.000013,]
[2,7,]   142   0.00368152   -1.08073e-039   2.84656e-039   [0.000002,-0.000014,]
[3,7,]   143   0.00974142   -2.53593e-040   2.20893e-039   [0.000005,-0.000016,]
[4,7,]   144   0.0209233   2.51174e-040   1.66239e-039   [0.000008,-0.000018,]
[5,7,]   145   0.036457   6.45767e-040   1.20694e-039   [0.000011,-0.000020,]
[6,7,]   146   0.0512323   9.48267e-040   8.42583e-040   [0.000016,-0.000022,]
[7,7,]   147   0.0582368   1.01757e-039   5.69313e-040   [0.000023,-0.000023,]
[8,7,]   148   0.055367   8.30443e-040   3.87133e-040   [0.000035,-0.000018,]
[9,7,]   149   0.050331   7.9265e-040   2.96043e-040   [0.000046,-0.000011,]
[10,7,]   150   0.0495282   6.7873e-040   2.96043e-040   [0.000045,0.000014,]
[11,7,]   151   0.0560442   9.74371e-040   3.87133e-040   [0.000035,0.000023,]
[12,7,]   152   0.0590784   1.05686e-039   5.69313e-040   [0.000024,0.000023,]
[13,7,]   153   0.0522852   9.67934e-040   8.42583e-040   [0.000015,0.000022,]
[14,7,]   154   0.0374187   6.56855e-040   1.20694e-039   [0.000010,0.000019,]
[15,7,]   155   0.0217836   3.16222e-040   1.66239e-039   [0.000007,0.000017,]
[16,7,]   156   0.0102795   -1.65222e-040   2.20893e-039   [0.000006,0.000016,]
[17,7,]   157   0.00392374   -8.46719e-040   2.84656e-039   [0.000007,0.000014,]
[18,7,]   158   0.00125981   -1.92299e-039   3.57528e-039   [0.000016,0.000012,]
[19,7,]   159   0.000449323   -3.37076e-039   4.39509e-039   [0.000024,0.000010,]
[0,8,]   160   0.000785377   -2.98893e-039   4.21291e-039   [0.000024,-0.000013,]
[1,8,]   161   0.00172944   -1.87149e-039   3.3931e-039   [-0.000007,-0.000013,]
[2,8,]   162   0.00493219   -8.87263e-040   2.66438e-039   [0.000000,-0.000015,]
[3,8,]   163   0.0127563   -5.23426e-041   2.02675e-039   [0.000003,-0.000017,]
[4,8,]   164   0.0264543   4.21731e-040   1.48021e-039   [0.000006,-0.000020,]
[5,8,]   165   0.0437075   8.26969e-040   1.02476e-039   [0.000008,-0.000024,]
[6,8,]   166   0.0559285   9.40498e-040   6.60403e-040   [0.000012,-0.000028,]
[7,8,]   167   0.0555758   9.21753e-040   3.87133e-040   [0.000023,-0.000033,]
[8,8,]   168   0.042141   3.34869e-040   2.04953e-040   [0.000037,-0.000034,]
[9,8,]   169   0.0290335   -2.71141e-040   1.13863e-040   [0.000073,-0.000025,]
[10,8,]   170   0.0275931   -1.00727e-039   1.13863e-040   [0.000077,0.000023,]
[11,8,]   171   0.0422815   2.91876e-040   2.04953e-040   [0.000035,0.000036,]
[12,8,]   172   0.0562496   8.36983e-040   3.87133e-040   [0.000018,0.000034,]
[13,8,]   173   0.0575104   9.92037e-040   6.60403e-040   [0.000011,0.000028,]
[14,8,]   174   0.0448812   8.60364e-040   1.02476e-039   [0.000007,0.000023,]
[15,8,]   175   0.0273133   4.69679e-040   1.48021e-039   [0.000005,0.000020,]
[16,8,]   176   0.0132594   1.10647e-041   2.02675e-039   [0.000004,0.000017,]
[17,8,]   177   0.00514463   -6.84595e-040   2.66438e-039   [0.000005,0.000015,]
[18,8,]   178   0.0016657   -1.7057e-039   3.3931e-039   [0.000014,0.000013,]
[19,8,]   179   0.000575268   -3.16674e-039   4.21291e-039   [0.000022,0.000011,]
[0,9,]   180   0.000935517   -2.85274e-039   4.12182e-039   [0.000023,-0.000013,]
[1,9,]   181   0.00203993   -1.77083e-039   3.30201e-039   [-0.000009,-0.000014,]
[2,9,]   182   0.00576403   -7.56703e-040   2.57329e-039   [-0.000002,-0.000016,]
[3,9,]   183   0.0146816   5.97614e-041   1.93566e-039   [0.000000,-0.000018,]
[4,9,]   184   0.0298242   5.45741e-040   1.38912e-039   [0.000002,-0.000021,]
[5,9,]   185   0.0474592   9.0366e-040   9.33673e-040   [0.000004,-0.000025,]
[6,9,]   186   0.0568222   8.26484e-040   5.69313e-040   [0.000006,-0.000033,]
[7,9,]   187   0.0503022   7.32536e-040   2.96043e-040   [0.000014,-0.000044,]
[8,9,]   188   0.0283684   -7.93368e-040   1.13863e-040   [0.000022,-0.000075,]
[9,9,]   189   0.00872318   -9.9214e-039   2.27725e-041   [0.000115,-0.000114,]
[10,9,]   190   0.00870363   -9.96957e-039   2.27725e-041   [0.000118,0.000112,]
[11,9,]   191   0.0298072   -1.56102e-040   1.13863e-040   [0.000024,0.000072,]
[12,9,]   192   0.0518287   9.10072e-040   2.96043e-040   [0.000012,0.000045,]
[13,9,]   193   0.0588521   1.1449e-039   5.69313e-040   [0.000004,0.000032,]
[14,9,]   194   0.0479721   8.37034e-040   9.33673e-040   [0.000003,0.000025,]
[15,9,]   195   0.0301919   5.60488e-040   1.38912e-039   [0.000001,0.000021,]
[16,9,]   196   0.0148859   7.64929e-041   1.93566e-039   [0.000002,0.000018,]
[17,9,]   197   0.00582885   -6.00057e-040   2.57329e-039   [0.000003,0.000016,]
[18,9,]   198   0.00188814   -1.60303e-039   3.30201e-039   [0.000012,0.000013,]
[19,9,]   199   0.000631579   -3.1049e-039   4.12182e-039   [0.000020,0.000012,]
[0,10,]   200   0.000977624   -2.8006e-039   4.12182e-039   [0.000022,-0.000012,]
[1,10,]   201   0.00208594   -1.76246e-039   3.30201e-039   [-0.000010,-0.000013,]
[2,10,]   202   0.00585749   -7.38693e-040   2.57329e-039   [-0.000004,-0.000016,]
[3,10,]   203   0.0148652   6.22422e-041   1.93566e-039   [-0.000002,-0.000018,]
[4,10,]   204   0.0301645   5.58287e-040   1.38912e-039   [-0.000001,-0.000021,]
[5,10,]   205   0.0479688   8.38873e-040   9.33673e-040   [-0.000003,-0.000025,]
[6,10,]   206   0.0588516   1.14501e-039   5.69313e-040   [-0.000004,-0.000032,]
[7,10,]   207   0.0518293   9.10169e-040   2.96043e-040   [-0.000012,-0.000045,]
[8,10,]   208   0.0298072   -1.56153e-040   1.13863e-040   [-0.000024,-0.000072,]
[9,10,]   209   0.00870362   -9.96958e-039   2.27725e-041   [-0.000118,-0.000112,]
[10,10,]   210   0.00872317   -9.92141e-039   2.27725e-041   [-0.000115,0.000114,]
[11,10,]   211   0.0283684   -7.93336e-040   1.13863e-040   [-0.000022,0.000075,]
[12,10,]   212   0.0503016   7.32426e-040   2.96043e-040   [-0.000014,0.000044,]
[13,10,]   213   0.0568228   8.26336e-040   5.69313e-040   [-0.000006,0.000033,]
[14,10,]   214   0.0474633   9.01891e-040   9.33673e-040   [-0.000004,0.000025,]
[15,10,]   215   0.0298517   5.48115e-040   1.38912e-039   [-0.000002,0.000021,]
[16,10,]   216   0.0147011   7.4918e-041   1.93566e-039   [-0.000001,0.000018,]
[17,10,]   217   0.00573148   -6.20547e-040   2.57329e-039   [0.000001,0.000016,]
[18,10,]   218   0.00184315   -1.61618e-039   3.30201e-039   [0.000011,0.000014,]
[19,10,]   219   0.000599717   -3.17983e-039   4.12182e-039   [0.000020,0.000013,]
[0,11,]   220   0.000890254   -2.85419e-039   4.21291e-039   [0.000021,-0.000011,]
[1,11,]   221   0.00184122   -1.86617e-039   3.3931e-039   [-0.000012,-0.000013,]
[2,11,]   222   0.00516721   -8.2735e-040   2.66438e-039   [-0.000006,-0.000015,]
[3,11,]   223   0.0132404   -2.43376e-042   2.02675e-039   [-0.000004,-0.000017,]
[4,11,]   224   0.0272889   4.67552e-040   1.48021e-039   [-0.000005,-0.000020,]
[5,11,]   225   0.0448789   8.62248e-040   1.02476e-039   [-0.000007,-0.000023,]
[6,11,]   226   0.05751   9.92125e-040   6.60403e-040   [-0.000011,-0.000028,]
[7,11,]   227   0.0562502   8.37083e-040   3.87133e-040   [-0.000018,-0.000034,]
[8,11,]   228   0.0422814   2.91858e-040   2.04953e-040   [-0.000035,-0.000036,]
[9,11,]   229   0.0275931   -1.00723e-039   1.13863e-040   [-0.000077,-0.000023,]
[10,11,]   230   0.0290335   -2.71091e-040   1.13863e-040   [-0.000073,0.000025,]
[11,11,]   231   0.0421409   3.34936e-040   2.04953e-040   [-0.000037,0.000034,]
[12,11,]   232   0.0555752   9.21692e-040   3.87133e-040   [-0.000023,0.000033,]
[13,11,]   233   0.0559293   9.40362e-040   6.60403e-040   [-0.000012,0.000028,]
[14,11,]   234   0.0437121   8.25361e-040   1.02476e-039   [-0.000008,0.000024,]
[15,11,]   235   0.0264789   4.24386e-040   1.48021e-039   [-0.000006,0.000020,]
[16,11,]   236   0.012772   -3.60851e-041   2.02675e-039   [-0.000004,0.000017,]
[17,11,]   237   0.00489947   -7.51814e-040   2.66438e-039   [-0.000001,0.000015,]
[18,11,]   238   0.00155608   -1.72495e-039   3.3931e-039   [0.000010,0.000013,]
[19,11,]   239   0.000496097   -3.3685e-039   4.21291e-039   [0.000020,0.000014,]
[0,12,]   240   0.000700023   -3.02241e-039   4.39509e-039   [0.000020,-0.000009,]
[1,12,]   241   0.0013961   -2.08201e-039   3.57528e-039   [-0.000015,-0.000012,]
[2,12,]   242   0.00393964   -9.95238e-040   2.84656e-039   [-0.000008,-0.000014,]
[3,12,]   243   0.0102645   -1.78301e-040   2.20893e-039   [-0.000007,-0.000016,]
[4,12,]   244   0.0217643   3.14018e-040   1.66239e-039   [-0.000007,-0.000017,]
[5,12,]   245   0.0374171   6.58647e-040   1.20694e-039   [-0.000010,-0.000019,]
[6,12,]   246   0.0522846   9.679e-040   8.42583e-040   [-0.000015,-0.000022,]
[7,12,]   247   0.0590785   1.05685e-039   5.69313e-040   [-0.000024,-0.000023,]
[8,12,]   248   0.0560436   9.74241e-040   3.87133e-040   [-0.000035,-0.000023,]
[9,12,]   249   0.0495276   6.78629e-040   2.96043e-040   [-0.000045,-0.000014,]
[10,12,]   250   0.0503303   7.92552e-040   2.96043e-040   [-0.000046,0.000011,]
[11,12,]   251   0.0553663   8.30378e-040   3.87133e-040   [-0.000035,0.000018,]
[12,12,]   252   0.0582357   1.01742e-039   5.69313e-040   [-0.000023,0.000023,]
[13,12,]   253   0.0512327   9.48026e-040   8.42583e-040   [-0.000016,0.000022,]
[14,12,]   254   0.036461   6.44213e-040   1.20694e-039   [-0.000011,0.000020,]
[15,12,]   255   0.0209426   2.54005e-040   1.66239e-039   [-0.000008,0.000018,]
[16,12,]   256   0.00975221   -2.36275e-040   2.20893e-039   [-0.000006,0.000016,]
[17,12,]   257   0.00365294   -9.44096e-040   2.84656e-039   [-0.000003,0.000014,]
[18,12,]   258   0.00113808   -1.94827e-039   3.57528e-039   [0.000009,0.000013,]
[19,12,]   259   0.000360028   -3.66295e-039   4.39509e-039   [0.000021,0.000014,]
[0,13,]   260   0.000470215   -3.30461e-039   4.66836e-039   [0.000019,-0.000008,]
[1,13,]   261   0.00090414   -2.3988e-039   3.84855e-039   [-0.000017,-0.000011,]
[2,13,]   262   0.00257447   -1.27501e-039   3.11983e-039   [-0.000009,-0.000013,]
[3,13,]   263   0.00686475   -4.27818e-040   2.4822e-039   [-0.000008,-0.000014,]
[4,13,]   264   0.015025   4.53174e-041   1.93566e-039   [-0.000009,-0.000015,]
[5,13,]   265   0.0271705   4.3801e-040   1.48021e-039   [-0.000012,-0.000016,]
[6,13,]   266   0.0408304   7.09231e-040   1.11585e-039   [-0.000016,-0.000017,]
[7,13,]   267   0.0517982   9.55199e-040   8.42583e-040   [-0.000023,-0.000016,]
[8,13,]   268   0.0566066   9.94e-040   6.60403e-040   [-0.000029,-0.000012,]
[9,13,]   269   0.0567667   8.74583e-040   5.69313e-040   [-0.000033,-0.000005,]
[10,13,]   270   0.0576026   1.05872e-039   5.69313e-040   [-0.000033,0.000003,]
[11,13,]   271   0.0567595   1.00089e-039   6.60403e-040   [-0.000028,0.000011,]
[12,13,]   272   0.0518322   9.78234e-040   8.42583e-040   [-0.000022,0.000015,]
[13,13,]   273   0.040589   7.15717e-040   1.11585e-039   [-0.000016,0.000016,]
[14,13,]   274   0.0267324   4.34419e-040   1.48021e-039   [-0.000013,0.000016,]
[15,13,]   275   0.0145   -1.99805e-041   1.93566e-039   [-0.000010,0.000015,]
[16,13,]   276   0.00650724   -4.80789e-040   2.4822e-039   [-0.000007,0.000014,]
[17,13,]   277   0.00236408   -1.23287e-039   3.11983e-039   [-0.000004,0.000013,]
[18,13,]   278   0.000720856   -2.25646e-039   3.84855e-039   [0.000010,0.000012,]
[19,13,]   279   0.000228597   -4.04489e-039   4.66836e-039   [0.000023,0.000014,]
[0,14,]   280   0.000267824   -3.69455e-039   5.03272e-039   [0.000018,-0.000007,]
[1,14,]   281   0.000497511   -2.81566e-039   4.21291e-039   [-0.000019,-0.000010,]
[2,14,]   282   0.00143389   -1.63733e-039   3.48419e-039   [-0.000011,-0.000011,]
[3,14,]   283   0.00391788   -7.82376e-040   2.84656e-039   [-0.000009,-0.000012,]
[4,14,]   284   0.00886994   -2.81238e-040   2.30002e-039   [-0.000010,-0.000013,]
[5,14,]   285   0.0167531   8.69006e-041   1.84457e-039   [-0.000012,-0.000013,]
[6,14,]   286   0.0267965   4.08709e-040   1.48021e-039   [-0.000016,-0.000013,]
[7,14,]   287   0.0367506   6.34724e-040   1.20694e-039   [-0.000020,-0.000011,]
[8,14,]   288   0.0442492   8.62702e-040   1.02476e-039   [-0.000025,-0.000008,]
[9,14,]   289   0.0477055   9.55776e-040   9.33673e-040   [-0.000026,-0.000003,]
[10,14,]   290   0.0473268   7.80907e-040   9.33673e-040   [-0.000026,0.000002,]
[11,14,]   291   0.0444914   8.71317e-040   1.02476e-039   [-0.000024,0.000007,]
[12,14,]   292   0.0373065   6.87885e-040   1.20694e-039   [-0.000020,0.000010,]
[13,14,]   293   0.0271363   4.51536e-040   1.48021e-039   [-0.000016,0.000012,]
[14,14,]   294   0.0167791   1.14265e-040   1.84457e-039   [-0.000013,0.000012,]
[15,14,]   295   0.00868153   -3.25542e-040   2.30002e-039   [-0.000011,0.000012,]
[16,14,]   296   0.00374946   -8.21662e-040   2.84656e-039   [-0.000008,0.000012,]
[17,14,]   297   0.0013215   -1.58456e-039   3.48419e-039   [-0.000005,0.000011,]
[18,14,]   298   0.000393786   -2.6599e-039   4.21291e-039   [0.000010,0.000011,]
[19,14,]   299   0.000126344   -4.50753e-039   5.03272e-039   [0.000025,0.000013,]
[0,15,]   300   0.000128368   -4.19539e-039   5.48817e-039   [0.000017,-0.000006,]
[1,15,]   301   0.000231291   -3.33228e-039   4.66836e-039   [-0.000021,-0.000009,]
[2,15,]   302   0.000675355   -2.11069e-039   3.93964e-039   [-0.000011,-0.000010,]
[3,15,]   303   0.00189174   -1.23147e-039   3.30201e-039   [-0.000009,-0.000010,]
[4,15,]   304   0.00441662   -7.32393e-040   2.75547e-039   [-0.000010,-0.000011,]
[5,15,]   305   0.00868265   -3.27815e-040   2.30002e-039   [-0.000012,-0.000011,]
[6,15,]   306   0.0145494   -1.95123e-041   1.93566e-039   [-0.000015,-0.000010,]
[7,15,]   307   0.0210942   2.5083e-040   1.66239e-039   [-0.000018,-0.000008,]
[8,15,]   308   0.02678   4.5374e-040   1.48021e-039   [-0.000021,-0.000006,]
[9,15,]   309   0.0300337   5.83978e-040   1.38912e-039   [-0.000022,-0.000002,]
[10,15,]   310   0.0299307   5.26499e-040   1.38912e-039   [-0.000021,0.000001,]
[11,15,]   311   0.0271162   4.62184e-040   1.48021e-039   [-0.000020,0.000005,]
[12,15,]   312   0.0217563   3.41892e-040   1.66239e-039   [-0.000018,0.000007,]
[13,15,]   313   0.0150277   4.60416e-041   1.93566e-039   [-0.000015,0.000009,]
[14,15,]   314   0.00889362   -2.63472e-040   2.30002e-039   [-0.000013,0.000010,]
[15,15,]   315   0.00442029   -7.38553e-040   2.75547e-039   [-0.000011,0.000010,]
[16,15,]   316   0.00184724   -1.23392e-039   3.30201e-039   [-0.000008,0.000010,]
[17,15,]   317   0.000632456   -2.02645e-039   3.93964e-039   [-0.000005,0.000010,]
[18,15,]   318   0.000184481   -3.14309e-039   4.66836e-039   [0.000011,0.000010,]
[19,15,]   319   6.01762e-005   -5.04325e-039   5.48817e-039   [0.000027,0.000012,]
[0,16,]   320   5.15703e-005   -4.77207e-039   6.03471e-039   [0.000017,-0.000005,]
[1,16,]   321   9.05049e-005   -3.91754e-039   5.2149e-039   [-0.000023,-0.000007,]
[2,16,]   322   0.000267908   -2.6479e-039   4.48618e-039   [-0.000012,-0.000008,]
[3,16,]   323   0.000768049   -1.7565e-039   3.84855e-039   [-0.000010,-0.000008,]
[4,16,]   324   0.00184467   -1.2401e-039   3.30201e-039   [-0.000010,-0.000008,]
[5,16,]   325   0.00374732   -8.34898e-040   2.84656e-039   [-0.000012,-0.000008,]
[6,16,]   326   0.00652105   -4.92604e-040   2.4822e-039   [-0.000014,-0.000007,]
[7,16,]   327   0.00980385   -2.49187e-040   2.20893e-039   [-0.000016,-0.000006,]
[8,16,]   328   0.0128874   -2.20366e-041   2.02675e-039   [-0.000018,-0.000004,]
[9,16,]   329   0.0147772   9.89377e-041   1.93566e-039   [-0.000018,-0.000001,]
[10,16,]   330   0.0147809   4.25071e-041   1.93566e-039   [-0.000018,0.000002,]
[11,16,]   331   0.0131735   1.17563e-042   2.02675e-039   [-0.000017,0.000004,]
[12,16,]   332   0.0102682   -1.46617e-040   2.20893e-039   [-0.000016,0.000006,]
[13,16,]   333   0.00687041   -4.17683e-040   2.4822e-039   [-0.000014,0.000007,]
[14,16,]   334   0.00392976   -7.57934e-040   2.84656e-039   [-0.000012,0.000008,]
[15,16,]   335   0.00189446   -1.2266e-039   3.30201e-039   [-0.000010,0.000009,]
[16,16,]   336   0.000769518   -1.74105e-039   3.84855e-039   [-0.000008,0.000009,]
[17,16,]   337   0.000256952   -2.54452e-039   4.48618e-039   [-0.000005,0.000009,]
[18,16,]   338   7.35092e-005   -3.71078e-039   5.2149e-039   [0.000012,0.000009,]
[19,16,]   339   2.44306e-005   -5.65486e-039   6.03471e-039   [0.000029,0.000011,]
[0,17,]   340   1.70134e-005   -5.63091e-039   6.67234e-039   [0.000017,-0.000002,]
[1,17,]   341   2.91837e-005   -4.78604e-039   5.85253e-039   [-0.000024,-0.000004,]
[2,17,]   342   8.75657e-005   -3.47007e-039   5.12381e-039   [-0.000012,-0.000004,]
[3,17,]   343   0.00025659   -2.55395e-039   4.48618e-039   [-0.000010,-0.000005,]
[4,17,]   344   0.000631928   -2.0254e-039   3.93964e-039   [-0.000010,-0.000005,]
[5,17,]   345   0.00132143   -1.58954e-039   3.48419e-039   [-0.000011,-0.000005,]
[6,17,]   346   0.00236963   -1.23464e-039   3.11983e-039   [-0.000013,-0.000004,]
[7,17,]   347   0.00367061   -9.50311e-040   2.84656e-039   [-0.000014,-0.000003,]
[8,17,]   348   0.00493919   -7.33977e-040   2.66438e-039   [-0.000016,-0.000001,]
[9,17,]   349   0.00575685   -6.01718e-040   2.57329e-039   [-0.000016,0.000001,]
[10,17,]   350   0.00579387   -6.27072e-040   2.57329e-039   [-0.000016,0.000003,]
[11,17,]   351   0.00511272   -6.97816e-040   2.66438e-039   [-0.000015,0.000005,]
[12,17,]   352   0.0039185   -8.31648e-040   2.84656e-039   [-0.000014,0.000007,]
[13,17,]   353   0.00256204   -1.12504e-039   3.11983e-039   [-0.000013,0.000008,]
[14,17,]   354   0.00143006   -1.46582e-039   3.48419e-039   [-0.000011,0.000010,]
[15,17,]   355   0.000672648   -1.9499e-039   3.93964e-039   [-0.000010,0.000010,]
[16,17,]   356   0.000266955   -2.47058e-039   4.48618e-039   [-0.000008,0.000011,]
[17,17,]   357   8.72139e-005   -3.29236e-039   5.12381e-039   [-0.000004,0.000011,]
[18,17,]   358   2.45283e-005   -4.50297e-039   5.85253e-039   [0.000014,0.000012,]
[19,17,]   359   8.30851e-006   -6.48187e-039   6.67234e-039   [0.000030,0.000014,]
[0,18,]   360   4.81999e-006   -6.90963e-039   7.40106e-039   [0.000017,0.000016,]
[1,18,]   361   8.11666e-006   -6.07731e-039   6.58125e-039   [-0.000025,0.000015,]
[2,18,]   362   2.46225e-005   -4.69062e-039   5.85253e-039   [-0.000013,0.000014,]
[3,18,]   363   7.33885e-005   -3.72461e-039   5.2149e-039   [-0.000010,0.000012,]
[4,18,]   364   0.000184276   -3.14708e-039   4.66836e-039   [-0.000010,0.000011,]
[5,18,]   365   0.00039363   -2.66931e-039   4.21291e-039   [-0.000011,0.000010,]
[6,18,]   366   0.000722109   -2.26382e-039   3.84855e-039   [-0.000012,0.000010,]
[7,18,]   367   0.0011426   -1.95913e-039   3.57528e-039   [-0.000013,0.000010,]
[8,18,]   368   0.00156708   -1.71336e-039   3.3931e-039   [-0.000014,0.000010,]
[9,18,]   369   0.00185047   -1.59914e-039   3.30201e-039   [-0.000014,0.000011,]
[10,18,]   370   0.00187801   -1.6271e-039   3.30201e-039   [-0.000014,0.000012,]
[11,18,]   371   0.00165621   -1.71564e-039   3.3931e-039   [-0.000013,0.000014,]
[12,18,]   372   0.00125805   -1.90955e-039   3.57528e-039   [-0.000012,0.000016,]
[13,18,]   373   0.000811906   -2.24388e-039   3.84855e-039   [-0.000011,0.000018,]
[14,18,]   374   0.000445491   -2.65036e-039   4.21291e-039   [-0.000010,0.000020,]
[15,18,]   375   0.00020583   -3.18309e-039   4.66836e-039   [-0.000009,0.000022,]
[16,18,]   376   8.01743e-005   -3.76096e-039   5.2149e-039   [-0.000007,0.000023,]
[17,18,]   377   2.57217e-005   -4.6349e-039   5.85253e-039   [-0.000004,0.000025,]
[18,18,]   378   7.12443e-006   -5.92846e-039   6.58125e-039   [0.000015,0.000026,]
[19,18,]   379   2.4559e-006   -7.93174e-039   7.40106e-039   [0.000032,0.000027,]
[0,19,]   380   1.66901e-006   -8.78962e-039   8.22087e-039   [0.000016,0.000032,]
[1,19,]   381   2.79833e-006   -8.07004e-039   7.40106e-039   [-0.000026,0.000032,]
[2,19,]   382   8.3429e-006   -6.67114e-039   6.67234e-039   [-0.000015,0.000031,]
[3,19,]   383   2.43946e-005   -5.66962e-039   6.03471e-039   [-0.000012,0.000029,]
[4,19,]   384   6.01169e-005   -5.0483e-039   5.48817e-039   [-0.000012,0.000027,]
[5,19,]   385   0.000126309   -4.51834e-039   5.03272e-039   [-0.000013,0.000025,]
[6,19,]   386   0.000229027   -4.05537e-039   4.66836e-039   [-0.000014,0.000023,]
[7,19,]   387   0.000361578   -3.67798e-039   4.39509e-039   [-0.000014,0.000021,]
[8,19,]   388   0.000499927   -3.35912e-039   4.21291e-039   [-0.000014,0.000020,]
[9,19,]   389   0.00060233   -3.16386e-039   4.12182e-039   [-0.000014,0.000020,]
[10,19,]   390   0.000628269   -3.12658e-039   4.12182e-039   [-0.000013,0.000020,]
[11,19,]   391   0.000572022   -3.17545e-039   4.21291e-039   [-0.000011,0.000022,]
[12,19,]   392   0.000448776   -3.35696e-039   4.39509e-039   [-0.000010,0.000024,]
[13,19,]   393   0.000297863   -3.70951e-039   4.66836e-039   [-0.000009,0.000026,]
[14,19,]   394   0.000167305   -4.15252e-039   5.03272e-039   [-0.000008,0.000029,]
[15,19,]   395   7.87286e-005   -4.73259e-039   5.48817e-039   [-0.000007,0.000031,]
[16,19,]   396   3.1093e-005   -5.3673e-039   6.03471e-039   [-0.000005,0.000033,]
[17,19,]   397   1.00859e-005   -6.29161e-039   6.67234e-039   [-0.000002,0.000036,]
[18,19,]   398   2.81497e-006   -7.64024e-039   7.40106e-039   [0.000016,0.000037,]
[19,19,]   399   9.75822e-007   -9.54081e-039   8.22087e-039   [0.000032,0.000038,]
