coordinates  index   rho      Q      V    velocities 
[0,0,]   0   5.3185e-007   -9.41416e-039   8.22087e-039   [0.000012,0.000000,]
[1,0,]   1   2.12463e-006   -6.96933e-039   7.40106e-039   [-0.000000,0.000000,]
[2,0,]   2   7.56567e-006   -6.09132e-039   6.67234e-039   [0.000006,0.000000,]
[3,0,]   3   2.28971e-005   -5.30586e-039   6.03471e-039   [0.000007,0.000001,]
[4,0,]   4   5.82666e-005   -4.6504e-039   5.48817e-039   [0.000008,0.000001,]
[5,0,]   5   0.000125349   -4.08154e-039   5.03272e-039   [0.000009,0.000002,]
[6,0,]   6   0.000228666   -3.6096e-039   4.66836e-039   [0.000010,0.000002,]
[7,0,]   7   0.000355107   -3.23546e-039   4.39509e-039   [0.000011,0.000003,]
[8,0,]   8   0.000470574   -2.99196e-039   4.21291e-039   [0.000011,0.000004,]
[9,0,]   9   0.000536346   -2.86724e-039   4.12182e-039   [0.000012,0.000006,]
[10,0,]   10   0.000527905   -2.85888e-039   4.12182e-039   [0.000013,0.000007,]
[11,0,]   11   0.000446976   -2.99998e-039   4.21291e-039   [0.000012,0.000008,]
[12,0,]   12   0.000325744   -3.27311e-039   4.39509e-039   [0.000012,0.000009,]
[13,0,]   13   0.00020471   -3.64525e-039   4.66836e-039   [0.000012,0.000010,]
[14,0,]   14   0.000110433   -4.12346e-039   5.03272e-039   [0.000011,0.000011,]
[15,0,]   15   5.09362e-005   -4.69331e-039   5.48817e-039   [0.000010,0.000012,]
[16,0,]   16   2.00046e-005   -5.34525e-039   6.03471e-039   [0.000009,0.000012,]
[17,0,]   17   6.64811e-006   -6.10483e-039   6.67234e-039   [0.000009,0.000012,]
[18,0,]   18   1.87105e-006   -7.10778e-039   7.40106e-039   [0.000014,0.000012,]
[19,0,]   19   4.98865e-007   -9.49621e-039   8.22087e-039   [0.000019,0.000012,]
[0,1,]   20   1.88703e-006   -7.14439e-039   7.40106e-039   [0.000012,-0.000014,]
[1,1,]   21   7.58718e-006   -4.7585e-039   6.58125e-039   [0.000001,-0.000013,]
[2,1,]   22   2.68635e-005   -3.98312e-039   5.85253e-039   [0.000007,-0.000013,]
[3,1,]   23   8.08266e-005   -3.29626e-039   5.2149e-039   [0.000008,-0.000012,]
[4,1,]   24   0.000204689   -2.74238e-039   4.66836e-039   [0.000010,-0.000011,]
[5,1,]   25   0.000438917   -2.2762e-039   4.21291e-039   [0.000011,-0.000010,]
[6,1,]   26   0.000799928   -1.90187e-039   3.84855e-039   [0.000012,-0.000009,]
[7,1,]   27   0.00124486   -1.61062e-039   3.57528e-039   [0.000013,-0.000007,]
[8,1,]   28   0.00165886   -1.42806e-039   3.3931e-039   [0.000013,-0.000006,]
[9,1,]   29   0.00190877   -1.32892e-039   3.30201e-039   [0.000014,-0.000004,]
[10,1,]   30   0.00190388   -1.30135e-039   3.30201e-039   [0.000014,-0.000002,]
[11,1,]   31   0.00163761   -1.38579e-039   3.3931e-039   [0.000013,-0.000001,]
[12,1,]   32   0.00121374   -1.57133e-039   3.57528e-039   [0.000013,0.000000,]
[13,1,]   33   0.000775804   -1.83119e-039   3.84855e-039   [0.000012,0.000001,]
[14,1,]   34   0.000425225   -2.18659e-039   4.21291e-039   [0.000011,0.000001,]
[15,1,]   35   0.000198918   -2.6336e-039   4.66836e-039   [0.000010,0.000001,]
[16,1,]   36   7.90638e-005   -3.17023e-039   5.2149e-039   [0.000009,0.000001,]
[17,1,]   37   2.65354e-005   -3.82471e-039   5.85253e-039   [0.000008,0.000001,]
[18,1,]   38   7.52663e-006   -4.7222e-039   6.58125e-039   [0.000013,0.000001,]
[19,1,]   39   2.00024e-006   -7.02819e-039   7.40106e-039   [0.000018,-0.000000,]
[0,2,]   40   6.64759e-006   -6.11885e-039   6.67234e-039   [0.000012,-0.000009,]
[1,2,]   41   2.65333e-005   -3.838e-039   5.85253e-039   [0.000001,-0.000008,]
[2,2,]   42   9.25229e-005   -3.08226e-039   5.12381e-039   [0.000008,-0.000008,]
[3,2,]   43   0.000273624   -2.41131e-039   4.48618e-039   [0.000009,-0.000008,]
[4,2,]   44   0.000680266   -1.87384e-039   3.93964e-039   [0.000010,-0.000008,]
[5,2,]   45   0.00143099   -1.42623e-039   3.48419e-039   [0.000011,-0.000007,]
[6,2,]   46   0.00255937   -1.07227e-039   3.11983e-039   [0.000013,-0.000006,]
[7,2,]   47   0.00391675   -8.01424e-040   2.84656e-039   [0.000014,-0.000005,]
[8,2,]   48   0.00515253   -6.41696e-040   2.66438e-039   [0.000015,-0.000003,]
[9,2,]   49   0.0058903   -5.63571e-040   2.57329e-039   [0.000016,-0.000001,]
[10,2,]   50   0.0058835   -5.51371e-040   2.57329e-039   [0.000016,0.000001,]
[11,2,]   51   0.00510415   -6.49853e-040   2.66438e-039   [0.000015,0.000003,]
[12,2,]   52   0.00383841   -8.45048e-040   2.84656e-039   [0.000014,0.000005,]
[13,2,]   53   0.00250019   -1.10665e-039   3.11983e-039   [0.000013,0.000006,]
[14,2,]   54   0.00139917   -1.45886e-039   3.48419e-039   [0.000011,0.000007,]
[15,2,]   55   0.000668276   -1.89883e-039   3.93964e-039   [0.000010,0.000007,]
[16,2,]   56   0.000270858   -2.42627e-039   4.48618e-039   [0.000009,0.000008,]
[17,2,]   57   9.25302e-005   -3.06934e-039   5.12381e-039   [0.000008,0.000008,]
[18,2,]   58   2.66565e-005   -3.94848e-039   5.85253e-039   [0.000012,0.000007,]
[19,2,]   59   7.14065e-006   -6.145e-039   6.67234e-039   [0.000017,0.000007,]
[0,3,]   60   2.00034e-005   -5.34517e-039   6.03471e-039   [0.000012,-0.000009,]
[1,3,]   61   7.90594e-005   -3.17016e-039   5.2149e-039   [0.000001,-0.000009,]
[2,3,]   62   0.000270841   -2.42622e-039   4.48618e-039   [0.000008,-0.000009,]
[3,3,]   63   0.000784566   -1.7638e-039   3.84855e-039   [0.000009,-0.000009,]
[4,3,]   64   0.00190601   -1.23354e-039   3.30201e-039   [0.000010,-0.000009,]
[5,3,]   65   0.00391004   -7.93347e-040   2.84656e-039   [0.000012,-0.000008,]
[6,3,]   66   0.00681498   -4.46456e-040   2.4822e-039   [0.000014,-0.000007,]
[7,3,]   67   0.0101807   -1.80195e-040   2.20893e-039   [0.000016,-0.000006,]
[8,3,]   68   0.0131354   -2.58373e-041   2.02675e-039   [0.000017,-0.000004,]
[9,3,]   69   0.0148608   4.96331e-041   1.93566e-039   [0.000018,-0.000001,]
[10,3,]   70   0.0148644   6.54043e-041   1.93566e-039   [0.000018,0.000001,]
[11,3,]   71   0.0130539   -2.99357e-041   2.02675e-039   [0.000017,0.000004,]
[12,3,]   72   0.0100227   -2.20782e-040   2.20893e-039   [0.000016,0.000006,]
[13,3,]   73   0.00670104   -4.72925e-040   2.4822e-039   [0.000014,0.000007,]
[14,3,]   74   0.00385494   -8.1491e-040   2.84656e-039   [0.000012,0.000008,]
[15,3,]   75   0.00189045   -1.24494e-039   3.30201e-039   [0.000010,0.000009,]
[16,3,]   76   0.000784618   -1.76388e-039   3.84855e-039   [0.000009,0.000009,]
[17,3,]   77   0.000273646   -2.39881e-039   4.48618e-039   [0.000008,0.000009,]
[18,3,]   78   8.02274e-005   -3.26303e-039   5.2149e-039   [0.000012,0.000008,]
[19,3,]   79   2.16681e-005   -5.35202e-039   6.03471e-039   [0.000016,0.000007,]
[0,4,]   80   5.09332e-005   -4.69327e-039   5.48817e-039   [0.000012,-0.000010,]
[1,4,]   81   0.000198907   -2.63359e-039   4.66836e-039   [0.000001,-0.000010,]
[2,4,]   82   0.000668236   -1.89882e-039   3.93964e-039   [0.000007,-0.000010,]
[3,4,]   83   0.00189032   -1.24491e-039   3.30201e-039   [0.000009,-0.000010,]
[4,4,]   84   0.00446658   -7.22325e-040   2.75547e-039   [0.000011,-0.000010,]
[5,4,]   85   0.00887545   -2.91024e-040   2.30002e-039   [0.000013,-0.000010,]
[6,4,]   86   0.0149402   4.61691e-041   1.93566e-039   [0.000015,-0.000009,]
[7,4,]   87   0.0215589   3.05192e-040   1.66239e-039   [0.000017,-0.000008,]
[8,4,]   88   0.0270071   4.5078e-040   1.48021e-039   [0.000020,-0.000005,]
[9,4,]   89   0.0300505   5.23491e-040   1.38912e-039   [0.000022,-0.000002,]
[10,4,]   90   0.0301058   5.44418e-040   1.38912e-039   [0.000022,0.000002,]
[11,4,]   91   0.0269281   4.51028e-040   1.48021e-039   [0.000020,0.000005,]
[12,4,]   92   0.0213177   2.66995e-040   1.66239e-039   [0.000018,0.000008,]
[13,4,]   93   0.0147814   2.72438e-041   1.93566e-039   [0.000015,0.000010,]
[14,4,]   94   0.00881674   -3.02509e-040   2.30002e-039   [0.000013,0.000010,]
[15,4,]   95   0.00446694   -7.22213e-040   2.75547e-039   [0.000010,0.000011,]
[16,4,]   96   0.00190616   -1.23348e-039   3.30201e-039   [0.000009,0.000010,]
[17,4,]   97   0.000680323   -1.86168e-039   3.93964e-039   [0.000008,0.000010,]
[18,4,]   98   0.000203238   -2.71049e-039   4.66836e-039   [0.000011,0.000010,]
[19,4,]   99   5.52949e-005   -4.68845e-039   5.48817e-039   [0.000015,0.000008,]
[0,5,]   100   0.000110428   -4.123e-039   5.03272e-039   [0.000011,-0.000011,]
[1,5,]   101   0.000425205   -2.18612e-039   4.21291e-039   [0.000001,-0.000011,]
[2,5,]   102   0.00139909   -1.45835e-039   3.48419e-039   [0.000007,-0.000011,]
[3,5,]   103   0.00385469   -8.14318e-040   2.84656e-039   [0.000008,-0.000012,]
[4,5,]   104   0.00881603   -3.02023e-040   2.30002e-039   [0.000010,-0.000013,]
[5,5,]   105   0.0168318   1.154e-040   1.84457e-039   [0.000013,-0.000013,]
[6,5,]   106   0.0270285   4.34922e-040   1.48021e-039   [0.000016,-0.000012,]
[7,5,]   107   0.0370597   6.75638e-040   1.20694e-039   [0.000020,-0.000011,]
[8,5,]   108   0.0442794   8.02231e-040   1.02476e-039   [0.000023,-0.000008,]
[9,5,]   109   0.0478655   8.6691e-040   9.33673e-040   [0.000026,-0.000003,]
[10,5,]   110   0.0480471   8.92978e-040   9.33673e-040   [0.000027,0.000003,]
[11,5,]   111   0.0443087   8.09054e-040   1.02476e-039   [0.000023,0.000008,]
[12,5,]   112   0.0368051   6.40018e-040   1.20694e-039   [0.000020,0.000011,]
[13,5,]   113   0.0268991   4.24498e-040   1.48021e-039   [0.000016,0.000013,]
[14,5,]   114   0.0168328   1.14177e-040   1.84457e-039   [0.000013,0.000013,]
[15,5,]   115   0.00887601   -2.91505e-040   2.30002e-039   [0.000010,0.000013,]
[16,5,]   116   0.00391028   -7.93803e-040   2.84656e-039   [0.000008,0.000012,]
[17,5,]   117   0.00143108   -1.41504e-039   3.48419e-039   [0.000007,0.000011,]
[18,5,]   118   0.000435947   -2.24619e-039   4.21291e-039   [0.000010,0.000011,]
[19,5,]   119   0.000119297   -4.1117e-039   5.03272e-039   [0.000013,0.000009,]
[0,6,]   120   0.000204682   -3.64428e-039   4.66836e-039   [0.000010,-0.000012,]
[1,6,]   121   0.000775688   -1.83024e-039   3.84855e-039   [0.000001,-0.000012,]
[2,6,]   122   0.00249977   -1.10556e-039   3.11983e-039   [0.000006,-0.000013,]
[3,6,]   123   0.00669974   -4.71611e-040   2.4822e-039   [0.000007,-0.000014,]
[4,6,]   124   0.014778   2.86139e-041   1.93566e-039   [0.000010,-0.000015,]
[5,6,]   125   0.0268928   4.26961e-040   1.48021e-039   [0.000013,-0.000016,]
[6,6,]   126   0.0405711   7.15534e-040   1.11585e-039   [0.000017,-0.000016,]
[7,6,]   127   0.0515592   9.18743e-040   8.42583e-040   [0.000022,-0.000015,]
[8,6,]   128   0.0568442   9.86516e-040   6.60403e-040   [0.000028,-0.000012,]
[9,6,]   129   0.0581193   1.03898e-039   5.69313e-040   [0.000033,-0.000005,]
[10,6,]   130   0.0585297   1.09324e-039   5.69313e-040   [0.000034,0.000004,]
[11,6,]   131   0.0570935   1.00208e-039   6.60403e-040   [0.000028,0.000012,]
[12,6,]   132   0.0514193   8.85333e-040   8.42583e-040   [0.000022,0.000016,]
[13,6,]   133   0.040588   7.14007e-040   1.11585e-039   [0.000016,0.000017,]
[14,6,]   134   0.0270337   4.3455e-040   1.48021e-039   [0.000012,0.000016,]
[15,6,]   135   0.0149428   4.63587e-041   1.93566e-039   [0.000009,0.000015,]
[16,6,]   136   0.0068161   -4.46402e-040   2.4822e-039   [0.000007,0.000014,]
[17,6,]   137   0.00255975   -1.06123e-039   3.11983e-039   [0.000006,0.000013,]
[18,6,]   138   0.000794847   -1.8729e-039   3.84855e-039   [0.000009,0.000012,]
[19,6,]   139   0.000218245   -3.63149e-039   4.66836e-039   [0.000011,0.000010,]
[0,7,]   140   0.000325618   -3.26683e-039   4.39509e-039   [0.000009,-0.000012,]
[1,7,]   141   0.00121321   -1.56518e-039   3.57528e-039   [0.000000,-0.000013,]
[2,7,]   142   0.00383648   -8.38284e-040   2.84656e-039   [0.000005,-0.000014,]
[3,7,]   143   0.0100167   -2.13214e-040   2.20893e-039   [0.000006,-0.000016,]
[4,7,]   144   0.0213023   2.75271e-040   1.66239e-039   [0.000008,-0.000017,]
[5,7,]   145   0.0367739   6.50208e-040   1.20694e-039   [0.000011,-0.000020,]
[6,7,]   146   0.0513556   8.94561e-040   8.42583e-040   [0.000016,-0.000022,]
[7,7,]   147   0.0584361   1.00941e-039   5.69313e-040   [0.000023,-0.000023,]
[8,7,]   148   0.0559671   9.64852e-040   3.87133e-040   [0.000034,-0.000020,]
[9,7,]   149   0.0502431   7.66717e-040   2.96043e-040   [0.000046,-0.000009,]
[10,7,]   150   0.0506996   8.57331e-040   2.96043e-040   [0.000047,0.000008,]
[11,7,]   151   0.0563388   9.7006e-040   3.87133e-040   [0.000035,0.000021,]
[12,7,]   152   0.0585098   9.83427e-040   5.69313e-040   [0.000023,0.000023,]
[13,7,]   153   0.0515762   9.02249e-040   8.42583e-040   [0.000015,0.000022,]
[14,7,]   154   0.0370657   6.63258e-040   1.20694e-039   [0.000011,0.000020,]
[15,7,]   155   0.0215631   2.9534e-040   1.66239e-039   [0.000008,0.000017,]
[16,7,]   156   0.0101828   -1.8871e-040   2.20893e-039   [0.000006,0.000016,]
[17,7,]   157   0.00391751   -7.98357e-040   2.84656e-039   [0.000005,0.000014,]
[18,7,]   158   0.0012374   -1.58937e-039   3.57528e-039   [0.000007,0.000013,]
[19,7,]   159   0.000339756   -3.25619e-039   4.39509e-039   [0.000010,0.000011,]
[0,8,]   160   0.000446026   -3.00332e-039   4.21291e-039   [0.000008,-0.000012,]
[1,8,]   161   0.00163388   -1.39129e-039   3.3931e-039   [-0.000001,-0.000013,]
[2,8,]   162   0.00509106   -6.56246e-040   2.66438e-039   [0.000003,-0.000015,]
[3,8,]   163   0.0130156   -3.73082e-041   2.02675e-039   [0.000004,-0.000017,]
[4,8,]   164   0.026836   4.4209e-040   1.48021e-039   [0.000005,-0.000020,]
[5,8,]   165   0.0441299   7.99103e-040   1.02476e-039   [0.000008,-0.000023,]
[6,8,]   166   0.0568032   9.8543e-040   6.60403e-040   [0.000012,-0.000028,]
[7,8,]   167   0.0560301   9.64326e-040   3.87133e-040   [0.000021,-0.000034,]
[8,8,]   168   0.041858   4.19803e-040   2.04953e-040   [0.000039,-0.000039,]
[9,8,]   169   0.0274311   -6.58517e-040   1.13863e-040   [0.000071,-0.000017,]
[10,8,]   170   0.0274231   -7.66774e-040   1.13863e-040   [0.000073,0.000029,]
[11,8,]   171   0.0423174   4.54563e-040   2.04953e-040   [0.000040,0.000039,]
[12,8,]   172   0.0563394   9.69036e-040   3.87133e-040   [0.000020,0.000034,]
[13,8,]   173   0.0571059   9.94565e-040   6.60403e-040   [0.000012,0.000028,]
[14,8,]   174   0.0444409   8.10158e-040   1.02476e-039   [0.000008,0.000023,]
[15,8,]   175   0.0270913   4.58244e-040   1.48021e-039   [0.000005,0.000020,]
[16,8,]   176   0.0131711   -1.93347e-041   2.02675e-039   [0.000004,0.000017,]
[17,8,]   177   0.00516478   -6.2583e-040   2.66438e-039   [0.000003,0.000015,]
[18,8,]   178   0.00165252   -1.39585e-039   3.3931e-039   [0.000006,0.000013,]
[19,8,]   179   0.000451822   -2.99739e-039   4.21291e-039   [0.000008,0.000011,]
[0,9,]   180   0.000527029   -2.86563e-039   4.12182e-039   [0.000007,-0.000012,]
[1,9,]   181   0.00190067   -1.30943e-039   3.30201e-039   [-0.000002,-0.000014,]
[2,9,]   182   0.00587241   -5.60666e-040   2.57329e-039   [0.000001,-0.000015,]
[3,9,]   183   0.0148325   5.47472e-041   1.93566e-039   [0.000001,-0.000018,]
[4,9,]   184   0.0300301   5.3169e-040   1.38912e-039   [0.000002,-0.000021,]
[5,9,]   185   0.0479022   8.77501e-040   9.33673e-040   [0.000003,-0.000025,]
[6,9,]   186   0.0583042   1.06726e-039   5.69313e-040   [0.000005,-0.000033,]
[7,9,]   187   0.0505205   8.23421e-040   2.96043e-040   [0.000009,-0.000045,]
[8,9,]   188   0.0273552   -7.75531e-040   1.13863e-040   [0.000030,-0.000070,]
[9,9,]   189   0.0073995   -1.13768e-038   2.27725e-041   [0.000126,-0.000110,]
[10,9,]   190   0.00751685   -1.1127e-038   2.27725e-041   [0.000115,0.000123,]
[11,9,]   191   0.0279597   -5.1631e-040   1.13863e-040   [0.000018,0.000069,]
[12,9,]   192   0.050708   8.06029e-040   2.96043e-040   [0.000008,0.000044,]
[13,9,]   193   0.0584006   1.0573e-039   5.69313e-040   [0.000005,0.000032,]
[14,9,]   194   0.0480361   8.84094e-040   9.33673e-040   [0.000003,0.000025,]
[15,9,]   195   0.0301376   5.37742e-040   1.38912e-039   [0.000002,0.000021,]
[16,9,]   196   0.0148972   6.16026e-041   1.93566e-039   [0.000001,0.000018,]
[17,9,]   197   0.00590251   -5.43522e-040   2.57329e-039   [0.000001,0.000015,]
[18,9,]   198   0.00190112   -1.29328e-039   3.30201e-039   [0.000004,0.000014,]
[19,9,]   199   0.000515197   -2.8667e-039   4.12182e-039   [0.000007,0.000012,]
[0,10,]   200   0.000537202   -2.86073e-039   4.12182e-039   [0.000006,-0.000012,]
[1,10,]   201   0.00191226   -1.32008e-039   3.30201e-039   [-0.000004,-0.000014,]
[2,10,]   202   0.00590263   -5.53471e-040   2.57329e-039   [-0.000001,-0.000015,]
[3,10,]   203   0.014897   6.15103e-041   1.93566e-039   [-0.000001,-0.000018,]
[4,10,]   204   0.0301374   5.37735e-040   1.38912e-039   [-0.000002,-0.000021,]
[5,10,]   205   0.0480361   8.84107e-040   9.33673e-040   [-0.000003,-0.000025,]
[6,10,]   206   0.0584006   1.0573e-039   5.69313e-040   [-0.000005,-0.000032,]
[7,10,]   207   0.050708   8.06029e-040   2.96043e-040   [-0.000008,-0.000044,]
[8,10,]   208   0.0279597   -5.1631e-040   1.13863e-040   [-0.000018,-0.000069,]
[9,10,]   209   0.00751685   -1.1127e-038   2.27725e-041   [-0.000115,-0.000123,]
[10,10,]   210   0.0073995   -1.13768e-038   2.27725e-041   [-0.000126,0.000110,]
[11,10,]   211   0.0273552   -7.75531e-040   1.13863e-040   [-0.000030,0.000070,]
[12,10,]   212   0.0505205   8.23421e-040   2.96043e-040   [-0.000009,0.000045,]
[13,10,]   213   0.0583042   1.06726e-039   5.69313e-040   [-0.000005,0.000033,]
[14,10,]   214   0.0479022   8.77489e-040   9.33673e-040   [-0.000003,0.000025,]
[15,10,]   215   0.0300303   5.31696e-040   1.38912e-039   [-0.000002,0.000021,]
[16,10,]   216   0.0148327   5.48655e-041   1.93566e-039   [-0.000001,0.000018,]
[17,10,]   217   0.00587221   -5.50786e-040   2.57329e-039   [-0.000001,0.000015,]
[18,10,]   218   0.00188956   -1.28255e-039   3.30201e-039   [0.000002,0.000014,]
[19,10,]   219   0.000505271   -2.87164e-039   4.12182e-039   [0.000005,0.000012,]
[0,11,]   220   0.000471493   -2.98839e-039   4.21291e-039   [0.000004,-0.000011,]
[1,11,]   221   0.0016624   -1.42302e-039   3.3931e-039   [-0.000006,-0.000013,]
[2,11,]   222   0.00516482   -6.36034e-040   2.66438e-039   [-0.000003,-0.000015,]
[3,11,]   223   0.0131709   -1.94042e-041   2.02675e-039   [-0.000004,-0.000017,]
[4,11,]   224   0.0270912   4.58238e-040   1.48021e-039   [-0.000005,-0.000020,]
[5,11,]   225   0.0444409   8.10171e-040   1.02476e-039   [-0.000008,-0.000023,]
[6,11,]   226   0.0571059   9.94565e-040   6.60403e-040   [-0.000012,-0.000028,]
[7,11,]   227   0.0563394   9.69036e-040   3.87133e-040   [-0.000020,-0.000034,]
[8,11,]   228   0.0423174   4.54563e-040   2.04953e-040   [-0.000040,-0.000039,]
[9,11,]   229   0.0274231   -7.66774e-040   1.13863e-040   [-0.000073,-0.000029,]
[10,11,]   230   0.0274311   -6.58517e-040   1.13863e-040   [-0.000071,0.000017,]
[11,11,]   231   0.041858   4.19803e-040   2.04953e-040   [-0.000039,0.000039,]
[12,11,]   232   0.0560301   9.64326e-040   3.87133e-040   [-0.000021,0.000034,]
[13,11,]   233   0.0568032   9.85429e-040   6.60403e-040   [-0.000012,0.000028,]
[14,11,]   234   0.0441299   7.99091e-040   1.02476e-039   [-0.000008,0.000023,]
[15,11,]   235   0.0268361   4.42097e-040   1.48021e-039   [-0.000005,0.000020,]
[16,11,]   236   0.0130157   -3.71615e-041   2.02675e-039   [-0.000004,0.000017,]
[17,11,]   237   0.00509081   -6.46248e-040   2.66438e-039   [-0.000003,0.000015,]
[18,11,]   238   0.00162407   -1.36389e-039   3.3931e-039   [0.000001,0.000013,]
[19,11,]   239   0.000426981   -3.0126e-039   4.21291e-039   [0.000004,0.000012,]
[0,12,]   240   0.000355165   -3.24167e-039   4.39509e-039   [0.000003,-0.000011,]
[1,12,]   241   0.00124509   -1.61733e-039   3.57528e-039   [-0.000007,-0.000013,]
[2,12,]   242   0.0039175   -8.08964e-040   2.84656e-039   [-0.000005,-0.000014,]
[3,12,]   243   0.0101826   -1.8876e-040   2.20893e-039   [-0.000006,-0.000016,]
[4,12,]   244   0.021563   2.95333e-040   1.66239e-039   [-0.000008,-0.000017,]
[5,12,]   245   0.0370657   6.63271e-040   1.20694e-039   [-0.000011,-0.000020,]
[6,12,]   246   0.0515762   9.02249e-040   8.42583e-040   [-0.000015,-0.000022,]
[7,12,]   247   0.0585098   9.83427e-040   5.69313e-040   [-0.000023,-0.000023,]
[8,12,]   248   0.0563388   9.7006e-040   3.87133e-040   [-0.000035,-0.000021,]
[9,12,]   249   0.0506996   8.57331e-040   2.96043e-040   [-0.000047,-0.000008,]
[10,12,]   250   0.0502431   7.66717e-040   2.96043e-040   [-0.000046,0.000009,]
[11,12,]   251   0.0559671   9.64852e-040   3.87133e-040   [-0.000034,0.000020,]
[12,12,]   252   0.0584361   1.00941e-039   5.69313e-040   [-0.000023,0.000023,]
[13,12,]   253   0.0513556   8.9456e-040   8.42583e-040   [-0.000016,0.000022,]
[14,12,]   254   0.0367739   6.50195e-040   1.20694e-039   [-0.000011,0.000020,]
[15,12,]   255   0.0213024   2.75279e-040   1.66239e-039   [-0.000008,0.000017,]
[16,12,]   256   0.0100168   -2.13038e-040   2.20893e-039   [-0.000006,0.000016,]
[17,12,]   257   0.00383623   -8.28019e-040   2.84656e-039   [-0.000005,0.000014,]
[18,12,]   258   0.00120561   -1.53685e-039   3.57528e-039   [-0.000000,0.000013,]
[19,12,]   259   0.000310955   -3.28219e-039   4.39509e-039   [0.000004,0.000012,]
[0,13,]   260   0.000228692   -3.60977e-039   4.66836e-039   [0.000002,-0.000010,]
[1,13,]   261   0.000800025   -1.90198e-039   3.84855e-039   [-0.000009,-0.000012,]
[2,13,]   262   0.00255971   -1.07232e-039   3.11983e-039   [-0.000006,-0.000013,]
[3,13,]   263   0.00681601   -4.46436e-040   2.4822e-039   [-0.000007,-0.000014,]
[4,13,]   264   0.0149428   4.6351e-041   1.93566e-039   [-0.000009,-0.000015,]
[5,13,]   265   0.0270337   4.34563e-040   1.48021e-039   [-0.000012,-0.000016,]
[6,13,]   266   0.040588   7.14006e-040   1.11585e-039   [-0.000016,-0.000017,]
[7,13,]   267   0.0514193   8.85333e-040   8.42583e-040   [-0.000022,-0.000016,]
[8,13,]   268   0.0570935   1.00208e-039   6.60403e-040   [-0.000028,-0.000012,]
[9,13,]   269   0.0585297   1.09323e-039   5.69313e-040   [-0.000034,-0.000004,]
[10,13,]   270   0.0581193   1.03898e-039   5.69313e-040   [-0.000033,0.000005,]
[11,13,]   271   0.0568442   9.86516e-040   6.60403e-040   [-0.000028,0.000012,]
[12,13,]   272   0.0515592   9.18744e-040   8.42583e-040   [-0.000022,0.000015,]
[13,13,]   273   0.0405711   7.15534e-040   1.11585e-039   [-0.000017,0.000016,]
[14,13,]   274   0.0268928   4.26949e-040   1.48021e-039   [-0.000013,0.000016,]
[15,13,]   275   0.0147781   2.86229e-041   1.93566e-039   [-0.000010,0.000015,]
[16,13,]   276   0.00669982   -4.71407e-040   2.4822e-039   [-0.000007,0.000014,]
[17,13,]   277   0.00249957   -1.09493e-039   3.11983e-039   [-0.000006,0.000013,]
[18,13,]   278   0.000770558   -1.80068e-039   3.84855e-039   [-0.000001,0.000012,]
[19,13,]   279   0.000194859   -3.66775e-039   4.66836e-039   [0.000004,0.000012,]
[0,14,]   280   0.000125354   -4.08193e-039   5.03272e-039   [0.000002,-0.000009,]
[1,14,]   281   0.000438934   -2.27662e-039   4.21291e-039   [-0.000010,-0.000011,]
[2,14,]   282   0.00143105   -1.42667e-039   3.48419e-039   [-0.000007,-0.000011,]
[3,14,]   283   0.00391023   -7.93834e-040   2.84656e-039   [-0.000008,-0.000012,]
[4,14,]   284   0.00887596   -2.91524e-040   2.30002e-039   [-0.000010,-0.000013,]
[5,14,]   285   0.0168328   1.14178e-040   1.84457e-039   [-0.000013,-0.000013,]
[6,14,]   286   0.0268991   4.24487e-040   1.48021e-039   [-0.000016,-0.000013,]
[7,14,]   287   0.0368051   6.40005e-040   1.20694e-039   [-0.000020,-0.000011,]
[8,14,]   288   0.0443087   8.09042e-040   1.02476e-039   [-0.000023,-0.000008,]
[9,14,]   289   0.0480471   8.92966e-040   9.33673e-040   [-0.000027,-0.000003,]
[10,14,]   290   0.0478655   8.66897e-040   9.33673e-040   [-0.000026,0.000003,]
[11,14,]   291   0.0442794   8.02218e-040   1.02476e-039   [-0.000023,0.000008,]
[12,14,]   292   0.0370597   6.75625e-040   1.20694e-039   [-0.000020,0.000011,]
[13,14,]   293   0.0270285   4.3491e-040   1.48021e-039   [-0.000016,0.000012,]
[14,14,]   294   0.0168318   1.15376e-040   1.84457e-039   [-0.000013,0.000013,]
[15,14,]   295   0.00881608   -3.02026e-040   2.30002e-039   [-0.000010,0.000013,]
[16,14,]   296   0.00385474   -8.14102e-040   2.84656e-039   [-0.000008,0.000012,]
[17,14,]   297   0.00139896   -1.44733e-039   3.48419e-039   [-0.000007,0.000011,]
[18,14,]   298   0.000422235   -2.15513e-039   4.21291e-039   [-0.000001,0.000011,]
[19,14,]   299   0.000104769   -4.1557e-039   5.03272e-039   [0.000004,0.000011,]
[0,15,]   300   5.82699e-005   -4.65039e-039   5.48817e-039   [0.000001,-0.000008,]
[1,15,]   301   0.0002047   -2.74234e-039   4.66836e-039   [-0.000011,-0.000010,]
[2,15,]   302   0.000680308   -1.87378e-039   3.93964e-039   [-0.000008,-0.000010,]
[3,15,]   303   0.00190615   -1.23348e-039   3.30201e-039   [-0.000009,-0.000010,]
[4,15,]   304   0.00446694   -7.22212e-040   2.75547e-039   [-0.000010,-0.000011,]
[5,15,]   305   0.00881679   -3.02488e-040   2.30002e-039   [-0.000013,-0.000010,]
[6,15,]   306   0.0147815   2.72525e-041   1.93566e-039   [-0.000015,-0.000010,]
[7,15,]   307   0.0213178   2.67004e-040   1.66239e-039   [-0.000018,-0.000008,]
[8,15,]   308   0.0269283   4.51035e-040   1.48021e-039   [-0.000020,-0.000005,]
[9,15,]   309   0.030106   5.44425e-040   1.38912e-039   [-0.000022,-0.000002,]
[10,15,]   310   0.0300507   5.23497e-040   1.38912e-039   [-0.000022,0.000002,]
[11,15,]   311   0.0270073   4.50786e-040   1.48021e-039   [-0.000020,0.000005,]
[12,15,]   312   0.021559   3.05199e-040   1.66239e-039   [-0.000017,0.000008,]
[13,15,]   313   0.0149403   4.61762e-041   1.93566e-039   [-0.000015,0.000009,]
[14,15,]   314   0.0088755   -2.91027e-040   2.30002e-039   [-0.000013,0.000010,]
[15,15,]   315   0.00446663   -7.22307e-040   2.75547e-039   [-0.000011,0.000010,]
[16,15,]   316   0.00189036   -1.24465e-039   3.30201e-039   [-0.000009,0.000010,]
[17,15,]   317   0.000668169   -1.88737e-039   3.93964e-039   [-0.000007,0.000010,]
[18,15,]   318   0.000197445   -2.60106e-039   4.66836e-039   [-0.000001,0.000010,]
[19,15,]   319   4.81565e-005   -4.73542e-039   5.48817e-039   [0.000005,0.000010,]
[0,16,]   320   2.28984e-005   -5.30564e-039   6.03471e-039   [0.000001,-0.000007,]
[1,16,]   321   8.0831e-005   -3.29604e-039   5.2149e-039   [-0.000012,-0.000009,]
[2,16,]   322   0.00027364   -2.4111e-039   4.48618e-039   [-0.000008,-0.000009,]
[3,16,]   323   0.000784617   -1.76361e-039   3.84855e-039   [-0.000009,-0.000009,]
[4,16,]   324   0.00189046   -1.2447e-039   3.30201e-039   [-0.000010,-0.000009,]
[5,16,]   325   0.00385499   -8.1467e-040   2.84656e-039   [-0.000012,-0.000008,]
[6,16,]   326   0.00670112   -4.72721e-040   2.4822e-039   [-0.000014,-0.000007,]
[7,16,]   327   0.0100228   -2.20606e-040   2.20893e-039   [-0.000016,-0.000006,]
[8,16,]   328   0.013054   -2.97891e-041   2.02675e-039   [-0.000017,-0.000004,]
[9,16,]   329   0.0148646   6.55226e-041   1.93566e-039   [-0.000018,-0.000001,]
[10,16,]   330   0.014861   4.97255e-041   1.93566e-039   [-0.000018,0.000001,]
[11,16,]   331   0.0131355   -2.57678e-041   2.02675e-039   [-0.000017,0.000004,]
[12,16,]   332   0.0101808   -1.80145e-040   2.20893e-039   [-0.000016,0.000006,]
[13,16,]   333   0.00681506   -4.46423e-040   2.4822e-039   [-0.000014,0.000007,]
[14,16,]   334   0.00391009   -7.93338e-040   2.84656e-039   [-0.000012,0.000008,]
[15,16,]   335   0.00190605   -1.23352e-039   3.30201e-039   [-0.000010,0.000009,]
[16,16,]   336   0.000784587   -1.76353e-039   3.84855e-039   [-0.000009,0.000009,]
[17,16,]   337   0.000270814   -2.4144e-039   4.48618e-039   [-0.000008,0.000009,]
[18,16,]   338   7.84521e-005   -3.13613e-039   5.2149e-039   [-0.000001,0.000009,]
[19,16,]   339   1.88511e-005   -5.39644e-039   6.03471e-039   [0.000005,0.000009,]
[0,17,]   340   7.56493e-006   -6.07828e-039   6.67234e-039   [0.000000,-0.000007,]
[1,17,]   341   2.68611e-005   -3.97066e-039   5.85253e-039   [-0.000013,-0.000008,]
[2,17,]   342   9.25154e-005   -3.07013e-039   5.12381e-039   [-0.000008,-0.000008,]
[3,17,]   343   0.000270823   -2.41444e-039   4.48618e-039   [-0.000009,-0.000008,]
[4,17,]   344   0.000668201   -1.88739e-039   3.93964e-039   [-0.000010,-0.000007,]
[5,17,]   345   0.00139903   -1.44781e-039   3.48419e-039   [-0.000011,-0.000007,]
[6,17,]   346   0.00249999   -1.09602e-039   3.11983e-039   [-0.000013,-0.000006,]
[7,17,]   347   0.00383816   -8.34783e-040   2.84656e-039   [-0.000014,-0.000005,]
[8,17,]   348   0.0051039   -6.39852e-040   2.66438e-039   [-0.000015,-0.000003,]
[9,17,]   349   0.0058833   -5.41481e-040   2.57329e-039   [-0.000016,-0.000001,]
[10,17,]   350   0.00589018   -5.53616e-040   2.57329e-039   [-0.000016,0.000001,]
[11,17,]   351   0.00515249   -6.31491e-040   2.66438e-039   [-0.000015,0.000003,]
[12,17,]   352   0.00391676   -7.90816e-040   2.84656e-039   [-0.000014,0.000005,]
[13,17,]   353   0.0025594   -1.06117e-039   3.11983e-039   [-0.000013,0.000006,]
[14,17,]   354   0.00143102   -1.41463e-039   3.48419e-039   [-0.000011,0.000007,]
[15,17,]   355   0.000680289   -1.86172e-039   3.93964e-039   [-0.000010,0.000008,]
[16,17,]   356   0.000273637   -2.39847e-039   4.48618e-039   [-0.000009,0.000008,]
[17,17,]   357   9.25151e-005   -3.05713e-039   5.12381e-039   [-0.000008,0.000008,]
[18,17,]   358   2.63222e-005   -3.78917e-039   5.85253e-039   [-0.000001,0.000008,]
[19,17,]   359   6.24609e-006   -6.16446e-039   6.67234e-039   [0.000006,0.000009,]
[0,18,]   360   2.10613e-006   -6.93226e-039   7.40106e-039   [0.000000,0.000001,]
[1,18,]   361   7.52464e-006   -4.72135e-039   6.58125e-039   [-0.000013,-0.000000,]
[2,18,]   362   2.6322e-005   -3.80256e-039   5.85253e-039   [-0.000008,-0.000001,]
[3,18,]   363   7.84542e-005   -3.13619e-039   5.2149e-039   [-0.000009,-0.000001,]
[4,18,]   364   0.000197454   -2.60109e-039   4.66836e-039   [-0.000010,-0.000001,]
[5,18,]   365   0.000422255   -2.15558e-039   4.21291e-039   [-0.000011,-0.000001,]
[6,18,]   366   0.000770674   -1.80162e-039   3.84855e-039   [-0.000012,-0.000001,]
[7,18,]   367   0.00120613   -1.54299e-039   3.57528e-039   [-0.000013,-0.000000,]
[8,18,]   368   0.00162778   -1.35837e-039   3.3931e-039   [-0.000013,0.000001,]
[9,18,]   369   0.00189274   -1.27446e-039   3.30201e-039   [-0.000014,0.000002,]
[10,18,]   370   0.00189764   -1.3021e-039   3.30201e-039   [-0.000014,0.000004,]
[11,18,]   371   0.001649   -1.40087e-039   3.3931e-039   [-0.000013,0.000006,]
[12,18,]   372   0.00123717   -1.58266e-039   3.57528e-039   [-0.000013,0.000007,]
[13,18,]   373   0.000794751   -1.87279e-039   3.84855e-039   [-0.000012,0.000009,]
[14,18,]   374   0.000435931   -2.2458e-039   4.21291e-039   [-0.000011,0.000010,]
[15,18,]   375   0.000203229   -2.71051e-039   4.66836e-039   [-0.000010,0.000011,]
[16,18,]   376   8.02252e-005   -3.26267e-039   5.2149e-039   [-0.000009,0.000012,]
[17,18,]   377   2.66522e-005   -3.93593e-039   5.85253e-039   [-0.000008,0.000012,]
[18,18,]   378   7.46414e-006   -4.68495e-039   6.58125e-039   [-0.000000,0.000013,]
[19,18,]   379   1.75317e-006   -7.17339e-039   7.40106e-039   [0.000007,0.000014,]
[0,19,]   380   4.96721e-007   -9.50212e-039   8.22087e-039   [0.000000,0.000008,]
[1,19,]   381   1.76828e-006   -7.21002e-039   7.40106e-039   [-0.000014,0.000007,]
[2,19,]   382   6.24612e-006   -6.17861e-039   6.67234e-039   [-0.000009,0.000006,]
[3,19,]   383   1.88518e-005   -5.39652e-039   6.03471e-039   [-0.000009,0.000005,]
[4,19,]   384   4.81588e-005   -4.73548e-039   5.48817e-039   [-0.000010,0.000005,]
[5,19,]   385   0.000104774   -4.15613e-039   5.03272e-039   [-0.000011,0.000004,]
[6,19,]   386   0.000194885   -3.66873e-039   4.66836e-039   [-0.000012,0.000004,]
[7,19,]   387   0.000311075   -3.28842e-039   4.39509e-039   [-0.000012,0.000004,]
[8,19,]   388   0.000427881   -3.00931e-039   4.21291e-039   [-0.000013,0.000004,]
[9,19,]   389   0.000506086   -2.86513e-039   4.12182e-039   [-0.000013,0.000005,]
[10,19,]   390   0.000514369   -2.87313e-039   4.12182e-039   [-0.000012,0.000007,]
[11,19,]   391   0.000450946   -3.00079e-039   4.21291e-039   [-0.000011,0.000008,]
[12,19,]   392   0.000339698   -3.25006e-039   4.39509e-039   [-0.000011,0.000010,]
[13,19,]   393   0.000218221   -3.6313e-039   4.66836e-039   [-0.000010,0.000011,]
[14,19,]   394   0.000119292   -4.11133e-039   5.03272e-039   [-0.000009,0.000013,]
[15,19,]   395   5.52924e-005   -4.68843e-039   5.48817e-039   [-0.000008,0.000015,]
[16,19,]   396   2.16675e-005   -5.35163e-039   6.03471e-039   [-0.000007,0.000016,]
[17,19,]   397   7.13939e-006   -6.13185e-039   6.67234e-039   [-0.000007,0.000017,]
[18,19,]   398   1.98272e-006   -6.991e-039   7.40106e-039   [0.000001,0.000018,]
[19,19,]   399   4.65836e-007   -9.58579e-039   8.22087e-039   [0.000008,0.000019,]
