coordinates  index   rho      Q      V    velocities 
[0,0,]   0   5.51997e-008   -8.58617e-039   8.22087e-039   [0.000016,0.000009,]
[1,0,]   1   1.45323e-007   -7.0554e-039   7.40106e-039   [-0.000010,0.000009,]
[2,0,]   2   4.77713e-007   -6.01772e-039   6.67234e-039   [0.000002,0.000009,]
[3,0,]   3   1.42371e-006   -5.16262e-039   6.03471e-039   [0.000005,0.000009,]
[4,0,]   4   3.5678e-006   -4.54893e-039   5.48817e-039   [0.000006,0.000009,]
[5,0,]   5   7.56329e-006   -4.00283e-039   5.03272e-039   [0.000008,0.000010,]
[6,0,]   6   1.35512e-005   -3.56105e-039   4.66839e-039   [0.000009,0.000011,]
[7,0,]   7   2.06033e-005   -3.22698e-039   4.39538e-039   [0.000010,0.000012,]
[8,0,]   8   2.67425e-005   -3.00787e-039   4.21518e-039   [0.000011,0.000013,]
[9,0,]   9   2.98513e-005   -2.91103e-039   4.13591e-039   [0.000012,0.000014,]
[10,0,]   10   2.88579e-005   -2.93521e-039   4.18988e-039   [0.000013,0.000015,]
[11,0,]   11   2.42855e-005   -3.07359e-039   4.46889e-039   [0.000013,0.000017,]
[12,0,]   12   1.78263e-005   -3.32131e-039   5.1449e-039   [0.000014,0.000018,]
[13,0,]   13   1.13866e-005   -3.66576e-039   6.37891e-039   [0.000015,0.000019,]
[14,0,]   14   6.29348e-006   -4.09898e-039   8.07184e-039   [0.000015,0.000019,]
[15,0,]   15   2.9862e-006   -4.61889e-039   9.69335e-039   [0.000016,0.000020,]
[16,0,]   16   1.20633e-006   -5.21578e-039   1.05663e-038   [0.000015,0.000020,]
[17,0,]   17   4.08704e-007   -5.98974e-039   1.04754e-038   [0.000015,0.000021,]
[18,0,]   18   1.17918e-007   -7.2604e-039   9.88679e-039   [0.000024,0.000021,]
[19,0,]   19   3.93813e-008   -9.20074e-039   9.48618e-039   [0.000033,0.000021,]
[0,1,]   20   1.31522e-007   -7.13924e-039   7.40106e-039   [0.000016,-0.000022,]
[1,1,]   21   3.53713e-007   -5.48381e-039   6.58125e-039   [-0.000009,-0.000021,]
[2,1,]   22   1.17547e-006   -4.49354e-039   5.85253e-039   [0.000004,-0.000020,]
[3,1,]   23   3.54366e-006   -3.68404e-039   5.2149e-039   [0.000007,-0.000019,]
[4,1,]   24   9.00816e-006   -3.11332e-039   4.66836e-039   [0.000009,-0.000017,]
[5,1,]   25   1.94397e-005   -2.60594e-039   4.21291e-039   [0.000010,-0.000016,]
[6,1,]   26   3.55857e-005   -2.19538e-039   3.84858e-039   [0.000011,-0.000014,]
[7,1,]   27   5.545e-005   -1.88061e-039   3.57557e-039   [0.000012,-0.000012,]
[8,1,]   28   7.3899e-005   -1.66366e-039   3.39537e-039   [0.000013,-0.000010,]
[9,1,]   29   8.46627e-005   -1.54849e-039   3.3161e-039   [0.000013,-0.000008,]
[10,1,]   30   8.3733e-005   -1.53572e-039   3.37007e-039   [0.000014,-0.000006,]
[11,1,]   31   7.16846e-005   -1.6218e-039   3.64908e-039   [0.000014,-0.000005,]
[12,1,]   32   5.31279e-005   -1.80858e-039   4.32509e-039   [0.000014,-0.000004,]
[13,1,]   33   3.40076e-005   -2.08957e-039   5.5591e-039   [0.000014,-0.000004,]
[14,1,]   34   1.87154e-005   -2.46303e-039   7.25203e-039   [0.000014,-0.000004,]
[15,1,]   35   8.80165e-006   -2.92996e-039   8.87354e-039   [0.000014,-0.000004,]
[16,1,]   36   3.51456e-006   -3.48139e-039   9.74646e-039   [0.000014,-0.000005,]
[17,1,]   37   1.17531e-006   -4.2172e-039   9.65563e-039   [0.000013,-0.000005,]
[18,1,]   38   3.34461e-007   -5.44738e-039   9.06698e-039   [0.000023,-0.000006,]
[19,1,]   39   1.09671e-007   -7.49792e-039   8.66637e-039   [0.000032,-0.000008,]
[0,2,]   40   4.31895e-007   -5.84621e-039   6.67234e-039   [0.000016,-0.000011,]
[1,2,]   41   1.17772e-006   -4.22455e-039   5.85253e-039   [-0.000008,-0.000010,]
[2,2,]   42   3.86742e-006   -3.28599e-039   5.12381e-039   [0.000004,-0.000010,]
[3,2,]   43   1.14739e-005   -2.51629e-039   4.48618e-039   [0.000007,-0.000009,]
[4,2,]   44   2.86864e-005   -1.98252e-039   3.93964e-039   [0.000009,-0.000009,]
[5,2,]   45   6.08673e-005   -1.51605e-039   3.48419e-039   [0.000011,-0.000008,]
[6,2,]   46   0.00010963   -1.14964e-039   3.11986e-039   [0.000013,-0.000007,]
[7,2,]   47   0.000168462   -8.78097e-040   2.84685e-039   [0.000014,-0.000006,]
[8,2,]   48   0.000222305   -7.04077e-040   2.66665e-039   [0.000015,-0.000004,]
[9,2,]   49   0.00025372   -6.22799e-040   2.58738e-039   [0.000015,-0.000002,]
[10,2,]   50   0.000251691   -6.35615e-040   2.64135e-039   [0.000016,0.000000,]
[11,2,]   51   0.000217529   -7.41482e-040   2.92036e-039   [0.000015,0.000002,]
[12,2,]   52   0.00016371   -9.29362e-040   3.59637e-039   [0.000015,0.000004,]
[13,2,]   53   0.00010678   -1.20245e-039   4.83038e-039   [0.000015,0.000005,]
[14,2,]   54   5.99569e-005   -1.55678e-039   6.52331e-039   [0.000015,0.000006,]
[15,2,]   55   2.87538e-005   -1.999e-039   8.14482e-039   [0.000014,0.000006,]
[16,2,]   56   1.16892e-005   -2.52287e-039   9.01774e-039   [0.000014,0.000006,]
[17,2,]   57   3.97277e-006   -3.22692e-039   8.92691e-039   [0.000013,0.000006,]
[18,2,]   58   1.14654e-006   -4.40257e-039   8.33826e-039   [0.000022,0.000006,]
[19,2,]   59   3.74621e-007   -6.36968e-039   7.93765e-039   [0.000031,0.000004,]
[0,3,]   60   1.27209e-006   -5.01048e-039   6.03471e-039   [0.000016,-0.000010,]
[1,3,]   61   3.51012e-006   -3.4268e-039   5.2149e-039   [-0.000008,-0.000009,]
[2,3,]   62   1.13455e-005   -2.52067e-039   4.48618e-039   [0.000004,-0.000009,]
[3,3,]   63   3.29553e-005   -1.76802e-039   3.84855e-039   [0.000007,-0.000009,]
[4,3,]   64   8.05168e-005   -1.24459e-039   3.30201e-039   [0.000010,-0.000009,]
[5,3,]   65   0.000166652   -7.90204e-040   2.84656e-039   [0.000012,-0.000008,]
[6,3,]   66   0.000292663   -4.3413e-040   2.48223e-039   [0.000014,-0.000007,]
[7,3,]   67   0.000439224   -1.74796e-040   2.20922e-039   [0.000015,-0.000006,]
[8,3,]   68   0.000569068   -5.57645e-042   2.02902e-039   [0.000017,-0.000004,]
[9,3,]   69   0.000643322   7.18481e-041   1.94975e-039   [0.000018,-0.000002,]
[10,3,]   70   0.000639236   5.5528e-041   2.00372e-039   [0.000018,0.000001,]
[11,3,]   71   0.000559836   -3.9331e-041   2.28273e-039   [0.000017,0.000004,]
[12,3,]   72   0.000430839   -2.19114e-040   2.95874e-039   [0.000017,0.000006,]
[13,3,]   73   0.00028899   -4.71947e-040   4.19275e-039   [0.000016,0.000007,]
[14,3,]   74   0.000167078   -8.08329e-040   5.88568e-039   [0.000015,0.000008,]
[15,3,]   75   8.23794e-005   -1.23152e-039   7.50719e-039   [0.000015,0.000008,]
[16,3,]   76   3.43259e-005   -1.7399e-039   8.38011e-039   [0.000014,0.000008,]
[17,3,]   77   1.19208e-005   -2.42749e-039   8.28928e-039   [0.000013,0.000008,]
[18,3,]   78   3.50375e-006   -3.56145e-039   7.70063e-039   [0.000021,0.000008,]
[19,3,]   79   1.14059e-006   -5.4459e-039   7.30002e-039   [0.000029,0.000006,]
[0,4,]   80   3.15169e-006   -4.42646e-039   5.48817e-039   [0.000016,-0.000011,]
[1,4,]   81   8.7887e-006   -2.88457e-039   4.66836e-039   [-0.000007,-0.000010,]
[2,4,]   82   2.7915e-005   -2.00381e-039   3.93964e-039   [0.000004,-0.000010,]
[3,4,]   83   7.91536e-005   -1.26412e-039   3.30201e-039   [0.000007,-0.000010,]
[4,4,]   84   0.000188132   -7.47182e-040   2.75547e-039   [0.000010,-0.000010,]
[5,4,]   85   0.000377392   -2.99044e-040   2.30002e-039   [0.000012,-0.000010,]
[6,4,]   86   0.000640537   4.5947e-041   1.93569e-039   [0.000015,-0.000009,]
[7,4,]   87   0.000929583   3.03004e-040   1.66268e-039   [0.000017,-0.000008,]
[8,4,]   88   0.00117039   4.59547e-040   1.48248e-039   [0.000019,-0.000005,]
[9,4,]   89   0.00130247   5.50597e-040   1.40321e-039   [0.000021,-0.000002,]
[10,4,]   90   0.00129694   5.46755e-040   1.45718e-039   [0.000021,0.000002,]
[11,4,]   91   0.00115649   4.31302e-040   1.73619e-039   [0.000020,0.000006,]
[12,4,]   92   0.000919078   2.66434e-040   2.4122e-039   [0.000018,0.000008,]
[13,4,]   93   0.000639954   2.05796e-041   3.64621e-039   [0.000017,0.000010,]
[14,4,]   94   0.000384006   -2.99498e-040   5.33914e-039   [0.000016,0.000010,]
[15,4,]   95   0.000195708   -7.13055e-040   6.96065e-039   [0.000015,0.000011,]
[16,4,]   96   8.38602e-005   -1.21368e-039   7.83357e-039   [0.000014,0.000010,]
[17,4,]   97   2.98105e-005   -1.8929e-039   7.74274e-039   [0.000013,0.000010,]
[18,4,]   98   8.92887e-006   -2.98916e-039   7.15409e-039   [0.000020,0.000009,]
[19,4,]   99   2.88938e-006   -4.79126e-039   6.75348e-039   [0.000027,0.000007,]
[0,5,]   100   6.65938e-006   -3.91567e-039   5.03272e-039   [0.000015,-0.000012,]
[1,5,]   101   1.87232e-005   -2.42171e-039   4.21291e-039   [-0.000007,-0.000011,]
[2,5,]   102   5.83496e-005   -1.56377e-039   3.48419e-039   [0.000004,-0.000011,]
[3,5,]   103   0.000161028   -8.40576e-040   2.84656e-039   [0.000007,-0.000012,]
[4,5,]   104   0.000370447   -3.31841e-040   2.30002e-039   [0.000010,-0.000012,]
[5,5,]   105   0.000714158   9.96146e-041   1.84457e-039   [0.000013,-0.000013,]
[6,5,]   106   0.00115748   4.33892e-040   1.48024e-039   [0.000016,-0.000012,]
[7,5,]   107   0.00159721   6.64597e-040   1.20723e-039   [0.000019,-0.000011,]
[8,5,]   108   0.00192146   8.29603e-040   1.02703e-039   [0.000023,-0.000007,]
[9,5,]   109   0.00207166   8.80425e-040   9.47764e-040   [0.000025,-0.000003,]
[10,5,]   110   0.00206536   8.94771e-040   1.00173e-039   [0.000026,0.000003,]
[11,5,]   111   0.00190407   8.03624e-040   1.28074e-039   [0.000024,0.000008,]
[12,5,]   112   0.00159047   6.38642e-040   1.95675e-039   [0.000021,0.000011,]
[13,5,]   113   0.00116908   4.28427e-040   3.19076e-039   [0.000018,0.000013,]
[14,5,]   114   0.000736205   1.23012e-040   4.88369e-039   [0.000016,0.000013,]
[15,5,]   115   0.000390566   -2.73468e-040   6.5052e-039   [0.000014,0.000013,]
[16,5,]   116   0.00017273   -7.67027e-040   7.37812e-039   [0.000013,0.000012,]
[17,5,]   117   6.29572e-005   -1.43701e-039   7.28729e-039   [0.000012,0.000011,]
[18,5,]   118   1.92222e-005   -2.49197e-039   6.69864e-039   [0.000018,0.000010,]
[19,5,]   119   6.16281e-006   -4.21456e-039   6.29803e-039   [0.000024,0.000008,]
[0,6,]   120   1.20837e-005   -3.491e-039   4.66836e-039   [0.000014,-0.000012,]
[1,6,]   121   3.41185e-005   -2.05026e-039   3.84855e-039   [-0.000007,-0.000012,]
[2,6,]   122   0.000104278   -1.21e-039   3.11983e-039   [0.000003,-0.000013,]
[3,6,]   123   0.000279683   -5.02053e-040   2.4822e-039   [0.000006,-0.000014,]
[4,6,]   124   0.000620253   -8.41225e-042   1.93566e-039   [0.000009,-0.000015,]
[5,6,]   125   0.00113997   4.09434e-040   1.48021e-039   [0.000012,-0.000016,]
[6,6,]   126   0.00173647   7.04612e-040   1.11588e-039   [0.000016,-0.000016,]
[7,6,]   127   0.00222441   9.24104e-040   8.42868e-040   [0.000022,-0.000015,]
[8,6,]   128   0.00246893   1.02065e-039   6.62675e-040   [0.000028,-0.000012,]
[9,6,]   129   0.00251262   1.05769e-039   5.83404e-040   [0.000032,-0.000004,]
[10,6,]   130   0.00249584   1.0421e-039   6.37368e-040   [0.000033,0.000005,]
[11,6,]   131   0.00244664   9.99683e-040   9.16375e-040   [0.000029,0.000012,]
[12,6,]   132   0.0022284   9.21756e-040   1.59239e-039   [0.000023,0.000016,]
[13,6,]   133   0.00176875   7.1765e-040   2.8264e-039   [0.000018,0.000017,]
[14,6,]   134   0.00118576   4.50724e-040   4.51933e-039   [0.000016,0.000016,]
[15,6,]   135   0.000659002   6.56089e-041   6.14084e-039   [0.000014,0.000015,]
[16,6,]   136   0.00030163   -4.16571e-040   7.01376e-039   [0.000012,0.000014,]
[17,6,]   137   0.000112771   -1.07917e-039   6.92293e-039   [0.000011,0.000013,]
[18,6,]   138   3.50709e-005   -2.08951e-039   6.33428e-039   [0.000017,0.000011,]
[19,6,]   139   1.10949e-005   -3.74116e-039   5.93367e-039   [0.000022,0.000009,]
[0,7,]   140   1.89603e-005   -3.15525e-039   4.39509e-039   [0.000013,-0.000013,]
[1,7,]   141   5.346e-005   -1.77025e-039   3.57528e-039   [-0.000007,-0.000013,]
[2,7,]   142   0.000160463   -9.36893e-040   2.84656e-039   [0.000002,-0.000014,]
[3,7,]   143   0.000418786   -2.46876e-040   2.20893e-039   [0.000005,-0.000016,]
[4,7,]   144   0.000895188   2.41485e-040   1.66239e-039   [0.000008,-0.000017,]
[5,7,]   145   0.0015594   6.23654e-040   1.20694e-039   [0.000011,-0.000020,]
[6,7,]   146   0.00220192   9.1482e-040   8.4261e-040   [0.000016,-0.000022,]
[7,7,]   147   0.00251898   1.00835e-039   5.69598e-040   [0.000023,-0.000023,]
[8,7,]   148   0.00243249   1.00631e-039   3.89405e-040   [0.000034,-0.000019,]
[9,7,]   149   0.00217678   6.79138e-040   3.10134e-040   [0.000045,-0.000009,]
[10,7,]   150   0.00214074   7.40019e-040   3.64098e-040   [0.000044,0.000012,]
[11,7,]   151   0.00239637   9.35526e-040   6.43105e-040   [0.000035,0.000022,]
[12,7,]   152   0.00252952   1.00932e-039   1.31912e-039   [0.000024,0.000023,]
[13,7,]   153   0.00225134   9.32814e-040   2.55313e-039   [0.000017,0.000022,]
[14,7,]   154   0.001627   6.78528e-040   4.24606e-039   [0.000014,0.000020,]
[15,7,]   155   0.000951294   3.19167e-040   5.86757e-039   [0.000012,0.000017,]
[16,7,]   156   0.000450384   -1.59877e-040   6.74049e-039   [0.000011,0.000016,]
[17,7,]   157   0.000172422   -8.13349e-040   6.64966e-039   [0.000010,0.000014,]
[18,7,]   158   5.44792e-005   -1.77961e-039   6.06101e-039   [0.000015,0.000012,]
[19,7,]   159   1.69314e-005   -3.37694e-039   5.6604e-039   [0.000020,0.000010,]
[0,8,]   160   2.58571e-005   -2.91688e-039   4.21291e-039   [0.000012,-0.000013,]
[1,8,]   161   7.23229e-005   -1.58449e-039   3.3931e-039   [-0.000008,-0.000013,]
[2,8,]   162   0.000213934   -7.4968e-040   2.66438e-039   [0.000000,-0.000015,]
[3,8,]   163   0.000546343   -6.55185e-041   2.02675e-039   [0.000003,-0.000017,]
[4,8,]   164   0.00113142   4.08689e-040   1.48021e-039   [0.000005,-0.000020,]
[5,8,]   165   0.00187615   7.92121e-040   1.02476e-039   [0.000008,-0.000023,]
[6,8,]   166   0.00243203   9.97965e-040   6.6043e-040   [0.000012,-0.000028,]
[7,8,]   167   0.00240666   9.49575e-040   3.87418e-040   [0.000021,-0.000034,]
[8,8,]   168   0.00181613   2.92617e-040   2.07225e-040   [0.000038,-0.000035,]
[9,8,]   169   0.00127579   -1.49265e-040   1.27954e-040   [0.000071,-0.000020,]
[10,8,]   170   0.00114894   -1.56288e-039   1.81918e-040   [0.000071,0.000026,]
[11,8,]   171   0.00178775   2.42783e-040   4.60925e-040   [0.000036,0.000039,]
[12,8,]   172   0.00242592   9.98643e-040   1.13694e-039   [0.000020,0.000035,]
[13,8,]   173   0.00248551   1.02767e-039   2.37095e-039   [0.000014,0.000028,]
[14,8,]   174   0.00194782   8.40393e-040   4.06388e-039   [0.000011,0.000023,]
[15,8,]   175   0.00119232   4.74273e-040   5.68539e-039   [0.000010,0.000020,]
[16,8,]   176   0.000580971   7.80358e-042   6.55831e-039   [0.000009,0.000017,]
[17,8,]   177   0.000226533   -6.43189e-040   6.46748e-039   [0.000008,0.000015,]
[18,8,]   178   7.23898e-005   -1.56566e-039   5.87883e-039   [0.000013,0.000013,]
[19,8,]   179   2.20098e-005   -3.13491e-039   5.47822e-039   [0.000018,0.000011,]
[0,9,]   180   3.07225e-005   -2.78709e-039   4.12182e-039   [0.000011,-0.000012,]
[1,9,]   181   8.46712e-005   -1.49893e-039   3.30201e-039   [-0.000009,-0.000014,]
[2,9,]   182   0.000248275   -6.44339e-040   2.57329e-039   [-0.000002,-0.000016,]
[3,9,]   183   0.000625975   3.01094e-041   1.93566e-039   [-0.000000,-0.000018,]
[4,9,]   184   0.00127348   5.26252e-040   1.38912e-039   [0.000001,-0.000021,]
[5,9,]   185   0.00204264   8.86866e-040   9.33675e-040   [0.000002,-0.000025,]
[6,9,]   186   0.00249024   1.04411e-039   5.6934e-040   [0.000005,-0.000032,]
[7,9,]   187   0.00216018   7.69781e-040   2.96328e-040   [0.000012,-0.000044,]
[8,9,]   188   0.00117819   -1.49559e-039   1.16135e-040   [0.000026,-0.000069,]
[9,9,]   189   0.000423471   -8.45256e-039   3.6864e-041   [0.000116,-0.000110,]
[10,9,]   190   0.000399801   -9.16277e-039   9.08278e-041   [0.000113,0.000119,]
[11,9,]   191   0.00124912   -2.05185e-040   3.69835e-040   [0.000021,0.000072,]
[12,9,]   192   0.00216457   6.81845e-040   1.04585e-039   [0.000009,0.000045,]
[13,9,]   193   0.00251898   1.05258e-039   2.27986e-039   [0.000006,0.000032,]
[14,9,]   194   0.00209203   8.89439e-040   3.97279e-039   [0.000006,0.000025,]
[15,9,]   195   0.0013218   5.6304e-040   5.5943e-039   [0.000006,0.000021,]
[16,9,]   196   0.000654299   8.45176e-041   6.46722e-039   [0.000006,0.000018,]
[17,9,]   197   0.000257526   -5.6494e-040   6.37639e-039   [0.000006,0.000016,]
[18,9,]   198   8.26617e-005   -1.45274e-039   5.78774e-039   [0.000011,0.000013,]
[19,9,]   199   2.4519e-005   -3.02821e-039   5.38713e-039   [0.000016,0.000012,]
[0,10,]   200   3.17579e-005   -2.7693e-039   4.12182e-039   [0.000010,-0.000012,]
[1,10,]   201   8.57975e-005   -1.51112e-039   3.30201e-039   [-0.000011,-0.000014,]
[2,10,]   202   0.00025099   -6.31156e-040   2.57329e-039   [-0.000004,-0.000016,]
[3,10,]   203   0.000631919   4.77095e-041   1.93566e-039   [-0.000003,-0.000018,]
[4,10,]   204   0.00128271   5.3308e-040   1.38912e-039   [-0.000002,-0.000021,]
[5,10,]   205   0.00205325   8.72114e-040   9.33675e-040   [-0.000003,-0.000025,]
[6,10,]   206   0.00250839   1.06069e-039   5.6934e-040   [-0.000004,-0.000032,]
[7,10,]   207   0.00218691   6.61115e-040   2.96328e-040   [-0.000008,-0.000044,]
[8,10,]   208   0.00129871   -6.7396e-041   1.16135e-040   [-0.000019,-0.000071,]
[9,10,]   209   0.000431524   -8.1946e-039   3.6864e-041   [-0.000111,-0.000115,]
[10,10,]   210   0.000407192   -8.90247e-039   9.08278e-041   [-0.000118,0.000114,]
[11,10,]   211   0.00113959   -1.61218e-039   3.69835e-040   [-0.000028,0.000071,]
[12,10,]   212   0.00212674   6.98664e-040   1.04585e-039   [-0.000012,0.000044,]
[13,10,]   213   0.00249841   1.04048e-039   2.27986e-039   [-0.000003,0.000033,]
[14,10,]   214   0.00208024   9.00824e-040   3.97279e-039   [0.000000,0.000026,]
[15,10,]   215   0.00131222   5.58329e-040   5.5943e-039   [0.000002,0.000021,]
[16,10,]   216   0.000647976   6.70351e-041   6.46722e-039   [0.000003,0.000018,]
[17,10,]   217   0.000254517   -5.80253e-040   6.37639e-039   [0.000004,0.000016,]
[18,10,]   218   8.143e-005   -1.44213e-039   5.78774e-039   [0.000009,0.000014,]
[19,10,]   219   2.35512e-005   -3.05895e-039   5.38713e-039   [0.000015,0.000013,]
[0,11,]   220   2.84322e-005   -2.86925e-039   4.21291e-039   [0.000008,-0.000011,]
[1,11,]   221   7.50686e-005   -1.62422e-039   3.3931e-039   [-0.000013,-0.000013,]
[2,11,]   222   0.000220565   -7.10931e-040   2.66438e-039   [-0.000006,-0.000015,]
[3,11,]   223   0.000560668   -2.76632e-041   2.02675e-039   [-0.000005,-0.000017,]
[4,11,]   224   0.00115567   4.42579e-040   1.48021e-039   [-0.000006,-0.000019,]
[5,11,]   225   0.00190813   8.24506e-040   1.02476e-039   [-0.000007,-0.000023,]
[6,11,]   226   0.00246537   1.02019e-039   6.6043e-040   [-0.000012,-0.000028,]
[7,11,]   227   0.00243969   1.01839e-039   3.87418e-040   [-0.000019,-0.000034,]
[8,11,]   228   0.00182211   2.94938e-040   2.07225e-040   [-0.000035,-0.000039,]
[9,11,]   229   0.00116874   -1.54698e-039   1.27954e-040   [-0.000070,-0.000028,]
[10,11,]   230   0.00126892   -1.34281e-040   1.81918e-040   [-0.000072,0.000019,]
[11,11,]   231   0.00179009   2.40585e-040   4.60925e-040   [-0.000039,0.000035,]
[12,11,]   232   0.00239324   9.33309e-040   1.13694e-039   [-0.000021,0.000034,]
[13,11,]   233   0.00245025   9.99298e-040   2.37095e-039   [-0.000011,0.000029,]
[14,11,]   234   0.00191492   8.09861e-040   4.06388e-039   [-0.000005,0.000023,]
[15,11,]   235   0.00116711   4.40731e-040   5.68539e-039   [-0.000001,0.000020,]
[16,11,]   236   0.000565704   -2.99058e-041   6.55831e-039   [0.000001,0.000017,]
[17,11,]   237   0.000219163   -6.88159e-040   6.46748e-039   [0.000001,0.000015,]
[18,11,]   238   6.93741e-005   -1.53076e-039   5.87883e-039   [0.000008,0.000013,]
[19,11,]   239   1.96032e-005   -3.22133e-039   5.47822e-039   [0.000015,0.000013,]
[0,12,]   240   2.19055e-005   -3.0879e-039   4.39509e-039   [0.000007,-0.000010,]
[1,12,]   241   5.64921e-005   -1.8375e-039   3.57528e-039   [-0.000015,-0.000012,]
[2,12,]   242   0.00016771   -8.81883e-040   2.84656e-039   [-0.000008,-0.000014,]
[3,12,]   243   0.000434157   -1.94582e-040   2.20893e-039   [-0.000007,-0.000016,]
[4,12,]   244   0.000920521   2.88293e-040   1.66239e-039   [-0.000008,-0.000017,]
[5,12,]   245   0.00158942   6.59857e-040   1.20694e-039   [-0.000011,-0.000020,]
[6,12,]   246   0.00222328   9.26283e-040   8.4261e-040   [-0.000015,-0.000022,]
[7,12,]   247   0.0025229   1.00898e-039   5.69598e-040   [-0.000023,-0.000023,]
[8,12,]   248   0.00240732   9.48828e-040   3.89405e-040   [-0.000034,-0.000022,]
[9,12,]   249   0.00214656   7.30213e-040   3.10134e-040   [-0.000044,-0.000013,]
[10,12,]   250   0.00217117   6.59241e-040   3.64098e-040   [-0.000045,0.000008,]
[11,12,]   251   0.0024275   1.0057e-039   6.43105e-040   [-0.000034,0.000019,]
[12,12,]   252   0.00252774   1.00722e-039   1.31912e-039   [-0.000022,0.000023,]
[13,12,]   253   0.00223077   9.23627e-040   2.55313e-039   [-0.000014,0.000022,]
[14,12,]   254   0.00159684   6.4359e-040   4.24606e-039   [-0.000008,0.000020,]
[15,12,]   255   0.000925137   2.73597e-040   5.86757e-039   [-0.000004,0.000018,]
[16,12,]   256   0.000433979   -2.12217e-040   6.74049e-039   [-0.000001,0.000016,]
[17,12,]   257   0.000164315   -8.78278e-040   6.64966e-039   [-0.000000,0.000014,]
[18,12,]   258   5.11188e-005   -1.72112e-039   6.06101e-039   [0.000007,0.000013,]
[19,12,]   259   1.41779e-005   -3.50925e-039   5.6604e-039   [0.000015,0.000013,]
[0,13,]   260   1.44243e-005   -3.41748e-039   4.66836e-039   [0.000006,-0.000009,]
[1,13,]   261   3.63895e-005   -2.14631e-039   3.84855e-039   [-0.000017,-0.000012,]
[2,13,]   262   0.000109583   -1.14824e-039   3.11983e-039   [-0.000009,-0.000013,]
[3,13,]   263   0.000290402   -4.49796e-040   2.4822e-039   [-0.000008,-0.000014,]
[4,13,]   264   0.00063646   3.41416e-041   1.93566e-039   [-0.000010,-0.000015,]
[5,13,]   265   0.00115507   4.31384e-040   1.48021e-039   [-0.000012,-0.000016,]
[6,13,]   266   0.00173911   7.05799e-040   1.11588e-039   [-0.000016,-0.000017,]
[7,13,]   267   0.00220915   9.16921e-040   8.42868e-040   [-0.000022,-0.000016,]
[8,13,]   268   0.00243886   9.95035e-040   6.62675e-040   [-0.000028,-0.000012,]
[9,13,]   269   0.00249341   1.03922e-039   5.83404e-040   [-0.000033,-0.000005,]
[10,13,]   270   0.00251283   1.05362e-039   6.37368e-040   [-0.000032,0.000003,]
[11,13,]   271   0.00247792   1.02374e-039   9.16375e-040   [-0.000027,0.000012,]
[12,13,]   272   0.00224565   9.31385e-040   1.59239e-039   [-0.000021,0.000015,]
[13,13,]   273   0.00176737   7.17129e-040   2.8264e-039   [-0.000015,0.000016,]
[14,13,]   274   0.00117111   4.30943e-040   4.51933e-039   [-0.000009,0.000016,]
[15,13,]   275   0.000642385   2.46972e-041   6.14084e-039   [-0.000005,0.000015,]
[16,13,]   276   0.000290151   -4.68564e-040   7.01376e-039   [-0.000003,0.000014,]
[17,13,]   277   0.000106763   -1.15388e-039   6.92293e-039   [-0.000001,0.000013,]
[18,13,]   278   3.25132e-005   -2.00671e-039   6.33428e-039   [0.000007,0.000012,]
[19,13,]   279   8.90184e-006   -3.90525e-039   5.93367e-039   [0.000016,0.000013,]
[0,14,]   280   8.06911e-006   -3.85029e-039   5.03272e-039   [0.000006,-0.000008,]
[1,14,]   281   1.99672e-005   -2.54782e-039   4.21291e-039   [-0.000019,-0.000010,]
[2,14,]   282   6.11255e-005   -1.50648e-039   3.48419e-039   [-0.000010,-0.000011,]
[3,14,]   283   0.000166095   -7.9925e-040   2.84656e-039   [-0.000009,-0.000012,]
[4,14,]   284   0.00037651   -3.05335e-040   2.30002e-039   [-0.000010,-0.000013,]
[5,14,]   285   0.000715299   1.01552e-040   1.84457e-039   [-0.000013,-0.000013,]
[6,14,]   286   0.00114572   4.15276e-040   1.48024e-039   [-0.000016,-0.000013,]
[7,14,]   287   0.0015705   6.299e-040   1.20723e-039   [-0.000020,-0.000011,]
[8,14,]   288   0.00189123   7.9824e-040   1.02703e-039   [-0.000023,-0.000008,]
[9,14,]   289   0.00206031   8.91656e-040   9.47764e-040   [-0.000026,-0.000003,]
[10,14,]   290   0.00207485   8.80339e-040   1.00173e-039   [-0.000025,0.000002,]
[11,14,]   291   0.00193422   8.33758e-040   1.28074e-039   [-0.000023,0.000007,]
[12,14,]   292   0.00161818   6.7278e-040   1.95675e-039   [-0.000019,0.000010,]
[13,14,]   293   0.00118199   4.47919e-040   3.19076e-039   [-0.000014,0.000012,]
[14,14,]   294   0.000735693   1.22762e-040   4.88369e-039   [-0.000010,0.000013,]
[15,14,]   295   0.000384451   -2.98435e-040   6.5052e-039   [-0.000006,0.000012,]
[16,14,]   296   0.000167259   -8.0824e-040   7.37812e-039   [-0.000003,0.000012,]
[17,14,]   297   5.97423e-005   -1.51e-039   7.28729e-039   [-0.000002,0.000011,]
[18,14,]   298   1.77821e-005   -2.38441e-039   6.69864e-039   [0.000008,0.000011,]
[19,14,]   299   4.83418e-006   -4.39445e-039   6.29803e-039   [0.000018,0.000012,]
[0,15,]   300   3.81511e-006   -4.38309e-039   5.48817e-039   [0.000005,-0.000007,]
[1,15,]   301   9.28926e-006   -3.04299e-039   4.66836e-039   [-0.000020,-0.000009,]
[2,15,]   302   2.89263e-005   -1.9616e-039   3.93964e-039   [-0.000011,-0.000010,]
[3,15,]   303   8.05589e-005   -1.24383e-039   3.30201e-039   [-0.000010,-0.000010,]
[4,15,]   304   0.000188377   -7.44619e-040   2.75547e-039   [-0.000011,-0.000011,]
[5,15,]   305   0.000372358   -3.21283e-040   2.30002e-039   [-0.000013,-0.000011,]
[6,15,]   306   0.000625697   6.25822e-042   1.93569e-039   [-0.000015,-0.000010,]
[7,15,]   307   0.000905412   2.57629e-040   1.66268e-039   [-0.000017,-0.000008,]
[8,15,]   308   0.00114656   4.25316e-040   1.48248e-039   [-0.000020,-0.000006,]
[9,15,]   309   0.00129302   5.44454e-040   1.40321e-039   [-0.000021,-0.000002,]
[10,15,]   310   0.00130567   5.52498e-040   1.45718e-039   [-0.000021,0.000002,]
[11,15,]   311   0.0011803   4.64519e-040   1.73619e-039   [-0.000019,0.000005,]
[12,15,]   312   0.000943982   3.12267e-040   2.4122e-039   [-0.000017,0.000007,]
[13,15,]   313   0.00065573   6.19167e-041   3.64621e-039   [-0.000013,0.000009,]
[14,15,]   314   0.000389674   -2.74086e-040   5.33914e-039   [-0.000009,0.000010,]
[15,15,]   315   0.000195623   -7.1237e-040   6.96065e-039   [-0.000006,0.000010,]
[16,15,]   316   8.23263e-005   -1.2318e-039   7.83357e-039   [-0.000004,0.000010,]
[17,15,]   317   2.85915e-005   -1.95057e-039   7.74274e-039   [-0.000003,0.000010,]
[18,15,]   318   8.32212e-006   -2.8521e-039   7.15409e-039   [0.000008,0.000010,]
[19,15,]   319   2.25749e-006   -4.96685e-039   6.75348e-039   [0.000019,0.000011,]
[0,16,]   320   1.51924e-006   -4.98996e-039   6.03471e-039   [0.000005,-0.000006,]
[1,16,]   321   3.65112e-006   -3.60904e-039   5.2149e-039   [-0.000021,-0.000008,]
[2,16,]   322   1.15613e-005   -2.4913e-039   4.48618e-039   [-0.000011,-0.000008,]
[3,16,]   323   3.29444e-005   -1.76436e-039   3.84855e-039   [-0.000010,-0.000009,]
[4,16,]   324   7.91875e-005   -1.259e-039   3.30201e-039   [-0.000011,-0.000009,]
[5,16,]   325   0.000161746   -8.27035e-040   2.84656e-039   [-0.000012,-0.000008,]
[6,16,]   326   0.000282069   -4.83263e-040   2.48223e-039   [-0.000014,-0.000007,]
[7,16,]   327   0.000423779   -2.25193e-040   2.20922e-039   [-0.000016,-0.000006,]
[8,16,]   328   0.000554463   -4.16481e-041   2.02902e-039   [-0.000017,-0.000004,]
[9,16,]   329   0.000637114   5.61644e-041   1.94975e-039   [-0.000018,-0.000001,]
[10,16,]   330   0.000645204   7.55479e-041   2.00372e-039   [-0.000018,0.000001,]
[11,16,]   331   0.00057453   1.63793e-042   2.28273e-039   [-0.000017,0.000004,]
[12,16,]   332   0.000446727   -1.63115e-040   2.95874e-039   [-0.000015,0.000006,]
[13,16,]   333   0.000300141   -4.1572e-040   4.19275e-039   [-0.000012,0.000007,]
[14,16,]   334   0.000172388   -7.62649e-040   5.88568e-039   [-0.000009,0.000008,]
[15,16,]   335   8.38594e-005   -1.20769e-039   7.50719e-039   [-0.000006,0.000009,]
[16,16,]   336   3.43186e-005   -1.73466e-039   8.38011e-039   [-0.000004,0.000009,]
[17,16,]   337   1.16259e-005   -2.46654e-039   8.28928e-039   [-0.000003,0.000009,]
[18,16,]   338   3.31517e-006   -3.39766e-039   7.70063e-039   [0.000009,0.000009,]
[19,16,]   339   9.00571e-007   -5.6063e-039   7.30002e-039   [0.000021,0.000010,]
[0,17,]   340   5.01832e-007   -5.80564e-039   6.67234e-039   [0.000004,-0.000005,]
[1,17,]   341   1.19334e-006   -4.38342e-039   5.85253e-039   [-0.000023,-0.000006,]
[2,17,]   342   3.84068e-006   -3.22773e-039   5.12381e-039   [-0.000011,-0.000007,]
[3,17,]   343   1.118e-005   -2.48598e-039   4.48618e-039   [-0.000010,-0.000007,]
[4,17,]   344   2.75389e-005   -1.96877e-039   3.93964e-039   [-0.000010,-0.000007,]
[5,17,]   345   5.7833e-005   -1.52033e-039   3.48419e-039   [-0.000011,-0.000006,]
[6,17,]   346   0.000103869   -1.16047e-039   3.11986e-039   [-0.000013,-0.000006,]
[7,17,]   347   0.000160555   -8.82939e-040   2.84685e-039   [-0.000014,-0.000004,]
[8,17,]   348   0.000214944   -6.91756e-040   2.66665e-039   [-0.000015,-0.000003,]
[9,17,]   349   0.000250454   -5.82373e-040   2.58738e-039   [-0.000016,-0.000001,]
[10,17,]   350   0.000254228   -5.65196e-040   2.64135e-039   [-0.000015,0.000002,]
[11,17,]   351   0.00022436   -6.40994e-040   2.92036e-039   [-0.000015,0.000004,]
[12,17,]   352   0.000171356   -8.07665e-040   3.59637e-039   [-0.000013,0.000005,]
[13,17,]   353   0.000112475   -1.06913e-039   4.83038e-039   [-0.000011,0.000007,]
[14,17,]   354   6.29962e-005   -1.42308e-039   6.52331e-039   [-0.000008,0.000008,]
[15,17,]   355   2.98929e-005   -1.87721e-039   8.14482e-039   [-0.000006,0.000009,]
[16,17,]   356   1.19521e-005   -2.41242e-039   9.01774e-039   [-0.000004,0.000009,]
[17,17,]   357   3.96208e-006   -3.15842e-039   8.92691e-039   [-0.000003,0.000009,]
[18,17,]   358   1.10905e-006   -4.123e-039   8.33826e-039   [0.000010,0.000009,]
[19,17,]   359   3.02488e-007   -6.4132e-039   7.93765e-039   [0.000023,0.000011,]
[0,18,]   360   1.40378e-007   -6.85696e-039   7.40106e-039   [0.000004,0.000009,]
[1,18,]   361   3.30807e-007   -5.38122e-039   6.58125e-039   [-0.000024,0.000008,]
[2,18,]   362   1.07991e-006   -4.17127e-039   5.85253e-039   [-0.000011,0.000007,]
[3,18,]   363   3.20114e-006   -3.3956e-039   5.2149e-039   [-0.000010,0.000006,]
[4,18,]   364   8.0458e-006   -2.85005e-039   4.66836e-039   [-0.000010,0.000005,]
[5,18,]   365   1.72733e-005   -2.37495e-039   4.21291e-039   [-0.000011,0.000005,]
[6,18,]   366   3.17353e-005   -1.99349e-039   3.84858e-039   [-0.000012,0.000005,]
[7,18,]   367   5.01071e-005   -1.70598e-039   3.57557e-039   [-0.000013,0.000005,]
[8,18,]   368   6.8255e-005   -1.51435e-039   3.39537e-039   [-0.000013,0.000005,]
[9,18,]   369   8.03947e-005   -1.42442e-039   3.3161e-039   [-0.000014,0.000006,]
[10,18,]   370   8.18905e-005   -1.43337e-039   3.37007e-039   [-0.000013,0.000008,]
[11,18,]   371   7.19692e-005   -1.54395e-039   3.64908e-039   [-0.000013,0.000010,]
[12,18,]   372   5.43669e-005   -1.75467e-039   4.32509e-039   [-0.000011,0.000012,]
[13,18,]   373   3.5135e-005   -2.06036e-039   5.5591e-039   [-0.000010,0.000014,]
[14,18,]   374   1.93252e-005   -2.45916e-039   7.25203e-039   [-0.000007,0.000015,]
[15,18,]   375   8.9977e-006   -2.95488e-039   8.87354e-039   [-0.000005,0.000017,]
[16,18,]   376   3.53071e-006   -3.52808e-039   9.74646e-039   [-0.000003,0.000018,]
[17,18,]   377   1.14922e-006   -4.31358e-039   9.65563e-039   [-0.000002,0.000019,]
[18,18,]   378   3.16508e-007   -5.3353e-039   9.06698e-039   [0.000011,0.000020,]
[19,18,]   379   8.68e-008   -7.7142e-039   8.66637e-039   [0.000024,0.000022,]
[0,19,]   380   3.93257e-008   -9.09844e-039   8.22087e-039   [0.000004,0.000023,]
[1,19,]   381   9.08737e-008   -7.73002e-039   7.40106e-039   [-0.000025,0.000022,]
[2,19,]   382   2.94672e-007   -6.43955e-039   6.67234e-039   [-0.000013,0.000020,]
[3,19,]   383   8.69929e-007   -5.58158e-039   6.03471e-039   [-0.000012,0.000019,]
[4,19,]   384   2.18295e-006   -4.94435e-039   5.48817e-039   [-0.000012,0.000017,]
[5,19,]   385   4.69546e-006   -4.36686e-039   5.03272e-039   [-0.000012,0.000016,]
[6,19,]   386   8.68575e-006   -3.87588e-039   4.66839e-039   [-0.000013,0.000014,]
[7,19,]   387   1.389e-005   -3.47928e-039   4.39538e-039   [-0.000013,0.000013,]
[8,19,]   388   1.92762e-005   -3.19069e-039   4.21518e-039   [-0.000013,0.000013,]
[9,19,]   389   2.32419e-005   -3.02685e-039   4.13591e-039   [-0.000013,0.000013,]
[10,19,]   390   2.42867e-005   -2.99363e-039   4.18988e-039   [-0.000012,0.000014,]
[11,19,]   391   2.18872e-005   -3.09661e-039   4.46889e-039   [-0.000011,0.000016,]
[12,19,]   392   1.69085e-005   -3.33365e-039   5.1449e-039   [-0.000009,0.000018,]
[13,19,]   393   1.11285e-005   -3.69179e-039   6.37891e-039   [-0.000007,0.000020,]
[14,19,]   394   6.20607e-006   -4.15977e-039   8.07184e-039   [-0.000005,0.000022,]
[15,19,]   395   2.91768e-006   -4.73345e-039   9.69335e-039   [-0.000003,0.000025,]
[16,19,]   396   1.15213e-006   -5.38772e-039   1.05663e-038   [-0.000001,0.000027,]
[17,19,]   397   3.76466e-007   -6.2537e-039   1.04754e-038   [-0.000001,0.000028,]
[18,19,]   398   1.03926e-007   -7.37037e-039   9.88679e-039   [0.000012,0.000030,]
[19,19,]   399   2.89508e-008   -9.68084e-039   9.48618e-039   [0.000025,0.000031,]
