coordinates  index   rho      Q      V    velocities 
[0,0,]   0   4.40359e-008   -8.77616e-039   8.22087e-039   [0.000014,0.000007,]
[1,0,]   1   1.28275e-007   -7.04347e-039   7.40106e-039   [-0.000009,0.000007,]
[2,0,]   2   4.29992e-007   -6.05238e-039   6.67234e-039   [0.000003,0.000007,]
[3,0,]   3   1.28518e-006   -5.2218e-039   6.03472e-039   [0.000005,0.000007,]
[4,0,]   4   3.23365e-006   -4.59674e-039   5.48822e-039   [0.000007,0.000007,]
[5,0,]   5   6.8842e-006   -4.04248e-039   5.03316e-039   [0.000008,0.000008,]
[6,0,]   6   1.23961e-005   -3.5906e-039   4.6717e-039   [0.000009,0.000009,]
[7,0,]   7   1.89512e-005   -3.24596e-039   4.41479e-039   [0.000010,0.000010,]
[8,0,]   8   2.47383e-005   -3.0163e-039   4.30341e-039   [0.000011,0.000011,]
[9,0,]   9   2.77564e-005   -2.90926e-039   4.44559e-039   [0.000012,0.000012,]
[10,0,]   10   2.69331e-005   -2.92594e-039   5.02396e-039   [0.000013,0.000013,]
[11,0,]   11   2.26956e-005   -3.06247e-039   6.1706e-039   [0.000015,0.000015,]
[12,0,]   12   1.66231e-005   -3.31422e-039   7.70366e-039   [0.000016,0.000016,]
[13,0,]   13   1.05528e-005   -3.67148e-039   9.02311e-039   [0.000017,0.000017,]
[14,0,]   14   5.77602e-006   -4.12568e-039   9.49659e-039   [0.000016,0.000017,]
[15,0,]   15   2.70934e-006   -4.66937e-039   9.05175e-039   [0.000015,0.000018,]
[16,0,]   16   1.0831e-006   -5.28509e-039   8.2503e-039   [0.000013,0.000018,]
[17,0,]   17   3.64712e-007   -6.05295e-039   7.74514e-039   [0.000011,0.000019,]
[18,0,]   18   1.04639e-007   -7.25593e-039   7.80561e-039   [0.000020,0.000019,]
[19,0,]   19   3.32691e-008   -9.29035e-039   8.33968e-039   [0.000029,0.000019,]
[0,1,]   20   1.15471e-007   -7.13258e-039   7.40106e-039   [0.000014,-0.000020,]
[1,1,]   21   3.43856e-007   -5.29462e-039   6.58125e-039   [-0.000008,-0.000019,]
[2,1,]   22   1.16125e-006   -4.36844e-039   5.85253e-039   [0.000005,-0.000018,]
[3,1,]   23   3.49766e-006   -3.59705e-039   5.21491e-039   [0.000007,-0.000017,]
[4,1,]   24   8.89078e-006   -3.02918e-039   4.66841e-039   [0.000009,-0.000016,]
[5,1,]   25   1.91824e-005   -2.52941e-039   4.21335e-039   [0.000010,-0.000014,]
[6,1,]   26   3.51243e-005   -2.12529e-039   3.85189e-039   [0.000011,-0.000013,]
[7,1,]   27   5.47789e-005   -1.81601e-039   3.59498e-039   [0.000012,-0.000011,]
[8,1,]   28   7.31186e-005   -1.60284e-039   3.4836e-039   [0.000013,-0.000009,]
[9,1,]   29   8.39494e-005   -1.48822e-039   3.62578e-039   [0.000014,-0.000007,]
[10,1,]   30   8.32345e-005   -1.47253e-039   4.20415e-039   [0.000015,-0.000005,]
[11,1,]   31   7.14097e-005   -1.55429e-039   5.35079e-039   [0.000015,-0.000004,]
[12,1,]   32   5.29697e-005   -1.73506e-039   6.88385e-039   [0.000016,-0.000003,]
[13,1,]   33   3.38594e-005   -2.01317e-039   8.2033e-039   [0.000016,-0.000003,]
[14,1,]   34   1.85622e-005   -2.38809e-039   8.67678e-039   [0.000015,-0.000003,]
[15,1,]   35   8.68441e-006   -2.85798e-039   8.23194e-039   [0.000014,-0.000003,]
[16,1,]   36   3.4528e-006   -3.40826e-039   7.43049e-039   [0.000011,-0.000003,]
[17,1,]   37   1.1542e-006   -4.11906e-039   6.92533e-039   [0.000010,-0.000004,]
[18,1,]   38   3.2832e-007   -5.25847e-039   6.9858e-039   [0.000019,-0.000005,]
[19,1,]   39   1.02465e-007   -7.3741e-039   7.51987e-039   [0.000028,-0.000006,]
[0,2,]   40   3.87165e-007   -5.88913e-039   6.67234e-039   [0.000014,-0.000010,]
[1,2,]   41   1.16349e-006   -4.10638e-039   5.85253e-039   [-0.000007,-0.000009,]
[2,2,]   42   3.87846e-006   -3.22606e-039   5.12381e-039   [0.000005,-0.000009,]
[3,2,]   43   1.14918e-005   -2.48894e-039   4.48619e-039   [0.000007,-0.000009,]
[4,2,]   44   2.87141e-005   -1.9537e-039   3.93969e-039   [0.000009,-0.000008,]
[5,2,]   45   6.08711e-005   -1.49065e-039   3.48463e-039   [0.000011,-0.000008,]
[6,2,]   46   0.000109581   -1.12614e-039   3.12317e-039   [0.000013,-0.000007,]
[7,2,]   47   0.000168386   -8.56753e-040   2.86626e-039   [0.000014,-0.000006,]
[8,2,]   48   0.000222363   -6.82829e-040   2.75488e-039   [0.000015,-0.000004,]
[9,2,]   49   0.000254112   -6.01698e-040   2.89706e-039   [0.000016,-0.000002,]
[10,2,]   50   0.000252545   -6.1228e-040   3.47543e-039   [0.000017,0.000000,]
[11,2,]   51   0.000218693   -7.13009e-040   4.62207e-039   [0.000017,0.000002,]
[12,2,]   52   0.000164725   -8.9834e-040   6.15513e-039   [0.000018,0.000004,]
[13,2,]   53   0.000107326   -1.17112e-039   7.47458e-039   [0.000017,0.000005,]
[14,2,]   54   6.00639e-005   -1.53079e-039   7.94806e-039   [0.000016,0.000006,]
[15,2,]   55   2.86763e-005   -1.97948e-039   7.50322e-039   [0.000014,0.000007,]
[16,2,]   56   1.16164e-005   -2.5059e-039   6.70177e-039   [0.000011,0.000007,]
[17,2,]   57   3.94927e-006   -3.18885e-039   6.19661e-039   [0.000010,0.000007,]
[18,2,]   58   1.13998e-006   -4.28118e-039   6.25708e-039   [0.000018,0.000007,]
[19,2,]   59   3.55309e-007   -6.30279e-039   6.79115e-039   [0.000026,0.000005,]
[0,3,]   60   1.14639e-006   -5.07418e-039   6.03471e-039   [0.000014,-0.000010,]
[1,3,]   61   3.46817e-006   -3.34598e-039   5.2149e-039   [-0.000007,-0.000009,]
[2,3,]   62   1.13718e-005   -2.49363e-039   4.48618e-039   [0.000005,-0.000009,]
[3,3,]   63   3.29935e-005   -1.77093e-039   3.84856e-039   [0.000007,-0.000009,]
[4,3,]   64   8.05635e-005   -1.24509e-039   3.30206e-039   [0.000010,-0.000009,]
[5,3,]   65   0.00016659   -7.9265e-040   2.847e-039   [0.000012,-0.000008,]
[6,3,]   66   0.000292367   -4.37761e-040   2.48554e-039   [0.000014,-0.000007,]
[7,3,]   67   0.000438724   -1.78196e-040   2.22863e-039   [0.000015,-0.000006,]
[8,3,]   68   0.000568695   -9.15031e-042   2.11725e-039   [0.000017,-0.000004,]
[9,3,]   69   0.000643592   6.90015e-041   2.25943e-039   [0.000018,-0.000001,]
[10,3,]   70   0.000640514   5.59323e-041   2.8378e-039   [0.000019,0.000001,]
[11,3,]   71   0.000561878   -3.59448e-041   3.98444e-039   [0.000019,0.000004,]
[12,3,]   72   0.000432681   -2.12635e-040   5.5175e-039   [0.000019,0.000006,]
[13,3,]   73   0.000289802   -4.68792e-040   6.83695e-039   [0.000018,0.000007,]
[14,3,]   74   0.000166948   -8.11996e-040   7.31043e-039   [0.000017,0.000008,]
[15,3,]   75   8.19288e-005   -1.24412e-039   6.86559e-039   [0.000014,0.000009,]
[16,3,]   76   3.4012e-005   -1.75702e-039   6.06414e-039   [0.000011,0.000009,]
[17,3,]   77   1.18132e-005   -2.42596e-039   5.55898e-039   [0.000010,0.000008,]
[18,3,]   78   3.47201e-006   -3.48347e-039   5.61945e-039   [0.000017,0.000008,]
[19,3,]   79   1.0808e-006   -5.41598e-039   6.15352e-039   [0.000025,0.000006,]
[0,4,]   80   2.85934e-006   -4.47519e-039   5.48817e-039   [0.000014,-0.000011,]
[1,4,]   81   8.6939e-006   -2.80661e-039   4.66836e-039   [-0.000006,-0.000010,]
[2,4,]   82   2.79933e-005   -1.97604e-039   3.93964e-039   [0.000005,-0.000010,]
[3,4,]   83   7.92934e-005   -1.26481e-039   3.30202e-039   [0.000007,-0.000010,]
[4,4,]   84   0.000188356   -7.45281e-040   2.75552e-039   [0.000010,-0.000010,]
[5,4,]   85   0.000377434   -3.00051e-040   2.30046e-039   [0.000012,-0.000010,]
[6,4,]   86   0.000640113   4.5158e-041   1.939e-039   [0.000015,-0.000009,]
[7,4,]   87   0.000928546   2.99753e-040   1.68209e-039   [0.000017,-0.000008,]
[8,4,]   88   0.00116953   4.58395e-040   1.57071e-039   [0.000020,-0.000005,]
[9,4,]   89   0.00130271   5.46071e-040   1.71289e-039   [0.000021,-0.000002,]
[10,4,]   90   0.00129865   5.41503e-040   2.29126e-039   [0.000022,0.000002,]
[11,4,]   91   0.00115994   4.3578e-040   3.4379e-039   [0.000022,0.000005,]
[12,4,]   92   0.000922123   2.7221e-040   4.97096e-039   [0.000021,0.000008,]
[13,4,]   93   0.000641112   2.61475e-041   6.29041e-039   [0.000020,0.000010,]
[14,4,]   94   0.000383261   -3.02455e-040   6.76389e-039   [0.000017,0.000010,]
[15,4,]   95   0.000194406   -7.24391e-040   6.31905e-039   [0.000014,0.000011,]
[16,4,]   96   8.2991e-005   -1.23009e-039   5.5176e-039   [0.000011,0.000010,]
[17,4,]   97   2.95025e-005   -1.89134e-039   5.01244e-039   [0.000009,0.000010,]
[18,4,]   98   8.83526e-006   -2.91669e-039   5.07291e-039   [0.000016,0.000009,]
[19,4,]   99   2.74116e-006   -4.76058e-039   5.60698e-039   [0.000023,0.000007,]
[0,5,]   100   6.08256e-006   -3.94995e-039   5.03272e-039   [0.000013,-0.000012,]
[1,5,]   101   1.85403e-005   -2.34801e-039   4.21291e-039   [-0.000006,-0.000011,]
[2,5,]   102   5.85365e-005   -1.53665e-039   3.48419e-039   [0.000004,-0.000011,]
[3,5,]   103   0.000161413   -8.39594e-040   2.84657e-039   [0.000007,-0.000012,]
[4,5,]   104   0.000371134   -3.28947e-040   2.30007e-039   [0.000010,-0.000012,]
[5,5,]   105   0.000714705   1.01196e-040   1.84501e-039   [0.000013,-0.000013,]
[6,5,]   106   0.0011571   4.32488e-040   1.48355e-039   [0.000016,-0.000012,]
[7,5,]   107   0.00159577   6.63528e-040   1.22664e-039   [0.000020,-0.000011,]
[8,5,]   108   0.00191956   8.20589e-040   1.11526e-039   [0.000023,-0.000007,]
[9,5,]   109   0.00207378   8.85324e-040   1.25744e-039   [0.000026,-0.000003,]
[10,5,]   110   0.00206942   8.87105e-040   1.83581e-039   [0.000027,0.000003,]
[11,5,]   111   0.00190904   8.02231e-040   2.98245e-039   [0.000026,0.000008,]
[12,5,]   112   0.00159461   6.45213e-040   4.51551e-039   [0.000023,0.000011,]
[13,5,]   113   0.00116999   4.30872e-040   5.83496e-039   [0.000021,0.000013,]
[14,5,]   114   0.000734104   1.1973e-040   6.30844e-039   [0.000017,0.000013,]
[15,5,]   115   0.000387624   -2.8661e-040   5.8636e-039   [0.000014,0.000013,]
[16,5,]   116   0.000170803   -7.84768e-040   5.06215e-039   [0.000011,0.000012,]
[17,5,]   117   6.22547e-005   -1.43786e-039   4.55699e-039   [0.000009,0.000011,]
[18,5,]   118   1.90049e-005   -2.42733e-039   4.61746e-039   [0.000015,0.000010,]
[19,5,]   119   5.85916e-006   -4.18434e-039   5.15153e-039   [0.000021,0.000008,]
[0,6,]   120   1.11031e-005   -3.51197e-039   4.66836e-039   [0.000012,-0.000012,]
[1,6,]   121   3.38031e-005   -1.98109e-039   3.84855e-039   [-0.000006,-0.000012,]
[2,6,]   122   0.000104618   -1.18336e-039   3.11983e-039   [0.000003,-0.000013,]
[3,6,]   123   0.000280444   -5.00181e-040   2.48221e-039   [0.000006,-0.000014,]
[4,6,]   124   0.00062173   -2.72105e-042   1.93571e-039   [0.000009,-0.000015,]
[5,6,]   125   0.00114136   4.11096e-040   1.48065e-039   [0.000012,-0.000016,]
[6,6,]   126   0.00173664   7.06014e-040   1.11919e-039   [0.000016,-0.000016,]
[7,6,]   127   0.00222263   9.17017e-040   8.62281e-040   [0.000022,-0.000015,]
[8,6,]   128   0.00246777   1.01149e-039   7.50895e-040   [0.000028,-0.000012,]
[9,6,]   129   0.00251534   1.0563e-039   8.93078e-040   [0.000032,-0.000004,]
[10,6,]   130   0.0025084   1.07236e-039   1.47145e-039   [0.000034,0.000005,]
[11,6,]   131   0.00245482   9.98099e-040   2.61809e-039   [0.000031,0.000012,]
[12,6,]   132   0.00223208   9.14958e-040   4.15115e-039   [0.000026,0.000016,]
[13,6,]   133   0.00176896   7.20694e-040   5.4706e-039   [0.000021,0.000017,]
[14,6,]   134   0.00118168   4.45988e-040   5.94408e-039   [0.000017,0.000016,]
[15,6,]   135   0.000653859   5.40273e-041   5.49924e-039   [0.000013,0.000015,]
[16,6,]   136   0.000298207   -4.34484e-040   4.69779e-039   [0.000010,0.000014,]
[17,6,]   137   0.000111496   -1.08064e-039   4.19263e-039   [0.000008,0.000013,]
[18,6,]   138   3.46729e-005   -2.03119e-039   4.2531e-039   [0.000013,0.000012,]
[19,6,]   139   1.05825e-005   -3.70901e-039   4.78717e-039   [0.000018,0.000009,]
[0,7,]   140   1.74967e-005   -3.16629e-039   4.39509e-039   [0.000011,-0.000013,]
[1,7,]   141   5.29546e-005   -1.70586e-039   3.57528e-039   [-0.000006,-0.000013,]
[2,7,]   142   0.000160904   -9.12362e-040   2.84656e-039   [0.000002,-0.000014,]
[3,7,]   143   0.000419864   -2.43511e-040   2.20894e-039   [0.000005,-0.000016,]
[4,7,]   144   0.000897236   2.45527e-040   1.66244e-039   [0.000008,-0.000017,]
[5,7,]   145   0.00156175   6.28137e-040   1.20738e-039   [0.000011,-0.000020,]
[6,7,]   146   0.00220211   9.05016e-040   8.45922e-040   [0.000016,-0.000022,]
[7,7,]   147   0.00251999   1.00351e-039   5.89011e-040   [0.000023,-0.000023,]
[8,7,]   148   0.00243675   1.02152e-039   4.77625e-040   [0.000034,-0.000020,]
[9,7,]   149   0.0021747   6.82244e-040   6.19808e-040   [0.000045,-0.000008,]
[10,7,]   150   0.00214796   7.50854e-040   1.19818e-039   [0.000045,0.000011,]
[11,7,]   151   0.00240701   9.43097e-040   2.34482e-039   [0.000037,0.000021,]
[12,7,]   152   0.00253612   1.00911e-039   3.87788e-039   [0.000027,0.000023,]
[13,7,]   153   0.00225094   9.28885e-040   5.19733e-039   [0.000020,0.000022,]
[14,7,]   154   0.00162139   6.75355e-040   5.67081e-039   [0.000015,0.000020,]
[15,7,]   155   0.000943959   3.06654e-040   5.22597e-039   [0.000011,0.000017,]
[16,7,]   156   0.00044542   -1.76747e-040   4.42452e-039   [0.000008,0.000016,]
[17,7,]   157   0.000170534   -8.15762e-040   3.91936e-039   [0.000006,0.000014,]
[18,7,]   158   5.38949e-005   -1.72674e-039   3.97983e-039   [0.000011,0.000012,]
[19,7,]   159   1.62158e-005   -3.34144e-039   4.5139e-039   [0.000016,0.000010,]
[0,8,]   160   2.39108e-005   -2.9226e-039   4.21291e-039   [0.000010,-0.000013,]
[1,8,]   161   7.1572e-005   -1.52469e-039   3.3931e-039   [-0.000007,-0.000013,]
[2,8,]   162   0.00021431   -7.26219e-040   2.66438e-039   [0.000000,-0.000015,]
[3,8,]   163   0.00054731   -6.39678e-041   2.02676e-039   [0.000003,-0.000017,]
[4,8,]   164   0.00113344   4.12807e-040   1.48026e-039   [0.000005,-0.000020,]
[5,8,]   165   0.00187873   7.90091e-040   1.0252e-039   [0.000008,-0.000023,]
[6,8,]   166   0.00243614   9.94649e-040   6.63742e-040   [0.000012,-0.000028,]
[7,8,]   167   0.00241175   9.53678e-040   4.06831e-040   [0.000021,-0.000034,]
[8,8,]   168   0.0018218   3.57342e-040   2.95445e-040   [0.000039,-0.000036,]
[9,8,]   169   0.00125738   -2.83411e-040   4.37628e-040   [0.000071,-0.000019,]
[10,8,]   170   0.00114949   -1.50702e-039   1.016e-039   [0.000071,0.000028,]
[11,8,]   171   0.00179881   3.14066e-040   2.16264e-039   [0.000039,0.000040,]
[12,8,]   172   0.00243674   1.02032e-039   3.6957e-039   [0.000023,0.000034,]
[13,8,]   173   0.0024871   1.02278e-039   5.01515e-039   [0.000017,0.000028,]
[14,8,]   174   0.00194188   8.31144e-040   5.48863e-039   [0.000012,0.000023,]
[15,8,]   175   0.00118405   4.64831e-040   5.04379e-039   [0.000009,0.000020,]
[16,8,]   176   0.000575022   -8.47629e-042   4.24234e-039   [0.000006,0.000017,]
[17,8,]   177   0.000224259   -6.4484e-040   3.73718e-039   [0.000005,0.000015,]
[18,8,]   178   7.17075e-005   -1.51654e-039   3.79765e-039   [0.000009,0.000013,]
[19,8,]   179   2.11793e-005   -3.0941e-039   4.33172e-039   [0.000014,0.000011,]
[0,9,]   180   2.83989e-005   -2.79178e-039   4.12182e-039   [0.000009,-0.000012,]
[1,9,]   181   8.3671e-005   -1.44132e-039   3.30201e-039   [-0.000008,-0.000014,]
[2,9,]   182   0.000248367   -6.23935e-040   2.57329e-039   [-0.000002,-0.000016,]
[3,9,]   183   0.000626364   3.05771e-041   1.93567e-039   [0.000000,-0.000018,]
[4,9,]   184   0.00127426   5.22331e-040   1.38917e-039   [0.000001,-0.000021,]
[5,9,]   185   0.00204519   8.79201e-040   9.34113e-040   [0.000003,-0.000025,]
[6,9,]   186   0.00250051   1.07492e-039   5.72652e-040   [0.000005,-0.000032,]
[7,9,]   187   0.00216467   7.81302e-040   3.15741e-040   [0.000011,-0.000044,]
[8,9,]   188   0.0011764   -1.42555e-039   2.04355e-040   [0.000028,-0.000069,]
[9,9,]   189   0.000410647   -8.70507e-039   3.46538e-040   [0.000119,-0.000109,]
[10,9,]   190   0.000390835   -9.30168e-039   9.24914e-040   [0.000113,0.000122,]
[11,9,]   191   0.00123472   -3.41694e-040   2.07155e-039   [0.000021,0.000071,]
[12,9,]   192   0.0021677   6.85197e-040   3.60461e-039   [0.000011,0.000045,]
[13,9,]   193   0.0025253   1.05976e-039   4.92406e-039   [0.000009,0.000032,]
[14,9,]   194   0.00209026   8.95126e-040   5.39754e-039   [0.000007,0.000025,]
[15,9,]   195   0.001314   5.51451e-040   4.9527e-039   [0.000006,0.000021,]
[16,9,]   196   0.000648287   6.88433e-041   4.15125e-039   [0.000004,0.000018,]
[17,9,]   197   0.000255257   -5.66344e-040   3.64609e-039   [0.000003,0.000015,]
[18,9,]   198   8.20364e-005   -1.40424e-039   3.70656e-039   [0.000008,0.000013,]
[19,9,]   199   2.37061e-005   -2.97931e-039   4.24063e-039   [0.000013,0.000012,]
[0,10,]   200   2.92831e-005   -2.77873e-039   4.12182e-039   [0.000008,-0.000012,]
[1,10,]   201   8.46403e-005   -1.45509e-039   3.30201e-039   [-0.000010,-0.000014,]
[2,10,]   202   0.000250773   -6.11882e-040   2.57329e-039   [-0.000004,-0.000015,]
[3,10,]   203   0.00063165   4.58648e-041   1.93567e-039   [-0.000003,-0.000018,]
[4,10,]   204   0.00128268   5.30053e-040   1.38917e-039   [-0.000002,-0.000021,]
[5,10,]   205   0.00205524   8.79326e-040   9.34113e-040   [-0.000003,-0.000025,]
[6,10,]   206   0.00251072   1.06143e-039   5.72652e-040   [-0.000004,-0.000032,]
[7,10,]   207   0.00218419   6.7246e-040   3.15741e-040   [-0.000008,-0.000044,]
[8,10,]   208   0.00127678   -2.18158e-040   2.04355e-040   [-0.000017,-0.000070,]
[9,10,]   209   0.000417429   -8.46078e-039   3.46538e-040   [-0.000109,-0.000117,]
[10,10,]   210   0.000395958   -9.11648e-039   9.24914e-040   [-0.000119,0.000113,]
[11,10,]   211   0.00114114   -1.55185e-039   2.07155e-039   [-0.000028,0.000070,]
[12,10,]   212   0.00213936   7.24905e-040   3.60461e-039   [-0.000008,0.000044,]
[13,10,]   213   0.00251355   1.07788e-039   4.92406e-039   [-0.000001,0.000033,]
[14,10,]   214   0.00207977   8.94629e-040   5.39754e-039   [0.000002,0.000026,]
[15,10,]   215   0.00130542   5.44724e-040   4.9527e-039   [0.000002,0.000021,]
[16,10,]   216   0.000642786   5.3664e-041   4.15125e-039   [0.000001,0.000018,]
[17,10,]   217   0.000252661   -5.79952e-040   3.64609e-039   [0.000001,0.000015,]
[18,10,]   218   8.09944e-005   -1.39108e-039   3.70656e-039   [0.000006,0.000014,]
[19,10,]   219   2.28618e-005   -3.00129e-039   4.24063e-039   [0.000012,0.000013,]
[0,11,]   220   2.61131e-005   -2.88669e-039   4.21291e-039   [0.000006,-0.000011,]
[1,11,]   221   7.39418e-005   -1.56723e-039   3.3931e-039   [-0.000012,-0.000013,]
[2,11,]   222   0.000220179   -6.91286e-040   2.66438e-039   [-0.000006,-0.000015,]
[3,11,]   223   0.000559993   -3.03196e-041   2.02676e-039   [-0.000005,-0.000017,]
[4,11,]   224   0.00115488   4.4347e-040   1.48026e-039   [-0.000006,-0.000019,]
[5,11,]   225   0.0019064   8.16421e-040   1.0252e-039   [-0.000007,-0.000023,]
[6,11,]   226   0.0024641   1.01207e-039   6.63742e-040   [-0.000012,-0.000028,]
[7,11,]   227   0.00244302   1.03176e-039   4.06831e-040   [-0.000019,-0.000034,]
[8,11,]   228   0.00182675   3.62434e-040   2.95445e-040   [-0.000036,-0.000039,]
[9,11,]   229   0.00116624   -1.48207e-039   4.37628e-040   [-0.000069,-0.000029,]
[10,11,]   230   0.00124849   -2.95914e-040   1.016e-039   [-0.000070,0.000017,]
[11,11,]   231   0.00179958   3.13377e-040   2.16264e-039   [-0.000038,0.000037,]
[12,11,]   232   0.00240541   9.44322e-040   3.6957e-039   [-0.000018,0.000034,]
[13,11,]   233   0.00245796   1.00142e-039   5.01515e-039   [-0.000008,0.000028,]
[14,11,]   234   0.0019139   8.06208e-040   5.48863e-039   [-0.000003,0.000023,]
[15,11,]   235   0.00116221   4.34941e-040   5.04379e-039   [-0.000002,0.000020,]
[16,11,]   236   0.000561811   -4.19447e-041   4.24234e-039   [-0.000002,0.000017,]
[17,11,]   237   0.000217914   -6.8427e-040   3.73718e-039   [-0.000001,0.000015,]
[18,11,]   238   6.91515e-005   -1.47595e-039   3.79765e-039   [0.000005,0.000013,]
[19,11,]   239   1.90766e-005   -3.15708e-039   4.33172e-039   [0.000011,0.000013,]
[0,12,]   240   2.00251e-005   -3.11402e-039   4.39509e-039   [0.000005,-0.000010,]
[1,12,]   241   5.5579e-005   -1.77679e-039   3.57528e-039   [-0.000014,-0.000012,]
[2,12,]   242   0.000167324   -8.62498e-040   2.84656e-039   [-0.000007,-0.000014,]
[3,12,]   243   0.000433456   -1.97368e-040   2.20894e-039   [-0.000007,-0.000016,]
[4,12,]   244   0.000919557   2.86391e-040   1.66244e-039   [-0.000008,-0.000017,]
[5,12,]   245   0.00158812   6.59574e-040   1.20738e-039   [-0.000011,-0.000020,]
[6,12,]   246   0.00222136   9.18788e-040   8.45922e-040   [-0.000015,-0.000022,]
[7,12,]   247   0.00252377   1.00544e-039   5.89011e-040   [-0.000023,-0.000023,]
[8,12,]   248   0.00241226   9.52912e-040   4.77625e-040   [-0.000034,-0.000021,]
[9,12,]   249   0.0021518   7.44938e-040   6.19808e-040   [-0.000044,-0.000012,]
[10,12,]   250   0.00216958   6.64857e-040   1.19818e-039   [-0.000044,0.000007,]
[11,12,]   251   0.00243523   1.02071e-039   2.34482e-039   [-0.000032,0.000019,]
[12,12,]   252   0.00253405   1.00796e-039   3.87788e-039   [-0.000020,0.000023,]
[13,12,]   253   0.00223243   9.16374e-040   5.19733e-039   [-0.000011,0.000022,]
[14,12,]   254   0.00159527   6.45247e-040   5.67081e-039   [-0.000007,0.000020,]
[15,12,]   255   0.000921366   2.67104e-040   5.22597e-039   [-0.000004,0.000017,]
[16,12,]   256   0.00043126   -2.22668e-040   4.42452e-039   [-0.000004,0.000016,]
[17,12,]   257   0.000163558   -8.7282e-040   3.91936e-039   [-0.000003,0.000014,]
[18,12,]   258   5.10442e-005   -1.65953e-039   3.97983e-039   [0.000004,0.000013,]
[19,12,]   259   1.3801e-005   -3.4396e-039   4.5139e-039   [0.000011,0.000013,]
[0,13,]   260   1.31245e-005   -3.45263e-039   4.66836e-039   [0.000004,-0.000009,]
[1,13,]   261   3.57779e-005   -2.08043e-039   3.84855e-039   [-0.000016,-0.000012,]
[2,13,]   262   0.000109332   -1.12732e-039   3.11983e-039   [-0.000009,-0.000013,]
[3,13,]   263   0.00028995   -4.53454e-040   2.48221e-039   [-0.000008,-0.000014,]
[4,13,]   264   0.000636025   3.4237e-041   1.93571e-039   [-0.000010,-0.000015,]
[5,13,]   265   0.00115468   4.30162e-040   1.48065e-039   [-0.000012,-0.000016,]
[6,13,]   266   0.00173911   7.07267e-040   1.11919e-039   [-0.000016,-0.000017,]
[7,13,]   267   0.00220902   9.0638e-040   8.62281e-040   [-0.000022,-0.000016,]
[8,13,]   268   0.00244295   9.91515e-040   7.50895e-040   [-0.000028,-0.000012,]
[9,13,]   269   0.00250447   1.06947e-039   8.93078e-040   [-0.000032,-0.000005,]
[10,13,]   270   0.00251721   1.05555e-039   1.47145e-039   [-0.000031,0.000004,]
[11,13,]   271   0.00248004   1.01642e-039   2.61809e-039   [-0.000026,0.000012,]
[12,13,]   272   0.00224704   9.26914e-040   4.15115e-039   [-0.000019,0.000015,]
[13,13,]   273   0.00176759   7.20297e-040   5.4706e-039   [-0.000012,0.000016,]
[14,13,]   274   0.00116897   4.28806e-040   5.94408e-039   [-0.000008,0.000016,]
[15,13,]   275   0.000639529   1.88099e-041   5.49924e-039   [-0.000006,0.000015,]
[16,13,]   276   0.000288296   -4.80737e-040   4.69779e-039   [-0.000005,0.000014,]
[17,13,]   277   0.000106327   -1.14611e-039   4.19263e-039   [-0.000004,0.000013,]
[18,13,]   278   3.25006e-005   -1.93772e-039   4.2531e-039   [0.000004,0.000012,]
[19,13,]   279   8.64854e-006   -3.83311e-039   4.78717e-039   [0.000012,0.000013,]
[0,14,]   280   7.31068e-006   -3.89421e-039   5.03272e-039   [0.000004,-0.000008,]
[1,14,]   281   1.96295e-005   -2.47589e-039   4.21291e-039   [-0.000018,-0.000011,]
[2,14,]   282   6.1015e-005   -1.48435e-039   3.48419e-039   [-0.000010,-0.000011,]
[3,14,]   283   0.000165931   -8.02314e-040   2.84657e-039   [-0.000009,-0.000012,]
[4,14,]   284   0.000376512   -3.06017e-040   2.30007e-039   [-0.000010,-0.000013,]
[5,14,]   285   0.000715788   1.02943e-040   1.84501e-039   [-0.000013,-0.000013,]
[6,14,]   286   0.00114693   4.16277e-040   1.48355e-039   [-0.000016,-0.000013,]
[7,14,]   287   0.00157255   6.33537e-040   1.22664e-039   [-0.000020,-0.000011,]
[8,14,]   288   0.00189364   7.94813e-040   1.11526e-039   [-0.000023,-0.000008,]
[9,14,]   289   0.00206341   8.83871e-040   1.25744e-039   [-0.000025,-0.000003,]
[10,14,]   290   0.00207817   8.8661e-040   1.83581e-039   [-0.000024,0.000003,]
[11,14,]   291   0.00193464   8.26926e-040   2.98245e-039   [-0.000021,0.000007,]
[12,14,]   292   0.00161853   6.74822e-040   4.51551e-039   [-0.000016,0.000011,]
[13,14,]   293   0.00118114   4.47848e-040   5.83496e-039   [-0.000012,0.000012,]
[14,14,]   294   0.00073367   1.19656e-040   6.30844e-039   [-0.000008,0.000013,]
[15,14,]   295   0.000382369   -3.07802e-040   5.8636e-039   [-0.000007,0.000012,]
[16,14,]   296   0.000166079   -8.21568e-040   5.06215e-039   [-0.000006,0.000012,]
[17,14,]   297   5.94911e-005   -1.50155e-039   4.55699e-039   [-0.000005,0.000011,]
[18,14,]   298   1.77806e-005   -2.30797e-039   4.61746e-039   [0.000004,0.000011,]
[19,14,]   299   4.67887e-006   -4.32279e-039   5.15153e-039   [0.000013,0.000012,]
[0,15,]   300   3.44455e-006   -4.43434e-039   5.48817e-039   [0.000003,-0.000007,]
[1,15,]   301   9.13707e-006   -2.96404e-039   4.66836e-039   [-0.000019,-0.000010,]
[2,15,]   302   2.89047e-005   -1.93695e-039   3.93964e-039   [-0.000010,-0.000010,]
[3,15,]   303   8.05659e-005   -1.24574e-039   3.30202e-039   [-0.000010,-0.000010,]
[4,15,]   304   0.000188604   -7.431e-040   2.75552e-039   [-0.000011,-0.000011,]
[5,15,]   305   0.000373063   -3.19295e-040   2.30046e-039   [-0.000013,-0.000010,]
[6,15,]   306   0.000627159   1.0665e-041   1.939e-039   [-0.000015,-0.000010,]
[7,15,]   307   0.000907401   2.6004e-040   1.68209e-039   [-0.000017,-0.000008,]
[8,15,]   308   0.00114859   4.2767e-040   1.57071e-039   [-0.000020,-0.000006,]
[9,15,]   309   0.00129409   5.38456e-040   1.71289e-039   [-0.000021,-0.000002,]
[10,15,]   310   0.00130647   5.48462e-040   2.29126e-039   [-0.000020,0.000002,]
[11,15,]   311   0.00118069   4.656e-040   3.4379e-039   [-0.000017,0.000005,]
[12,15,]   312   0.000943762   3.11975e-040   4.97096e-039   [-0.000014,0.000008,]
[13,15,]   313   0.000654804   6.17605e-041   6.29041e-039   [-0.000010,0.000009,]
[14,15,]   314   0.000388176   -2.80778e-040   6.76389e-039   [-0.000008,0.000010,]
[15,15,]   315   0.000194343   -7.23853e-040   6.31905e-039   [-0.000007,0.000010,]
[16,15,]   316   8.16626e-005   -1.24746e-039   5.5176e-039   [-0.000006,0.000010,]
[17,15,]   317   2.84546e-005   -1.942e-039   5.01244e-039   [-0.000006,0.000010,]
[18,15,]   318   8.31872e-006   -2.76912e-039   5.07291e-039   [0.000004,0.000010,]
[19,15,]   319   2.17424e-006   -4.89818e-039   5.60698e-039   [0.000015,0.000011,]
[0,16,]   320   1.36815e-006   -5.05129e-039   6.03471e-039   [0.000003,-0.000006,]
[1,16,]   321   3.5954e-006   -3.52699e-039   5.2149e-039   [-0.000020,-0.000008,]
[2,16,]   322   1.15705e-005   -2.4681e-039   4.48618e-039   [-0.000011,-0.000009,]
[3,16,]   323   3.29967e-005   -1.76856e-039   3.84856e-039   [-0.000010,-0.000009,]
[4,16,]   324   7.94007e-005   -1.25989e-039   3.30206e-039   [-0.000011,-0.000009,]
[5,16,]   325   0.000162283   -8.26753e-040   2.847e-039   [-0.000012,-0.000008,]
[6,16,]   326   0.000283066   -4.82558e-040   2.48554e-039   [-0.000014,-0.000007,]
[7,16,]   327   0.00042517   -2.23392e-040   2.22863e-039   [-0.000016,-0.000006,]
[8,16,]   328   0.000555836   -4.20546e-041   2.11725e-039   [-0.000017,-0.000004,]
[9,16,]   329   0.000638062   5.45988e-041   2.25943e-039   [-0.000017,-0.000001,]
[10,16,]   330   0.000645706   7.23944e-041   2.8378e-039   [-0.000017,0.000001,]
[11,16,]   331   0.000574703   -5.82723e-043   3.98444e-039   [-0.000015,0.000004,]
[12,16,]   332   0.000446537   -1.64426e-040   5.5175e-039   [-0.000012,0.000006,]
[13,16,]   333   0.000299533   -4.198e-040   6.83695e-039   [-0.000009,0.000007,]
[14,16,]   334   0.000171582   -7.7218e-040   7.31043e-039   [-0.000007,0.000008,]
[15,16,]   335   8.32268e-005   -1.22296e-039   6.86559e-039   [-0.000007,0.000009,]
[16,16,]   336   3.40088e-005   -1.75363e-039   6.06414e-039   [-0.000006,0.000009,]
[17,16,]   337   1.15622e-005   -2.45978e-039   5.55898e-039   [-0.000006,0.000009,]
[18,16,]   338   3.31194e-006   -3.31026e-039   5.61945e-039   [0.000005,0.000009,]
[19,16,]   339   8.62901e-007   -5.5429e-039   6.15352e-039   [0.000016,0.000010,]
[0,17,]   340   4.52243e-007   -5.85349e-039   6.67234e-039   [0.000002,-0.000005,]
[1,17,]   341   1.18007e-006   -4.27472e-039   5.85253e-039   [-0.000021,-0.000007,]
[2,17,]   342   3.86089e-006   -3.18312e-039   5.12381e-039   [-0.000011,-0.000007,]
[3,17,]   343   1.12454e-005   -2.47073e-039   4.48619e-039   [-0.000010,-0.000007,]
[4,17,]   344   2.77252e-005   -1.95119e-039   3.93969e-039   [-0.000010,-0.000007,]
[5,17,]   345   5.82416e-005   -1.50356e-039   3.48463e-039   [-0.000011,-0.000007,]
[6,17,]   346   0.000104582   -1.14449e-039   3.12317e-039   [-0.000013,-0.000006,]
[7,17,]   347   0.00016153   -8.69575e-040   2.86626e-039   [-0.000014,-0.000004,]
[8,17,]   348   0.000215995   -6.80061e-040   2.75488e-039   [-0.000015,-0.000003,]
[9,17,]   349   0.000251323   -5.74224e-040   2.89706e-039   [-0.000015,-0.000001,]
[10,17,]   350   0.000254837   -5.57928e-040   3.47543e-039   [-0.000014,0.000001,]
[11,17,]   351   0.000224728   -6.32399e-040   4.62207e-039   [-0.000013,0.000003,]
[12,17,]   352   0.000171459   -7.99035e-040   6.15513e-039   [-0.000010,0.000005,]
[13,17,]   353   0.000112338   -1.06188e-039   7.47458e-039   [-0.000008,0.000007,]
[14,17,]   354   6.27382e-005   -1.42162e-039   7.94806e-039   [-0.000007,0.000008,]
[15,17,]   355   2.96814e-005   -1.88097e-039   7.50322e-039   [-0.000006,0.000008,]
[16,17,]   356   1.185e-005   -2.4195e-039   6.70177e-039   [-0.000006,0.000009,]
[17,17,]   357   3.94318e-006   -3.13804e-039   6.19661e-039   [-0.000006,0.000009,]
[18,17,]   358   1.10884e-006   -4.01599e-039   6.25708e-039   [0.000006,0.000009,]
[19,17,]   359   2.88797e-007   -6.3402e-039   6.79115e-039   [0.000018,0.000010,]
[0,18,]   360   1.2634e-007   -6.84539e-039   7.40106e-039   [0.000002,0.000007,]
[1,18,]   361   3.27738e-007   -5.1981e-039   6.58125e-039   [-0.000022,0.000006,]
[2,18,]   362   1.08805e-006   -4.06066e-039   5.85253e-039   [-0.000011,0.000005,]
[3,18,]   363   3.22726e-006   -3.32045e-039   5.21491e-039   [-0.000010,0.000005,]
[4,18,]   364   8.11888e-006   -2.77815e-039   4.66841e-039   [-0.000010,0.000004,]
[5,18,]   365   1.74336e-005   -2.30964e-039   4.21335e-039   [-0.000011,0.000003,]
[6,18,]   366   3.20145e-005   -1.9352e-039   3.85189e-039   [-0.000012,0.000003,]
[7,18,]   367   5.04875e-005   -1.65477e-039   3.59498e-039   [-0.000013,0.000004,]
[8,18,]   368   6.86537e-005   -1.46966e-039   3.4836e-039   [-0.000013,0.000004,]
[9,18,]   369   8.07092e-005   -1.38299e-039   3.62578e-039   [-0.000013,0.000005,]
[10,18,]   370   8.20632e-005   -1.39338e-039   4.20415e-039   [-0.000012,0.000007,]
[11,18,]   371   7.2013e-005   -1.50175e-039   5.35079e-039   [-0.000011,0.000009,]
[12,18,]   372   5.43141e-005   -1.70798e-039   6.88385e-039   [-0.000009,0.000011,]
[13,18,]   373   3.50207e-005   -2.01089e-039   8.2033e-039   [-0.000007,0.000013,]
[14,18,]   374   1.92006e-005   -2.41016e-039   8.67678e-039   [-0.000006,0.000014,]
[15,18,]   375   8.91124e-006   -2.90605e-039   8.23194e-039   [-0.000006,0.000016,]
[16,18,]   376   3.49154e-006   -3.47718e-039   7.43049e-039   [-0.000006,0.000017,]
[17,18,]   377   1.14101e-006   -4.22902e-039   6.92533e-039   [-0.000006,0.000018,]
[18,18,]   378   3.15723e-007   -5.15385e-039   6.9858e-039   [0.000007,0.000019,]
[19,18,]   379   8.23592e-008   -7.57824e-039   7.51987e-039   [0.000019,0.000020,]
[0,19,]   380   3.36574e-008   -9.1738e-039   8.22087e-039   [0.000002,0.000020,]
[1,19,]   381   8.56341e-008   -7.60581e-039   7.40106e-039   [-0.000023,0.000019,]
[2,19,]   382   2.83536e-007   -6.37457e-039   6.67234e-039   [-0.000012,0.000017,]
[3,19,]   383   8.41328e-007   -5.542e-039   6.03472e-039   [-0.000011,0.000016,]
[4,19,]   384   2.1231e-006   -4.89757e-039   5.48822e-039   [-0.000011,0.000015,]
[5,19,]   385   4.5893e-006   -4.31602e-039   5.03316e-039   [-0.000012,0.000013,]
[6,19,]   386   8.52116e-006   -3.82291e-039   4.6717e-039   [-0.000013,0.000012,]
[7,19,]   387   1.3652e-005   -3.42743e-039   4.41479e-039   [-0.000013,0.000011,]
[8,19,]   388   1.89402e-005   -3.14325e-039   4.30341e-039   [-0.000013,0.000011,]
[9,19,]   389   2.27826e-005   -2.98519e-039   4.44559e-039   [-0.000012,0.000011,]
[10,19,]   390   2.37168e-005   -2.95972e-039   5.02396e-039   [-0.000011,0.000012,]
[11,19,]   391   2.12751e-005   -3.06966e-039   6.1706e-039   [-0.000009,0.000014,]
[12,19,]   392   1.6349e-005   -3.31207e-039   7.70366e-039   [-0.000007,0.000016,]
[13,19,]   393   1.06952e-005   -3.67727e-039   9.02311e-039   [-0.000005,0.000018,]
[14,19,]   394   5.92402e-006   -4.15519e-039   9.49659e-039   [-0.000004,0.000020,]
[15,19,]   395   2.76716e-006   -4.73771e-039   9.05175e-039   [-0.000004,0.000023,]
[16,19,]   396   1.0879e-006   -5.39732e-039   8.2503e-039   [-0.000004,0.000024,]
[17,19,]   397   3.55952e-007   -6.23689e-039   7.74514e-039   [-0.000004,0.000026,]
[18,19,]   398   9.84971e-008   -7.26411e-039   7.80561e-039   [0.000008,0.000028,]
[19,19,]   399   2.60832e-008   -9.65124e-039   8.33968e-039   [0.000020,0.000029,]
