coordinates  index   rho      Q      V    velocities 
[0,0,]   0   3.41453e-008   -8.98023e-039   8.22087e-039   [0.000012,0.000004,]
[1,0,]   1   1.11693e-007   -7.00989e-039   7.40108e-039   [-0.000008,0.000004,]
[2,0,]   2   3.81963e-007   -6.08068e-039   6.67253e-039   [0.000003,0.000004,]
[3,0,]   3   1.14575e-006   -5.27551e-039   6.03624e-039   [0.000005,0.000005,]
[4,0,]   4   2.89812e-006   -4.63718e-039   5.49815e-039   [0.000007,0.000005,]
[5,0,]   5   6.20486e-006   -4.07457e-039   5.08339e-039   [0.000008,0.000006,]
[6,0,]   6   1.12482e-005   -3.61245e-039   4.86872e-039   [0.000009,0.000006,]
[7,0,]   7   1.7329e-005   -3.2562e-039   5.01209e-039   [0.000011,0.000007,]
[8,0,]   8   2.28046e-005   -3.01361e-039   5.69265e-039   [0.000013,0.000008,]
[9,0,]   9   2.57707e-005   -2.89358e-039   6.88565e-039   [0.000015,0.000010,]
[10,0,]   10   2.51164e-005   -2.90215e-039   8.14216e-039   [0.000017,0.000011,]
[11,0,]   11   2.11661e-005   -3.04034e-039   8.76741e-039   [0.000017,0.000012,]
[12,0,]   12   1.54317e-005   -3.30256e-039   8.41342e-039   [0.000017,0.000013,]
[13,0,]   13   9.72006e-006   -3.67519e-039   7.42943e-039   [0.000015,0.000014,]
[14,0,]   14   5.27361e-006   -4.1433e-039   6.51024e-039   [0.000013,0.000015,]
[15,0,]   15   2.45411e-006   -4.69653e-039   6.10394e-039   [0.000011,0.000016,]
[16,0,]   16   9.74707e-007   -5.32203e-039   6.23457e-039   [0.000010,0.000016,]
[17,0,]   17   3.26941e-007   -6.08363e-039   6.72286e-039   [0.000010,0.000016,]
[18,0,]   18   9.31839e-008   -7.21664e-039   7.41101e-039   [0.000018,0.000016,]
[19,0,]   19   2.7815e-008   -9.37473e-039   8.2224e-039   [0.000026,0.000016,]
[0,1,]   20   1.00394e-007   -7.09979e-039   7.40106e-039   [0.000012,-0.000018,]
[1,1,]   21   3.34852e-007   -5.06839e-039   6.58127e-039   [-0.000006,-0.000017,]
[2,1,]   22   1.14827e-006   -4.22191e-039   5.85272e-039   [0.000005,-0.000016,]
[3,1,]   23   3.45411e-006   -3.4914e-039   5.21643e-039   [0.000007,-0.000015,]
[4,1,]   24   8.77964e-006   -2.92727e-039   4.67834e-039   [0.000009,-0.000014,]
[5,1,]   25   1.89384e-005   -2.43795e-039   4.26358e-039   [0.000010,-0.000013,]
[6,1,]   26   3.46955e-005   -2.04311e-039   4.04891e-039   [0.000012,-0.000011,]
[7,1,]   27   5.41926e-005   -1.74117e-039   4.19228e-039   [0.000013,-0.000010,]
[8,1,]   28   7.25168e-005   -1.53179e-039   4.87284e-039   [0.000015,-0.000008,]
[9,1,]   29   8.3495e-005   -1.4168e-039   6.06584e-039   [0.000017,-0.000006,]
[10,1,]   30   8.29547e-005   -1.39901e-039   7.32235e-039   [0.000018,-0.000004,]
[11,1,]   31   7.11817e-005   -1.4807e-039   7.9476e-039   [0.000018,-0.000003,]
[12,1,]   32   5.27017e-005   -1.66243e-039   7.59361e-039   [0.000017,-0.000002,]
[13,1,]   33   3.35904e-005   -1.94013e-039   6.60962e-039   [0.000015,-0.000001,]
[14,1,]   34   1.83714e-005   -2.30894e-039   5.69043e-039   [0.000012,-0.000001,]
[15,1,]   35   8.5883e-006   -2.76659e-039   5.28413e-039   [0.000010,-0.000001,]
[16,1,]   36   3.41694e-006   -3.30519e-039   5.41476e-039   [0.000009,-0.000002,]
[17,1,]   37   1.14566e-006   -3.98922e-039   5.90305e-039   [0.000009,-0.000002,]
[18,1,]   38   3.25826e-007   -5.03681e-039   6.5912e-039   [0.000017,-0.000003,]
[19,1,]   39   9.57484e-008   -7.22489e-039   7.40259e-039   [0.000024,-0.000004,]
[0,2,]   40   3.43838e-007   -5.93105e-039   6.67234e-039   [0.000012,-0.000010,]
[1,2,]   41   1.15034e-006   -3.97669e-039   5.85255e-039   [-0.000006,-0.000009,]
[2,2,]   42   3.88989e-006   -3.16668e-039   5.124e-039   [0.000005,-0.000009,]
[3,2,]   43   1.15069e-005   -2.4633e-039   4.48771e-039   [0.000007,-0.000008,]
[4,2,]   44   2.87348e-005   -1.92598e-039   3.94962e-039   [0.000009,-0.000008,]
[5,2,]   45   6.08597e-005   -1.46718e-039   3.53486e-039   [0.000011,-0.000007,]
[6,2,]   46   0.000109529   -1.10549e-039   3.32019e-039   [0.000013,-0.000007,]
[7,2,]   47   0.000168415   -8.37692e-040   3.46356e-039   [0.000015,-0.000005,]
[8,2,]   48   0.000222764   -6.62048e-040   4.14412e-039   [0.000017,-0.000003,]
[9,2,]   49   0.000255078   -5.77548e-040   5.33712e-039   [0.000019,-0.000001,]
[10,2,]   50   0.000253869   -5.8468e-040   6.59363e-039   [0.000020,0.000001,]
[11,2,]   51   0.000219817   -6.84194e-040   7.21888e-039   [0.000020,0.000003,]
[12,2,]   52   0.000165242   -8.73218e-040   6.86489e-039   [0.000018,0.000004,]
[13,2,]   53   0.000107363   -1.14903e-039   5.8809e-039   [0.000016,0.000006,]
[14,2,]   54   5.99603e-005   -1.50772e-039   4.96171e-039   [0.000013,0.000007,]
[15,2,]   55   2.86162e-005   -1.94976e-039   4.55541e-039   [0.000011,0.000007,]
[16,2,]   56   1.1606e-005   -2.47011e-039   4.68604e-039   [0.000009,0.000007,]
[17,2,]   57   3.95958e-006   -3.13222e-039   5.17433e-039   [0.000008,0.000007,]
[18,2,]   58   1.14327e-006   -4.14314e-039   5.86248e-039   [0.000016,0.000007,]
[19,2,]   59   3.36629e-007   -6.2278e-039   6.67387e-039   [0.000023,0.000006,]
[0,3,]   60   1.02438e-006   -5.13762e-039   6.03471e-039   [0.000012,-0.000010,]
[1,3,]   61   3.4285e-006   -3.25653e-039   5.21492e-039   [-0.000005,-0.000009,]
[2,3,]   62   1.13979e-005   -2.46809e-039   4.48637e-039   [0.000005,-0.000009,]
[3,3,]   63   3.30216e-005   -1.77629e-039   3.85008e-039   [0.000007,-0.000009,]
[4,3,]   64   8.05851e-005   -1.2473e-039   3.31199e-039   [0.000010,-0.000009,]
[5,3,]   65   0.000166471   -7.97701e-040   2.89723e-039   [0.000012,-0.000008,]
[6,3,]   66   0.000292028   -4.44591e-040   2.68256e-039   [0.000014,-0.000007,]
[7,3,]   67   0.000438423   -1.84605e-040   2.82593e-039   [0.000016,-0.000006,]
[8,3,]   68   0.000569094   -1.35007e-041   3.50649e-039   [0.000019,-0.000004,]
[9,3,]   69   0.000645149   6.84982e-041   4.69949e-039   [0.000021,-0.000001,]
[10,3,]   70   0.000642828   6.04235e-041   5.956e-039   [0.000022,0.000001,]
[11,3,]   71   0.00056368   -3.25653e-041   6.58125e-039   [0.000022,0.000004,]
[12,3,]   72   0.000433067   -2.13302e-040   6.22726e-039   [0.000020,0.000006,]
[13,3,]   73   0.000289114   -4.75864e-040   5.24327e-039   [0.000017,0.000007,]
[14,3,]   74   0.00016613   -8.20565e-040   4.32408e-039   [0.000014,0.000008,]
[15,3,]   75   8.14636e-005   -1.24903e-039   3.91778e-039   [0.000011,0.000009,]
[16,3,]   76   3.38485e-005   -1.75818e-039   4.04841e-039   [0.000009,0.000009,]
[17,3,]   77   1.17942e-005   -2.40875e-039   4.5367e-039   [0.000008,0.000009,]
[18,3,]   78   3.46656e-006   -3.39263e-039   5.22485e-039   [0.000015,0.000008,]
[19,3,]   79   1.02287e-006   -5.38088e-039   6.03624e-039   [0.000022,0.000007,]
[0,4,]   80   2.57549e-006   -4.52113e-039   5.48817e-039   [0.000011,-0.000011,]
[1,4,]   81   8.60632e-006   -2.71985e-039   4.66838e-039   [-0.000005,-0.000010,]
[2,4,]   82   2.80805e-005   -1.94804e-039   3.93983e-039   [0.000005,-0.000010,]
[3,4,]   83   7.94401e-005   -1.26603e-039   3.30354e-039   [0.000007,-0.000010,]
[4,4,]   84   0.00018859   -7.43561e-040   2.76545e-039   [0.000010,-0.000010,]
[5,4,]   85   0.000377475   -3.01942e-040   2.35069e-039   [0.000012,-0.000010,]
[6,4,]   86   0.000639765   4.2073e-041   2.13602e-039   [0.000015,-0.000009,]
[7,4,]   87   0.000928145   2.95051e-040   2.27939e-039   [0.000018,-0.000008,]
[8,4,]   88   0.00117046   4.57889e-040   2.95995e-039   [0.000021,-0.000005,]
[9,4,]   89   0.0013056   5.44469e-040   4.15295e-039   [0.000024,-0.000002,]
[10,4,]   90   0.0013025   5.40622e-040   5.40946e-039   [0.000025,0.000002,]
[11,4,]   91   0.00116308   4.41941e-040   6.03471e-039   [0.000025,0.000005,]
[12,4,]   92   0.000922234   2.72697e-040   5.68072e-039   [0.000022,0.000008,]
[13,4,]   93   0.000638975   2.18497e-041   4.69673e-039   [0.000018,0.000010,]
[14,4,]   94   0.000380911   -3.09756e-040   3.77754e-039   [0.000014,0.000010,]
[15,4,]   95   0.000193025   -7.28158e-040   3.37124e-039   [0.000011,0.000011,]
[16,4,]   96   8.24631e-005   -1.23035e-039   3.50187e-039   [0.000009,0.000010,]
[17,4,]   97   2.94054e-005   -1.87365e-039   3.99016e-039   [0.000008,0.000010,]
[18,4,]   98   8.80601e-006   -2.83165e-039   4.67831e-039   [0.000014,0.000010,]
[19,4,]   99   2.59933e-006   -4.7232e-039   5.4897e-039   [0.000020,0.000008,]
[0,5,]   100   5.52089e-006   -3.98066e-039   5.03272e-039   [0.000011,-0.000011,]
[1,5,]   101   1.83725e-005   -2.26676e-039   4.21293e-039   [-0.000005,-0.000011,]
[2,5,]   102   5.87523e-005   -1.50895e-039   3.48438e-039   [0.000004,-0.000011,]
[3,5,]   103   0.00016185   -8.38791e-040   2.84809e-039   [0.000007,-0.000012,]
[4,5,]   104   0.000371937   -3.25655e-040   2.31e-039   [0.000010,-0.000012,]
[5,5,]   105   0.000715414   1.01812e-040   1.89524e-039   [0.000013,-0.000013,]
[6,5,]   106   0.00115715   4.29902e-040   1.68057e-039   [0.000016,-0.000012,]
[7,5,]   107   0.00159562   6.61246e-040   1.82394e-039   [0.000020,-0.000011,]
[8,5,]   108   0.00192079   8.14129e-040   2.5045e-039   [0.000025,-0.000008,]
[9,5,]   109   0.00208004   8.89669e-040   3.6975e-039   [0.000028,-0.000003,]
[10,5,]   110   0.00207691   8.85266e-040   4.95401e-039   [0.000030,0.000003,]
[11,5,]   111   0.00191371   8.03232e-040   5.57926e-039   [0.000028,0.000008,]
[12,5,]   112   0.00159395   6.46889e-040   5.22527e-039   [0.000024,0.000011,]
[13,5,]   113   0.00116504   4.2395e-040   4.24128e-039   [0.000019,0.000013,]
[14,5,]   114   0.000728881   1.11023e-040   3.32209e-039   [0.000014,0.000013,]
[15,5,]   115   0.000384442   -2.93174e-040   2.91579e-039   [0.000011,0.000013,]
[16,5,]   116   0.000169526   -7.87477e-040   3.04642e-039   [0.000008,0.000012,]
[17,5,]   117   6.19779e-005   -1.42322e-039   3.53471e-039   [0.000007,0.000011,]
[18,5,]   118   1.89214e-005   -2.35188e-039   4.22286e-039   [0.000013,0.000011,]
[19,5,]   119   5.57331e-006   -4.14719e-039   5.03425e-039   [0.000018,0.000009,]
[0,6,]   120   1.01432e-005   -3.52905e-039   4.66836e-039   [0.000010,-0.000012,]
[1,6,]   121   3.35102e-005   -1.90549e-039   3.84857e-039   [-0.000005,-0.000012,]
[2,6,]   122   0.000105011   -1.15633e-039   3.12002e-039   [0.000003,-0.000013,]
[3,6,]   123   0.000281328   -4.98128e-040   2.48373e-039   [0.000006,-0.000014,]
[4,6,]   124   0.000623481   3.02063e-042   1.94564e-039   [0.000009,-0.000015,]
[5,6,]   125   0.00114321   4.12467e-040   1.53088e-039   [0.000012,-0.000016,]
[6,6,]   126   0.0017377   7.07188e-040   1.31621e-039   [0.000017,-0.000016,]
[7,6,]   127   0.00222255   9.09398e-040   1.45958e-039   [0.000023,-0.000015,]
[8,6,]   128   0.00246979   1.00201e-039   2.14014e-039   [0.000029,-0.000012,]
[9,6,]   129   0.00252498   1.06184e-039   3.33314e-039   [0.000035,-0.000004,]
[10,6,]   130   0.00252395   1.09036e-039   4.58965e-039   [0.000037,0.000005,]
[11,6,]   131   0.0024627   9.95768e-040   5.2149e-039   [0.000033,0.000012,]
[12,6,]   132   0.00222962   9.05006e-040   4.86091e-039   [0.000026,0.000016,]
[13,6,]   133   0.00176065   7.15076e-040   3.87692e-039   [0.000019,0.000017,]
[14,6,]   134   0.0011726   4.35502e-040   2.95773e-039   [0.000014,0.000016,]
[15,6,]   135   0.000648173   4.69993e-041   2.55143e-039   [0.000010,0.000015,]
[16,6,]   136   0.000295837   -4.38549e-040   2.68206e-039   [0.000008,0.000014,]
[17,6,]   137   0.000110951   -1.06753e-039   3.17035e-039   [0.000006,0.000013,]
[18,6,]   138   3.45124e-005   -1.96414e-039   3.8585e-039   [0.000011,0.000012,]
[19,6,]   139   1.01108e-005   -3.66996e-039   4.66989e-039   [0.000016,0.000009,]
[0,7,]   140   1.60537e-005   -3.17337e-039   4.39509e-039   [0.000009,-0.000012,]
[1,7,]   141   5.24717e-005   -1.63583e-039   3.5753e-039   [-0.000005,-0.000013,]
[2,7,]   142   0.000161409   -8.87398e-040   2.84675e-039   [0.000002,-0.000014,]
[3,7,]   143   0.000421116   -2.40384e-040   2.21046e-039   [0.000005,-0.000016,]
[4,7,]   144   0.000899767   2.50546e-040   1.67237e-039   [0.000008,-0.000017,]
[5,7,]   145   0.00156486   6.33001e-040   1.25761e-039   [0.000011,-0.000020,]
[6,7,]   146   0.00220345   8.96372e-040   1.04294e-039   [0.000016,-0.000022,]
[7,7,]   147   0.00252244   9.9854e-040   1.18631e-039   [0.000024,-0.000023,]
[8,7,]   148   0.0024413   1.01739e-039   1.86687e-039   [0.000036,-0.000020,]
[9,7,]   149   0.00218197   7.12952e-040   3.05987e-039   [0.000048,-0.000008,]
[10,7,]   150   0.00216535   7.70352e-040   4.31638e-039   [0.000049,0.000010,]
[11,7,]   151   0.00242089   9.53681e-040   4.94163e-039   [0.000039,0.000021,]
[12,7,]   152   0.00253655   1.00507e-039   4.58764e-039   [0.000028,0.000023,]
[13,7,]   153   0.00224012   9.15912e-040   3.60365e-039   [0.000018,0.000022,]
[14,7,]   154   0.00160902   6.65466e-040   2.68446e-039   [0.000012,0.000020,]
[15,7,]   155   0.000935781   2.97904e-040   2.27816e-039   [0.000008,0.000017,]
[16,7,]   156   0.000441955   -1.81e-040   2.40879e-039   [0.000006,0.000016,]
[17,7,]   157   0.00016974   -8.03976e-040   2.89708e-039   [0.000005,0.000014,]
[18,7,]   158   5.36759e-005   -1.66723e-039   3.58523e-039   [0.000009,0.000012,]
[19,7,]   159   1.55782e-005   -3.29911e-039   4.39662e-039   [0.000014,0.000010,]
[0,8,]   160   2.19752e-005   -2.92433e-039   4.21291e-039   [0.000008,-0.000013,]
[1,8,]   161   7.08308e-005   -1.4593e-039   3.39312e-039   [-0.000006,-0.000013,]
[2,8,]   162   0.000214726   -7.0294e-040   2.66457e-039   [0.000001,-0.000015,]
[3,8,]   163   0.000548446   -6.2381e-041   2.02828e-039   [0.000003,-0.000017,]
[4,8,]   164   0.00113597   4.18182e-040   1.49019e-039   [0.000005,-0.000020,]
[5,8,]   165   0.00188201   7.89315e-040   1.07543e-039   [0.000008,-0.000023,]
[6,8,]   166   0.00244056   9.89134e-040   8.60764e-040   [0.000012,-0.000028,]
[7,8,]   167   0.00241914   9.57264e-040   1.00413e-039   [0.000022,-0.000034,]
[8,8,]   168   0.00182926   4.12469e-040   1.68469e-039   [0.000041,-0.000038,]
[9,8,]   169   0.00123891   -4.39115e-040   2.87769e-039   [0.000073,-0.000017,]
[10,8,]   170   0.00116329   -1.30614e-039   4.1342e-039   [0.000074,0.000030,]
[11,8,]   171   0.00181472   3.86519e-040   4.75945e-039   [0.000043,0.000040,]
[12,8,]   172   0.00244156   1.02066e-039   4.40546e-039   [0.000024,0.000034,]
[13,8,]   173   0.00247808   1.00811e-039   3.42147e-039   [0.000015,0.000028,]
[14,8,]   174   0.00192837   8.16606e-040   2.50228e-039   [0.000009,0.000023,]
[15,8,]   175   0.00117475   4.58395e-040   2.09598e-039   [0.000006,0.000020,]
[16,8,]   176   0.00057099   -1.27808e-041   2.22661e-039   [0.000004,0.000017,]
[17,8,]   177   0.000223422   -6.3279e-040   2.7149e-039   [0.000003,0.000015,]
[18,8,]   178   7.15152e-005   -1.46275e-039   3.40305e-039   [0.000008,0.000013,]
[19,8,]   179   2.04747e-005   -3.04662e-039   4.21444e-039   [0.000012,0.000011,]
[0,9,]   180   2.60677e-005   -2.7927e-039   4.12182e-039   [0.000007,-0.000012,]
[1,9,]   181   8.26557e-005   -1.37796e-039   3.30203e-039   [-0.000008,-0.000014,]
[2,9,]   182   0.000248443   -6.03646e-040   2.57348e-039   [-0.000001,-0.000015,]
[3,9,]   183   0.000626812   3.14539e-041   1.93719e-039   [0.000000,-0.000018,]
[4,9,]   184   0.00127524   5.18755e-040   1.3991e-039   [0.000001,-0.000021,]
[5,9,]   185   0.00204793   8.73435e-040   9.84344e-040   [0.000003,-0.000025,]
[6,9,]   186   0.00250944   1.08946e-039   7.69674e-040   [0.000005,-0.000032,]
[7,9,]   187   0.00217431   7.94441e-040   9.13044e-040   [0.000011,-0.000044,]
[8,9,]   188   0.00118313   -1.23137e-039   1.5936e-039   [0.000031,-0.000068,]
[9,9,]   189   0.000389525   -9.2356e-039   2.7866e-039   [0.000124,-0.000108,]
[10,9,]   190   0.000376189   -9.65005e-039   4.04311e-039   [0.000115,0.000124,]
[11,9,]   191   0.00122352   -4.77332e-040   4.66836e-039   [0.000022,0.000070,]
[12,9,]   192   0.00217545   7.17021e-040   4.31437e-039   [0.000012,0.000045,]
[13,9,]   193   0.00252447   1.06401e-039   3.33038e-039   [0.000007,0.000032,]
[14,9,]   194   0.00208031   8.8936e-040   2.41119e-039   [0.000004,0.000025,]
[15,9,]   195   0.00130503   5.41285e-040   2.00489e-039   [0.000002,0.000021,]
[16,9,]   196   0.0006445   6.5166e-041   2.13552e-039   [0.000002,0.000018,]
[17,9,]   197   0.000254671   -5.53479e-040   2.62381e-039   [0.000001,0.000015,]
[18,9,]   198   8.19881e-005   -1.35301e-039   3.31196e-039   [0.000006,0.000013,]
[19,9,]   199   2.30646e-005   -2.92422e-039   4.12335e-039   [0.000010,0.000012,]
[0,10,]   200   2.67797e-005   -2.78439e-039   4.12182e-039   [0.000005,-0.000012,]
[1,10,]   201   8.34433e-005   -1.39206e-039   3.30203e-039   [-0.000009,-0.000014,]
[2,10,]   202   0.000250457   -5.93192e-040   2.57348e-039   [-0.000004,-0.000015,]
[3,10,]   203   0.000631235   4.34089e-041   1.93719e-039   [-0.000003,-0.000018,]
[4,10,]   204   0.00128252   5.26852e-040   1.3991e-039   [-0.000002,-0.000021,]
[5,10,]   205   0.00205695   8.82079e-040   9.84344e-040   [-0.000003,-0.000025,]
[6,10,]   206   0.00251503   1.06527e-039   7.69674e-040   [-0.000004,-0.000032,]
[7,10,]   207   0.00218773   7.15323e-040   9.13044e-040   [-0.000007,-0.000044,]
[8,10,]   208   0.00125247   -3.84841e-040   1.5936e-039   [-0.000013,-0.000069,]
[9,10,]   209   0.000392779   -9.09464e-039   2.7866e-039   [-0.000106,-0.000120,]
[10,10,]   210   0.000377324   -9.61481e-039   4.04311e-039   [-0.000119,0.000111,]
[11,10,]   211   0.00115697   -1.32568e-039   4.66836e-039   [-0.000027,0.000069,]
[12,10,]   212   0.00215783   7.63267e-040   4.31437e-039   [-0.000006,0.000044,]
[13,10,]   213   0.00251857   1.09105e-039   3.33038e-039   [-0.000002,0.000033,]
[14,10,]   214   0.00207146   8.81371e-040   2.41119e-039   [-0.000001,0.000026,]
[15,10,]   215   0.00129779   5.33529e-040   2.00489e-039   [-0.000001,0.000021,]
[16,10,]   216   0.000639992   5.32558e-041   2.13552e-039   [-0.000001,0.000018,]
[17,10,]   217   0.000252545   -5.64956e-040   2.62381e-039   [-0.000001,0.000015,]
[18,10,]   218   8.11521e-005   -1.33922e-039   3.31196e-039   [0.000004,0.000014,]
[19,10,]   219   2.2369e-005   -2.93801e-039   4.12335e-039   [0.000009,0.000013,]
[0,11,]   220   2.37519e-005   -2.90067e-039   4.21291e-039   [0.000004,-0.000011,]
[1,11,]   221   7.27611e-005   -1.50173e-039   3.39312e-039   [-0.000011,-0.000013,]
[2,11,]   222   0.000219637   -6.73129e-040   2.66457e-039   [-0.000005,-0.000015,]
[3,11,]   223   0.000559065   -3.40813e-041   2.02828e-039   [-0.000005,-0.000017,]
[4,11,]   224   0.00115392   4.44207e-040   1.49019e-039   [-0.000006,-0.000020,]
[5,11,]   225   0.00190479   8.10023e-040   1.07543e-039   [-0.000007,-0.000023,]
[6,11,]   226   0.00246279   1.00308e-039   8.60764e-040   [-0.000011,-0.000028,]
[7,11,]   227   0.00244444   1.02553e-039   1.00413e-039   [-0.000019,-0.000034,]
[8,11,]   228   0.00183215   4.17685e-040   1.68469e-039   [-0.000036,-0.000039,]
[9,11,]   229   0.0011733   -1.28624e-039   2.87769e-039   [-0.000066,-0.000031,]
[10,11,]   230   0.00122988   -4.63162e-040   4.1342e-039   [-0.000066,0.000016,]
[11,11,]   231   0.00181378   3.85604e-040   4.75945e-039   [-0.000035,0.000038,]
[12,11,]   232   0.00241668   9.54689e-040   4.40546e-039   [-0.000017,0.000034,]
[13,11,]   233   0.00245626   9.9325e-040   3.42147e-039   [-0.000009,0.000028,]
[14,11,]   234   0.00190622   7.97024e-040   2.50228e-039   [-0.000006,0.000023,]
[15,11,]   235   0.00115697   4.33118e-040   2.09598e-039   [-0.000005,0.000020,]
[16,11,]   236   0.00056017   -4.10061e-041   2.22661e-039   [-0.000004,0.000017,]
[17,11,]   237   0.000218232   -6.65559e-040   2.7149e-039   [-0.000003,0.000015,]
[18,11,]   238   6.94614e-005   -1.42131e-039   3.40305e-039   [0.000003,0.000013,]
[19,11,]   239   1.87388e-005   -3.08707e-039   4.21444e-039   [0.000009,0.000013,]
[0,12,]   240   1.81017e-005   -3.13744e-039   4.39509e-039   [0.000003,-0.000010,]
[1,12,]   241   5.46157e-005   -1.70591e-039   3.5753e-039   [-0.000013,-0.000012,]
[2,12,]   242   0.000166789   -8.44572e-040   2.84675e-039   [-0.000007,-0.000014,]
[3,12,]   243   0.000432488   -2.01733e-040   2.21046e-039   [-0.000007,-0.000016,]
[4,12,]   244   0.000918359   2.84078e-040   1.67237e-039   [-0.000008,-0.000017,]
[5,12,]   245   0.00158676   6.58469e-040   1.25761e-039   [-0.000011,-0.000020,]
[6,12,]   246   0.00221983   9.11028e-040   1.04294e-039   [-0.000015,-0.000022,]
[7,12,]   247   0.00252556   1.00101e-039   1.18631e-039   [-0.000022,-0.000023,]
[8,12,]   248   0.00242069   9.55804e-040   1.86687e-039   [-0.000032,-0.000021,]
[9,12,]   249   0.002166   7.66885e-040   3.05987e-039   [-0.000041,-0.000011,]
[10,12,]   250   0.00217838   7.04546e-040   4.31638e-039   [-0.000040,0.000007,]
[11,12,]   251   0.00244232   1.01924e-039   4.94163e-039   [-0.000030,0.000020,]
[12,12,]   252   0.00253493   1.00473e-039   4.58764e-039   [-0.000019,0.000023,]
[13,12,]   253   0.00222524   9.02809e-040   3.60365e-039   [-0.000013,0.000022,]
[14,12,]   254   0.00158817   6.41481e-040   2.68446e-039   [-0.000009,0.000020,]
[15,12,]   255   0.000917496   2.65559e-040   2.27816e-039   [-0.000007,0.000017,]
[16,12,]   256   0.000430383   -2.19464e-040   2.40879e-039   [-0.000006,0.000016,]
[17,12,]   257   0.000164036   -8.51509e-040   2.89708e-039   [-0.000004,0.000014,]
[18,12,]   258   5.13829e-005   -1.59897e-039   3.58523e-039   [0.000002,0.000013,]
[19,12,]   259   1.35767e-005   -3.36384e-039   4.39662e-039   [0.000009,0.000013,]
[0,13,]   260   1.17909e-005   -3.486e-039   4.66836e-039   [0.000002,-0.000009,]
[1,13,]   261   3.51312e-005   -2.00245e-039   3.84857e-039   [-0.000015,-0.000012,]
[2,13,]   262   0.000108973   -1.10813e-039   3.12002e-039   [-0.000008,-0.000013,]
[3,13,]   263   0.000289308   -4.58559e-040   2.48373e-039   [-0.000008,-0.000014,]
[4,13,]   264   0.000635414   3.32805e-041   1.94564e-039   [-0.000010,-0.000015,]
[5,13,]   265   0.00115437   4.28372e-040   1.53088e-039   [-0.000012,-0.000016,]
[6,13,]   266   0.00173991   7.08537e-040   1.31621e-039   [-0.000016,-0.000017,]
[7,13,]   267   0.00221097   8.97364e-040   1.45958e-039   [-0.000021,-0.000016,]
[8,13,]   268   0.00245011   9.86878e-040   2.14014e-039   [-0.000027,-0.000012,]
[9,13,]   269   0.0025187   1.08581e-039   3.33314e-039   [-0.000030,-0.000005,]
[10,13,]   270   0.00252759   1.06454e-039   4.58965e-039   [-0.000028,0.000004,]
[11,13,]   271   0.00248175   1.00956e-039   5.2149e-039   [-0.000023,0.000012,]
[12,13,]   272   0.00224227   9.18135e-040   4.86091e-039   [-0.000018,0.000015,]
[13,13,]   273   0.00175995   7.15253e-040   3.87692e-039   [-0.000014,0.000016,]
[14,13,]   274   0.00116254   4.2149e-040   2.95773e-039   [-0.000011,0.000016,]
[15,13,]   275   0.000636612   1.83409e-041   2.55143e-039   [-0.000009,0.000015,]
[16,13,]   276   0.000287738   -4.77702e-040   2.68206e-039   [-0.000007,0.000014,]
[17,13,]   277   0.000106727   -1.12185e-039   3.17035e-039   [-0.000006,0.000013,]
[18,13,]   278   3.27631e-005   -1.86994e-039   3.8585e-039   [0.000002,0.000012,]
[19,13,]   279   8.49841e-006   -3.75418e-039   4.66989e-039   [0.000009,0.000012,]
[0,14,]   280   6.5311e-006   -3.93738e-039   5.03272e-039   [0.000001,-0.000009,]
[1,14,]   281   1.92729e-005   -2.38992e-039   4.21293e-039   [-0.000016,-0.000011,]
[2,14,]   282   6.08469e-005   -1.46372e-039   3.48438e-039   [-0.000009,-0.000011,]
[3,14,]   283   0.000165669   -8.06862e-040   2.84809e-039   [-0.000009,-0.000012,]
[4,14,]   284   0.000376465   -3.069e-040   2.31e-039   [-0.000011,-0.000013,]
[5,14,]   285   0.000716414   1.03371e-040   1.89524e-039   [-0.000013,-0.000013,]
[6,14,]   286   0.00114885   4.16569e-040   1.68057e-039   [-0.000016,-0.000013,]
[7,14,]   287   0.00157651   6.37226e-040   1.82394e-039   [-0.000019,-0.000011,]
[8,14,]   288   0.00189947   7.93775e-040   2.5045e-039   [-0.000022,-0.000008,]
[9,14,]   289   0.00207068   8.80716e-040   3.6975e-039   [-0.000023,-0.000003,]
[10,14,]   290   0.00208438   8.92779e-040   4.95401e-039   [-0.000021,0.000003,]
[11,14,]   291   0.00193436   8.2281e-040   5.57926e-039   [-0.000018,0.000007,]
[12,14,]   292   0.00161365   6.71055e-040   5.22527e-039   [-0.000015,0.000011,]
[13,14,]   293   0.00117443   4.38457e-040   4.24128e-039   [-0.000013,0.000012,]
[14,14,]   294   0.000728728   1.11281e-040   3.32209e-039   [-0.000011,0.000013,]
[15,14,]   295   0.000380242   -3.10204e-040   2.91579e-039   [-0.000010,0.000012,]
[16,14,]   296   0.000165667   -8.18857e-040   3.04642e-039   [-0.000008,0.000012,]
[17,14,]   297   5.97212e-005   -1.47575e-039   3.53471e-039   [-0.000007,0.000011,]
[18,14,]   298   1.79347e-005   -2.23259e-039   4.22286e-039   [0.000002,0.000011,]
[19,14,]   299   4.58183e-006   -4.24362e-039   5.03425e-039   [0.000010,0.000012,]
[0,15,]   300   3.06292e-006   -4.48599e-039   5.48817e-039   [0.000001,-0.000008,]
[1,15,]   301   8.97673e-006   -2.86921e-039   4.66838e-039   [-0.000018,-0.000010,]
[2,15,]   302   2.88588e-005   -1.91371e-039   3.93983e-039   [-0.000010,-0.000010,]
[3,15,]   303   8.05363e-005   -1.24893e-039   3.30354e-039   [-0.000010,-0.000010,]
[4,15,]   304   0.000188839   -7.41743e-040   2.76545e-039   [-0.000011,-0.000011,]
[5,15,]   305   0.000373915   -3.17551e-040   2.35069e-039   [-0.000013,-0.000010,]
[6,15,]   306   0.00062911   1.39653e-041   2.13602e-039   [-0.000015,-0.000010,]
[7,15,]   307   0.000910668   2.62555e-040   2.27939e-039   [-0.000017,-0.000008,]
[8,15,]   308   0.00115296   4.31976e-040   2.95995e-039   [-0.000018,-0.000006,]
[9,15,]   309   0.00129803   5.36082e-040   4.15295e-039   [-0.000018,-0.000002,]
[10,15,]   310   0.00130906   5.48102e-040   5.40946e-039   [-0.000017,0.000002,]
[11,15,]   311   0.0011802   4.67178e-040   6.03471e-039   [-0.000015,0.000005,]
[12,15,]   312   0.000940081   3.05379e-040   5.68072e-039   [-0.000013,0.000008,]
[13,15,]   313   0.000650307   5.1112e-041   4.69673e-039   [-0.000012,0.000009,]
[14,15,]   314   0.000385016   -2.92091e-040   3.77754e-039   [-0.000011,0.000010,]
[15,15,]   315   0.000193013   -7.27779e-040   3.37124e-039   [-0.000010,0.000010,]
[16,15,]   316   8.13763e-005   -1.24626e-039   3.50187e-039   [-0.000008,0.000010,]
[17,15,]   317   2.85504e-005   -1.91556e-039   3.99016e-039   [-0.000007,0.000010,]
[18,15,]   318   8.38937e-006   -2.68664e-039   4.67831e-039   [0.000002,0.000010,]
[19,15,]   319   2.11838e-006   -4.82137e-039   5.4897e-039   [0.000011,0.000011,]
[0,16,]   320   1.21218e-006   -5.1152e-039   6.03471e-039   [0.000000,-0.000007,]
[1,16,]   321   3.53676e-006   -3.42838e-039   5.21492e-039   [-0.000019,-0.000008,]
[2,16,]   322   1.15716e-005   -2.447e-039   4.48637e-039   [-0.000010,-0.000009,]
[3,16,]   323   3.3039e-005   -1.77481e-039   3.85008e-039   [-0.000010,-0.000009,]
[4,16,]   324   7.96315e-005   -1.26133e-039   3.31199e-039   [-0.000011,-0.000009,]
[5,16,]   325   0.000162911   -8.27372e-040   2.89723e-039   [-0.000012,-0.000008,]
[6,16,]   326   0.000284327   -4.82941e-040   2.68256e-039   [-0.000014,-0.000008,]
[7,16,]   327   0.000427181   -2.22844e-040   2.82593e-039   [-0.000015,-0.000006,]
[8,16,]   328   0.000558365   -4.17126e-041   3.50649e-039   [-0.000015,-0.000004,]
[9,16,]   329   0.00064047   5.66581e-041   4.69949e-039   [-0.000015,-0.000001,]
[10,16,]   330   0.000647056   7.2676e-041   5.956e-039   [-0.000014,0.000001,]
[11,16,]   331   0.000574271   -3.5449e-042   6.58125e-039   [-0.000012,0.000004,]
[12,16,]   332   0.000444513   -1.73601e-040   6.22726e-039   [-0.000011,0.000006,]
[13,16,]   333   0.000297161   -4.35089e-040   5.24327e-039   [-0.000011,0.000007,]
[14,16,]   334   0.000169972   -7.87421e-040   4.32408e-039   [-0.000010,0.000008,]
[15,16,]   335   8.255e-005   -1.23113e-039   3.91778e-039   [-0.000010,0.000009,]
[16,16,]   336   3.38499e-005   -1.7565e-039   4.04841e-039   [-0.000009,0.000009,]
[17,16,]   337   1.15919e-005   -2.43595e-039   4.5367e-039   [-0.000007,0.000009,]
[18,16,]   338   3.33798e-006   -3.22392e-039   5.22485e-039   [0.000002,0.000009,]
[19,16,]   339   8.35855e-007   -5.47236e-039   6.03624e-039   [0.000012,0.000010,]
[0,17,]   340   4.00816e-007   -5.90229e-039   6.67234e-039   [0.000000,-0.000006,]
[1,17,]   341   1.16646e-006   -4.1458e-039   5.85255e-039   [-0.000019,-0.000007,]
[2,17,]   342   3.88081e-006   -3.13845e-039   5.124e-039   [-0.000010,-0.000007,]
[3,17,]   343   1.13141e-005   -2.45567e-039   4.48771e-039   [-0.000010,-0.000007,]
[4,17,]   344   2.79329e-005   -1.93257e-039   3.94962e-039   [-0.000010,-0.000007,]
[5,17,]   345   5.87113e-005   -1.48622e-039   3.53486e-039   [-0.000011,-0.000007,]
[6,17,]   346   0.000105434   -1.1288e-039   3.32019e-039   [-0.000012,-0.000006,]
[7,17,]   347   0.000162792   -8.56202e-040   3.46356e-039   [-0.000013,-0.000005,]
[8,17,]   348   0.000217541   -6.67214e-040   4.14412e-039   [-0.000013,-0.000003,]
[9,17,]   349   0.000252807   -5.62207e-040   5.33712e-039   [-0.000012,-0.000001,]
[10,17,]   350   0.000255806   -5.46535e-040   6.59363e-039   [-0.000011,0.000001,]
[11,17,]   351   0.000224846   -6.24312e-040   7.21888e-039   [-0.000010,0.000003,]
[12,17,]   352   0.000170837   -7.97653e-040   6.86489e-039   [-0.000010,0.000005,]
[13,17,]   353   0.000111521   -1.06552e-039   5.8809e-039   [-0.000010,0.000006,]
[14,17,]   354   6.21792e-005   -1.4249e-039   4.96171e-039   [-0.000010,0.000007,]
[15,17,]   355   2.94533e-005   -1.8763e-039   4.55541e-039   [-0.000009,0.000008,]
[16,17,]   356   1.18013e-005   -2.4089e-039   4.68604e-039   [-0.000008,0.000008,]
[17,17,]   357   3.95685e-006   -3.0989e-039   5.17433e-039   [-0.000007,0.000008,]
[18,17,]   358   1.11871e-006   -3.90748e-039   5.86248e-039   [0.000003,0.000008,]
[19,17,]   359   2.7859e-007   -6.25805e-039   6.67387e-039   [0.000013,0.000010,]
[0,18,]   360   1.11823e-007   -6.83035e-039   7.40106e-039   [-0.000000,0.000005,]
[1,18,]   361   3.24887e-007   -4.99056e-039   6.58127e-039   [-0.000020,0.000004,]
[2,18,]   362   1.09718e-006   -3.94824e-039   5.85272e-039   [-0.000011,0.000003,]
[3,18,]   363   3.2572e-006   -3.24495e-039   5.21643e-039   [-0.000010,0.000002,]
[4,18,]   364   8.20481e-006   -2.70543e-039   4.67834e-039   [-0.000010,0.000002,]
[5,18,]   365   1.76241e-005   -2.24476e-039   4.26358e-039   [-0.000011,0.000002,]
[6,18,]   366   3.23542e-005   -1.87824e-039   4.04891e-039   [-0.000011,0.000002,]
[7,18,]   367   5.09802e-005   -1.60461e-039   4.19228e-039   [-0.000012,0.000002,]
[8,18,]   368   6.92349e-005   -1.42354e-039   4.87284e-039   [-0.000012,0.000003,]
[9,18,]   369   8.12421e-005   -1.33683e-039   6.06584e-039   [-0.000011,0.000004,]
[10,18,]   370   8.2371e-005   -1.34638e-039   7.32235e-039   [-0.000009,0.000006,]
[11,18,]   371   7.19926e-005   -1.45472e-039   7.9476e-039   [-0.000008,0.000008,]
[12,18,]   372   5.4041e-005   -1.66163e-039   7.59361e-039   [-0.000008,0.000009,]
[13,18,]   373   3.47007e-005   -1.96318e-039   6.60962e-039   [-0.000009,0.000011,]
[14,18,]   374   1.89883e-005   -2.35487e-039   5.69043e-039   [-0.000009,0.000013,]
[15,18,]   375   8.82256e-006   -2.83574e-039   5.28413e-039   [-0.000009,0.000014,]
[16,18,]   376   3.46945e-006   -3.39419e-039   5.41476e-039   [-0.000008,0.000015,]
[17,18,]   377   1.14272e-006   -4.11014e-039   5.90305e-039   [-0.000007,0.000016,]
[18,18,]   378   3.17949e-007   -4.95375e-039   6.5912e-039   [0.000004,0.000017,]
[19,18,]   379   7.89212e-008   -7.41364e-039   7.40259e-039   [0.000014,0.000018,]
[0,19,]   380   2.82312e-008   -9.25696e-039   8.22087e-039   [-0.000000,0.000016,]
[1,19,]   381   8.07145e-008   -7.44754e-039   7.40108e-039   [-0.000021,0.000014,]
[2,19,]   382   2.732e-007   -6.30035e-039   6.67253e-039   [-0.000012,0.000013,]
[3,19,]   383   8.15517e-007   -5.49455e-039   6.03624e-039   [-0.000011,0.000012,]
[4,19,]   384   2.07132e-006   -4.84225e-039   5.49815e-039   [-0.000011,0.000011,]
[5,19,]   385   4.50107e-006   -4.25829e-039   5.08339e-039   [-0.000012,0.000010,]
[6,19,]   386   8.38905e-006   -3.76486e-039   4.86872e-039   [-0.000012,0.000009,]
[7,19,]   387   1.34645e-005   -3.37133e-039   5.01209e-039   [-0.000012,0.000009,]
[8,19,]   388   1.86698e-005   -3.09034e-039   5.69265e-039   [-0.000011,0.000009,]
[9,19,]   389   2.23858e-005   -2.93573e-039   6.88565e-039   [-0.000010,0.000009,]
[10,19,]   390   2.31664e-005   -2.91684e-039   8.14216e-039   [-0.000008,0.000010,]
[11,19,]   391   2.06084e-005   -3.03718e-039   8.76741e-039   [-0.000006,0.000012,]
[12,19,]   392   1.56835e-005   -3.29178e-039   8.41342e-039   [-0.000006,0.000014,]
[13,19,]   393   1.01661e-005   -3.66729e-039   7.42943e-039   [-0.000006,0.000016,]
[14,19,]   394   5.59328e-006   -4.1487e-039   6.51024e-039   [-0.000007,0.000018,]
[15,19,]   395   2.60437e-006   -4.72602e-039   6.10394e-039   [-0.000007,0.000020,]
[16,19,]   396   1.02378e-006   -5.38122e-039   6.23457e-039   [-0.000007,0.000022,]
[17,19,]   397   3.36469e-007   -6.19248e-039   6.72286e-039   [-0.000006,0.000023,]
[18,19,]   398   9.33389e-008   -7.1441e-039   7.41101e-039   [0.000005,0.000024,]
[19,19,]   399   2.34378e-008   -9.61543e-039   8.2224e-039   [0.000016,0.000026,]
