coordinates  index   rho      Q      V    velocities 
[0,0,]   0   3.83171e-008   -8.88871e-039   8.22087e-039   [0.000013,0.000005,]
[1,0,]   1   1.189e-007   -7.0274e-039   7.40106e-039   [-0.000008,0.000005,]
[2,0,]   2   4.03038e-007   -6.06918e-039   6.67235e-039   [0.000003,0.000006,]
[3,0,]   3   1.20691e-006   -5.25279e-039   6.03483e-039   [0.000005,0.000006,]
[4,0,]   4   3.04517e-006   -4.62044e-039   5.48919e-039   [0.000007,0.000006,]
[5,0,]   5   6.50203e-006   -4.06142e-039   5.03972e-039   [0.000008,0.000007,]
[6,0,]   6   1.17486e-005   -3.60383e-039   4.70572e-039   [0.000009,0.000007,]
[7,0,]   7   1.80318e-005   -3.25307e-039   4.55036e-039   [0.000010,0.000008,]
[8,0,]   8   2.36366e-005   -3.01682e-039   4.71558e-039   [0.000012,0.000010,]
[9,0,]   9   2.66228e-005   -2.90282e-039   5.38916e-039   [0.000013,0.000011,]
[10,0,]   10   2.59015e-005   -2.91428e-039   6.61029e-039   [0.000015,0.000012,]
[11,0,]   11   2.18355e-005   -3.0504e-039   8.01829e-039   [0.000017,0.000013,]
[12,0,]   12   1.59551e-005   -3.30739e-039   8.9271e-039   [0.000017,0.000014,]
[13,0,]   13   1.00811e-005   -3.67457e-039   8.87185e-039   [0.000017,0.000015,]
[14,0,]   14   5.48669e-006   -4.139e-039   8.0691e-039   [0.000015,0.000016,]
[15,0,]   15   2.5605e-006   -4.68941e-039   7.19633e-039   [0.000013,0.000017,]
[16,0,]   16   1.0197e-006   -5.30958e-039   6.7831e-039   [0.000011,0.000017,]
[17,0,]   17   3.42711e-007   -6.07217e-039   6.9277e-039   [0.000010,0.000017,]
[18,0,]   18   9.80093e-008   -7.23697e-039   7.46892e-039   [0.000019,0.000017,]
[19,0,]   19   3.01391e-008   -9.33512e-039   8.23492e-039   [0.000027,0.000018,]
[0,1,]   20   1.06866e-007   -7.11765e-039   7.40106e-039   [0.000013,-0.000019,]
[1,1,]   21   3.38698e-007   -5.17206e-039   6.58125e-039   [-0.000007,-0.000018,]
[2,1,]   22   1.15382e-006   -4.28889e-039   5.85254e-039   [0.000005,-0.000017,]
[3,1,]   23   3.47288e-006   -3.54014e-039   5.21502e-039   [0.000007,-0.000016,]
[4,1,]   24   8.82745e-006   -2.97414e-039   4.66938e-039   [0.000009,-0.000015,]
[5,1,]   25   1.90428e-005   -2.47977e-039   4.21991e-039   [0.000010,-0.000014,]
[6,1,]   26   3.48754e-005   -2.08051e-039   3.88591e-039   [0.000011,-0.000012,]
[7,1,]   27   5.44279e-005   -1.77538e-039   3.73055e-039   [0.000013,-0.000010,]
[8,1,]   28   7.27405e-005   -1.56471e-039   3.89577e-039   [0.000014,-0.000008,]
[9,1,]   29   8.36516e-005   -1.44999e-039   4.56935e-039   [0.000015,-0.000006,]
[10,1,]   30   8.30642e-005   -1.43226e-039   5.79048e-039   [0.000016,-0.000005,]
[11,1,]   31   7.13067e-005   -1.5125e-039   7.19848e-039   [0.000017,-0.000003,]
[12,1,]   32   5.2852e-005   -1.69304e-039   8.10729e-039   [0.000017,-0.000002,]
[13,1,]   33   3.37192e-005   -1.97209e-039   8.05204e-039   [0.000016,-0.000002,]
[14,1,]   34   1.8447e-005   -2.34594e-039   7.24929e-039   [0.000014,-0.000002,]
[15,1,]   35   8.62032e-006   -2.81034e-039   6.37652e-039   [0.000012,-0.000002,]
[16,1,]   36   3.42769e-006   -3.35315e-039   5.96329e-039   [0.000010,-0.000003,]
[17,1,]   37   1.1479e-006   -4.04734e-039   6.10789e-039   [0.000009,-0.000003,]
[18,1,]   38   3.266e-007   -5.13597e-039   6.64911e-039   [0.000018,-0.000004,]
[19,1,]   39   9.86965e-008   -7.28976e-039   7.41511e-039   [0.000026,-0.000005,]
[0,2,]   40   3.62599e-007   -5.9126e-039   6.67234e-039   [0.000013,-0.000010,]
[1,2,]   41   1.156e-006   -4.03461e-039   5.85253e-039   [-0.000006,-0.000009,]
[2,2,]   42   3.88493e-006   -3.1925e-039   5.12382e-039   [0.000005,-0.000009,]
[3,2,]   43   1.15007e-005   -2.47421e-039   4.4863e-039   [0.000007,-0.000009,]
[4,2,]   44   2.87266e-005   -1.9378e-039   3.94066e-039   [0.000009,-0.000008,]
[5,2,]   45   6.08648e-005   -1.47694e-039   3.49119e-039   [0.000011,-0.000008,]
[6,2,]   46   0.000109541   -1.11393e-039   3.15719e-039   [0.000013,-0.000007,]
[7,2,]   47   0.000168357   -8.45801e-040   3.00183e-039   [0.000014,-0.000005,]
[8,2,]   48   0.000222494   -6.71563e-040   3.16705e-039   [0.000015,-0.000004,]
[9,2,]   49   0.000254554   -5.89026e-040   3.84063e-039   [0.000017,-0.000002,]
[10,2,]   50   0.000253276   -5.97134e-040   5.06176e-039   [0.000018,0.000001,]
[11,2,]   51   0.000219428   -6.95793e-040   6.46976e-039   [0.000019,0.000003,]
[12,2,]   52   0.000165142   -8.82544e-040   7.37857e-039   [0.000019,0.000004,]
[13,2,]   53   0.000107401   -1.15811e-039   7.32332e-039   [0.000017,0.000006,]
[14,2,]   54   5.99929e-005   -1.51944e-039   6.52057e-039   [0.000015,0.000006,]
[15,2,]   55   2.86166e-005   -1.96558e-039   5.6478e-039   [0.000012,0.000007,]
[16,2,]   56   1.15972e-005   -2.48751e-039   5.23457e-039   [0.000010,0.000007,]
[17,2,]   57   3.95112e-006   -3.15696e-039   5.37917e-039   [0.000009,0.000007,]
[18,2,]   58   1.14108e-006   -4.20398e-039   5.92039e-039   [0.000017,0.000007,]
[19,2,]   59   3.44966e-007   -6.2582e-039   6.68639e-039   [0.000025,0.000005,]
[0,3,]   60   1.07723e-006   -5.10969e-039   6.03471e-039   [0.000013,-0.000010,]
[1,3,]   61   3.44566e-006   -3.29652e-039   5.2149e-039   [-0.000006,-0.000009,]
[2,3,]   62   1.13866e-005   -2.47902e-039   4.48619e-039   [0.000005,-0.000009,]
[3,3,]   63   3.30106e-005   -1.77359e-039   3.84867e-039   [0.000007,-0.000009,]
[4,3,]   64   8.05781e-005   -1.24599e-039   3.30303e-039   [0.000010,-0.000009,]
[5,3,]   65   0.000166525   -7.94946e-040   2.85356e-039   [0.000012,-0.000008,]
[6,3,]   66   0.000292152   -4.41012e-040   2.51956e-039   [0.000014,-0.000007,]
[7,3,]   67   0.000438446   -1.81512e-040   2.3642e-039   [0.000016,-0.000006,]
[8,3,]   68   0.000568692   -1.19924e-041   2.52942e-039   [0.000018,-0.000004,]
[9,3,]   69   0.000644231   6.7849e-041   3.203e-039   [0.000019,-0.000001,]
[10,3,]   70   0.000641799   5.81e-041   4.42413e-039   [0.000021,0.000001,]
[11,3,]   71   0.000563174   -3.30168e-041   5.83213e-039   [0.000021,0.000004,]
[12,3,]   72   0.000433249   -2.11195e-040   6.74094e-039   [0.000020,0.000006,]
[13,3,]   73   0.000289581   -4.72026e-040   6.68569e-039   [0.000018,0.000007,]
[14,3,]   74   0.000166469   -8.18143e-040   5.88294e-039   [0.000015,0.000008,]
[15,3,]   75   8.16034e-005   -1.24937e-039   5.01017e-039   [0.000012,0.000009,]
[16,3,]   76   3.38854e-005   -1.75913e-039   4.59694e-039   [0.000010,0.000009,]
[17,3,]   77   1.17924e-005   -2.416e-039   4.74154e-039   [0.000009,0.000009,]
[18,3,]   78   3.46712e-006   -3.43243e-039   5.28276e-039   [0.000016,0.000008,]
[19,3,]   79   1.04871e-006   -5.39359e-039   6.04876e-039   [0.000023,0.000007,]
[0,4,]   80   2.69848e-006   -4.5012e-039   5.48817e-039   [0.000012,-0.000011,]
[1,4,]   81   8.64391e-006   -2.75871e-039   4.66836e-039   [-0.000005,-0.000010,]
[2,4,]   82   2.80412e-005   -1.96029e-039   3.93965e-039   [0.000005,-0.000010,]
[3,4,]   83   7.93743e-005   -1.2654e-039   3.30213e-039   [0.000007,-0.000010,]
[4,4,]   84   0.000188483   -7.44188e-040   2.75649e-039   [0.000010,-0.000010,]
[5,4,]   85   0.000377441   -3.00813e-040   2.30702e-039   [0.000012,-0.000010,]
[6,4,]   86   0.000639841   4.38714e-041   1.97302e-039   [0.000015,-0.000009,]
[7,4,]   87   0.000928065   2.97188e-040   1.81766e-039   [0.000018,-0.000008,]
[8,4,]   88   0.00116956   4.57564e-040   1.98288e-039   [0.000020,-0.000005,]
[9,4,]   89   0.00130385   5.44221e-040   2.65646e-039   [0.000022,-0.000002,]
[10,4,]   90   0.00130077   5.40486e-040   3.87759e-039   [0.000024,0.000002,]
[11,4,]   91   0.00116226   4.40065e-040   5.28559e-039   [0.000024,0.000005,]
[12,4,]   92   0.000922923   2.74101e-040   6.1944e-039   [0.000022,0.000008,]
[13,4,]   93   0.000640288   2.45036e-041   6.13915e-039   [0.000019,0.000010,]
[14,4,]   94   0.000381913   -3.07863e-040   5.3364e-039   [0.000016,0.000010,]
[15,4,]   95   0.00019349   -7.28961e-040   4.46363e-039   [0.000012,0.000011,]
[16,4,]   96   8.26144e-005   -1.23178e-039   4.0504e-039   [0.000010,0.000010,]
[17,4,]   97   2.94239e-005   -1.88126e-039   4.195e-039   [0.000008,0.000010,]
[18,4,]   98   8.81447e-006   -2.86893e-039   4.73622e-039   [0.000015,0.000010,]
[19,4,]   99   2.66242e-006   -4.73722e-039   5.50222e-039   [0.000021,0.000008,]
[0,5,]   100   5.76451e-006   -3.9675e-039   5.03272e-039   [0.000012,-0.000011,]
[1,5,]   101   1.84443e-005   -2.30308e-039   4.21291e-039   [-0.000005,-0.000011,]
[2,5,]   102   5.86539e-005   -1.52112e-039   3.4842e-039   [0.000004,-0.000011,]
[3,5,]   103   0.00016165   -8.3911e-040   2.84668e-039   [0.000007,-0.000012,]
[4,5,]   104   0.000371563   -3.27056e-040   2.30104e-039   [0.000010,-0.000012,]
[5,5,]   105   0.00071505   1.01825e-040   1.85157e-039   [0.000013,-0.000013,]
[6,5,]   106   0.00115696   4.3133e-040   1.51757e-039   [0.000016,-0.000012,]
[7,5,]   107   0.00159523   6.6229e-040   1.36221e-039   [0.000020,-0.000011,]
[8,5,]   108   0.00191943   8.16114e-040   1.52743e-039   [0.000024,-0.000007,]
[9,5,]   109   0.00207657   8.87323e-040   2.20101e-039   [0.000027,-0.000003,]
[10,5,]   110   0.00207357   8.85344e-040   3.42214e-039   [0.000028,0.000003,]
[11,5,]   111   0.00191257   8.03475e-040   4.83014e-039   [0.000028,0.000008,]
[12,5,]   112   0.0015955   6.47782e-040   5.73895e-039   [0.000025,0.000011,]
[13,5,]   113   0.00116792   4.27796e-040   5.6837e-039   [0.000020,0.000013,]
[14,5,]   114   0.000731151   1.1378e-040   4.88095e-039   [0.000016,0.000013,]
[15,5,]   115   0.00038558   -2.92591e-040   4.00818e-039   [0.000012,0.000013,]
[16,5,]   116   0.00016993   -7.87768e-040   3.59495e-039   [0.000009,0.000012,]
[17,5,]   117   6.20512e-005   -1.42952e-039   3.73955e-039   [0.000008,0.000011,]
[18,5,]   118   1.89491e-005   -2.38478e-039   4.28077e-039   [0.000013,0.000011,]
[19,5,]   119   5.70003e-006   -4.16124e-039   5.04677e-039   [0.000019,0.000008,]
[0,6,]   120   1.05604e-005   -3.52189e-039   4.66836e-039   [0.000011,-0.000012,]
[1,6,]   121   3.36361e-005   -1.93922e-039   3.84855e-039   [-0.000005,-0.000012,]
[2,6,]   122   0.000104832   -1.16819e-039   3.11984e-039   [0.000003,-0.000013,]
[3,6,]   123   0.000280921   -4.99047e-040   2.48232e-039   [0.000006,-0.000014,]
[4,6,]   124   0.000622665   5.74736e-043   1.93668e-039   [0.000009,-0.000015,]
[5,6,]   125   0.00114229   4.12037e-040   1.48721e-039   [0.000012,-0.000016,]
[6,6,]   126   0.00173695   7.06839e-040   1.15321e-039   [0.000017,-0.000016,]
[7,6,]   127   0.00222199   9.12679e-040   9.97853e-040   [0.000022,-0.000015,]
[8,6,]   128   0.00246797   1.00546e-039   1.16307e-039   [0.000028,-0.000012,]
[9,6,]   129   0.00251966   1.05822e-039   1.83665e-039   [0.000034,-0.000004,]
[10,6,]   130   0.00251727   1.08446e-039   3.05778e-039   [0.000036,0.000005,]
[11,6,]   131   0.0024604   9.97626e-040   4.46578e-039   [0.000033,0.000012,]
[12,6,]   132   0.00223242   9.10676e-040   5.37459e-039   [0.000027,0.000016,]
[13,6,]   133   0.00176538   7.18444e-040   5.31934e-039   [0.000021,0.000017,]
[14,6,]   134   0.0011766   4.39251e-040   4.51659e-039   [0.000016,0.000016,]
[15,6,]   135   0.000650273   4.80743e-041   3.64382e-039   [0.000011,0.000015,]
[16,6,]   136   0.00029662   -4.38182e-040   3.23059e-039   [0.000008,0.000014,]
[17,6,]   137   0.000111107   -1.07315e-039   3.37519e-039   [0.000007,0.000013,]
[18,6,]   138   3.4567e-005   -1.99315e-039   3.91641e-039   [0.000012,0.000012,]
[19,6,]   139   1.0319e-005   -3.68494e-039   4.68241e-039   [0.000017,0.000009,]
[0,7,]   140   1.66825e-005   -3.17061e-039   4.39509e-039   [0.000010,-0.000013,]
[1,7,]   141   5.26812e-005   -1.66705e-039   3.57528e-039   [-0.000006,-0.000013,]
[2,7,]   142   0.000161179   -8.98365e-040   2.84657e-039   [0.000002,-0.000014,]
[3,7,]   143   0.000420539   -2.41727e-040   2.20905e-039   [0.000005,-0.000016,]
[4,7,]   144   0.000898576   2.48295e-040   1.66341e-039   [0.000008,-0.000017,]
[5,7,]   145   0.00156333   6.30966e-040   1.21394e-039   [0.000011,-0.000020,]
[6,7,]   146   0.00220249   8.99955e-040   8.79936e-040   [0.000016,-0.000022,]
[7,7,]   147   0.00252083   1.00058e-039   7.24583e-040   [0.000023,-0.000023,]
[8,7,]   148   0.00243892   1.02149e-039   8.89796e-040   [0.000035,-0.000020,]
[9,7,]   149   0.00217731   6.95133e-040   1.56338e-039   [0.000046,-0.000008,]
[10,7,]   150   0.00215669   7.60032e-040   2.78451e-039   [0.000047,0.000010,]
[11,7,]   151   0.00241559   9.49735e-040   4.19251e-039   [0.000039,0.000021,]
[12,7,]   152   0.00253834   1.0085e-039   5.10132e-039   [0.000028,0.000023,]
[13,7,]   153   0.00224629   9.22726e-040   5.04607e-039   [0.000020,0.000022,]
[14,7,]   154   0.00161453   6.69234e-040   4.24332e-039   [0.000014,0.000020,]
[15,7,]   155   0.000938841   2.99871e-040   3.37055e-039   [0.000010,0.000017,]
[16,7,]   156   0.000443106   -1.80485e-040   2.95732e-039   [0.000007,0.000016,]
[17,7,]   157   0.000169964   -8.09081e-040   3.10192e-039   [0.000005,0.000014,]
[18,7,]   158   5.37474e-005   -1.69272e-039   3.64314e-039   [0.000010,0.000012,]
[19,7,]   159   1.58578e-005   -3.31559e-039   4.40914e-039   [0.000015,0.000010,]
[0,8,]   160   2.28212e-005   -2.92393e-039   4.21291e-039   [0.000009,-0.000013,]
[1,8,]   161   7.11556e-005   -1.48852e-039   3.3931e-039   [-0.000007,-0.000013,]
[2,8,]   162   0.000214539   -7.13088e-040   2.66439e-039   [0.000000,-0.000015,]
[3,8,]   163   0.00054792   -6.30754e-041   2.02687e-039   [0.000003,-0.000017,]
[4,8,]   164   0.00113478   4.15745e-040   1.48123e-039   [0.000005,-0.000020,]
[5,8,]   165   0.0018804   7.89575e-040   1.03176e-039   [0.000008,-0.000023,]
[6,8,]   166   0.00243836   9.91601e-040   6.97756e-040   [0.000012,-0.000028,]
[7,8,]   167   0.00241539   9.55709e-040   5.42403e-040   [0.000021,-0.000034,]
[8,8,]   168   0.00182575   3.90729e-040   7.07616e-040   [0.000040,-0.000037,]
[9,8,]   169   0.00124683   -3.71108e-040   1.3812e-039   [0.000071,-0.000018,]
[10,8,]   170   0.00115569   -1.41451e-039   2.60233e-039   [0.000072,0.000029,]
[11,8,]   171   0.00180815   3.56861e-040   4.01033e-039   [0.000042,0.000040,]
[12,8,]   172   0.00244146   1.02475e-039   4.91914e-039   [0.000025,0.000034,]
[13,8,]   173   0.00248359   1.01573e-039   4.86389e-039   [0.000016,0.000028,]
[14,8,]   174   0.00193444   8.22392e-040   4.06114e-039   [0.000011,0.000023,]
[15,8,]   175   0.0011782   4.59506e-040   3.18837e-039   [0.000007,0.000020,]
[16,8,]   176   0.000572289   -1.22392e-041   2.77514e-039   [0.000005,0.000017,]
[17,8,]   177   0.000223624   -6.3805e-040   2.91974e-039   [0.000004,0.000015,]
[18,8,]   178   7.15655e-005   -1.48553e-039   3.46096e-039   [0.000008,0.000013,]
[19,8,]   179   2.07804e-005   -3.06538e-039   4.22696e-039   [0.000013,0.000011,]
[0,9,]   180   2.70899e-005   -2.79264e-039   4.12182e-039   [0.000008,-0.000012,]
[1,9,]   181   8.31045e-005   -1.40635e-039   3.30201e-039   [-0.000008,-0.000014,]
[2,9,]   182   0.000248413   -6.12482e-040   2.5733e-039   [-0.000001,-0.000015,]
[3,9,]   183   0.000626604   3.10634e-041   1.93578e-039   [0.000000,-0.000018,]
[4,9,]   184   0.00127475   5.20254e-040   1.39014e-039   [0.000001,-0.000021,]
[5,9,]   185   0.00204663   8.75692e-040   9.40671e-040   [0.000003,-0.000025,]
[6,9,]   186   0.0025056   1.0855e-039   6.06666e-040   [0.000005,-0.000032,]
[7,9,]   187   0.0021692   7.87991e-040   4.51313e-040   [0.000011,-0.000044,]
[8,9,]   188   0.00117907   -1.33295e-039   6.16526e-040   [0.000029,-0.000069,]
[9,9,]   189   0.000400115   -8.95662e-039   1.29011e-039   [0.000121,-0.000108,]
[10,9,]   190   0.000383646   -9.46102e-039   2.51124e-039   [0.000114,0.000123,]
[11,9,]   191   0.00122836   -4.21008e-040   3.91924e-039   [0.000022,0.000071,]
[12,9,]   192   0.00217241   7.00399e-040   4.82805e-039   [0.000013,0.000045,]
[13,9,]   193   0.00252614   1.06339e-039   4.7728e-039   [0.000009,0.000032,]
[14,9,]   194   0.00208494   8.92326e-040   3.97005e-039   [0.000006,0.000025,]
[15,9,]   195   0.00130829   5.44176e-040   3.09728e-039   [0.000004,0.000021,]
[16,9,]   196   0.000645624   6.53401e-041   2.68405e-039   [0.000002,0.000018,]
[17,9,]   197   0.000254732   -5.59227e-040   2.82865e-039   [0.000002,0.000015,]
[18,9,]   198   8.19675e-005   -1.37442e-039   3.36987e-039   [0.000006,0.000013,]
[19,9,]   199   2.33382e-005   -2.94623e-039   4.13587e-039   [0.000011,0.000012,]
[0,10,]   200   2.78805e-005   -2.78227e-039   4.12182e-039   [0.000006,-0.000012,]
[1,10,]   201   8.39755e-005   -1.4205e-039   3.30201e-039   [-0.000010,-0.000014,]
[2,10,]   202   0.000250612   -6.0125e-040   2.5733e-039   [-0.000004,-0.000015,]
[3,10,]   203   0.000631434   4.45665e-041   1.93578e-039   [-0.000003,-0.000018,]
[4,10,]   204   0.00128259   5.28312e-040   1.39014e-039   [-0.000002,-0.000021,]
[5,10,]   205   0.00205619   8.81535e-040   9.40671e-040   [-0.000003,-0.000025,]
[6,10,]   206   0.00251278   1.06343e-039   6.06666e-040   [-0.000004,-0.000032,]
[7,10,]   207   0.00218515   6.92258e-040   4.51313e-040   [-0.000007,-0.000044,]
[8,10,]   208   0.00126328   -3.12104e-040   6.16526e-040   [-0.000015,-0.000069,]
[9,10,]   209   0.00040518   -8.75743e-039   1.29011e-039   [-0.000108,-0.000119,]
[10,10,]   210   0.000386593   -9.35626e-039   2.51124e-039   [-0.000119,0.000112,]
[11,10,]   211   0.00114861   -1.44655e-039   3.91924e-039   [-0.000027,0.000070,]
[12,10,]   212   0.00215001   7.46253e-040   4.82805e-039   [-0.000006,0.000044,]
[13,10,]   213   0.00251811   1.08932e-039   4.7728e-039   [-0.000001,0.000033,]
[14,10,]   214   0.00207532   8.86929e-040   3.97005e-039   [0.000001,0.000026,]
[15,10,]   215   0.00130043   5.36689e-040   3.09728e-039   [-0.000000,0.000021,]
[16,10,]   216   0.000640659   5.1912e-041   2.68405e-039   [-0.000001,0.000018,]
[17,10,]   217   0.000252391   -5.71713e-040   2.82865e-039   [-0.000000,0.000015,]
[18,10,]   218   8.1038e-005   -1.36066e-039   3.36987e-039   [0.000005,0.000014,]
[19,10,]   219   2.25734e-005   -2.96349e-039   4.13587e-039   [0.000010,0.000013,]
[0,11,]   220   2.47925e-005   -2.89489e-039   4.21291e-039   [0.000005,-0.000011,]
[1,11,]   221   7.3288e-005   -1.53149e-039   3.3931e-039   [-0.000011,-0.000013,]
[2,11,]   222   0.0002199   -6.80834e-040   2.66439e-039   [-0.000006,-0.000015,]
[3,11,]   223   0.000559508   -3.22526e-041   2.02687e-039   [-0.000005,-0.000017,]
[4,11,]   224   0.00115436   4.44013e-040   1.48123e-039   [-0.000006,-0.000020,]
[5,11,]   225   0.00190542   8.12673e-040   1.03176e-039   [-0.000007,-0.000023,]
[6,11,]   226   0.00246317   1.00685e-039   6.97756e-040   [-0.000012,-0.000028,]
[7,11,]   227   0.00244389   1.03074e-039   5.42403e-040   [-0.000019,-0.000034,]
[8,11,]   228   0.00182975   3.9652e-040   7.07616e-040   [-0.000036,-0.000039,]
[9,11,]   229   0.00116893   -1.38986e-039   1.3812e-039   [-0.000067,-0.000030,]
[10,11,]   230   0.00123765   -3.93543e-040   2.60233e-039   [-0.000068,0.000016,]
[11,11,]   231   0.00180782   3.56033e-040   4.01033e-039   [-0.000036,0.000037,]
[12,11,]   232   0.00241303   9.51667e-040   4.91914e-039   [-0.000017,0.000034,]
[13,11,]   233   0.00245843   9.98218e-040   4.86389e-039   [-0.000008,0.000028,]
[14,11,]   234   0.00190965   8.00571e-040   4.06114e-039   [-0.000005,0.000023,]
[15,11,]   235   0.00115857   4.3207e-040   3.18837e-039   [-0.000004,0.000020,]
[16,11,]   236   0.000560378   -4.29291e-041   2.77514e-039   [-0.000003,0.000017,]
[17,11,]   237   0.000217906   -6.73931e-040   2.91974e-039   [-0.000002,0.000015,]
[18,11,]   238   6.92835e-005   -1.44381e-039   3.46096e-039   [0.000004,0.000013,]
[19,11,]   239   1.88737e-005   -3.11543e-039   4.22696e-039   [0.000010,0.000013,]
[0,12,]   240   1.89506e-005   -3.12743e-039   4.39509e-039   [0.000004,-0.000010,]
[1,12,]   241   5.50465e-005   -1.73826e-039   3.57528e-039   [-0.000013,-0.000012,]
[2,12,]   242   0.000167047   -8.52161e-040   2.84657e-039   [-0.000007,-0.000014,]
[3,12,]   243   0.000432951   -1.99579e-040   2.20905e-039   [-0.000007,-0.000016,]
[4,12,]   244   0.000918909   2.85227e-040   1.66341e-039   [-0.000008,-0.000017,]
[5,12,]   245   0.00158731   6.5917e-040   1.21394e-039   [-0.000011,-0.000020,]
[6,12,]   246   0.00222028   9.145e-040   8.79936e-040   [-0.000015,-0.000022,]
[7,12,]   247   0.00252436   1.00294e-039   7.24583e-040   [-0.000023,-0.000023,]
[8,12,]   248   0.00241627   9.54523e-040   8.89796e-040   [-0.000033,-0.000021,]
[9,12,]   249   0.0021584   7.55545e-040   1.56338e-039   [-0.000043,-0.000011,]
[10,12,]   250   0.00217338   6.82494e-040   2.78451e-039   [-0.000042,0.000007,]
[11,12,]   251   0.00244033   1.02283e-039   4.19251e-039   [-0.000030,0.000020,]
[12,12,]   252   0.00253633   1.00773e-039   5.10132e-039   [-0.000019,0.000023,]
[13,12,]   253   0.0022296   9.09473e-040   5.04607e-039   [-0.000012,0.000022,]
[14,12,]   254   0.00159126   6.4249e-040   4.24332e-039   [-0.000008,0.000020,]
[15,12,]   255   0.000918597   2.64246e-040   3.37055e-039   [-0.000006,0.000017,]
[16,12,]   256   0.000430356   -2.22397e-040   2.95732e-039   [-0.000005,0.000016,]
[17,12,]   257   0.000163679   -8.61073e-040   3.10192e-039   [-0.000004,0.000014,]
[18,12,]   258   5.12008e-005   -1.62388e-039   3.64314e-039   [0.000003,0.000013,]
[19,12,]   259   1.36632e-005   -3.39464e-039   4.40914e-039   [0.000010,0.000013,]
[0,13,]   260   1.23801e-005   -3.4715e-039   4.66836e-039   [0.000003,-0.000009,]
[1,13,]   261   3.54206e-005   -2.03818e-039   3.84855e-039   [-0.000015,-0.000012,]
[2,13,]   262   0.000109148   -1.11623e-039   3.11984e-039   [-0.000009,-0.000013,]
[3,13,]   263   0.000289617   -4.56091e-040   2.48232e-039   [-0.000008,-0.000014,]
[4,13,]   264   0.000635701   3.39221e-041   1.93668e-039   [-0.000010,-0.000015,]
[5,13,]   265   0.00115446   4.29375e-040   1.48721e-039   [-0.000012,-0.000016,]
[6,13,]   266   0.00173931   7.08131e-040   1.15321e-039   [-0.000016,-0.000017,]
[7,13,]   267   0.00220949   9.00896e-040   9.97853e-040   [-0.000022,-0.000016,]
[8,13,]   268   0.0024461   9.88366e-040   1.16307e-039   [-0.000028,-0.000012,]
[9,13,]   269   0.00251189   1.08023e-039   1.83665e-039   [-0.000031,-0.000005,]
[10,13,]   270   0.00252273   1.06007e-039   3.05778e-039   [-0.000029,0.000004,]
[11,13,]   271   0.00248207   1.01314e-039   4.46578e-039   [-0.000024,0.000012,]
[12,13,]   272   0.00224604   9.23492e-040   5.37459e-039   [-0.000017,0.000015,]
[13,13,]   273   0.0017643   7.18347e-040   5.31934e-039   [-0.000012,0.000016,]
[14,13,]   274   0.00116532   4.23828e-040   4.51659e-039   [-0.000009,0.000016,]
[15,13,]   275   0.000637456   1.64603e-041   3.64382e-039   [-0.000008,0.000015,]
[16,13,]   276   0.000287696   -4.8066e-040   3.23059e-039   [-0.000007,0.000014,]
[17,13,]   277   0.000106452   -1.13267e-039   3.37519e-039   [-0.000005,0.000013,]
[18,13,]   278   3.26252e-005   -1.8979e-039   3.91641e-039   [0.000003,0.000012,]
[19,13,]   279   8.55569e-006   -3.78634e-039   4.68241e-039   [0.000010,0.000012,]
[0,14,]   280   6.8757e-006   -3.91845e-039   5.03272e-039   [0.000002,-0.000008,]
[1,14,]   281   1.94325e-005   -2.42943e-039   4.21291e-039   [-0.000017,-0.000011,]
[2,14,]   282   6.09299e-005   -1.47248e-039   3.4842e-039   [-0.000010,-0.000011,]
[3,14,]   283   0.000165798   -8.04633e-040   2.84668e-039   [-0.000009,-0.000012,]
[4,14,]   284   0.000376489   -3.0639e-040   2.30104e-039   [-0.000010,-0.000013,]
[5,14,]   285   0.000716093   1.0345e-040   1.85157e-039   [-0.000013,-0.000013,]
[6,14,]   286   0.0011478   4.16638e-040   1.51757e-039   [-0.000016,-0.000013,]
[7,14,]   287   0.00157425   6.35512e-040   1.36221e-039   [-0.000019,-0.000011,]
[8,14,]   288   0.00189607   7.93444e-040   1.52743e-039   [-0.000023,-0.000008,]
[9,14,]   289   0.00206675   8.80889e-040   2.20101e-039   [-0.000024,-0.000003,]
[10,14,]   290   0.00208166   8.90208e-040   3.42214e-039   [-0.000023,0.000003,]
[11,14,]   291   0.0019354   8.25204e-040   4.83014e-039   [-0.000019,0.000007,]
[12,14,]   292   0.00161708   6.74393e-040   5.73895e-039   [-0.000015,0.000011,]
[13,14,]   293   0.00117808   4.43432e-040   5.6837e-039   [-0.000012,0.000012,]
[14,14,]   294   0.000730866   1.13944e-040   4.88095e-039   [-0.000010,0.000013,]
[15,14,]   295   0.000380904   -3.11453e-040   4.00818e-039   [-0.000009,0.000012,]
[16,14,]   296   0.000165679   -8.2168e-040   3.59495e-039   [-0.000007,0.000012,]
[17,14,]   297   5.95631e-005   -1.48723e-039   3.73955e-039   [-0.000006,0.000011,]
[18,14,]   298   1.78542e-005   -2.2638e-039   4.28077e-039   [0.000003,0.000011,]
[19,14,]   299   4.61936e-006   -4.27586e-039   5.04677e-039   [0.000011,0.000012,]
[0,15,]   300   3.2317e-006   -4.46318e-039   5.48817e-039   [0.000002,-0.000008,]
[1,15,]   301   9.04844e-006   -2.91286e-039   4.66836e-039   [-0.000018,-0.000010,]
[2,15,]   302   2.88829e-005   -1.92362e-039   3.93965e-039   [-0.000010,-0.000010,]
[3,15,]   303   8.05545e-005   -1.24732e-039   3.30213e-039   [-0.000010,-0.000010,]
[4,15,]   304   0.000188733   -7.42221e-040   2.75649e-039   [-0.000011,-0.000011,]
[5,15,]   305   0.000373505   -3.18123e-040   2.30702e-039   [-0.000013,-0.000010,]
[6,15,]   306   0.000628122   1.27826e-041   1.97302e-039   [-0.000015,-0.000010,]
[7,15,]   307   0.000908899   2.61323e-040   1.81766e-039   [-0.000017,-0.000008,]
[8,15,]   308   0.00115049   4.29363e-040   1.98288e-039   [-0.000019,-0.000006,]
[9,15,]   309   0.00129579   5.36033e-040   2.65646e-039   [-0.000020,-0.000002,]
[10,15,]   310   0.00130792   5.47871e-040   3.87759e-039   [-0.000018,0.000002,]
[11,15,]   311   0.00118104   4.67456e-040   5.28559e-039   [-0.000016,0.000005,]
[12,15,]   312   0.000942499   3.10004e-040   6.1944e-039   [-0.000013,0.000008,]
[13,15,]   313   0.000652697   5.6677e-041   6.13915e-039   [-0.000011,0.000009,]
[14,15,]   314   0.00038639   -2.88323e-040   5.3364e-039   [-0.000009,0.000010,]
[15,15,]   315   0.000193458   -7.28455e-040   4.46363e-039   [-0.000009,0.000010,]
[16,15,]   316   8.14183e-005   -1.24843e-039   4.0504e-039   [-0.000008,0.000010,]
[17,15,]   317   2.8481e-005   -1.92726e-039   4.195e-039   [-0.000007,0.000010,]
[18,15,]   318   8.35229e-006   -2.72093e-039   4.73622e-039   [0.000003,0.000010,]
[19,15,]   319   2.14047e-006   -4.85254e-039   5.50222e-039   [0.000013,0.000011,]
[0,16,]   320   1.2812e-006   -5.08672e-039   6.03471e-039   [0.000001,-0.000007,]
[1,16,]   321   3.56298e-006   -3.47381e-039   5.2149e-039   [-0.000019,-0.000008,]
[2,16,]   322   1.15725e-005   -2.45591e-039   4.48619e-039   [-0.000010,-0.000009,]
[3,16,]   323   3.30218e-005   -1.77178e-039   3.84867e-039   [-0.000010,-0.000009,]
[4,16,]   324   7.95265e-005   -1.26054e-039   3.30303e-039   [-0.000011,-0.000009,]
[5,16,]   325   0.000162616   -8.2683e-040   2.85356e-039   [-0.000012,-0.000008,]
[6,16,]   326   0.000283706   -4.82511e-040   2.51956e-039   [-0.000014,-0.000007,]
[7,16,]   327   0.000426134   -2.23065e-040   2.3642e-039   [-0.000015,-0.000006,]
[8,16,]   328   0.000556978   -4.24762e-041   2.52942e-039   [-0.000016,-0.000004,]
[9,16,]   329   0.000639156   5.47663e-041   3.203e-039   [-0.000016,-0.000001,]
[10,16,]   330   0.000646469   7.22228e-041   4.42413e-039   [-0.000015,0.000001,]
[11,16,]   331   0.000574792   -1.12817e-042   5.83213e-039   [-0.000013,0.000004,]
[12,16,]   332   0.000445805   -1.67652e-040   6.74094e-039   [-0.000011,0.000006,]
[13,16,]   333   0.000298405   -4.27451e-040   6.68569e-039   [-0.000009,0.000007,]
[14,16,]   334   0.000170678   -7.81867e-040   5.88294e-039   [-0.000009,0.000008,]
[15,16,]   335   8.27889e-005   -1.22989e-039   5.01017e-039   [-0.000009,0.000009,]
[16,16,]   336   3.38855e-005   -1.75671e-039   4.59694e-039   [-0.000008,0.000009,]
[17,16,]   337   1.1568e-005   -2.44628e-039   4.74154e-039   [-0.000007,0.000009,]
[18,16,]   338   3.32421e-006   -3.25973e-039   5.28276e-039   [0.000004,0.000009,]
[19,16,]   339   8.46782e-007   -5.50054e-039   6.04876e-039   [0.000014,0.000010,]
[0,17,]   340   4.23607e-007   -5.8806e-039   6.67234e-039   [0.000001,-0.000006,]
[1,17,]   341   1.17252e-006   -4.20495e-039   5.85253e-039   [-0.000020,-0.000007,]
[2,17,]   342   3.87222e-006   -3.15792e-039   5.12382e-039   [-0.000011,-0.000007,]
[3,17,]   343   1.12836e-005   -2.46218e-039   4.4863e-039   [-0.000010,-0.000007,]
[4,17,]   344   2.78385e-005   -1.94074e-039   3.94066e-039   [-0.000010,-0.000007,]
[5,17,]   345   5.84943e-005   -1.4937e-039   3.49119e-039   [-0.000011,-0.000007,]
[6,17,]   346   0.00010503   -1.13549e-039   3.15719e-039   [-0.000013,-0.000006,]
[7,17,]   347   0.000162168   -8.62179e-040   3.00183e-039   [-0.000014,-0.000005,]
[8,17,]   348   0.000216748   -6.73504e-040   3.16705e-039   [-0.000014,-0.000003,]
[9,17,]   349   0.000252049   -5.68511e-040   3.84063e-039   [-0.000014,-0.000001,]
[10,17,]   350   0.000255382   -5.51896e-040   5.06176e-039   [-0.000013,0.000001,]
[11,17,]   351   0.000224927   -6.26742e-040   6.46976e-039   [-0.000011,0.000003,]
[12,17,]   352   0.000171269   -7.96389e-040   7.37857e-039   [-0.000009,0.000005,]
[13,17,]   353   0.000111958   -1.06305e-039   7.32332e-039   [-0.000008,0.000006,]
[14,17,]   354   6.24243e-005   -1.42475e-039   6.52057e-039   [-0.000008,0.000007,]
[15,17,]   355   2.95324e-005   -1.88085e-039   5.6478e-039   [-0.000008,0.000008,]
[16,17,]   356   1.18107e-005   -2.41513e-039   5.23457e-039   [-0.000008,0.000008,]
[17,17,]   357   3.94712e-006   -3.11604e-039   5.37917e-039   [-0.000007,0.000009,]
[18,17,]   358   1.11358e-006   -3.95322e-039   5.92039e-039   [0.000004,0.000009,]
[19,17,]   359   2.82761e-007   -6.29146e-039   6.68639e-039   [0.000015,0.000010,]
[0,18,]   360   1.18252e-007   -6.83697e-039   7.40106e-039   [0.000001,0.000006,]
[1,18,]   361   3.26122e-007   -5.08438e-039   6.58125e-039   [-0.000021,0.000005,]
[2,18,]   362   1.09308e-006   -3.99731e-039   5.85254e-039   [-0.000011,0.000004,]
[3,18,]   363   3.24358e-006   -3.27772e-039   5.21502e-039   [-0.000010,0.000003,]
[4,18,]   364   8.16529e-006   -2.73699e-039   4.66938e-039   [-0.000010,0.000003,]
[5,18,]   365   1.75357e-005   -2.27268e-039   4.21991e-039   [-0.000011,0.000003,]
[6,18,]   366   3.21934e-005   -1.90265e-039   3.88591e-039   [-0.000012,0.000002,]
[7,18,]   367   5.0739e-005   -1.6264e-039   3.73055e-039   [-0.000012,0.000003,]
[8,18,]   368   6.894e-005   -1.44432e-039   3.89577e-039   [-0.000013,0.000004,]
[9,18,]   369   8.09713e-005   -1.35812e-039   4.56935e-039   [-0.000012,0.000005,]
[10,18,]   370   8.22339e-005   -1.36767e-039   5.79048e-039   [-0.000011,0.000006,]
[11,18,]   371   7.20422e-005   -1.4749e-039   7.19848e-039   [-0.000009,0.000008,]
[12,18,]   372   5.42097e-005   -1.68102e-039   8.10729e-039   [-0.000008,0.000010,]
[13,18,]   373   3.48643e-005   -1.9845e-039   8.05204e-039   [-0.000007,0.000012,]
[14,18,]   374   1.90806e-005   -2.38197e-039   7.24929e-039   [-0.000007,0.000013,]
[15,18,]   375   8.85474e-006   -2.87087e-039   6.37652e-039   [-0.000008,0.000015,]
[16,18,]   376   3.47544e-006   -3.43405e-039   5.96329e-039   [-0.000007,0.000016,]
[17,18,]   377   1.14084e-006   -4.16424e-039   6.10789e-039   [-0.000007,0.000017,]
[18,18,]   378   3.16731e-007   -5.04184e-039   6.64911e-039   [0.000005,0.000018,]
[19,18,]   379   8.03409e-008   -7.48582e-039   7.41511e-039   [0.000016,0.000019,]
[0,19,]   380   3.05749e-008   -9.21918e-039   8.22087e-039   [0.000001,0.000018,]
[1,19,]   381   8.28148e-008   -7.52146e-039   7.40106e-039   [-0.000022,0.000016,]
[2,19,]   382   2.77572e-007   -6.33393e-039   6.67235e-039   [-0.000012,0.000015,]
[3,19,]   383   8.26301e-007   -5.51625e-039   6.03483e-039   [-0.000011,0.000014,]
[4,19,]   384   2.09255e-006   -4.8674e-039   5.48919e-039   [-0.000011,0.000013,]
[5,19,]   385   4.53645e-006   -4.28418e-039   5.03972e-039   [-0.000012,0.000011,]
[6,19,]   386   8.4406e-006   -3.79067e-039   4.70572e-039   [-0.000012,0.000010,]
[7,19,]   387   1.35359e-005   -3.39647e-039   4.55036e-039   [-0.000013,0.000010,]
[8,19,]   388   1.87739e-005   -3.11468e-039   4.71558e-039   [-0.000012,0.000010,]
[9,19,]   389   2.2548e-005   -2.95891e-039   5.38916e-039   [-0.000011,0.000010,]
[10,19,]   390   2.34089e-005   -2.93659e-039   6.61029e-039   [-0.000009,0.000011,]
[11,19,]   391   2.09167e-005   -3.05106e-039   8.01829e-039   [-0.000007,0.000013,]
[12,19,]   392   1.59946e-005   -3.29958e-039   8.9271e-039   [-0.000006,0.000015,]
[13,19,]   393   1.04092e-005   -3.67169e-039   8.87185e-039   [-0.000005,0.000017,]
[14,19,]   394   5.74077e-006   -4.15387e-039   8.0691e-039   [-0.000005,0.000019,]
[15,19,]   395   2.67524e-006   -4.7348e-039   7.19633e-039   [-0.000006,0.000021,]
[16,19,]   396   1.0515e-006   -5.39094e-039   6.7831e-039   [-0.000006,0.000023,]
[17,19,]   397   3.44962e-007   -6.213e-039   6.9277e-039   [-0.000005,0.000024,]
[18,19,]   398   9.5622e-008   -7.19642e-039   7.46892e-039   [0.000006,0.000026,]
[19,19,]   399   2.45852e-008   -9.62812e-039   8.23492e-039   [0.000018,0.000027,]
