coordinates  index   rho      Q      V    velocities 
[0,0,]   0   1.93371e-008   -9.51557e-039   9.38934e-039   [0.000007,-0.000003,]
[1,0,]   1   8.18932e-008   -6.93342e-039   9.75347e-039   [0.000002,-0.000003,]
[2,0,]   2   2.93518e-007   -6.11837e-039   1.03607e-038   [0.000009,-0.000003,]
[3,0,]   3   8.93414e-007   -5.34274e-039   1.05386e-038   [0.000011,-0.000002,]
[4,0,]   4   2.2951e-006   -4.66627e-039   9.77133e-039   [0.000013,-0.000002,]
[5,0,]   5   4.98264e-006   -4.08523e-039   8.20497e-039   [0.000013,-0.000001,]
[6,0,]   6   9.17033e-006   -3.6052e-039   6.49813e-039   [0.000012,-0.000001,]
[7,0,]   7   1.43709e-005   -3.2311e-039   5.21706e-039   [0.000012,0.000000,]
[8,0,]   8   1.92588e-005   -2.97225e-039   4.50048e-039   [0.000012,0.000002,]
[9,0,]   9   2.2149e-005   -2.83979e-039   4.20017e-039   [0.000012,0.000003,]
[10,0,]   10   2.19116e-005   -2.84154e-039   4.13845e-039   [0.000012,0.000004,]
[11,0,]   11   1.8663e-005   -2.97813e-039   4.21566e-039   [0.000012,0.000005,]
[12,0,]   12   1.36771e-005   -3.24248e-039   4.39545e-039   [0.000012,0.000006,]
[13,0,]   13   8.60641e-006   -3.62263e-039   4.6684e-039   [0.000011,0.000007,]
[14,0,]   14   4.63602e-006   -4.10595e-039   5.03273e-039   [0.000010,0.000008,]
[15,0,]   15   2.13034e-006   -4.68262e-039   5.48817e-039   [0.000010,0.000009,]
[16,0,]   16   8.32186e-007   -5.34564e-039   6.03471e-039   [0.000009,0.000009,]
[17,0,]   17   2.7525e-007   -6.10247e-039   6.67234e-039   [0.000008,0.000009,]
[18,0,]   18   7.69713e-008   -7.0196e-039   7.40106e-039   [0.000011,0.000009,]
[19,0,]   19   1.91181e-008   -9.54322e-039   8.22087e-039   [0.000013,0.000010,]
[0,1,]   20   7.65061e-008   -7.02869e-039   8.56953e-039   [0.000007,-0.000011,]
[1,1,]   21   3.22204e-007   -4.58932e-039   8.93366e-039   [0.000002,-0.000010,]
[2,1,]   22   1.1425e-006   -3.87999e-039   9.54092e-039   [0.000009,-0.000010,]
[3,1,]   23   3.43861e-006   -3.2154e-039   9.71879e-039   [0.000012,-0.000010,]
[4,1,]   24   8.73576e-006   -2.65634e-039   8.95152e-039   [0.000014,-0.000009,]
[5,1,]   25   1.87706e-005   -2.19512e-039   7.38516e-039   [0.000014,-0.000008,]
[6,1,]   26   3.42498e-005   -1.83003e-039   5.67832e-039   [0.000014,-0.000007,]
[7,1,]   27   5.33592e-005   -1.55607e-039   4.39725e-039   [0.000014,-0.000006,]
[8,1,]   28   7.13615e-005   -1.37086e-039   3.68067e-039   [0.000014,-0.000004,]
[9,1,]   29   8.22807e-005   -1.27458e-039   3.38036e-039   [0.000014,-0.000002,]
[10,1,]   30   8.20049e-005   -1.26815e-039   3.31864e-039   [0.000014,-0.000001,]
[11,1,]   31   7.0679e-005   -1.35199e-039   3.39585e-039   [0.000013,0.000001,]
[12,1,]   32   5.25906e-005   -1.52585e-039   3.57564e-039   [0.000013,0.000002,]
[13,1,]   33   3.36663e-005   -1.78937e-039   3.84859e-039   [0.000012,0.000003,]
[14,1,]   34   1.84599e-005   -2.14284e-039   4.21292e-039   [0.000011,0.000003,]
[15,1,]   35   8.62982e-006   -2.58759e-039   4.66836e-039   [0.000010,0.000004,]
[16,1,]   36   3.42506e-006   -3.12465e-039   5.2149e-039   [0.000009,0.000004,]
[17,1,]   37   1.14904e-006   -3.76566e-039   5.85253e-039   [0.000008,0.000004,]
[18,1,]   38   3.25304e-007   -4.57471e-039   6.58125e-039   [0.000010,0.000003,]
[19,1,]   39   8.13532e-008   -6.94622e-039   7.40106e-039   [0.000013,0.000003,]
[0,2,]   40   2.72939e-007   -6.10451e-039   7.84081e-039   [0.000007,-0.000008,]
[1,2,]   41   1.13566e-006   -3.77266e-039   8.20494e-039   [0.000002,-0.000008,]
[2,2,]   42   3.965e-006   -3.07206e-039   8.8122e-039   [0.000009,-0.000008,]
[3,2,]   43   1.17275e-005   -2.41644e-039   8.99007e-039   [0.000012,-0.000008,]
[4,2,]   44   2.92358e-005   -1.86736e-039   8.2228e-039   [0.000014,-0.000007,]
[5,2,]   45   6.15908e-005   -1.41724e-039   6.65644e-039   [0.000015,-0.000007,]
[6,2,]   46   0.000110219   -1.06394e-039   4.9496e-039   [0.000015,-0.000006,]
[7,2,]   47   0.000168751   -8.0206e-040   3.66853e-039   [0.000015,-0.000005,]
[8,2,]   48   0.00022271   -6.28837e-040   2.95195e-039   [0.000015,-0.000003,]
[9,2,]   49   0.000254982   -5.44025e-040   2.65164e-039   [0.000015,-0.000001,]
[10,2,]   50   0.000254248   -5.47917e-040   2.58992e-039   [0.000015,0.000001,]
[11,2,]   51   0.000220905   -6.39998e-040   2.66713e-039   [0.000015,0.000003,]
[12,2,]   52   0.000166746   -8.19072e-040   2.84692e-039   [0.000014,0.000005,]
[13,2,]   53   0.000108743   -1.08434e-039   3.11987e-039   [0.000013,0.000006,]
[14,2,]   54   6.08607e-005   -1.43636e-039   3.4842e-039   [0.000011,0.000007,]
[15,2,]   55   2.90439e-005   -1.87727e-039   3.93964e-039   [0.000010,0.000007,]
[16,2,]   56   1.17537e-005   -2.40908e-039   4.48618e-039   [0.000009,0.000008,]
[17,2,]   57   4.01348e-006   -3.0438e-039   5.12381e-039   [0.000008,0.000008,]
[18,2,]   58   1.15413e-006   -3.84401e-039   5.85253e-039   [0.000010,0.000008,]
[19,2,]   59   2.91956e-007   -6.10743e-039   6.67234e-039   [0.000012,0.000007,]
[0,3,]   60   8.25293e-007   -5.34451e-039   7.20318e-039   [0.000007,-0.000009,]
[1,3,]   61   3.38588e-006   -3.12797e-039   7.56731e-039   [0.000003,-0.000009,]
[2,3,]   62   1.16148e-005   -2.43308e-039   8.17457e-039   [0.000009,-0.000009,]
[3,3,]   63   3.36554e-005   -1.78398e-039   8.35244e-039   [0.000012,-0.000009,]
[4,3,]   64   8.19772e-005   -1.24172e-039   7.58517e-039   [0.000014,-0.000009,]
[5,3,]   65   0.00016838   -7.98684e-040   6.01881e-039   [0.000015,-0.000008,]
[6,3,]   66   0.000293552   -4.51947e-040   4.31197e-039   [0.000016,-0.000007,]
[7,3,]   67   0.000438563   -1.95327e-040   3.0309e-039   [0.000017,-0.000006,]
[8,3,]   68   0.000567644   -2.54449e-041   2.31432e-039   [0.000017,-0.000004,]
[9,3,]   69   0.000642948   5.79354e-041   2.01401e-039   [0.000018,-0.000001,]
[10,3,]   70   0.000641372   5.44145e-041   1.95229e-039   [0.000018,0.000001,]
[11,3,]   71   0.000563806   -3.52448e-041   2.0295e-039   [0.000017,0.000004,]
[12,3,]   72   0.000434397   -2.09552e-040   2.20929e-039   [0.000016,0.000006,]
[13,3,]   73   0.000290629   -4.67884e-040   2.48224e-039   [0.000014,0.000007,]
[14,3,]   74   0.000167119   -8.11824e-040   2.84657e-039   [0.000012,0.000008,]
[15,3,]   75   8.1851e-005   -1.24464e-039   3.30201e-039   [0.000010,0.000009,]
[16,3,]   76   3.39109e-005   -1.76922e-039   3.84855e-039   [0.000009,0.000009,]
[17,3,]   77   1.18192e-005   -2.39745e-039   4.48618e-039   [0.000008,0.000009,]
[18,3,]   78   3.45865e-006   -3.18901e-039   5.2149e-039   [0.000009,0.000009,]
[19,3,]   79   8.85492e-007   -5.33888e-039   6.03471e-039   [0.000011,0.000008,]
[0,4,]   80   2.11292e-006   -4.68255e-039   6.65664e-039   [0.000006,-0.000010,]
[1,4,]   81   8.53293e-006   -2.59111e-039   7.02077e-039   [0.000002,-0.000010,]
[2,4,]   82   2.8709e-005   -1.90068e-039   7.62803e-039   [0.000009,-0.000010,]
[3,4,]   83   8.1256e-005   -1.25868e-039   7.8059e-039   [0.000012,-0.000010,]
[4,4,]   84   0.000192487   -7.24722e-040   7.03863e-039   [0.000015,-0.000010,]
[5,4,]   85   0.00038287   -2.91458e-040   5.47227e-039   [0.000016,-0.000010,]
[6,4,]   86   0.000644423   4.4859e-041   3.76543e-039   [0.000017,-0.000009,]
[7,4,]   87   0.000929562   2.91883e-040   2.48436e-039   [0.000018,-0.000008,]
[8,4,]   88   0.00116818   4.54931e-040   1.76778e-039   [0.000020,-0.000005,]
[9,4,]   89   0.00130077   5.3527e-040   1.46747e-039   [0.000021,-0.000002,]
[10,4,]   90   0.00129811   5.32047e-040   1.40575e-039   [0.000021,0.000002,]
[11,4,]   91   0.00116179   4.46334e-040   1.48296e-039   [0.000020,0.000005,]
[12,4,]   92   0.000922874   2.80379e-040   1.66275e-039   [0.000017,0.000008,]
[13,4,]   93   0.000640119   3.32986e-041   1.9357e-039   [0.000015,0.000010,]
[14,4,]   94   0.000381535   -2.99002e-040   2.30003e-039   [0.000013,0.000010,]
[15,4,]   95   0.000193029   -7.21616e-040   2.75547e-039   [0.000010,0.000011,]
[16,4,]   96   8.22239e-005   -1.23815e-039   3.30201e-039   [0.000009,0.000010,]
[17,4,]   97   2.93285e-005   -1.85992e-039   3.93964e-039   [0.000007,0.000010,]
[18,4,]   98   8.74638e-006   -2.64209e-039   4.66836e-039   [0.000009,0.000010,]
[19,4,]   99   2.26609e-006   -4.67211e-039   5.48817e-039   [0.000010,0.000009,]
[0,5,]   100   4.59861e-006   -4.10707e-039   6.20119e-039   [0.000006,-0.000010,]
[1,5,]   101   1.82567e-005   -2.1466e-039   6.56532e-039   [0.000002,-0.000011,]
[2,5,]   102   6.01778e-005   -1.45911e-039   7.17258e-039   [0.000008,-0.000011,]
[3,5,]   103   0.000165955   -8.25001e-040   7.35045e-039   [0.000012,-0.000012,]
[4,5,]   104   0.000380555   -3.01494e-040   6.58318e-039   [0.000014,-0.000013,]
[5,5,]   105   0.000727221   1.17452e-040   5.01682e-039   [0.000016,-0.000013,]
[6,5,]   106   0.00116733   4.35569e-040   3.30998e-039   [0.000018,-0.000012,]
[7,5,]   107   0.00159927   6.62184e-040   2.02891e-039   [0.000021,-0.000011,]
[8,5,]   108   0.00191728   8.08179e-040   1.31233e-039   [0.000024,-0.000008,]
[9,5,]   109   0.00207368   8.80786e-040   1.01202e-039   [0.000026,-0.000003,]
[10,5,]   110   0.00207026   8.77335e-040   9.50298e-040   [0.000025,0.000003,]
[11,5,]   111   0.00190926   8.01041e-040   1.02751e-039   [0.000023,0.000008,]
[12,5,]   112   0.00159137   6.53666e-040   1.2073e-039   [0.000020,0.000011,]
[13,5,]   113   0.00116313   4.28635e-040   1.48025e-039   [0.000016,0.000013,]
[14,5,]   114   0.000727222   1.15251e-040   1.84458e-039   [0.000013,0.000013,]
[15,5,]   115   0.000382933   -2.93388e-040   2.30002e-039   [0.000010,0.000013,]
[16,5,]   116   0.000168429   -8.00437e-040   2.84656e-039   [0.000008,0.000012,]
[17,5,]   117   6.16146e-005   -1.4155e-039   3.48419e-039   [0.000007,0.000011,]
[18,5,]   118   1.87421e-005   -2.18714e-039   4.21291e-039   [0.000008,0.000011,]
[19,5,]   119   4.91024e-006   -4.09472e-039   5.03272e-039   [0.000009,0.000009,]
[0,6,]   120   8.53778e-006   -3.62502e-039   5.83683e-039   [0.000005,-0.000011,]
[1,6,]   121   3.33028e-005   -1.7934e-039   6.20096e-039   [0.000002,-0.000012,]
[2,6,]   122   0.000107557   -1.10641e-039   6.80822e-039   [0.000008,-0.000013,]
[3,6,]   123   0.000288699   -4.80097e-040   6.98609e-039   [0.000011,-0.000014,]
[4,6,]   124   0.00063865   3.15592e-041   6.21882e-039   [0.000014,-0.000015,]
[5,6,]   125   0.00116336   4.31227e-040   4.65246e-039   [0.000016,-0.000016,]
[6,6,]   126   0.00175422   7.18874e-040   2.94562e-039   [0.000019,-0.000016,]
[7,6,]   127   0.00222625   9.02197e-040   1.66455e-039   [0.000023,-0.000016,]
[8,6,]   128   0.00246435   9.98366e-040   9.47967e-040   [0.000028,-0.000012,]
[9,6,]   129   0.00252268   1.05266e-039   6.47663e-040   [0.000032,-0.000005,]
[10,6,]   130   0.00251987   1.05292e-039   5.85938e-040   [0.000032,0.000005,]
[11,6,]   131   0.00245706   9.9277e-040   6.6315e-040   [0.000028,0.000012,]
[12,6,]   132   0.00222003   8.96982e-040   8.42936e-040   [0.000022,0.000016,]
[13,6,]   133   0.0017526   7.16742e-040   1.11589e-039   [0.000016,0.000017,]
[14,6,]   134   0.00116641   4.33523e-040   1.48022e-039   [0.000012,0.000016,]
[15,6,]   135   0.000643978   4.28432e-041   1.93566e-039   [0.000009,0.000015,]
[16,6,]   136   0.00029337   -4.53963e-040   2.4822e-039   [0.000007,0.000014,]
[17,6,]   137   0.000110157   -1.06274e-039   3.11983e-039   [0.000006,0.000013,]
[18,6,]   138   3.41675e-005   -1.82302e-039   3.84855e-039   [0.000007,0.000012,]
[19,6,]   139   9.03627e-006   -3.61297e-039   4.66836e-039   [0.000008,0.000010,]
[0,7,]   140   1.35691e-005   -3.2461e-039   5.56356e-039   [0.000004,-0.000012,]
[1,7,]   141   5.20324e-005   -1.53015e-039   5.92769e-039   [0.000001,-0.000013,]
[2,7,]   142   0.000164977   -8.40495e-040   6.53495e-039   [0.000006,-0.000014,]
[3,7,]   143   0.000431652   -2.20777e-040   6.71282e-039   [0.000010,-0.000016,]
[4,7,]   144   0.000921021   2.79495e-040   5.94555e-039   [0.000012,-0.000017,]
[5,7,]   145   0.00159206   6.56785e-040   4.37919e-039   [0.000014,-0.000020,]
[6,7,]   146   0.00222249   8.99316e-040   2.67235e-039   [0.000018,-0.000022,]
[7,7,]   147   0.00252424   9.91351e-040   1.39128e-039   [0.000024,-0.000023,]
[8,7,]   148   0.00242584   9.50214e-040   6.74697e-040   [0.000034,-0.000020,]
[9,7,]   149   0.00219632   8.52992e-040   3.74393e-040   [0.000045,-0.000009,]
[10,7,]   150   0.00219384   8.54532e-040   3.12668e-040   [0.000045,0.000009,]
[11,7,]   151   0.00242084   9.42732e-040   3.8988e-040   [0.000034,0.000021,]
[12,7,]   152   0.00252203   9.90921e-040   5.69666e-040   [0.000023,0.000023,]
[13,7,]   153   0.00222458   9.01714e-040   8.42618e-040   [0.000016,0.000022,]
[14,7,]   154   0.0015982   6.61607e-040   1.20695e-039   [0.000011,0.000020,]
[15,7,]   155   0.000928989   2.91227e-040   1.66239e-039   [0.000008,0.000017,]
[16,7,]   156   0.000438308   -1.96046e-040   2.20893e-039   [0.000006,0.000016,]
[17,7,]   157   0.000168657   -7.99747e-040   2.84656e-039   [0.000005,0.000014,]
[18,7,]   158   5.3235e-005   -1.54823e-039   3.57528e-039   [0.000006,0.000013,]
[19,7,]   159   1.41718e-005   -3.23557e-039   4.39509e-039   [0.000007,0.000011,]
[0,8,]   160   1.85165e-005   -2.98276e-039   5.38138e-039   [0.000003,-0.000012,]
[1,8,]   161   6.99379e-005   -1.35653e-039   5.74551e-039   [-0.000000,-0.000013,]
[2,8,]   162   0.000218612   -6.60873e-040   6.35277e-039   [0.000005,-0.000015,]
[3,8,]   163   0.000560394   -4.55892e-041   6.53064e-039   [0.000007,-0.000017,]
[4,8,]   164   0.00115976   4.46287e-040   5.76337e-039   [0.000009,-0.000020,]
[5,8,]   165   0.00191052   8.04775e-040   4.19701e-039   [0.000011,-0.000023,]
[6,8,]   166   0.00246027   9.95465e-040   2.49017e-039   [0.000014,-0.000028,]
[7,8,]   167   0.0024234   9.43297e-040   1.2091e-039   [0.000022,-0.000034,]
[8,8,]   168   0.0018143   3.95517e-040   4.92517e-040   [0.000039,-0.000039,]
[9,8,]   169   0.00119665   -5.17176e-040   1.92213e-040   [0.000069,-0.000018,]
[10,8,]   170   0.00119239   -5.64791e-040   1.30488e-040   [0.000070,0.000028,]
[11,8,]   171   0.00181321   3.96182e-040   2.077e-040   [0.000039,0.000039,]
[12,8,]   172   0.00242473   9.50836e-040   3.87486e-040   [0.000020,0.000034,]
[13,8,]   173   0.0024634   9.98778e-040   6.60438e-040   [0.000012,0.000028,]
[14,8,]   174   0.00191661   8.08448e-040   1.02477e-039   [0.000008,0.000023,]
[15,8,]   175   0.00116779   4.55114e-040   1.48021e-039   [0.000005,0.000020,]
[16,8,]   176   0.000567464   -2.53166e-041   2.02675e-039   [0.000004,0.000017,]
[17,8,]   177   0.000222641   -6.25782e-040   2.66438e-039   [0.000003,0.000015,]
[18,8,]   178   7.12173e-005   -1.36245e-039   3.3931e-039   [0.000004,0.000013,]
[19,8,]   179   1.90077e-005   -2.97425e-039   4.21291e-039   [0.000005,0.000012,]
[0,9,]   180   2.17393e-005   -2.84681e-039   5.29029e-039   [0.000002,-0.000012,]
[1,9,]   181   8.11485e-005   -1.27283e-039   5.65442e-039   [-0.000002,-0.000014,]
[2,9,]   182   0.000251638   -5.68399e-040   6.26168e-039   [0.000003,-0.000015,]
[3,9,]   183   0.000637583   4.46912e-041   6.43955e-039   [0.000005,-0.000018,]
[4,9,]   184   0.00129602   5.32623e-040   5.67228e-039   [0.000006,-0.000021,]
[5,9,]   185   0.00207189   8.81588e-040   4.10592e-039   [0.000006,-0.000025,]
[6,9,]   186   0.00252347   1.05604e-039   2.39908e-039   [0.000007,-0.000032,]
[7,9,]   187   0.00219646   8.55544e-040   1.11801e-039   [0.000010,-0.000045,]
[8,9,]   188   0.00119335   -5.64642e-040   4.01427e-040   [0.000029,-0.000070,]
[9,9,]   189   0.000299678   -1.21676e-038   1.01123e-040   [0.000121,-0.000111,]
[10,9,]   190   0.000299511   -1.21716e-038   3.93981e-041   [0.000111,0.000121,]
[11,9,]   191   0.00119637   -5.16158e-040   1.1661e-040   [0.000018,0.000069,]
[12,9,]   192   0.00219596   8.53635e-040   2.96396e-040   [0.000009,0.000044,]
[13,9,]   193   0.00252232   1.05311e-039   5.69348e-040   [0.000005,0.000032,]
[14,9,]   194   0.0020734   8.81152e-040   9.33675e-040   [0.000003,0.000025,]
[15,9,]   195   0.00130061   5.35591e-040   1.38912e-039   [0.000002,0.000021,]
[16,9,]   196   0.000642868   5.82358e-041   1.93566e-039   [0.000001,0.000018,]
[17,9,]   197   0.00025495   -5.40848e-040   2.57329e-039   [0.000001,0.000015,]
[18,9,]   198   8.21324e-005   -1.26611e-039   3.30201e-039   [0.000002,0.000014,]
[19,9,]   199   2.18706e-005   -2.84068e-039   4.12182e-039   [0.000004,0.000012,]
[0,10,]   200   2.19726e-005   -2.84527e-039   5.29029e-039   [0.000000,-0.000012,]
[1,10,]   201   8.1414e-005   -1.27935e-039   5.65442e-039   [-0.000004,-0.000014,]
[2,10,]   202   0.00025235   -5.64381e-040   6.26168e-039   [0.000001,-0.000015,]
[3,10,]   203   0.000639115   4.83955e-041   6.43955e-039   [0.000002,-0.000018,]
[4,10,]   204   0.00129859   5.36033e-040   5.67228e-039   [0.000002,-0.000021,]
[5,10,]   205   0.00207514   8.85228e-040   4.10592e-039   [0.000001,-0.000025,]
[6,10,]   206   0.00252602   1.056e-039   2.39908e-039   [-0.000003,-0.000032,]
[7,10,]   207   0.00219864   8.54326e-040   1.11801e-039   [-0.000008,-0.000044,]
[8,10,]   208   0.00119735   -5.16465e-040   4.01427e-040   [-0.000018,-0.000069,]
[9,10,]   209   0.000299656   -1.21687e-038   1.01123e-040   [-0.000111,-0.000121,]
[10,10,]   210   0.000299497   -1.21722e-038   3.93981e-041   [-0.000121,0.000111,]
[11,10,]   211   0.00119234   -5.64356e-040   1.1661e-040   [-0.000028,0.000070,]
[12,10,]   212   0.00219375   8.54808e-040   2.96396e-040   [-0.000009,0.000045,]
[13,10,]   213   0.00251977   1.05315e-039   5.69348e-040   [-0.000005,0.000032,]
[14,10,]   214   0.00207018   8.77537e-040   9.33675e-040   [-0.000003,0.000025,]
[15,10,]   215   0.00129806   5.32239e-040   1.38912e-039   [-0.000002,0.000021,]
[16,10,]   216   0.000641348   5.46108e-041   1.93566e-039   [-0.000001,0.000018,]
[17,10,]   217   0.000254238   -5.44846e-040   2.57329e-039   [-0.000001,0.000015,]
[18,10,]   218   8.18638e-005   -1.25975e-039   3.30201e-039   [0.000001,0.000014,]
[19,10,]   219   2.16368e-005   -2.84253e-039   4.12182e-039   [0.000003,0.000012,]
[0,11,]   220   1.9101e-005   -2.97777e-039   5.38138e-039   [-0.000001,-0.000012,]
[1,11,]   221   7.05912e-005   -1.37592e-039   5.74551e-039   [-0.000005,-0.000013,]
[2,11,]   222   0.000220349   -6.49602e-040   6.35277e-039   [-0.000001,-0.000015,]
[3,11,]   223   0.000564089   -3.55161e-041   6.53064e-039   [-0.000000,-0.000017,]
[4,11,]   224   0.00116584   4.5516e-040   5.76337e-039   [-0.000001,-0.000020,]
[5,11,]   225   0.00191796   8.12172e-040   4.19701e-039   [-0.000004,-0.000023,]
[6,11,]   226   0.00246663   1.00138e-039   2.49017e-039   [-0.000010,-0.000028,]
[7,11,]   227   0.00242724   9.51264e-040   1.2091e-039   [-0.000019,-0.000034,]
[8,11,]   228   0.00181422   3.9538e-040   4.92517e-040   [-0.000038,-0.000039,]
[9,11,]   229   0.00119257   -5.65518e-040   1.92213e-040   [-0.000069,-0.000028,]
[10,11,]   230   0.00119641   -5.16474e-040   1.30488e-040   [-0.000069,0.000018,]
[11,11,]   231   0.0018132   3.962e-040   2.077e-040   [-0.000039,0.000039,]
[12,11,]   232   0.00242083   9.42798e-040   3.87486e-040   [-0.000021,0.000034,]
[13,11,]   233   0.00245704   9.92842e-040   6.60438e-040   [-0.000012,0.000028,]
[14,11,]   234   0.00190925   8.01114e-040   1.02477e-039   [-0.000008,0.000023,]
[15,11,]   235   0.00116178   4.46409e-040   1.48021e-039   [-0.000005,0.000020,]
[16,11,]   236   0.000563801   -3.51544e-041   2.02675e-039   [-0.000004,0.000017,]
[17,11,]   237   0.000220901   -6.3699e-040   2.66438e-039   [-0.000003,0.000015,]
[18,11,]   238   7.05564e-005   -1.34353e-039   3.3931e-039   [-0.000001,0.000013,]
[19,11,]   239   1.8422e-005   -2.98016e-039   4.21291e-039   [0.000002,0.000012,]
[0,12,]   240   1.42487e-005   -3.23692e-039   5.56356e-039   [-0.000002,-0.000011,]
[1,12,]   241   5.27629e-005   -1.56199e-039   5.92769e-039   [-0.000007,-0.000013,]
[2,12,]   242   0.000166887   -8.241e-040   6.53495e-039   [-0.000003,-0.000014,]
[3,12,]   243   0.000435606   -2.06933e-040   6.71282e-039   [-0.000002,-0.000016,]
[4,12,]   244   0.000927231   2.90579e-040   5.94555e-039   [-0.000004,-0.000017,]
[5,12,]   245   0.00159898   6.64791e-040   4.37919e-039   [-0.000008,-0.000020,]
[6,12,]   246   0.00222705   9.03994e-040   2.67235e-039   [-0.000014,-0.000022,]
[7,12,]   247   0.00252418   9.91275e-040   1.39128e-039   [-0.000022,-0.000023,]
[8,12,]   248   0.00242186   9.42132e-040   6.74697e-040   [-0.000034,-0.000021,]
[9,12,]   249   0.00219407   8.54181e-040   3.74393e-040   [-0.000045,-0.000009,]
[10,12,]   250   0.00219603   8.53384e-040   3.12668e-040   [-0.000044,0.000009,]
[11,12,]   251   0.00242474   9.50786e-040   3.8988e-040   [-0.000034,0.000020,]
[12,12,]   252   0.00252203   9.90925e-040   5.69666e-040   [-0.000023,0.000023,]
[13,12,]   253   0.00222003   8.96999e-040   8.42618e-040   [-0.000016,0.000022,]
[14,12,]   254   0.00159137   6.53685e-040   1.20695e-039   [-0.000011,0.000020,]
[15,12,]   255   0.000922873   2.80401e-040   1.66239e-039   [-0.000008,0.000017,]
[16,12,]   256   0.000434397   -2.0951e-040   2.20893e-039   [-0.000006,0.000016,]
[17,12,]   257   0.000166745   -8.16028e-040   2.84656e-039   [-0.000005,0.000014,]
[18,12,]   258   5.24959e-005   -1.51713e-039   3.57528e-039   [-0.000002,0.000013,]
[19,12,]   259   1.3491e-005   -3.24631e-039   4.39509e-039   [0.000001,0.000012,]
[0,13,]   260   9.09163e-006   -3.61137e-039   5.83683e-039   [-0.000003,-0.000010,]
[1,13,]   261   3.3861e-005   -1.83711e-039   6.20096e-039   [-0.000008,-0.000012,]
[2,13,]   262   0.000108972   -1.08778e-039   6.80822e-039   [-0.000004,-0.000013,]
[3,13,]   263   0.000291479   -4.65705e-040   6.98609e-039   [-0.000004,-0.000014,]
[4,13,]   264   0.000642591   4.14097e-041   6.21882e-039   [-0.000005,-0.000015,]
[5,13,]   265   0.00116672   4.36192e-040   4.65246e-039   [-0.000009,-0.000016,]
[6,13,]   266   0.00175422   7.18819e-040   2.94562e-039   [-0.000014,-0.000017,]
[7,13,]   267   0.00222164   8.97408e-040   1.66455e-039   [-0.000021,-0.000016,]
[8,13,]   268   0.00245793   9.92403e-040   9.47967e-040   [-0.000028,-0.000012,]
[9,13,]   269   0.00252009   1.0527e-039   6.47663e-040   [-0.000032,-0.000005,]
[10,13,]   270   0.00252241   1.05291e-039   5.85938e-040   [-0.000032,0.000005,]
[11,13,]   271   0.00246341   9.98716e-040   6.6315e-040   [-0.000028,0.000012,]
[12,13,]   272   0.00222458   9.01702e-040   8.42936e-040   [-0.000022,0.000016,]
[13,13,]   273   0.0017526   7.16743e-040   1.11589e-039   [-0.000017,0.000016,]
[14,13,]   274   0.00116313   4.28638e-040   1.48022e-039   [-0.000013,0.000016,]
[15,13,]   275   0.000640119   3.3304e-041   1.93566e-039   [-0.000010,0.000015,]
[16,13,]   276   0.000290629   -4.67855e-040   2.4822e-039   [-0.000007,0.000014,]
[17,13,]   277   0.000108742   -1.0812e-039   3.11983e-039   [-0.000006,0.000013,]
[18,13,]   278   3.36026e-005   -1.78025e-039   3.84855e-039   [-0.000003,0.000012,]
[19,13,]   279   8.48148e-006   -3.6288e-039   4.66836e-039   [0.000000,0.000011,]
[0,14,]   280   4.94428e-006   -4.08979e-039   6.20119e-039   [-0.000004,-0.000009,]
[1,14,]   281   1.85718e-005   -2.20161e-039   6.56532e-039   [-0.000009,-0.000011,]
[2,14,]   282   6.09345e-005   -1.44129e-039   7.17258e-039   [-0.000005,-0.000011,]
[3,14,]   283   0.000167293   -8.13062e-040   7.35045e-039   [-0.000005,-0.000012,]
[4,14,]   284   0.000382008   -2.95554e-040   6.58318e-039   [-0.000006,-0.000013,]
[5,14,]   285   0.000727267   1.17514e-040   5.01682e-039   [-0.000010,-0.000013,]
[6,14,]   286   0.00116405   4.30616e-040   3.30998e-039   [-0.000014,-0.000013,]
[7,14,]   287   0.0015924   6.54194e-040   2.02891e-039   [-0.000019,-0.000011,]
[8,14,]   288   0.00190988   8.00826e-040   1.31233e-039   [-0.000023,-0.000008,]
[9,14,]   289   0.00207044   8.77183e-040   1.01202e-039   [-0.000025,-0.000003,]
[10,14,]   290   0.00207347   8.80965e-040   9.50298e-040   [-0.000025,0.000003,]
[11,14,]   291   0.00191662   8.08383e-040   1.02751e-039   [-0.000023,0.000008,]
[12,14,]   292   0.0015982   6.6159e-040   1.2073e-039   [-0.000020,0.000011,]
[13,14,]   293   0.00116641   4.3352e-040   1.48025e-039   [-0.000016,0.000012,]
[14,14,]   294   0.000727222   1.1525e-040   1.84458e-039   [-0.000013,0.000013,]
[15,14,]   295   0.000381535   -2.99e-040   2.30002e-039   [-0.000010,0.000013,]
[16,14,]   296   0.000167119   -8.11796e-040   2.84656e-039   [-0.000008,0.000012,]
[17,14,]   297   6.086e-005   -1.4331e-039   3.48419e-039   [-0.000007,0.000011,]
[18,14,]   298   1.84231e-005   -2.13324e-039   4.21291e-039   [-0.000003,0.000011,]
[19,14,]   299   4.56403e-006   -4.11478e-039   5.03272e-039   [0.000000,0.000010,]
[0,15,]   300   2.2837e-006   -4.66374e-039   6.65664e-039   [-0.000004,-0.000009,]
[1,15,]   301   8.66587e-006   -2.65694e-039   7.02077e-039   [-0.000010,-0.000010,]
[2,15,]   302   2.89964e-005   -1.88644e-039   7.62803e-039   [-0.000006,-0.000010,]
[3,15,]   303   8.16463e-005   -1.2516e-039   7.8059e-039   [-0.000005,-0.000010,]
[4,15,]   304   0.000192518   -7.24401e-040   7.03863e-039   [-0.000006,-0.000011,]
[5,15,]   305   0.000381497   -2.97028e-040   5.47227e-039   [-0.000009,-0.000010,]
[6,15,]   306   0.000640561   3.52469e-041   3.76543e-039   [-0.000013,-0.000010,]
[7,15,]   307   0.000923422   2.81e-040   2.48436e-039   [-0.000016,-0.000008,]
[8,15,]   308   0.00116215   4.46216e-040   1.76778e-039   [-0.000019,-0.000005,]
[9,15,]   309   0.00129822   5.31931e-040   1.46747e-039   [-0.000021,-0.000002,]
[10,15,]   310   0.00130065   5.35413e-040   1.40575e-039   [-0.000021,0.000002,]
[11,15,]   311   0.0011678   4.55046e-040   1.48296e-039   [-0.000020,0.000005,]
[12,15,]   312   0.00092899   2.91208e-040   1.66275e-039   [-0.000017,0.000008,]
[13,15,]   313   0.000643978   4.28391e-041   1.9357e-039   [-0.000015,0.000009,]
[14,15,]   314   0.000382933   -2.93389e-040   2.30003e-039   [-0.000013,0.000010,]
[15,15,]   315   0.000193029   -7.21615e-040   2.75547e-039   [-0.000011,0.000010,]
[16,15,]   316   8.18511e-005   -1.24461e-039   3.30201e-039   [-0.000009,0.000010,]
[17,15,]   317   2.90435e-005   -1.87389e-039   3.93964e-039   [-0.000007,0.000010,]
[18,15,]   318   8.61174e-006   -2.57746e-039   4.66836e-039   [-0.000004,0.000010,]
[19,15,]   319   2.09506e-006   -4.69419e-039   5.48817e-039   [0.000000,0.000010,]
[0,16,]   320   8.93097e-007   -5.32715e-039   7.20318e-039   [-0.000005,-0.000008,]
[1,16,]   321   3.4264e-006   -3.2042e-039   7.56731e-039   [-0.000011,-0.000009,]
[2,16,]   322   1.16822e-005   -2.42463e-039   8.17457e-039   [-0.000006,-0.000009,]
[3,16,]   323   3.36639e-005   -1.78336e-039   8.35244e-039   [-0.000005,-0.000009,]
[4,16,]   324   8.16185e-005   -1.2479e-039   7.58517e-039   [-0.000006,-0.000009,]
[5,16,]   325   0.000167081   -8.1003e-040   6.01881e-039   [-0.000009,-0.000008,]
[6,16,]   326   0.000290809   -4.65919e-040   4.31197e-039   [-0.000012,-0.000007,]
[7,16,]   327   0.000434641   -2.08842e-040   3.0309e-039   [-0.000015,-0.000006,]
[8,16,]   328   0.000563971   -3.52867e-041   2.31432e-039   [-0.000017,-0.000004,]
[9,16,]   329   0.000641424   5.43302e-041   2.01401e-039   [-0.000018,-0.000001,]
[10,16,]   330   0.00064289   5.80627e-041   1.95229e-039   [-0.000018,0.000001,]
[11,16,]   331   0.000567468   -2.53853e-041   2.0295e-039   [-0.000017,0.000004,]
[12,16,]   332   0.000438308   -1.96066e-040   2.20929e-039   [-0.000016,0.000006,]
[13,16,]   333   0.00029337   -4.53967e-040   2.48224e-039   [-0.000014,0.000007,]
[14,16,]   334   0.000168429   -8.00438e-040   2.84657e-039   [-0.000012,0.000008,]
[15,16,]   335   8.22239e-005   -1.23815e-039   3.30201e-039   [-0.000010,0.000009,]
[16,16,]   336   3.39109e-005   -1.76919e-039   3.84855e-039   [-0.000009,0.000009,]
[17,16,]   337   1.17535e-005   -2.40559e-039   4.48618e-039   [-0.000008,0.000009,]
[18,16,]   338   3.41757e-006   -3.11401e-039   5.2149e-039   [-0.000004,0.000009,]
[19,16,]   339   8.17578e-007   -5.35986e-039   6.03471e-039   [0.000000,0.000009,]
[0,17,]   340   2.94681e-007   -6.08876e-039   7.84081e-039   [-0.000005,-0.000007,]
[1,17,]   341   1.14322e-006   -3.85592e-039   8.20494e-039   [-0.000011,-0.000008,]
[2,17,]   342   3.96587e-006   -3.06804e-039   8.8122e-039   [-0.000006,-0.000008,]
[3,17,]   343   1.16653e-005   -2.42038e-039   8.99007e-039   [-0.000005,-0.000008,]
[4,17,]   344   2.89562e-005   -1.87758e-039   8.2228e-039   [-0.000006,-0.000007,]
[5,17,]   345   6.08399e-005   -1.43149e-039   6.65644e-039   [-0.000008,-0.000007,]
[6,17,]   346   0.000108803   -1.07926e-039   4.9496e-039   [-0.000011,-0.000006,]
[7,17,]   347   0.000166835   -8.15309e-040   3.66853e-039   [-0.000013,-0.000005,]
[8,17,]   348   0.000220966   -6.37081e-040   2.95195e-039   [-0.000014,-0.000003,]
[9,17,]   349   0.000254267   -5.4511e-040   2.65164e-039   [-0.000015,-0.000001,]
[10,17,]   350   0.000254959   -5.41018e-040   2.58992e-039   [-0.000015,0.000001,]
[11,17,]   351   0.000222643   -6.25851e-040   2.66713e-039   [-0.000015,0.000003,]
[12,17,]   352   0.000168657   -7.99768e-040   2.84692e-039   [-0.000014,0.000005,]
[13,17,]   353   0.000110157   -1.06274e-039   3.11987e-039   [-0.000013,0.000006,]
[14,17,]   354   6.16146e-005   -1.4155e-039   3.4842e-039   [-0.000011,0.000007,]
[15,17,]   355   2.93285e-005   -1.85992e-039   3.93964e-039   [-0.000010,0.000007,]
[16,17,]   356   1.18192e-005   -2.39742e-039   4.48618e-039   [-0.000009,0.000008,]
[17,17,]   357   4.01341e-006   -3.04021e-039   5.12381e-039   [-0.000008,0.000008,]
[18,17,]   358   1.14643e-006   -3.75452e-039   5.85253e-039   [-0.000004,0.000008,]
[19,17,]   359   2.70167e-007   -6.11917e-039   6.67234e-039   [0.000000,0.000008,]
[0,18,]   360   8.19675e-008   -6.91753e-039   8.56953e-039   [-0.000005,-0.000003,]
[1,18,]   361   3.21445e-007   -4.57904e-039   8.93366e-039   [-0.000011,-0.000003,]
[2,18,]   362   1.1326e-006   -3.7829e-039   9.54092e-039   [-0.000006,-0.000004,]
[3,18,]   363   3.39125e-006   -3.12932e-039   9.71879e-039   [-0.000005,-0.000004,]
[4,18,]   364   8.58469e-006   -2.58146e-039   8.95152e-039   [-0.000006,-0.000004,]
[5,18,]   365   1.84156e-005   -2.13172e-039   7.38516e-039   [-0.000007,-0.000003,]
[6,18,]   366   3.36203e-005   -1.7783e-039   5.67832e-039   [-0.000010,-0.000003,]
[7,18,]   367   5.25235e-005   -1.51636e-039   4.39725e-039   [-0.000012,-0.000002,]
[8,18,]   368   7.05769e-005   -1.34359e-039   3.68067e-039   [-0.000013,-0.000001,]
[9,18,]   369   8.18733e-005   -1.26e-039   3.38036e-039   [-0.000013,0.000001,]
[10,18,]   370   8.21353e-005   -1.26627e-039   3.31864e-039   [-0.000014,0.000002,]
[11,18,]   371   7.12179e-005   -1.36252e-039   3.39585e-039   [-0.000013,0.000004,]
[12,18,]   372   5.32351e-005   -1.54825e-039   3.57564e-039   [-0.000013,0.000006,]
[13,18,]   373   3.41675e-005   -1.82302e-039   3.84859e-039   [-0.000012,0.000007,]
[14,18,]   374   1.87421e-005   -2.18714e-039   4.21292e-039   [-0.000011,0.000008,]
[15,18,]   375   8.74639e-006   -2.64209e-039   4.66836e-039   [-0.000010,0.000009,]
[16,18,]   376   3.45865e-006   -3.18898e-039   5.2149e-039   [-0.000009,0.000009,]
[17,18,]   377   1.15411e-006   -3.84033e-039   5.85253e-039   [-0.000008,0.000010,]
[18,18,]   378   3.24542e-007   -4.56299e-039   6.58125e-039   [-0.000003,0.000010,]
[19,18,]   379   7.54866e-008   -7.03767e-039   7.40106e-039   [0.000001,0.000011,]
[0,19,]   380   1.89375e-008   -9.54444e-039   9.38934e-039   [-0.000005,0.000001,]
[1,19,]   381   7.47658e-008   -7.05509e-039   9.75347e-039   [-0.000012,0.000001,]
[2,19,]   382   2.66858e-007   -6.14958e-039   1.03607e-038   [-0.000006,0.000000,]
[3,19,]   383   8.11149e-007   -5.37686e-039   1.05386e-038   [-0.000005,0.000000,]
[4,19,]   384   2.08823e-006   -4.69932e-039   9.77133e-039   [-0.000006,0.000000,]
[5,19,]   385   4.56184e-006   -4.11386e-039   8.20497e-039   [-0.000007,0.000000,]
[6,19,]   386   8.48563e-006   -3.62709e-039   6.49813e-039   [-0.000009,0.000000,]
[7,19,]   387   1.34978e-005   -3.24561e-039   5.21706e-039   [-0.000011,0.000001,]
[8,19,]   388   1.84272e-005   -2.98022e-039   4.50048e-039   [-0.000012,0.000002,]
[9,19,]   389   2.16393e-005   -2.84277e-039   4.20017e-039   [-0.000012,0.000003,]
[10,19,]   390   2.18714e-005   -2.84085e-039   4.13845e-039   [-0.000012,0.000004,]
[11,19,]   391   1.90079e-005   -2.97431e-039   4.21566e-039   [-0.000012,0.000005,]
[12,19,]   392   1.41718e-005   -3.23559e-039   4.39545e-039   [-0.000011,0.000007,]
[13,19,]   393   9.03627e-006   -3.61297e-039   4.6684e-039   [-0.000010,0.000008,]
[14,19,]   394   4.91024e-006   -4.09472e-039   5.03273e-039   [-0.000009,0.000009,]
[15,19,]   395   2.26609e-006   -4.67211e-039   5.48817e-039   [-0.000009,0.000010,]
[16,19,]   396   8.85493e-007   -5.33884e-039   6.03471e-039   [-0.000008,0.000011,]
[17,19,]   397   2.9195e-007   -6.10356e-039   6.67234e-039   [-0.000007,0.000012,]
[18,19,]   398   8.11513e-008   -6.93428e-039   7.40106e-039   [-0.000003,0.000013,]
[19,19,]   399   1.87249e-008   -9.56956e-039   8.22087e-039   [0.000001,0.000013,]
