coordinates  index   rho      Q      V    velocities 
[0,0,]   0   4.18567e-008   -8.91071e-039   8.22087e-039   [0.000020,0.000007,]
[1,0,]   1   1.22346e-007   -7.08331e-039   7.40106e-039   [-0.000007,0.000007,]
[2,0,]   2   4.21804e-007   -6.00302e-039   6.67234e-039   [0.000005,0.000008,]
[3,0,]   3   1.28648e-006   -5.12788e-039   6.03471e-039   [0.000006,0.000008,]
[4,0,]   4   3.26975e-006   -4.50683e-039   5.48817e-039   [0.000007,0.000008,]
[5,0,]   5   7.00553e-006   -3.96734e-039   5.03272e-039   [0.000008,0.000009,]
[6,0,]   6   1.26852e-005   -3.53146e-039   4.66836e-039   [0.000009,0.000010,]
[7,0,]   7   1.94888e-005   -3.20267e-039   4.39509e-039   [0.000010,0.000010,]
[8,0,]   8   2.55142e-005   -2.98871e-039   4.21291e-039   [0.000011,0.000012,]
[9,0,]   9   2.86108e-005   -2.89519e-039   4.12182e-039   [0.000012,0.000013,]
[10,0,]   10   2.76285e-005   -2.92022e-039   4.12182e-039   [0.000013,0.000014,]
[11,0,]   11   2.30774e-005   -3.05941e-039   4.21291e-039   [0.000013,0.000015,]
[12,0,]   12   1.67122e-005   -3.30843e-039   4.39509e-039   [0.000013,0.000017,]
[13,0,]   13   1.04852e-005   -3.65655e-039   4.66836e-039   [0.000012,0.000017,]
[14,0,]   14   5.68035e-006   -4.09484e-039   5.03272e-039   [0.000012,0.000018,]
[15,0,]   15   2.64357e-006   -4.61838e-039   5.48817e-039   [0.000011,0.000019,]
[16,0,]   16   1.05063e-006   -5.21395e-039   6.03471e-039   [0.000010,0.000019,]
[17,0,]   17   3.51767e-007   -5.97592e-039   6.67234e-039   [0.000010,0.000019,]
[18,0,]   18   1.0049e-007   -7.21179e-039   7.40106e-039   [0.000021,0.000020,]
[19,0,]   19   3.26551e-008   -9.23608e-039   8.22087e-039   [0.000031,0.000020,]
[0,1,]   20   1.05603e-007   -7.39482e-039   7.40106e-039   [0.000020,-0.000020,]
[1,1,]   21   3.15876e-007   -5.44035e-039   6.58125e-039   [-0.000006,-0.000019,]
[2,1,]   22   1.09959e-006   -4.41648e-039   5.85253e-039   [0.000006,-0.000018,]
[3,1,]   23   3.38663e-006   -3.59307e-039   5.2149e-039   [0.000008,-0.000017,]
[4,1,]   24   8.71201e-006   -3.02051e-039   4.66836e-039   [0.000009,-0.000016,]
[5,1,]   25   1.89483e-005   -2.52496e-039   4.21291e-039   [0.000011,-0.000015,]
[6,1,]   26   3.49392e-005   -2.12468e-039   3.84855e-039   [0.000012,-0.000013,]
[7,1,]   27   5.48185e-005   -1.81843e-039   3.57528e-039   [0.000012,-0.000011,]
[8,1,]   28   7.34442e-005   -1.60895e-039   3.3931e-039   [0.000013,-0.000009,]
[9,1,]   29   8.43257e-005   -1.49932e-039   3.30201e-039   [0.000014,-0.000007,]
[10,1,]   30   8.32475e-005   -1.48883e-039   3.30201e-039   [0.000014,-0.000006,]
[11,1,]   31   7.08308e-005   -1.57506e-039   3.3931e-039   [0.000013,-0.000004,]
[12,1,]   32   5.19644e-005   -1.75965e-039   3.57528e-039   [0.000013,-0.000003,]
[13,1,]   33   3.28254e-005   -2.03859e-039   3.84855e-039   [0.000012,-0.000003,]
[14,1,]   34   1.78001e-005   -2.40971e-039   4.21291e-039   [0.000011,-0.000003,]
[15,1,]   35   8.25239e-006   -2.87229e-039   4.66836e-039   [0.000010,-0.000003,]
[16,1,]   36   3.25624e-006   -3.41467e-039   5.2149e-039   [0.000009,-0.000003,]
[17,1,]   37   1.08004e-006   -4.13086e-039   5.85253e-039   [0.000009,-0.000004,]
[18,1,]   38   3.05204e-007   -5.31517e-039   6.58125e-039   [0.000020,-0.000005,]
[19,1,]   39   9.73386e-008   -7.43372e-039   7.40106e-039   [0.000030,-0.000006,]
[0,2,]   40   3.47542e-007   -6.13558e-039   6.67234e-039   [0.000019,-0.000011,]
[1,2,]   41   1.05206e-006   -4.23153e-039   5.85253e-039   [-0.000005,-0.000009,]
[2,2,]   42   3.61544e-006   -3.25897e-039   5.12381e-039   [0.000007,-0.000009,]
[3,2,]   43   1.0956e-005   -2.47332e-039   4.48618e-039   [0.000008,-0.000009,]
[4,2,]   44   2.77266e-005   -1.9343e-039   3.93964e-039   [0.000010,-0.000009,]
[5,2,]   45   5.93399e-005   -1.47458e-039   3.48419e-039   [0.000011,-0.000008,]
[6,2,]   46   0.000107802   -1.11188e-039   3.11983e-039   [0.000013,-0.000007,]
[7,2,]   47   0.000167084   -8.42302e-040   2.84656e-039   [0.000014,-0.000006,]
[8,2,]   48   0.000222037   -6.69667e-040   2.66438e-039   [0.000015,-0.000004,]
[9,2,]   49   0.000254225   -5.92803e-040   2.57329e-039   [0.000016,-0.000002,]
[10,2,]   50   0.000251739   -6.08893e-040   2.57329e-039   [0.000016,0.000000,]
[11,2,]   51   0.00021608   -7.16198e-040   2.66438e-039   [0.000015,0.000002,]
[12,2,]   52   0.000160763   -9.07552e-040   2.84656e-039   [0.000014,0.000004,]
[13,2,]   53   0.000103332   -1.18375e-039   3.11983e-039   [0.000013,0.000005,]
[14,2,]   54   5.70981e-005   -1.54196e-039   3.48419e-039   [0.000011,0.000006,]
[15,2,]   55   2.69693e-005   -1.98517e-039   3.93964e-039   [0.000010,0.000007,]
[16,2,]   56   1.0828e-005   -2.5047e-039   4.48618e-039   [0.000009,0.000007,]
[17,2,]   57   3.64915e-006   -3.19303e-039   5.12381e-039   [0.000009,0.000007,]
[18,2,]   58   1.04582e-006   -4.32817e-039   5.85253e-039   [0.000019,0.000006,]
[19,2,]   59   3.32834e-007   -6.35812e-039   6.67234e-039   [0.000028,0.000005,]
[0,3,]   60   1.01433e-006   -5.3054e-039   6.03471e-039   [0.000019,-0.000010,]
[1,3,]   61   3.10081e-006   -3.45588e-039   5.2149e-039   [-0.000004,-0.000009,]
[2,3,]   62   1.04761e-005   -2.5164e-039   4.48618e-039   [0.000007,-0.000009,]
[3,3,]   63   3.10679e-005   -1.74805e-039   3.84855e-039   [0.000009,-0.000009,]
[4,3,]   64   7.68483e-005   -1.219e-039   3.30201e-039   [0.000010,-0.000009,]
[5,3,]   65   0.000160595   -7.6945e-040   2.84656e-039   [0.000012,-0.000008,]
[6,3,]   66   0.000285011   -4.14261e-040   2.4822e-039   [0.000014,-0.000007,]
[7,3,]   67   0.000432662   -1.52173e-040   2.20893e-039   [0.000016,-0.000006,]
[8,3,]   68   0.000566343   2.00726e-041   2.02675e-039   [0.000017,-0.000004,]
[9,3,]   69   0.000643954   9.44699e-041   1.93566e-039   [0.000018,-0.000002,]
[10,3,]   70   0.000639069   7.19782e-041   1.93566e-039   [0.000018,0.000001,]
[11,3,]   71   0.000555162   -2.77396e-041   2.02675e-039   [0.000017,0.000004,]
[12,3,]   72   0.000421425   -2.11024e-040   2.20893e-039   [0.000016,0.000006,]
[13,3,]   73   0.000277803   -4.71526e-040   2.4822e-039   [0.000014,0.000007,]
[14,3,]   74   0.000157674   -8.14484e-040   2.84656e-039   [0.000012,0.000008,]
[15,3,]   75   7.6426e-005   -1.24195e-039   3.30201e-039   [0.000010,0.000009,]
[16,3,]   76   3.14132e-005   -1.74827e-039   3.84855e-039   [0.000009,0.000009,]
[17,3,]   77   1.08104e-005   -2.42219e-039   4.48618e-039   [0.000009,0.000008,]
[18,3,]   78   3.15464e-006   -3.51955e-039   5.2149e-039   [0.000018,0.000008,]
[19,3,]   79   1.00184e-006   -5.46288e-039   6.03471e-039   [0.000026,0.000006,]
[0,4,]   80   2.49066e-006   -4.69877e-039   5.48817e-039   [0.000019,-0.000011,]
[1,4,]   81   7.6793e-006   -2.91063e-039   4.66836e-039   [-0.000004,-0.000010,]
[2,4,]   82   2.5451e-005   -1.99852e-039   3.93964e-039   [0.000007,-0.000010,]
[3,4,]   83   7.35955e-005   -1.24487e-039   3.30201e-039   [0.000009,-0.000010,]
[4,4,]   84   0.000176995   -7.23098e-040   2.75547e-039   [0.000011,-0.000010,]
[5,4,]   85   0.000358578   -2.79943e-040   2.30002e-039   [0.000013,-0.000010,]
[6,4,]   86   0.000615983   6.67824e-041   1.93566e-039   [0.000015,-0.000009,]
[7,4,]   87   0.000906876   3.29218e-040   1.66239e-039   [0.000017,-0.000008,]
[8,4,]   88   0.00115844   4.9546e-040   1.48021e-039   [0.000020,-0.000005,]
[9,4,]   89   0.00130249   5.87448e-040   1.38912e-039   [0.000021,-0.000002,]
[10,4,]   90   0.00129721   5.70897e-040   1.38912e-039   [0.000021,0.000002,]
[11,4,]   91   0.00114558   4.50657e-040   1.48021e-039   [0.000020,0.000006,]
[12,4,]   92   0.000894955   2.75814e-040   1.66239e-039   [0.000018,0.000008,]
[13,4,]   93   0.000610415   2.29447e-041   1.93566e-039   [0.000015,0.000010,]
[14,4,]   94   0.000358609   -3.07076e-040   2.30002e-039   [0.000013,0.000011,]
[15,4,]   95   0.000179368   -7.25552e-040   2.75547e-039   [0.000010,0.000011,]
[16,4,]   96   7.57531e-005   -1.22522e-039   3.30201e-039   [0.000009,0.000011,]
[17,4,]   97   2.66805e-005   -1.89114e-039   3.93964e-039   [0.000008,0.000010,]
[18,4,]   98   7.93661e-006   -2.95286e-039   4.66836e-039   [0.000017,0.000010,]
[19,4,]   99   2.50963e-006   -4.80804e-039   5.48817e-039   [0.000024,0.000007,]
[0,5,]   100   5.21383e-006   -4.16262e-039   5.03272e-039   [0.000018,-0.000012,]
[1,5,]   101   1.61772e-005   -2.44453e-039   4.21291e-039   [-0.000003,-0.000011,]
[2,5,]   102   5.24874e-005   -1.55808e-039   3.48419e-039   [0.000006,-0.000011,]
[3,5,]   103   0.000147431   -8.23185e-040   2.84656e-039   [0.000008,-0.000012,]
[4,5,]   104   0.000342642   -3.11649e-040   2.30002e-039   [0.000011,-0.000012,]
[5,5,]   105   0.000666549   1.15159e-040   1.84457e-039   [0.000013,-0.000013,]
[6,5,]   106   0.00109373   4.5111e-040   1.48021e-039   [0.000016,-0.000012,]
[7,5,]   107   0.0015349   6.92604e-040   1.20694e-039   [0.000020,-0.000011,]
[8,5,]   108   0.00188169   8.66629e-040   1.02476e-039   [0.000023,-0.000007,]
[9,5,]   109   0.00206639   9.49679e-040   9.33673e-040   [0.000026,-0.000003,]
[10,5,]   110   0.0020686   9.40751e-040   9.33673e-040   [0.000026,0.000002,]
[11,5,]   111   0.00188291   8.21431e-040   1.02476e-039   [0.000024,0.000008,]
[12,5,]   112   0.00153896   6.49556e-040   1.20694e-039   [0.000020,0.000011,]
[13,5,]   113   0.00110312   4.2561e-040   1.48021e-039   [0.000016,0.000013,]
[14,5,]   114   0.00067831   1.11672e-040   1.84457e-039   [0.000013,0.000013,]
[15,5,]   115   0.000352711   -2.92101e-040   2.30002e-039   [0.000010,0.000013,]
[16,5,]   116   0.000153728   -7.844e-040   2.84656e-039   [0.000008,0.000012,]
[17,5,]   117   5.55458e-005   -1.44121e-039   3.48419e-039   [0.000008,0.000012,]
[18,5,]   118   1.68599e-005   -2.46205e-039   4.21291e-039   [0.000015,0.000011,]
[19,5,]   119   5.29116e-006   -4.22877e-039   5.03272e-039   [0.000022,0.000008,]
[0,6,]   120   9.37462e-006   -3.71073e-039   4.66836e-039   [0.000017,-0.000013,]
[1,6,]   121   2.91586e-005   -2.06905e-039   3.84855e-039   [-0.000003,-0.000012,]
[2,6,]   122   9.25358e-005   -1.20339e-039   3.11983e-039   [0.000005,-0.000013,]
[3,6,]   123   0.000251914   -4.87316e-040   2.4822e-039   [0.000007,-0.000014,]
[4,6,]   124   0.000562821   7.26958e-042   1.93566e-039   [0.000010,-0.000015,]
[5,6,]   125   0.00104103   4.18036e-040   1.48021e-039   [0.000013,-0.000016,]
[6,6,]   126   0.00160223   7.12151e-040   1.11585e-039   [0.000017,-0.000016,]
[7,6,]   127   0.00208859   9.44405e-040   8.42583e-040   [0.000022,-0.000015,]
[8,6,]   128   0.00237007   1.03595e-039   6.60403e-040   [0.000027,-0.000012,]
[9,6,]   129   0.00248077   1.13728e-039   5.69313e-040   [0.000032,-0.000004,]
[10,6,]   130   0.00250507   1.17175e-039   5.69313e-040   [0.000033,0.000004,]
[11,6,]   131   0.00241792   1.06265e-039   6.60403e-040   [0.000029,0.000012,]
[12,6,]   132   0.00213649   9.31189e-040   8.42583e-040   [0.000023,0.000016,]
[13,6,]   133   0.00164482   7.11778e-040   1.11585e-039   [0.000017,0.000017,]
[14,6,]   134   0.00107389   4.29601e-040   1.48021e-039   [0.000012,0.000016,]
[15,6,]   135   0.000584924   4.03398e-041   1.93566e-039   [0.000009,0.000015,]
[16,6,]   136   0.000264098   -4.40931e-040   2.4822e-039   [0.000007,0.000014,]
[17,6,]   137   9.80361e-005   -1.08865e-039   3.11983e-039   [0.000007,0.000013,]
[18,6,]   138   3.03629e-005   -2.06385e-039   3.84855e-039   [0.000013,0.000012,]
[19,6,]   139   9.41874e-006   -3.74741e-039   4.66836e-039   [0.000020,0.000009,]
[0,7,]   140   1.45925e-005   -3.34929e-039   4.39509e-039   [0.000017,-0.000013,]
[1,7,]   141   4.52457e-005   -1.78534e-039   3.57528e-039   [-0.000003,-0.000013,]
[2,7,]   142   0.000140619   -9.30243e-040   2.84656e-039   [0.000004,-0.000014,]
[3,7,]   143   0.000371288   -2.34778e-040   2.20893e-039   [0.000006,-0.000016,]
[4,7,]   144   0.000796356   2.48833e-040   1.66239e-039   [0.000008,-0.000018,]
[5,7,]   145   0.00138986   6.22108e-040   1.20694e-039   [0.000011,-0.000020,]
[6,7,]   146   0.00197166   8.91785e-040   8.42583e-040   [0.000016,-0.000022,]
[7,7,]   147   0.00228906   9.92568e-040   5.69313e-040   [0.000023,-0.000023,]
[8,7,]   148   0.00226423   9.88759e-040   3.87133e-040   [0.000034,-0.000018,]
[9,7,]   149   0.00209372   6.98358e-040   2.96043e-040   [0.000044,-0.000007,]
[10,7,]   150   0.00212821   9.16186e-040   2.96043e-040   [0.000045,0.000010,]
[11,7,]   151   0.00234869   1.03592e-039   3.87133e-040   [0.000035,0.000021,]
[12,7,]   152   0.00238911   1.02049e-039   5.69313e-040   [0.000024,0.000023,]
[13,7,]   153   0.00205123   9.02436e-040   8.42583e-040   [0.000016,0.000022,]
[14,7,]   154   0.00144312   6.4437e-040   1.20694e-039   [0.000011,0.000020,]
[15,7,]   155   0.000828236   2.81639e-040   1.66239e-039   [0.000008,0.000018,]
[16,7,]   156   0.000387818   -1.9126e-040   2.20893e-039   [0.000006,0.000016,]
[17,7,]   157   0.000147793   -8.28102e-040   2.84656e-039   [0.000005,0.000014,]
[18,7,]   158   4.66189e-005   -1.75592e-039   3.57528e-039   [0.000011,0.000013,]
[19,7,]   159   1.42293e-005   -3.37053e-039   4.39509e-039   [0.000017,0.000010,]
[0,8,]   160   1.97941e-005   -3.09014e-039   4.21291e-039   [0.000015,-0.000013,]
[1,8,]   161   6.07662e-005   -1.59722e-039   3.3931e-039   [-0.000004,-0.000013,]
[2,8,]   162   0.000185658   -7.42866e-040   2.66438e-039   [0.000002,-0.000015,]
[3,8,]   163   0.000478149   -5.75855e-041   2.02675e-039   [0.000004,-0.000017,]
[4,8,]   164   0.000989424   4.05547e-040   1.48021e-039   [0.000006,-0.000020,]
[5,8,]   165   0.00163503   7.71164e-040   1.02476e-039   [0.000008,-0.000023,]
[6,8,]   166   0.00211353   9.23415e-040   6.60403e-040   [0.000013,-0.000028,]
[7,8,]   167   0.00210752   8.54678e-040   3.87133e-040   [0.000022,-0.000033,]
[8,8,]   168   0.00162754   2.3242e-040   2.04953e-040   [0.000039,-0.000035,]
[9,8,]   169   0.00117442   -3.06785e-040   1.13863e-040   [0.000068,-0.000017,]
[10,8,]   170   0.00111117   -1.36699e-039   1.13863e-040   [0.000069,0.000028,]
[11,8,]   171   0.00171764   4.11777e-040   2.04953e-040   [0.000038,0.000040,]
[12,8,]   172   0.00224355   1.05046e-039   3.87133e-040   [0.000021,0.000035,]
[13,8,]   173   0.00221298   9.99778e-040   6.60403e-040   [0.000012,0.000029,]
[14,8,]   174   0.00168948   7.84082e-040   1.02476e-039   [0.000007,0.000024,]
[15,8,]   175   0.001019   4.24896e-040   1.48021e-039   [0.000005,0.000020,]
[16,8,]   176   0.00049294   -3.09959e-041   2.02675e-039   [0.000004,0.000017,]
[17,8,]   177   0.000191968   -6.6014e-040   2.66438e-039   [0.000004,0.000015,]
[18,8,]   178   6.14028e-005   -1.54113e-039   3.3931e-039   [0.000009,0.000013,]
[19,8,]   179   1.83594e-005   -3.11253e-039   4.21291e-039   [0.000015,0.000011,]
[0,9,]   180   2.34872e-005   -2.94736e-039   4.12182e-039   [0.000014,-0.000013,]
[1,9,]   181   7.08923e-005   -1.51054e-039   3.30201e-039   [-0.000005,-0.000014,]
[2,9,]   182   0.000214351   -6.39455e-040   2.57329e-039   [0.000000,-0.000016,]
[3,9,]   183   0.000543971   3.34672e-041   1.93566e-039   [0.000001,-0.000018,]
[4,9,]   184   0.00110281   5.06109e-040   1.38912e-039   [0.000002,-0.000021,]
[5,9,]   185   0.00175764   8.27147e-040   9.33673e-040   [0.000003,-0.000026,]
[6,9,]   186   0.00213358   9.40712e-040   5.69313e-040   [0.000006,-0.000033,]
[7,9,]   187   0.00185265   5.74371e-040   2.96043e-040   [0.000013,-0.000045,]
[8,9,]   188   0.00102871   -1.57501e-039   1.13863e-040   [0.000028,-0.000072,]
[9,9,]   189   0.000375092   -8.44164e-039   2.27725e-041   [0.000116,-0.000115,]
[10,9,]   190   0.000359321   -9.68045e-039   2.27725e-041   [0.000111,0.000123,]
[11,9,]   191   0.00114366   -2.07354e-040   1.13863e-040   [0.000021,0.000075,]
[12,9,]   192   0.00193138   6.74876e-040   2.96043e-040   [0.000009,0.000047,]
[13,9,]   193   0.00218126   9.74275e-040   5.69313e-040   [0.000004,0.000033,]
[14,9,]   194   0.0017792   8.11859e-040   9.33673e-040   [0.000002,0.000026,]
[15,9,]   195   0.00111424   5.03991e-040   1.38912e-039   [0.000001,0.000021,]
[16,9,]   196   0.00054998   4.53016e-041   1.93566e-039   [0.000001,0.000018,]
[17,9,]   197   0.000216804   -5.80455e-040   2.57329e-039   [0.000001,0.000016,]
[18,9,]   198   6.98002e-005   -1.4246e-039   3.30201e-039   [0.000007,0.000014,]
[19,9,]   199   2.03794e-005   -2.99051e-039   4.12182e-039   [0.000013,0.000012,]
[0,10,]   200   2.43671e-005   -2.92791e-039   4.12182e-039   [0.000013,-0.000012,]
[1,10,]   201   7.19166e-005   -1.52523e-039   3.30201e-039   [-0.000007,-0.000014,]
[2,10,]   202   0.00021692   -6.28013e-040   2.57329e-039   [-0.000002,-0.000016,]
[3,10,]   203   0.000549852   4.33188e-041   1.93566e-039   [-0.000001,-0.000018,]
[4,10,]   204   0.00111411   5.03808e-040   1.38912e-039   [-0.000001,-0.000021,]
[5,10,]   205   0.00177919   8.12122e-040   9.33673e-040   [-0.000002,-0.000026,]
[6,10,]   206   0.00218126   9.7428e-040   5.69313e-040   [-0.000004,-0.000033,]
[7,10,]   207   0.00193138   6.74881e-040   2.96043e-040   [-0.000009,-0.000047,]
[8,10,]   208   0.00114366   -2.07356e-040   1.13863e-040   [-0.000021,-0.000075,]
[9,10,]   209   0.000359321   -9.68045e-039   2.27725e-041   [-0.000111,-0.000123,]
[10,10,]   210   0.000375092   -8.44164e-039   2.27725e-041   [-0.000116,0.000115,]
[11,10,]   211   0.00102871   -1.575e-039   1.13863e-040   [-0.000028,0.000072,]
[12,10,]   212   0.00185265   5.74366e-040   2.96043e-040   [-0.000013,0.000045,]
[13,10,]   213   0.00213358   9.40703e-040   5.69313e-040   [-0.000006,0.000033,]
[14,10,]   214   0.00175764   8.2689e-040   9.33673e-040   [-0.000003,0.000026,]
[15,10,]   215   0.00110294   5.06303e-040   1.38912e-039   [-0.000002,0.000021,]
[16,10,]   216   0.000544095   3.56929e-041   1.93566e-039   [-0.000002,0.000018,]
[17,10,]   217   0.000214205   -5.92544e-040   2.57329e-039   [-0.000001,0.000016,]
[18,10,]   218   6.879e-005   -1.40967e-039   3.30201e-039   [0.000006,0.000014,]
[19,10,]   219   1.95932e-005   -3.01232e-039   4.12182e-039   [0.000012,0.000013,]
[0,11,]   220   2.19996e-005   -3.03633e-039   4.21291e-039   [0.000012,-0.000011,]
[1,11,]   221   6.33031e-005   -1.64223e-039   3.3931e-039   [-0.000009,-0.000013,]
[2,11,]   222   0.00019205   -7.09285e-040   2.66438e-039   [-0.000004,-0.000015,]
[3,11,]   223   0.000492824   -3.27913e-041   2.02675e-039   [-0.000004,-0.000017,]
[4,11,]   224   0.00101888   4.24714e-040   1.48021e-039   [-0.000005,-0.000020,]
[5,11,]   225   0.00168948   7.84345e-040   1.02476e-039   [-0.000007,-0.000024,]
[6,11,]   226   0.00221298   9.99781e-040   6.60403e-040   [-0.000012,-0.000029,]
[7,11,]   227   0.00224356   1.05047e-039   3.87133e-040   [-0.000021,-0.000035,]
[8,11,]   228   0.00171764   4.11776e-040   2.04953e-040   [-0.000038,-0.000040,]
[9,11,]   229   0.00111117   -1.36698e-039   1.13863e-040   [-0.000069,-0.000028,]
[10,11,]   230   0.00117442   -3.06782e-040   1.13863e-040   [-0.000068,0.000017,]
[11,11,]   231   0.00162754   2.32424e-040   2.04953e-040   [-0.000039,0.000035,]
[12,11,]   232   0.00210751   8.54676e-040   3.87133e-040   [-0.000022,0.000033,]
[13,11,]   233   0.00211353   9.23405e-040   6.60403e-040   [-0.000013,0.000028,]
[14,11,]   234   0.00163504   7.7092e-040   1.02476e-039   [-0.000008,0.000023,]
[15,11,]   235   0.000989541   4.05767e-040   1.48021e-039   [-0.000006,0.000020,]
[16,11,]   236   0.000478255   -5.50665e-041   2.02675e-039   [-0.000004,0.000017,]
[17,11,]   237   0.000185498   -6.95643e-040   2.66438e-039   [-0.000003,0.000015,]
[18,11,]   238   5.88991e-005   -1.4956e-039   3.3931e-039   [0.000005,0.000013,]
[19,11,]   239   1.63928e-005   -3.17418e-039   4.21291e-039   [0.000012,0.000013,]
[0,12,]   240   1.71542e-005   -3.26853e-039   4.39509e-039   [0.000010,-0.000010,]
[1,12,]   241   4.81224e-005   -1.85841e-039   3.57528e-039   [-0.000011,-0.000012,]
[2,12,]   242   0.000147844   -8.79581e-040   2.84656e-039   [-0.000006,-0.000014,]
[3,12,]   243   0.000387725   -1.9292e-040   2.20893e-039   [-0.000006,-0.000016,]
[4,12,]   244   0.000828142   2.81445e-040   1.66239e-039   [-0.000008,-0.000018,]
[5,12,]   245   0.00144312   6.44627e-040   1.20694e-039   [-0.000011,-0.000020,]
[6,12,]   246   0.00205123   9.02432e-040   8.42583e-040   [-0.000016,-0.000022,]
[7,12,]   247   0.00238911   1.02049e-039   5.69313e-040   [-0.000024,-0.000023,]
[8,12,]   248   0.00234869   1.03591e-039   3.87133e-040   [-0.000035,-0.000021,]
[9,12,]   249   0.00212821   9.16181e-040   2.96043e-040   [-0.000045,-0.000010,]
[10,12,]   250   0.00209372   6.98354e-040   2.96043e-040   [-0.000044,0.000007,]
[11,12,]   251   0.00226423   9.88756e-040   3.87133e-040   [-0.000034,0.000018,]
[12,12,]   252   0.00228906   9.92561e-040   5.69313e-040   [-0.000023,0.000023,]
[13,12,]   253   0.00197166   8.91768e-040   8.42583e-040   [-0.000016,0.000022,]
[14,12,]   254   0.00138987   6.21872e-040   1.20694e-039   [-0.000011,0.000020,]
[15,12,]   255   0.00079645   2.49078e-040   1.66239e-039   [-0.000008,0.000018,]
[16,12,]   256   0.000371368   -2.31944e-040   2.20893e-039   [-0.000006,0.000016,]
[17,12,]   257   0.00014047   -8.81892e-040   2.84656e-039   [-0.000004,0.000014,]
[18,12,]   258   4.37751e-005   -1.68275e-039   3.57528e-039   [0.000004,0.000013,]
[19,12,]   259   1.1953e-005   -3.46702e-039   4.39509e-039   [0.000012,0.000013,]
[0,13,]   260   1.14531e-005   -3.61284e-039   4.66836e-039   [0.000010,-0.000009,]
[1,13,]   261   3.13943e-005   -2.16868e-039   3.84855e-039   [-0.000013,-0.000012,]
[2,13,]   262   9.80635e-005   -1.14291e-039   3.11983e-039   [-0.000007,-0.000013,]
[3,13,]   263   0.000264034   -4.42497e-040   2.4822e-039   [-0.000008,-0.000014,]
[4,13,]   264   0.000584858   4.01191e-041   1.93566e-039   [-0.000009,-0.000015,]
[5,13,]   265   0.00107389   4.29843e-040   1.48021e-039   [-0.000012,-0.000016,]
[6,13,]   266   0.00164482   7.1176e-040   1.11585e-039   [-0.000017,-0.000017,]
[7,13,]   267   0.00213649   9.31178e-040   8.42583e-040   [-0.000023,-0.000016,]
[8,13,]   268   0.00241792   1.06264e-039   6.60403e-040   [-0.000029,-0.000012,]
[9,13,]   269   0.00250507   1.17174e-039   5.69313e-040   [-0.000033,-0.000004,]
[10,13,]   270   0.00248077   1.13728e-039   5.69313e-040   [-0.000032,0.000004,]
[11,13,]   271   0.00237007   1.03595e-039   6.60403e-040   [-0.000027,0.000012,]
[12,13,]   272   0.00208859   9.44402e-040   8.42583e-040   [-0.000022,0.000015,]
[13,13,]   273   0.00160223   7.12139e-040   1.11585e-039   [-0.000017,0.000016,]
[14,13,]   274   0.00104104   4.17817e-040   1.48021e-039   [-0.000013,0.000016,]
[15,13,]   275   0.000562888   7.55014e-042   1.93566e-039   [-0.000010,0.000015,]
[16,13,]   276   0.000251967   -4.84161e-040   2.4822e-039   [-0.000008,0.000014,]
[17,13,]   277   9.24185e-005   -1.15331e-039   3.11983e-039   [-0.000006,0.000013,]
[18,13,]   278   2.8146e-005   -1.96527e-039   3.84855e-039   [0.000004,0.000012,]
[19,13,]   279   7.57832e-006   -3.87167e-039   4.66836e-039   [0.000013,0.000013,]
[0,14,]   280   6.49773e-006   -4.05941e-039   5.03272e-039   [0.000009,-0.000008,]
[1,14,]   281   1.74645e-005   -2.57008e-039   4.21291e-039   [-0.000015,-0.000011,]
[2,14,]   282   5.55586e-005   -1.49855e-039   3.48419e-039   [-0.000008,-0.000012,]
[3,14,]   283   0.000153692   -7.86072e-040   2.84656e-039   [-0.000008,-0.000012,]
[4,14,]   284   0.000352673   -2.92533e-040   2.30002e-039   [-0.000010,-0.000013,]
[5,14,]   285   0.000678316   1.11711e-040   1.84457e-039   [-0.000013,-0.000013,]
[6,14,]   286   0.00110313   4.25382e-040   1.48021e-039   [-0.000016,-0.000013,]
[7,14,]   287   0.00153898   6.49325e-040   1.20694e-039   [-0.000020,-0.000011,]
[8,14,]   288   0.00188292   8.21184e-040   1.02476e-039   [-0.000024,-0.000008,]
[9,14,]   289   0.00206861   9.40495e-040   9.33673e-040   [-0.000026,-0.000002,]
[10,14,]   290   0.0020664   9.49415e-040   9.33673e-040   [-0.000026,0.000003,]
[11,14,]   291   0.00188169   8.66364e-040   1.02476e-039   [-0.000023,0.000007,]
[12,14,]   292   0.0015349   6.92335e-040   1.20694e-039   [-0.000020,0.000011,]
[13,14,]   293   0.00109373   4.50833e-040   1.48021e-039   [-0.000016,0.000012,]
[14,14,]   294   0.000666554   1.14685e-040   1.84457e-039   [-0.000013,0.000013,]
[15,14,]   295   0.000342683   -3.11606e-040   2.30002e-039   [-0.000011,0.000012,]
[16,14,]   296   0.000147461   -8.20009e-040   2.84656e-039   [-0.000008,0.000012,]
[17,14,]   297   5.24111e-005   -1.50619e-039   3.48419e-039   [-0.000006,0.000011,]
[18,14,]   298   1.55766e-005   -2.33969e-039   4.21291e-039   [0.000004,0.000011,]
[19,14,]   299   4.15701e-006   -4.37102e-039   5.03272e-039   [0.000015,0.000012,]
[0,15,]   300   3.11345e-006   -4.60366e-039   5.48817e-039   [0.000008,-0.000007,]
[1,15,]   301   8.23706e-006   -3.06368e-039   4.66836e-039   [-0.000017,-0.000010,]
[2,15,]   302   2.66883e-005   -1.95071e-039   3.93964e-039   [-0.000009,-0.000010,]
[3,15,]   303   7.57435e-005   -1.22629e-039   3.30201e-039   [-0.000009,-0.000011,]
[4,15,]   304   0.000179369   -7.25483e-040   2.75547e-039   [-0.000010,-0.000011,]
[5,15,]   305   0.000358652   -3.06533e-040   2.30002e-039   [-0.000013,-0.000011,]
[6,15,]   306   0.000610488   2.32088e-041   1.93566e-039   [-0.000015,-0.000010,]
[7,15,]   307   0.000895061   2.76061e-040   1.66239e-039   [-0.000018,-0.000008,]
[8,15,]   308   0.00114572   4.50876e-040   1.48021e-039   [-0.000020,-0.000006,]
[9,15,]   309   0.00129736   5.71093e-040   1.38912e-039   [-0.000021,-0.000002,]
[10,15,]   310   0.00130264   5.87631e-040   1.38912e-039   [-0.000021,0.000002,]
[11,15,]   311   0.00115857   4.95642e-040   1.48021e-039   [-0.000020,0.000005,]
[12,15,]   312   0.000906979   3.29401e-040   1.66239e-039   [-0.000017,0.000008,]
[13,15,]   313   0.000616053   6.6965e-041   1.93566e-039   [-0.000015,0.000009,]
[14,15,]   314   0.000358622   -2.7994e-040   2.30002e-039   [-0.000013,0.000010,]
[15,15,]   315   0.000177036   -7.22552e-040   2.75547e-039   [-0.000011,0.000010,]
[16,15,]   316   7.36194e-005   -1.24096e-039   3.30201e-039   [-0.000009,0.000010,]
[17,15,]   317   2.54131e-005   -1.94392e-039   3.93964e-039   [-0.000007,0.000010,]
[18,15,]   318   7.37704e-006   -2.80383e-039   4.66836e-039   [0.000005,0.000010,]
[19,15,]   319   1.95997e-006   -4.95302e-039   5.48817e-039   [0.000016,0.000011,]
[0,16,]   320   1.25501e-006   -5.22232e-039   6.03471e-039   [0.000008,-0.000006,]
[1,16,]   321   3.27995e-006   -3.62996e-039   5.2149e-039   [-0.000018,-0.000008,]
[2,16,]   322   1.08142e-005   -2.48068e-039   4.48618e-039   [-0.000009,-0.000009,]
[3,16,]   323   3.14118e-005   -1.74585e-039   3.84855e-039   [-0.000009,-0.000009,]
[4,16,]   324   7.6433e-005   -1.23862e-039   3.30201e-039   [-0.000010,-0.000009,]
[5,16,]   325   0.000157707   -8.10874e-040   2.84656e-039   [-0.000012,-0.000008,]
[6,16,]   326   0.000277861   -4.68435e-040   2.4822e-039   [-0.000014,-0.000008,]
[7,16,]   327   0.000421516   -2.08212e-040   2.20893e-039   [-0.000016,-0.000006,]
[8,16,]   328   0.000555285   -2.52241e-041   2.02675e-039   [-0.000017,-0.000004,]
[9,16,]   329   0.000639214   7.42176e-041   1.93566e-039   [-0.000018,-0.000001,]
[10,16,]   330   0.000644102   9.64642e-041   1.93566e-039   [-0.000018,0.000001,]
[11,16,]   331   0.000566476   2.18664e-041   2.02675e-039   [-0.000017,0.000004,]
[12,16,]   332   0.000432765   -1.5054e-040   2.20893e-039   [-0.000016,0.000006,]
[13,16,]   333   0.00028508   -4.1276e-040   2.4822e-039   [-0.000014,0.000007,]
[14,16,]   334   0.000160635   -7.6823e-040   2.84656e-039   [-0.000012,0.000008,]
[15,16,]   335   7.68764e-005   -1.21731e-039   3.30201e-039   [-0.000010,0.000009,]
[16,16,]   336   3.10821e-005   -1.74289e-039   3.84855e-039   [-0.000009,0.000009,]
[17,16,]   337   1.04607e-005   -2.45859e-039   4.48618e-039   [-0.000007,0.000009,]
[18,16,]   338   2.9725e-006   -3.34646e-039   5.2149e-039   [0.000006,0.000009,]
[19,16,]   339   7.88862e-007   -5.60094e-039   6.03471e-039   [0.000018,0.000010,]
[0,17,]   340   4.19797e-007   -6.03182e-039   6.67234e-039   [0.000008,-0.000005,]
[1,17,]   341   1.08687e-006   -4.38738e-039   5.85253e-039   [-0.000019,-0.000007,]
[2,17,]   342   3.64317e-006   -3.20151e-039   5.12381e-039   [-0.000009,-0.000007,]
[3,17,]   343   1.08073e-005   -2.45179e-039   4.48618e-039   [-0.000009,-0.000007,]
[4,17,]   344   2.69244e-005   -1.93312e-039   3.93964e-039   [-0.000010,-0.000007,]
[5,17,]   345   5.7018e-005   -1.4912e-039   3.48419e-039   [-0.000011,-0.000007,]
[6,17,]   346   0.000103204   -1.13482e-039   3.11983e-039   [-0.000013,-0.000006,]
[7,17,]   347   0.000160594   -8.59831e-040   2.84656e-039   [-0.000014,-0.000004,]
[8,17,]   348   0.000215894   -6.69195e-040   2.66438e-039   [-0.000015,-0.000003,]
[9,17,]   349   0.000251565   -5.61981e-040   2.57329e-039   [-0.000016,-0.000001,]
[10,17,]   350   0.000254087   -5.45291e-040   2.57329e-039   [-0.000016,0.000002,]
[11,17,]   351   0.000221942   -6.20865e-040   2.66438e-039   [-0.000015,0.000004,]
[12,17,]   352   0.000167028   -7.91644e-040   2.84656e-039   [-0.000014,0.000005,]
[13,17,]   353   0.000107774   -1.05899e-039   3.11983e-039   [-0.000013,0.000007,]
[14,17,]   354   5.9328e-005   -1.41944e-039   3.48419e-039   [-0.000011,0.000008,]
[15,17,]   355   2.77254e-005   -1.87617e-039   3.93964e-039   [-0.000010,0.000008,]
[16,17,]   356   1.09568e-005   -2.40923e-039   4.48618e-039   [-0.000009,0.000009,]
[17,17,]   357   3.60856e-006   -3.13812e-039   5.12381e-039   [-0.000007,0.000009,]
[18,17,]   358   1.00618e-006   -4.05702e-039   5.85253e-039   [0.000006,0.000009,]
[19,17,]   359   2.67386e-007   -6.4027e-039   6.67234e-039   [0.000020,0.000011,]
[0,18,]   360   1.18536e-007   -7.03503e-039   7.40106e-039   [0.000007,0.000008,]
[1,18,]   361   3.04506e-007   -5.3261e-039   6.58125e-039   [-0.000020,0.000006,]
[2,18,]   362   1.03534e-006   -4.08965e-039   5.85253e-039   [-0.000010,0.000005,]
[3,18,]   363   3.12627e-006   -3.30927e-039   5.2149e-039   [-0.000009,0.000005,]
[4,18,]   364   7.93998e-006   -2.76723e-039   4.66836e-039   [-0.000010,0.000004,]
[5,18,]   365   1.7164e-005   -2.30541e-039   4.21291e-039   [-0.000011,0.000004,]
[6,18,]   366   3.17169e-005   -1.93576e-039   3.84855e-039   [-0.000012,0.000004,]
[7,18,]   367   5.03017e-005   -1.65795e-039   3.57528e-039   [-0.000013,0.000004,]
[8,18,]   368   6.86638e-005   -1.47432e-039   3.3931e-039   [-0.000013,0.000005,]
[9,18,]   369   8.0774e-005   -1.38877e-039   3.30201e-039   [-0.000014,0.000006,]
[10,18,]   370   8.18436e-005   -1.39943e-039   3.30201e-039   [-0.000014,0.000007,]
[11,18,]   371   7.12587e-005   -1.50856e-039   3.3931e-039   [-0.000013,0.000009,]
[12,18,]   372   5.31413e-005   -1.71685e-039   3.57528e-039   [-0.000012,0.000011,]
[13,18,]   373   3.38278e-005   -2.02124e-039   3.84855e-039   [-0.000012,0.000013,]
[14,18,]   374   1.83184e-005   -2.41934e-039   4.21291e-039   [-0.000011,0.000014,]
[15,18,]   375   8.40995e-006   -2.91169e-039   4.66836e-039   [-0.000010,0.000016,]
[16,18,]   376   3.26433e-006   -3.47774e-039   5.2149e-039   [-0.000008,0.000017,]
[17,18,]   377   1.05607e-006   -4.24171e-039   5.85253e-039   [-0.000007,0.000018,]
[18,18,]   378   2.89726e-007   -5.21193e-039   6.58125e-039   [0.000007,0.000019,]
[19,18,]   379   7.72208e-008   -7.65524e-039   7.40106e-039   [0.000021,0.000020,]
[0,19,]   380   3.21566e-008   -9.26629e-039   8.22087e-039   [0.000007,0.000020,]
[1,19,]   381   8.0919e-008   -7.65868e-039   7.40106e-039   [-0.000022,0.000019,]
[2,19,]   382   2.7372e-007   -6.33873e-039   6.67234e-039   [-0.000011,0.000018,]
[3,19,]   383   8.25148e-007   -5.4746e-039   6.03471e-039   [-0.000011,0.000016,]
[4,19,]   384   2.09888e-006   -4.84045e-039   5.48817e-039   [-0.000011,0.000015,]
[5,19,]   385   4.56253e-006   -4.27721e-039   5.03272e-039   [-0.000012,0.000014,]
[6,19,]   386   8.52025e-006   -3.80093e-039   4.66836e-039   [-0.000013,0.000013,]
[7,19,]   387   1.37289e-005   -3.4188e-039   4.39509e-039   [-0.000013,0.000012,]
[8,19,]   388   1.91306e-005   -3.14369e-039   4.21291e-039   [-0.000013,0.000012,]
[9,19,]   389   2.30471e-005   -2.98934e-039   4.12182e-039   [-0.000013,0.000012,]
[10,19,]   390   2.39333e-005   -2.96095e-039   4.12182e-039   [-0.000012,0.000013,]
[11,19,]   391   2.13264e-005   -3.06235e-039   4.21291e-039   [-0.000011,0.000015,]
[12,19,]   392   1.62257e-005   -3.29378e-039   4.39509e-039   [-0.000010,0.000016,]
[13,19,]   393   1.04942e-005   -3.64695e-039   4.66836e-039   [-0.000009,0.000019,]
[14,19,]   394   5.74964e-006   -4.11157e-039   5.03272e-039   [-0.000008,0.000021,]
[15,19,]   395   2.6606e-006   -4.68079e-039   5.48817e-039   [-0.000008,0.000023,]
[16,19,]   396   1.03768e-006   -5.32815e-039   6.03471e-039   [-0.000006,0.000025,]
[17,19,]   397   3.36565e-007   -6.17464e-039   6.67234e-039   [-0.000005,0.000026,]
[18,19,]   398   9.24448e-008   -7.24386e-039   7.40106e-039   [0.000009,0.000028,]
[19,19,]   399   2.50239e-008   -9.63642e-039   8.22087e-039   [0.000022,0.000029,]
