coordinates  index   rho      Q      V    velocities 
[0,0,]   0   1.68793e-008   -9.55841e-039   8.22087e-039   [0.000007,-0.000005,]
[1,0,]   1   7.31043e-008   -6.86424e-039   7.40106e-039   [0.000006,-0.000005,]
[2,0,]   2   2.6514e-007   -6.02557e-039   6.67234e-039   [0.000007,-0.000005,]
[3,0,]   3   8.11983e-007   -5.26974e-039   6.03471e-039   [0.000008,-0.000005,]
[4,0,]   4   2.10326e-006   -4.60698e-039   5.48817e-039   [0.000009,-0.000004,]
[5,0,]   5   4.61891e-006   -4.03749e-039   5.03272e-039   [0.000010,-0.000004,]
[6,0,]   6   8.62164e-006   -3.56583e-039   4.66836e-039   [0.000011,-0.000003,]
[7,0,]   7   1.37148e-005   -3.19952e-039   4.39509e-039   [0.000011,-0.000002,]
[8,0,]   8   1.86387e-005   -2.94789e-039   4.21291e-039   [0.000012,-0.000001,]
[9,0,]   9   2.16841e-005   -2.81968e-039   4.12182e-039   [0.000012,0.000000,]
[10,0,]   10   2.16225e-005   -2.82032e-039   4.12182e-039   [0.000012,0.000002,]
[11,0,]   11   1.84852e-005   -2.94985e-039   4.21291e-039   [0.000012,0.000003,]
[12,0,]   12   1.35379e-005   -3.20289e-039   4.39509e-039   [0.000012,0.000004,]
[13,0,]   13   8.47899e-006   -3.57046e-039   4.66836e-039   [0.000011,0.000005,]
[14,0,]   14   4.53095e-006   -4.04294e-039   5.03272e-039   [0.000010,0.000006,]
[15,0,]   15   2.06033e-006   -4.61256e-039   5.48817e-039   [0.000009,0.000006,]
[16,0,]   16   7.95136e-007   -5.27456e-039   6.03471e-039   [0.000009,0.000007,]
[17,0,]   17   2.59787e-007   -6.02841e-039   6.67234e-039   [0.000008,0.000007,]
[18,0,]   18   7.17119e-008   -6.89045e-039   7.40106e-039   [0.000008,0.000007,]
[19,0,]   19   1.68717e-008   -9.5577e-039   8.22087e-039   [0.000008,0.000007,]
[0,1,]   20   7.04292e-008   -7.02667e-039   7.40106e-039   [0.000007,-0.000008,]
[1,1,]   21   3.01457e-007   -4.51484e-039   6.58125e-039   [0.000006,-0.000008,]
[2,1,]   22   1.07923e-006   -3.78144e-039   5.85253e-039   [0.000008,-0.000008,]
[3,1,]   23   3.26016e-006   -3.13862e-039   5.2149e-039   [0.000009,-0.000007,]
[4,1,]   24   8.32775e-006   -2.59413e-039   4.66836e-039   [0.000010,-0.000007,]
[5,1,]   25   1.80418e-005   -2.14341e-039   4.21291e-039   [0.000011,-0.000006,]
[6,1,]   26   3.32641e-005   -1.78395e-039   3.84855e-039   [0.000012,-0.000005,]
[7,1,]   27   5.23849e-005   -1.51426e-039   3.57528e-039   [0.000013,-0.000004,]
[8,1,]   28   7.07132e-005   -1.33378e-039   3.3931e-039   [0.000013,-0.000003,]
[9,1,]   29   8.20549e-005   -1.24261e-039   3.30201e-039   [0.000014,-0.000001,]
[10,1,]   30   8.19875e-005   -1.24096e-039   3.30201e-039   [0.000014,0.000000,]
[11,1,]   31   7.05491e-005   -1.32885e-039   3.3931e-039   [0.000013,0.000002,]
[12,1,]   32   5.22045e-005   -1.50609e-039   3.57528e-039   [0.000013,0.000003,]
[13,1,]   33   3.31297e-005   -1.77262e-039   3.84855e-039   [0.000012,0.000004,]
[14,1,]   34   1.79683e-005   -2.129e-039   4.21291e-039   [0.000011,0.000005,]
[15,1,]   35   8.29802e-006   -2.57673e-039   4.66836e-039   [0.000010,0.000006,]
[16,1,]   36   3.25173e-006   -3.1183e-039   5.2149e-039   [0.000009,0.000006,]
[17,1,]   37   1.07795e-006   -3.75795e-039   5.85253e-039   [0.000008,0.000006,]
[18,1,]   38   3.0158e-007   -4.51446e-039   6.58125e-039   [0.000008,0.000006,]
[19,1,]   39   7.17987e-008   -6.99913e-039   7.40106e-039   [0.000008,0.000006,]
[0,2,]   40   2.50224e-007   -6.1663e-039   6.67234e-039   [0.000007,-0.000008,]
[1,2,]   41   1.05619e-006   -3.76218e-039   5.85253e-039   [0.000006,-0.000008,]
[2,2,]   42   3.72291e-006   -3.0336e-039   5.12381e-039   [0.000008,-0.000008,]
[3,2,]   43   1.10562e-005   -2.39596e-039   4.48618e-039   [0.000009,-0.000008,]
[4,2,]   44   2.77329e-005   -1.85672e-039   3.93964e-039   [0.000010,-0.000007,]
[5,2,]   45   5.89733e-005   -1.41109e-039   3.48419e-039   [0.000011,-0.000007,]
[6,2,]   46   0.000106795   -1.05629e-039   3.11983e-039   [0.000013,-0.000006,]
[7,2,]   47   0.000165549   -7.90655e-040   2.84656e-039   [0.000014,-0.000005,]
[8,2,]   48   0.000220838   -6.13692e-040   2.66438e-039   [0.000015,-0.000003,]
[9,2,]   49   0.000254638   -5.25667e-040   2.57329e-039   [0.000016,-0.000001,]
[10,2,]   50   0.000254465   -5.26866e-040   2.57329e-039   [0.000016,0.000001,]
[11,2,]   51   0.000220422   -6.17028e-040   2.66438e-039   [0.000015,0.000003,]
[12,2,]   52   0.000165106   -7.95432e-040   2.84656e-039   [0.000014,0.000005,]
[13,2,]   53   0.00010648   -1.0616e-039   3.11983e-039   [0.000013,0.000006,]
[14,2,]   54   5.88148e-005   -1.41605e-039   3.48419e-039   [0.000011,0.000007,]
[15,2,]   55   2.76787e-005   -1.86059e-039   3.93964e-039   [0.000010,0.000007,]
[16,2,]   56   1.10471e-005   -2.39815e-039   4.48618e-039   [0.000009,0.000008,]
[17,2,]   57   3.72525e-006   -3.03338e-039   5.12381e-039   [0.000008,0.000008,]
[18,2,]   58   1.05851e-006   -3.78509e-039   5.85253e-039   [0.000008,0.000008,]
[19,2,]   59   2.55436e-007   -6.16272e-039   6.67234e-039   [0.000008,0.000007,]
[0,3,]   60   7.50185e-007   -5.40896e-039   6.03471e-039   [0.000007,-0.000009,]
[1,3,]   61   3.11714e-006   -3.12654e-039   5.2149e-039   [0.000006,-0.000009,]
[2,3,]   62   1.07929e-005   -2.40289e-039   4.48618e-039   [0.000008,-0.000009,]
[3,3,]   63   3.14081e-005   -1.77098e-039   3.84855e-039   [0.000009,-0.000009,]
[4,3,]   64   7.70271e-005   -1.23771e-039   3.30201e-039   [0.000010,-0.000009,]
[5,3,]   65   0.000159898   -7.97882e-040   2.84656e-039   [0.000012,-0.000008,]
[6,3,]   66   0.000282626   -4.48063e-040   2.4822e-039   [0.000014,-0.000007,]
[7,3,]   67   0.000428514   -1.86003e-040   2.20893e-039   [0.000016,-0.000006,]
[8,3,]   68   0.000561857   -1.10369e-041   2.02675e-039   [0.000017,-0.000004,]
[9,3,]   69   0.00064175   7.62213e-041   1.93566e-039   [0.000018,-0.000001,]
[10,3,]   70   0.00064141   7.50635e-041   1.93566e-039   [0.000018,0.000001,]
[11,3,]   71   0.000561061   -1.41486e-041   2.02675e-039   [0.000017,0.000004,]
[12,3,]   72   0.00042771   -1.90155e-040   2.20893e-039   [0.000016,0.000006,]
[13,3,]   73   0.000282109   -4.52213e-040   2.4822e-039   [0.000014,0.000008,]
[14,3,]   74   0.000159686   -8.01194e-040   2.84656e-039   [0.000012,0.000008,]
[15,3,]   75   7.69926e-005   -1.23961e-039   3.30201e-039   [0.000010,0.000009,]
[16,3,]   76   3.1431e-005   -1.77106e-039   3.84855e-039   [0.000009,0.000009,]
[17,3,]   77   1.0816e-005   -2.40059e-039   4.48618e-039   [0.000008,0.000009,]
[18,3,]   78   3.12837e-006   -3.14667e-039   5.2149e-039   [0.000007,0.000009,]
[19,3,]   79   7.66218e-007   -5.4043e-039   6.03471e-039   [0.000007,0.000008,]
[0,4,]   80   1.90243e-006   -4.73723e-039   5.48817e-039   [0.000006,-0.000009,]
[1,4,]   81   7.76987e-006   -2.58928e-039   4.66836e-039   [0.000006,-0.000010,]
[2,4,]   82   2.63686e-005   -1.87074e-039   3.93964e-039   [0.000007,-0.000010,]
[3,4,]   83   7.49333e-005   -1.24577e-039   3.30201e-039   [0.000009,-0.000010,]
[4,4,]   84   0.000178761   -7.20596e-040   2.75547e-039   [0.000011,-0.000011,]
[5,4,]   85   0.000359706   -2.8969e-040   2.30002e-039   [0.000013,-0.000010,]
[6,4,]   86   0.000615055   5.1327e-041   1.93566e-039   [0.000015,-0.000010,]
[7,4,]   87   0.000903092   3.0617e-040   1.66239e-039   [0.000018,-0.000008,]
[8,4,]   88   0.00115348   4.76651e-040   1.48021e-039   [0.000020,-0.000005,]
[9,4,]   89   0.00129801   5.6203e-040   1.38912e-039   [0.000021,-0.000002,]
[10,4,]   90   0.00129754   5.60833e-040   1.38912e-039   [0.000021,0.000002,]
[11,4,]   91   0.00115246   4.73624e-040   1.48021e-039   [0.000020,0.000005,]
[12,4,]   92   0.000902202   3.02618e-040   1.66239e-039   [0.000018,0.000008,]
[13,4,]   93   0.000614645   4.83937e-041   1.93566e-039   [0.000015,0.000010,]
[14,4,]   94   0.000359701   -2.91381e-040   2.30002e-039   [0.000013,0.000010,]
[15,4,]   95   0.000178921   -7.20729e-040   2.75547e-039   [0.000011,0.000011,]
[16,4,]   96   7.50832e-005   -1.24414e-039   3.30201e-039   [0.000009,0.000010,]
[17,4,]   97   2.64548e-005   -1.86694e-039   3.93964e-039   [0.000007,0.000010,]
[18,4,]   98   7.80509e-006   -2.60665e-039   4.66836e-039   [0.000007,0.000010,]
[19,4,]   99   1.94222e-006   -4.73263e-039   5.48817e-039   [0.000007,0.000009,]
[0,5,]   100   4.0946e-006   -4.15077e-039   5.03272e-039   [0.000006,-0.000010,]
[1,5,]   101   1.6422e-005   -2.14565e-039   4.21291e-039   [0.000005,-0.000011,]
[2,5,]   102   5.45367e-005   -1.43205e-039   3.48419e-039   [0.000007,-0.000011,]
[3,5,]   103   0.00015087   -8.15123e-040   2.84656e-039   [0.000008,-0.000012,]
[4,5,]   104   0.000348205   -3.00639e-040   2.30002e-039   [0.000010,-0.000013,]
[5,5,]   105   0.000673313   1.16484e-040   1.84457e-039   [0.000013,-0.000013,]
[6,5,]   106   0.00109983   4.4128e-040   1.48021e-039   [0.000016,-0.000013,]
[7,5,]   107   0.00153936   6.80241e-040   1.20694e-039   [0.000020,-0.000011,]
[8,5,]   108   0.00188502   8.39474e-040   1.02476e-039   [0.000023,-0.000008,]
[9,5,]   109   0.00206814   9.19968e-040   9.33673e-040   [0.000026,-0.000003,]
[10,5,]   110   0.00206787   9.18557e-040   9.33673e-040   [0.000026,0.000003,]
[11,5,]   111   0.00188467   8.36356e-040   1.02476e-039   [0.000023,0.000008,]
[12,5,]   112   0.0015395   6.77482e-040   1.20694e-039   [0.000020,0.000011,]
[13,5,]   113   0.00110045   4.3979e-040   1.48021e-039   [0.000016,0.000013,]
[14,5,]   114   0.000674113   1.1637e-040   1.84457e-039   [0.000013,0.000013,]
[15,5,]   115   0.000348889   -2.99332e-040   2.30002e-039   [0.000010,0.000013,]
[16,5,]   116   0.000151304   -8.12316e-040   2.84656e-039   [0.000008,0.000012,]
[17,5,]   117   5.47503e-005   -1.4274e-039   3.48419e-039   [0.000007,0.000011,]
[18,5,]   118   1.65028e-005   -2.16018e-039   4.21291e-039   [0.000006,0.000011,]
[19,5,]   119   4.17374e-006   -4.14705e-039   5.03272e-039   [0.000006,0.000010,]
[0,6,]   120   7.50883e-006   -3.65523e-039   4.66836e-039   [0.000005,-0.000011,]
[1,6,]   121   2.95755e-005   -1.79281e-039   3.84855e-039   [0.000004,-0.000012,]
[2,6,]   122   9.6077e-005   -1.08338e-039   3.11983e-039   [0.000006,-0.000013,]
[3,6,]   123   0.000258257   -4.75004e-040   2.4822e-039   [0.000008,-0.000014,]
[4,6,]   124   0.000574023   2.63825e-041   1.93566e-039   [0.000010,-0.000015,]
[5,6,]   125   0.00105677   4.23256e-040   1.48021e-039   [0.000013,-0.000016,]
[6,6,]   126   0.00162199   7.18183e-040   1.11585e-039   [0.000017,-0.000017,]
[7,6,]   127   0.00210995   9.19367e-040   8.42583e-040   [0.000022,-0.000016,]
[8,6,]   128   0.00240309   1.04531e-039   6.60403e-040   [0.000028,-0.000012,]
[9,6,]   129   0.00251345   1.11186e-039   5.69313e-040   [0.000033,-0.000005,]
[10,6,]   130   0.00251411   1.10992e-039   5.69313e-040   [0.000033,0.000005,]
[11,6,]   131   0.00240535   1.04211e-039   6.60403e-040   [0.000028,0.000012,]
[12,6,]   132   0.00211306   9.18372e-040   8.42583e-040   [0.000022,0.000016,]
[13,6,]   133   0.00162488   7.18475e-040   1.11585e-039   [0.000017,0.000017,]
[14,6,]   134   0.00105901   4.24418e-040   1.48021e-039   [0.000013,0.000016,]
[15,6,]   135   0.000575517   2.85521e-041   1.93566e-039   [0.000010,0.000015,]
[16,6,]   136   0.000259093   -4.71702e-040   2.4822e-039   [0.000007,0.000014,]
[17,6,]   137   9.646e-005   -1.07864e-039   3.11983e-039   [0.000006,0.000013,]
[18,6,]   138   2.97145e-005   -1.80435e-039   3.84855e-039   [0.000005,0.000012,]
[19,6,]   139   7.63299e-006   -3.6528e-039   4.66836e-039   [0.000005,0.000011,]
[0,7,]   140   1.1782e-005   -3.26174e-039   4.39509e-039   [0.000004,-0.000012,]
[1,7,]   141   4.56463e-005   -1.52897e-039   3.57528e-039   [0.000003,-0.000013,]
[2,7,]   142   0.000145292   -8.22273e-040   2.84656e-039   [0.000005,-0.000014,]
[3,7,]   143   0.000379806   -2.21794e-040   2.20893e-039   [0.000006,-0.000016,]
[4,7,]   144   0.000811846   2.65668e-040   1.66239e-039   [0.000008,-0.000018,]
[5,7,]   145   0.00141352   6.36504e-040   1.20694e-039   [0.000011,-0.000020,]
[6,7,]   146   0.00200267   8.81302e-040   8.42583e-040   [0.000016,-0.000022,]
[7,7,]   147   0.00233174   9.90678e-040   5.69313e-040   [0.000023,-0.000023,]
[8,7,]   148   0.00232368   9.95245e-040   3.87133e-040   [0.000034,-0.000021,]
[9,7,]   149   0.00218702   9.98718e-040   2.96043e-040   [0.000045,-0.000009,]
[10,7,]   150   0.00218962   9.93723e-040   2.96043e-040   [0.000045,0.000009,]
[11,7,]   151   0.00233117   9.96182e-040   3.87133e-040   [0.000034,0.000021,]
[12,7,]   152   0.00233918   9.94218e-040   5.69313e-040   [0.000023,0.000023,]
[13,7,]   153   0.002008   8.8292e-040   8.42583e-040   [0.000016,0.000022,]
[14,7,]   154   0.00141702   6.38057e-040   1.20694e-039   [0.000011,0.000020,]
[15,7,]   155   0.000813974   2.67887e-040   1.66239e-039   [0.000008,0.000018,]
[16,7,]   156   0.000380934   -2.18764e-040   2.20893e-039   [0.000006,0.000016,]
[17,7,]   157   0.000145792   -8.18183e-040   2.84656e-039   [0.000005,0.000014,]
[18,7,]   158   4.58231e-005   -1.53731e-039   3.57528e-039   [0.000004,0.000013,]
[19,7,]   159   1.19302e-005   -3.26051e-039   4.39509e-039   [0.000004,0.000011,]
[0,8,]   160   1.58821e-005   -2.98567e-039   4.21291e-039   [0.000003,-0.000012,]
[1,8,]   161   6.07258e-005   -1.35347e-039   3.3931e-039   [0.000002,-0.000013,]
[2,8,]   162   0.00019022   -6.47594e-040   2.66438e-039   [0.000003,-0.000015,]
[3,8,]   163   0.00048601   -5.30298e-041   2.02675e-039   [0.000004,-0.000017,]
[4,8,]   164   0.00100409   4.22788e-040   1.48021e-039   [0.000005,-0.000020,]
[5,8,]   165   0.00165764   7.68074e-040   1.02476e-039   [0.000008,-0.000023,]
[6,8,]   166   0.00215153   9.49522e-040   6.60403e-040   [0.000012,-0.000028,]
[7,8,]   167   0.00215525   8.8055e-040   3.87133e-040   [0.000021,-0.000034,]
[8,8,]   168   0.00167144   3.67608e-040   2.04953e-040   [0.000039,-0.000039,]
[9,8,]   169   0.00117498   -1.97866e-040   1.13863e-040   [0.000070,-0.000022,]
[10,8,]   170   0.00118107   -1.7025e-040   1.13863e-040   [0.000070,0.000025,]
[11,8,]   171   0.00168476   4.08821e-040   2.04953e-040   [0.000039,0.000039,]
[12,8,]   172   0.00216425   8.85235e-040   3.87133e-040   [0.000021,0.000034,]
[13,8,]   173   0.00215691   9.49905e-040   6.60403e-040   [0.000012,0.000028,]
[14,8,]   174   0.00166094   7.68979e-040   1.02476e-039   [0.000008,0.000023,]
[15,8,]   175   0.00100603   4.24341e-040   1.48021e-039   [0.000005,0.000020,]
[16,8,]   176   0.000487022   -5.09299e-041   2.02675e-039   [0.000004,0.000017,]
[17,8,]   177   0.000190663   -6.4478e-040   2.66438e-039   [0.000003,0.000015,]
[18,8,]   178   6.08788e-005   -1.35838e-039   3.3931e-039   [0.000003,0.000013,]
[19,8,]   179   1.60035e-005   -2.98523e-039   4.21291e-039   [0.000003,0.000012,]
[0,9,]   180   1.8451e-005   -2.8426e-039   4.12182e-039   [0.000002,-0.000012,]
[1,9,]   181   6.99771e-005   -1.26648e-039   3.30201e-039   [0.000000,-0.000014,]
[2,9,]   182   0.000217251   -5.59485e-040   2.57329e-039   [0.000001,-0.000016,]
[3,9,]   183   0.000547843   3.19722e-041   1.93566e-039   [0.000001,-0.000018,]
[4,9,]   184   0.001109   5.01344e-040   1.38912e-039   [0.000002,-0.000021,]
[5,9,]   185   0.00176943   8.31364e-040   9.33673e-040   [0.000003,-0.000026,]
[6,9,]   186   0.00215598   9.70185e-040   5.69313e-040   [0.000005,-0.000033,]
[7,9,]   187   0.00188748   7.41035e-040   2.96043e-040   [0.000009,-0.000045,]
[8,9,]   188   0.00103449   -7.86725e-040   1.13863e-040   [0.000025,-0.000070,]
[9,9,]   189   0.000262694   -1.28892e-038   2.27725e-041   [0.000118,-0.000115,]
[10,9,]   190   0.000265947   -1.26559e-038   2.27725e-041   [0.000116,0.000118,]
[11,9,]   191   0.00104094   -7.46936e-040   1.13863e-040   [0.000022,0.000070,]
[12,9,]   192   0.00189097   7.37695e-040   2.96043e-040   [0.000009,0.000045,]
[13,9,]   193   0.00215811   9.69769e-040   5.69313e-040   [0.000005,0.000033,]
[14,9,]   194   0.00177076   8.31618e-040   9.33673e-040   [0.000003,0.000026,]
[15,9,]   195   0.00110979   5.01896e-040   1.38912e-039   [0.000002,0.000021,]
[16,9,]   196   0.000548253   3.27215e-041   1.93566e-039   [0.000001,0.000018,]
[17,9,]   197   0.00021743   -5.58367e-040   2.57329e-039   [0.000001,0.000016,]
[18,9,]   198   7.00335e-005   -1.26776e-039   3.30201e-039   [0.000001,0.000014,]
[19,9,]   199   1.84887e-005   -2.84253e-039   4.12182e-039   [0.000001,0.000012,]
[0,10,]   200   1.85049e-005   -2.84248e-039   4.12182e-039   [0.000000,-0.000012,]
[1,10,]   201   7.00416e-005   -1.26834e-039   3.30201e-039   [-0.000001,-0.000014,]
[2,10,]   202   0.00021743   -5.58566e-040   2.57329e-039   [-0.000001,-0.000016,]
[3,10,]   203   0.000548253   3.27215e-041   1.93566e-039   [-0.000001,-0.000018,]
[4,10,]   204   0.00110979   5.01896e-040   1.38912e-039   [-0.000002,-0.000021,]
[5,10,]   205   0.00177076   8.31618e-040   9.33673e-040   [-0.000003,-0.000026,]
[6,10,]   206   0.00215811   9.69769e-040   5.69313e-040   [-0.000005,-0.000033,]
[7,10,]   207   0.00189097   7.37695e-040   2.96043e-040   [-0.000009,-0.000045,]
[8,10,]   208   0.00104094   -7.46936e-040   1.13863e-040   [-0.000022,-0.000070,]
[9,10,]   209   0.000265947   -1.26559e-038   2.27725e-041   [-0.000116,-0.000118,]
[10,10,]   210   0.000262694   -1.28892e-038   2.27725e-041   [-0.000118,0.000115,]
[11,10,]   211   0.00103449   -7.86725e-040   1.13863e-040   [-0.000025,0.000070,]
[12,10,]   212   0.00188748   7.41035e-040   2.96043e-040   [-0.000009,0.000045,]
[13,10,]   213   0.00215598   9.70185e-040   5.69313e-040   [-0.000005,0.000033,]
[14,10,]   214   0.00176943   8.31364e-040   9.33673e-040   [-0.000003,0.000026,]
[15,10,]   215   0.001109   5.01344e-040   1.38912e-039   [-0.000002,0.000021,]
[16,10,]   216   0.000547843   3.19723e-041   1.93566e-039   [-0.000001,0.000018,]
[17,10,]   217   0.000217251   -5.59286e-040   2.57329e-039   [-0.000001,0.000016,]
[18,10,]   218   6.9969e-005   -1.26591e-039   3.30201e-039   [-0.000000,0.000014,]
[19,10,]   219   1.84349e-005   -2.84265e-039   4.12182e-039   [0.000000,0.000012,]
[0,11,]   220   1.60179e-005   -2.9851e-039   4.21291e-039   [-0.000001,-0.000012,]
[1,11,]   221   6.0886e-005   -1.35897e-039   3.3931e-039   [-0.000003,-0.000013,]
[2,11,]   222   0.000190663   -6.44985e-040   2.66438e-039   [-0.000003,-0.000015,]
[3,11,]   223   0.000487022   -5.09298e-041   2.02675e-039   [-0.000004,-0.000017,]
[4,11,]   224   0.00100603   4.24341e-040   1.48021e-039   [-0.000005,-0.000020,]
[5,11,]   225   0.00166094   7.68979e-040   1.02476e-039   [-0.000008,-0.000023,]
[6,11,]   226   0.00215691   9.49905e-040   6.60403e-040   [-0.000012,-0.000028,]
[7,11,]   227   0.00216425   8.85235e-040   3.87133e-040   [-0.000021,-0.000034,]
[8,11,]   228   0.00168476   4.08821e-040   2.04953e-040   [-0.000039,-0.000039,]
[9,11,]   229   0.00118107   -1.7025e-040   1.13863e-040   [-0.000070,-0.000025,]
[10,11,]   230   0.00117498   -1.97866e-040   1.13863e-040   [-0.000070,0.000022,]
[11,11,]   231   0.00167144   3.67608e-040   2.04953e-040   [-0.000039,0.000039,]
[12,11,]   232   0.00215525   8.8055e-040   3.87133e-040   [-0.000021,0.000034,]
[13,11,]   233   0.00215153   9.49522e-040   6.60403e-040   [-0.000012,0.000028,]
[14,11,]   234   0.00165764   7.68074e-040   1.02476e-039   [-0.000008,0.000023,]
[15,11,]   235   0.00100409   4.22788e-040   1.48021e-039   [-0.000005,0.000020,]
[16,11,]   236   0.00048601   -5.30296e-041   2.02675e-039   [-0.000004,0.000017,]
[17,11,]   237   0.00019022   -6.4739e-040   2.66438e-039   [-0.000003,0.000015,]
[18,11,]   238   6.07186e-005   -1.35288e-039   3.3931e-039   [-0.000002,0.000013,]
[19,11,]   239   1.58678e-005   -2.98579e-039   4.21291e-039   [-0.000001,0.000012,]
[0,12,]   240   1.19416e-005   -3.26024e-039   4.39509e-039   [-0.000002,-0.000011,]
[1,12,]   241   4.58287e-005   -1.53793e-039   3.57528e-039   [-0.000004,-0.000013,]
[2,12,]   242   0.000145792   -8.18395e-040   2.84656e-039   [-0.000005,-0.000014,]
[3,12,]   243   0.000380934   -2.18764e-040   2.20893e-039   [-0.000006,-0.000016,]
[4,12,]   244   0.000813974   2.67887e-040   1.66239e-039   [-0.000008,-0.000018,]
[5,12,]   245   0.00141702   6.38057e-040   1.20694e-039   [-0.000011,-0.000020,]
[6,12,]   246   0.002008   8.8292e-040   8.42583e-040   [-0.000016,-0.000022,]
[7,12,]   247   0.00233918   9.94218e-040   5.69313e-040   [-0.000023,-0.000023,]
[8,12,]   248   0.00233117   9.96182e-040   3.87133e-040   [-0.000034,-0.000021,]
[9,12,]   249   0.00218962   9.93723e-040   2.96043e-040   [-0.000045,-0.000009,]
[10,12,]   250   0.00218702   9.98718e-040   2.96043e-040   [-0.000045,0.000009,]
[11,12,]   251   0.00232368   9.95245e-040   3.87133e-040   [-0.000034,0.000021,]
[12,12,]   252   0.00233174   9.90678e-040   5.69313e-040   [-0.000023,0.000023,]
[13,12,]   253   0.00200267   8.81302e-040   8.42583e-040   [-0.000016,0.000022,]
[14,12,]   254   0.00141352   6.36504e-040   1.20694e-039   [-0.000011,0.000020,]
[15,12,]   255   0.000811846   2.65668e-040   1.66239e-039   [-0.000008,0.000018,]
[16,12,]   256   0.000379806   -2.21794e-040   2.20893e-039   [-0.000006,0.000016,]
[17,12,]   257   0.000145292   -8.22062e-040   2.84656e-039   [-0.000005,0.000014,]
[18,12,]   258   4.56406e-005   -1.52835e-039   3.57528e-039   [-0.000003,0.000013,]
[19,12,]   259   1.17708e-005   -3.262e-039   4.39509e-039   [-0.000002,0.000012,]
[0,13,]   260   7.64078e-006   -3.65236e-039   4.66836e-039   [-0.000003,-0.000011,]
[1,13,]   261   2.97183e-005   -1.805e-039   3.84855e-039   [-0.000005,-0.000012,]
[2,13,]   262   9.64599e-005   -1.07887e-039   3.11983e-039   [-0.000006,-0.000013,]
[3,13,]   263   0.000259093   -4.71702e-040   2.4822e-039   [-0.000007,-0.000014,]
[4,13,]   264   0.000575517   2.85521e-041   1.93566e-039   [-0.000010,-0.000015,]
[5,13,]   265   0.00105901   4.24418e-040   1.48021e-039   [-0.000013,-0.000016,]
[6,13,]   266   0.00162488   7.18475e-040   1.11585e-039   [-0.000017,-0.000017,]
[7,13,]   267   0.00211306   9.18372e-040   8.42583e-040   [-0.000022,-0.000016,]
[8,13,]   268   0.00240535   1.04211e-039   6.60403e-040   [-0.000028,-0.000012,]
[9,13,]   269   0.00251411   1.10992e-039   5.69313e-040   [-0.000033,-0.000005,]
[10,13,]   270   0.00251345   1.11186e-039   5.69313e-040   [-0.000033,0.000005,]
[11,13,]   271   0.00240309   1.04531e-039   6.60403e-040   [-0.000028,0.000012,]
[12,13,]   272   0.00210995   9.19367e-040   8.42583e-040   [-0.000022,0.000016,]
[13,13,]   273   0.00162199   7.18183e-040   1.11585e-039   [-0.000017,0.000017,]
[14,13,]   274   0.00105677   4.23256e-040   1.48021e-039   [-0.000013,0.000016,]
[15,13,]   275   0.000574023   2.63825e-041   1.93566e-039   [-0.000010,0.000015,]
[16,13,]   276   0.000258257   -4.75004e-040   2.4822e-039   [-0.000008,0.000014,]
[17,13,]   277   9.6077e-005   -1.08316e-039   3.11983e-039   [-0.000006,0.000013,]
[18,13,]   278   2.95716e-005   -1.79216e-039   3.84855e-039   [-0.000004,0.000012,]
[19,13,]   279   7.50111e-006   -3.65568e-039   4.66836e-039   [-0.000003,0.000011,]
[0,14,]   280   4.17831e-006   -4.14641e-039   5.03272e-039   [-0.000004,-0.000010,]
[1,14,]   281   1.65051e-005   -2.16086e-039   4.21291e-039   [-0.000006,-0.000011,]
[2,14,]   282   5.47503e-005   -1.42764e-039   3.48419e-039   [-0.000007,-0.000011,]
[3,14,]   283   0.000151304   -8.12315e-040   2.84656e-039   [-0.000008,-0.000012,]
[4,14,]   284   0.000348889   -2.99332e-040   2.30002e-039   [-0.000010,-0.000013,]
[5,14,]   285   0.000674113   1.1637e-040   1.84457e-039   [-0.000013,-0.000013,]
[6,14,]   286   0.00110045   4.3979e-040   1.48021e-039   [-0.000016,-0.000013,]
[7,14,]   287   0.0015395   6.77482e-040   1.20694e-039   [-0.000020,-0.000011,]
[8,14,]   288   0.00188467   8.36356e-040   1.02476e-039   [-0.000023,-0.000008,]
[9,14,]   289   0.00206787   9.18557e-040   9.33673e-040   [-0.000026,-0.000003,]
[10,14,]   290   0.00206814   9.19968e-040   9.33673e-040   [-0.000026,0.000003,]
[11,14,]   291   0.00188502   8.39474e-040   1.02476e-039   [-0.000023,0.000008,]
[12,14,]   292   0.00153936   6.80241e-040   1.20694e-039   [-0.000020,0.000011,]
[13,14,]   293   0.00109983   4.4128e-040   1.48021e-039   [-0.000016,0.000013,]
[14,14,]   294   0.000673313   1.16484e-040   1.84457e-039   [-0.000013,0.000013,]
[15,14,]   295   0.000348205   -3.00639e-040   2.30002e-039   [-0.000010,0.000013,]
[16,14,]   296   0.00015087   -8.15123e-040   2.84656e-039   [-0.000008,0.000012,]
[17,14,]   297   5.45367e-005   -1.43182e-039   3.48419e-039   [-0.000007,0.000011,]
[18,14,]   298   1.64197e-005   -2.14496e-039   4.21291e-039   [-0.000005,0.000011,]
[19,14,]   299   4.09008e-006   -4.15142e-039   5.03272e-039   [-0.000003,0.000010,]
[0,15,]   300   1.94449e-006   -4.73179e-039   5.48817e-039   [-0.000004,-0.000009,]
[1,15,]   301   7.80623e-006   -2.60737e-039   4.66836e-039   [-0.000007,-0.000010,]
[2,15,]   302   2.64548e-005   -1.86718e-039   3.93964e-039   [-0.000007,-0.000010,]
[3,15,]   303   7.50832e-005   -1.24414e-039   3.30201e-039   [-0.000009,-0.000010,]
[4,15,]   304   0.000178921   -7.20729e-040   2.75547e-039   [-0.000011,-0.000011,]
[5,15,]   305   0.000359701   -2.91381e-040   2.30002e-039   [-0.000013,-0.000010,]
[6,15,]   306   0.000614645   4.83937e-041   1.93566e-039   [-0.000015,-0.000010,]
[7,15,]   307   0.000902203   3.02618e-040   1.66239e-039   [-0.000018,-0.000008,]
[8,15,]   308   0.00115246   4.73624e-040   1.48021e-039   [-0.000020,-0.000005,]
[9,15,]   309   0.00129754   5.60833e-040   1.38912e-039   [-0.000021,-0.000002,]
[10,15,]   310   0.00129801   5.6203e-040   1.38912e-039   [-0.000021,0.000002,]
[11,15,]   311   0.00115348   4.76651e-040   1.48021e-039   [-0.000020,0.000005,]
[12,15,]   312   0.000903092   3.0617e-040   1.66239e-039   [-0.000018,0.000008,]
[13,15,]   313   0.000615055   5.1327e-041   1.93566e-039   [-0.000015,0.000010,]
[14,15,]   314   0.000359706   -2.8969e-040   2.30002e-039   [-0.000013,0.000010,]
[15,15,]   315   0.000178761   -7.20596e-040   2.75547e-039   [-0.000011,0.000011,]
[16,15,]   316   7.49333e-005   -1.24577e-039   3.30201e-039   [-0.000009,0.000010,]
[17,15,]   317   2.63686e-005   -1.8705e-039   3.93964e-039   [-0.000007,0.000010,]
[18,15,]   318   7.76874e-006   -2.58855e-039   4.66836e-039   [-0.000006,0.000010,]
[19,15,]   319   1.90018e-006   -4.73808e-039   5.48817e-039   [-0.000004,0.000009,]
[0,16,]   320   7.6717e-007   -5.40328e-039   6.03471e-039   [-0.000005,-0.000008,]
[1,16,]   321   3.12884e-006   -3.14743e-039   5.2149e-039   [-0.000007,-0.000009,]
[2,16,]   322   1.0816e-005   -2.40084e-039   4.48618e-039   [-0.000008,-0.000009,]
[3,16,]   323   3.1431e-005   -1.77106e-039   3.84855e-039   [-0.000009,-0.000009,]
[4,16,]   324   7.69926e-005   -1.23961e-039   3.30201e-039   [-0.000010,-0.000009,]
[5,16,]   325   0.000159686   -8.01194e-040   2.84656e-039   [-0.000012,-0.000008,]
[6,16,]   326   0.000282109   -4.52213e-040   2.4822e-039   [-0.000014,-0.000008,]
[7,16,]   327   0.00042771   -1.90155e-040   2.20893e-039   [-0.000016,-0.000006,]
[8,16,]   328   0.000561061   -1.41484e-041   2.02675e-039   [-0.000017,-0.000004,]
[9,16,]   329   0.00064141   7.50636e-041   1.93566e-039   [-0.000018,-0.000001,]
[10,16,]   330   0.00064175   7.62213e-041   1.93566e-039   [-0.000018,0.000001,]
[11,16,]   331   0.000561857   -1.10369e-041   2.02675e-039   [-0.000017,0.000004,]
[12,16,]   332   0.000428514   -1.86004e-040   2.20893e-039   [-0.000016,0.000006,]
[13,16,]   333   0.000282626   -4.48063e-040   2.4822e-039   [-0.000014,0.000007,]
[14,16,]   334   0.000159898   -7.97882e-040   2.84656e-039   [-0.000012,0.000008,]
[15,16,]   335   7.70271e-005   -1.23771e-039   3.30201e-039   [-0.000010,0.000009,]
[16,16,]   336   3.14081e-005   -1.77098e-039   3.84855e-039   [-0.000009,0.000009,]
[17,16,]   337   1.07929e-005   -2.40264e-039   4.48618e-039   [-0.000008,0.000009,]
[18,16,]   338   3.11667e-006   -3.12577e-039   5.2149e-039   [-0.000006,0.000009,]
[19,16,]   339   7.49243e-007   -5.41e-039   6.03471e-039   [-0.000004,0.000009,]
[0,17,]   340   2.5577e-007   -6.16126e-039   6.67234e-039   [-0.000005,-0.000007,]
[1,17,]   341   1.05868e-006   -3.78564e-039   5.85253e-039   [-0.000008,-0.000008,]
[2,17,]   342   3.72525e-006   -3.03339e-039   5.12381e-039   [-0.000008,-0.000008,]
[3,17,]   343   1.10471e-005   -2.39791e-039   4.48618e-039   [-0.000009,-0.000008,]
[4,17,]   344   2.76787e-005   -1.86036e-039   3.93964e-039   [-0.000010,-0.000007,]
[5,17,]   345   5.88148e-005   -1.41583e-039   3.48419e-039   [-0.000011,-0.000007,]
[6,17,]   346   0.00010648   -1.06139e-039   3.11983e-039   [-0.000013,-0.000006,]
[7,17,]   347   0.000165106   -7.95223e-040   2.84656e-039   [-0.000014,-0.000005,]
[8,17,]   348   0.000220422   -6.16825e-040   2.66438e-039   [-0.000015,-0.000003,]
[9,17,]   349   0.000254465   -5.26666e-040   2.57329e-039   [-0.000016,-0.000001,]
[10,17,]   350   0.000254638   -5.25467e-040   2.57329e-039   [-0.000016,0.000001,]
[11,17,]   351   0.000220838   -6.13488e-040   2.66438e-039   [-0.000015,0.000003,]
[12,17,]   352   0.000165549   -7.90446e-040   2.84656e-039   [-0.000014,0.000005,]
[13,17,]   353   0.000106795   -1.05608e-039   3.11983e-039   [-0.000013,0.000006,]
[14,17,]   354   5.89733e-005   -1.41087e-039   3.48419e-039   [-0.000011,0.000007,]
[15,17,]   355   2.77329e-005   -1.85649e-039   3.93964e-039   [-0.000010,0.000007,]
[16,17,]   356   1.10562e-005   -2.39571e-039   4.48618e-039   [-0.000009,0.000008,]
[17,17,]   357   3.72291e-006   -3.0331e-039   5.12381e-039   [-0.000008,0.000008,]
[18,17,]   358   1.05602e-006   -3.76111e-039   5.85253e-039   [-0.000006,0.000008,]
[19,17,]   359   2.49893e-007   -6.16725e-039   6.67234e-039   [-0.000004,0.000008,]
[0,18,]   360   7.18848e-008   -6.99703e-039   7.40106e-039   [-0.000005,-0.000006,]
[1,18,]   361   3.01581e-007   -4.5145e-039   6.58125e-039   [-0.000008,-0.000006,]
[2,18,]   362   1.07779e-006   -3.75745e-039   5.85253e-039   [-0.000008,-0.000006,]
[3,18,]   363   3.25126e-006   -3.11757e-039   5.2149e-039   [-0.000009,-0.000006,]
[4,18,]   364   8.29686e-006   -2.57604e-039   4.66836e-039   [-0.000010,-0.000006,]
[5,18,]   365   1.79659e-005   -2.12834e-039   4.21291e-039   [-0.000011,-0.000005,]
[6,18,]   366   3.31254e-005   -1.77199e-039   3.84855e-039   [-0.000012,-0.000004,]
[7,18,]   367   5.21982e-005   -1.50549e-039   3.57528e-039   [-0.000013,-0.000003,]
[8,18,]   368   7.05407e-005   -1.32826e-039   3.3931e-039   [-0.000013,-0.000002,]
[9,18,]   369   8.19781e-005   -1.24038e-039   3.30201e-039   [-0.000014,-0.000000,]
[10,18,]   370   8.20454e-005   -1.24203e-039   3.30201e-039   [-0.000014,0.000001,]
[11,18,]   371   7.07049e-005   -1.3332e-039   3.3931e-039   [-0.000013,0.000003,]
[12,18,]   372   5.23785e-005   -1.51365e-039   3.57528e-039   [-0.000013,0.000004,]
[13,18,]   373   3.32599e-005   -1.78332e-039   3.84855e-039   [-0.000012,0.000005,]
[14,18,]   374   1.80394e-005   -2.14275e-039   4.21291e-039   [-0.000011,0.000006,]
[15,18,]   375   8.32659e-006   -2.59344e-039   4.66836e-039   [-0.000010,0.000007,]
[16,18,]   376   3.25968e-006   -3.13789e-039   5.2149e-039   [-0.000009,0.000007,]
[17,18,]   377   1.07906e-006   -3.78042e-039   5.85253e-039   [-0.000008,0.000008,]
[18,18,]   378   3.01361e-007   -4.51319e-039   6.58125e-039   [-0.000006,0.000008,]
[19,18,]   379   7.03204e-008   -7.02713e-039   7.40106e-039   [-0.000004,0.000008,]
[0,19,]   380   1.68727e-008   -9.55753e-039   8.22087e-039   [-0.000005,-0.000004,]
[1,19,]   381   7.16306e-008   -6.89242e-039   7.40106e-039   [-0.000008,-0.000004,]
[2,19,]   382   2.59463e-007   -6.02971e-039   6.67234e-039   [-0.000008,-0.000004,]
[3,19,]   383   7.94193e-007   -5.27542e-039   6.03471e-039   [-0.000009,-0.000004,]
[4,19,]   384   2.05803e-006   -4.61325e-039   5.48817e-039   [-0.000009,-0.000004,]
[5,19,]   385   4.52617e-006   -4.04347e-039   5.03272e-039   [-0.000010,-0.000004,]
[6,19,]   386   8.47057e-006   -3.57082e-039   4.66836e-039   [-0.000011,-0.000003,]
[7,19,]   387   1.35252e-005   -3.20312e-039   4.39509e-039   [-0.000012,-0.000002,]
[8,19,]   388   1.84686e-005   -2.94998e-039   4.21291e-039   [-0.000012,-0.000001,]
[9,19,]   389   2.16036e-005   -2.82039e-039   4.12182e-039   [-0.000012,0.000000,]
[10,19,]   390   2.16651e-005   -2.81975e-039   4.12182e-039   [-0.000012,0.000001,]
[11,19,]   391   1.8622e-005   -2.94802e-039   4.21291e-039   [-0.000012,0.000003,]
[12,19,]   392   1.3702e-005   -3.19975e-039   4.39509e-039   [-0.000011,0.000004,]
[13,19,]   393   8.61316e-006   -3.56619e-039   4.66836e-039   [-0.000011,0.000005,]
[14,19,]   394   4.61409e-006   -4.03801e-039   5.03272e-039   [-0.000010,0.000006,]
[15,19,]   395   2.10093e-006   -4.60767e-039   5.48817e-039   [-0.000009,0.000007,]
[16,19,]   396   8.11031e-007   -5.27059e-039   6.03471e-039   [-0.000008,0.000007,]
[17,19,]   397   2.64813e-007   -6.0263e-039   6.67234e-039   [-0.000007,0.000008,]
[18,19,]   398   7.29974e-008   -6.86445e-039   7.40106e-039   [-0.000006,0.000008,]
[19,19,]   399   1.68309e-008   -9.562e-039   8.22087e-039   [-0.000004,0.000008,]
