coordinates  index   rho      Q      V    velocities 
[0,0,]   0   2.68769e-008   -9.25857e-039   8.22087e-039   [0.000015,0.000003,]
[1,0,]   1   9.69101e-008   -6.98642e-039   7.40106e-039   [-0.000004,0.000003,]
[2,0,]   2   3.44149e-007   -6.02984e-039   6.67234e-039   [0.000006,0.000003,]
[3,0,]   3   1.05139e-006   -5.21396e-039   6.03471e-039   [0.000007,0.000003,]
[4,0,]   4   2.69163e-006   -4.57311e-039   5.48817e-039   [0.000008,0.000004,]
[5,0,]   5   5.81898e-006   -4.01864e-039   5.03272e-039   [0.000009,0.000004,]
[6,0,]   6   1.065e-005   -3.56481e-039   4.66836e-039   [0.000010,0.000005,]
[7,0,]   7   1.65543e-005   -3.21745e-039   4.39509e-039   [0.000011,0.000006,]
[8,0,]   8   2.19337e-005   -2.98453e-039   4.21291e-039   [0.000011,0.000007,]
[9,0,]   9   2.48691e-005   -2.87266e-039   4.12182e-039   [0.000012,0.000009,]
[10,0,]   10   2.42216e-005   -2.88503e-039   4.12182e-039   [0.000012,0.000010,]
[11,0,]   11   2.03231e-005   -3.0206e-039   4.21291e-039   [0.000013,0.000011,]
[12,0,]   12   1.47081e-005   -3.27392e-039   4.39509e-039   [0.000012,0.000012,]
[13,0,]   13   9.17394e-006   -3.63531e-039   4.66836e-039   [0.000012,0.000013,]
[14,0,]   14   4.9189e-006   -4.09475e-039   5.03272e-039   [0.000011,0.000014,]
[15,0,]   15   2.25877e-006   -4.64483e-039   5.48817e-039   [0.000010,0.000015,]
[16,0,]   16   8.84611e-007   -5.27363e-039   6.03471e-039   [0.000010,0.000015,]
[17,0,]   17   2.92837e-007   -6.03371e-039   6.67234e-039   [0.000009,0.000015,]
[18,0,]   18   8.23352e-008   -7.13773e-039   7.40106e-039   [0.000017,0.000015,]
[19,0,]   19   2.37037e-008   -9.41641e-039   8.22087e-039   [0.000025,0.000015,]
[0,1,]   20   8.33789e-008   -7.31081e-039   7.40106e-039   [0.000015,-0.000017,]
[1,1,]   21   3.05922e-007   -5.0046e-039   6.58125e-039   [-0.000002,-0.000016,]
[2,1,]   22   1.08703e-006   -4.13859e-039   5.85253e-039   [0.000007,-0.000015,]
[3,1,]   23   3.32296e-006   -3.40312e-039   5.2149e-039   [0.000008,-0.000014,]
[4,1,]   24   8.5273e-006   -2.84083e-039   4.66836e-039   [0.000010,-0.000013,]
[5,1,]   25   1.8522e-005   -2.36225e-039   4.21291e-039   [0.000011,-0.000012,]
[6,1,]   26   3.41548e-005   -1.97636e-039   3.84855e-039   [0.000012,-0.000010,]
[7,1,]   27   5.36581e-005   -1.6824e-039   3.57528e-039   [0.000013,-0.000009,]
[8,1,]   28   7.20771e-005   -1.48148e-039   3.3931e-039   [0.000013,-0.000007,]
[9,1,]   29   8.30653e-005   -1.37473e-039   3.30201e-039   [0.000014,-0.000005,]
[10,1,]   30   8.23556e-005   -1.36256e-039   3.30201e-039   [0.000014,-0.000004,]
[11,1,]   31   7.03502e-005   -1.44475e-039   3.3931e-039   [0.000013,-0.000002,]
[12,1,]   32   5.17649e-005   -1.62101e-039   3.57528e-039   [0.000013,-0.000001,]
[13,1,]   33   3.27468e-005   -1.89003e-039   3.84855e-039   [0.000012,-0.000001,]
[14,1,]   34   1.77534e-005   -2.25099e-039   4.21291e-039   [0.000011,-0.000000,]
[15,1,]   35   8.21713e-006   -2.70413e-039   4.66836e-039   [0.000010,-0.000000,]
[16,1,]   36   3.23442e-006   -3.2427e-039   5.2149e-039   [0.000009,-0.000001,]
[17,1,]   37   1.07364e-006   -3.92026e-039   5.85253e-039   [0.000008,-0.000001,]
[18,1,]   38   3.02102e-007   -4.9334e-039   6.58125e-039   [0.000016,-0.000002,]
[19,1,]   39   8.58687e-008   -7.21156e-039   7.40106e-039   [0.000023,-0.000003,]
[0,2,]   40   2.85444e-007   -6.18361e-039   6.67234e-039   [0.000015,-0.000009,]
[1,2,]   41   1.04704e-006   -3.97041e-039   5.85253e-039   [-0.000002,-0.000008,]
[2,2,]   42   3.66616e-006   -3.13746e-039   5.12381e-039   [0.000007,-0.000008,]
[3,2,]   43   1.10212e-005   -2.42607e-039   4.48618e-039   [0.000009,-0.000008,]
[4,2,]   44   2.77994e-005   -1.88661e-039   3.93964e-039   [0.000010,-0.000008,]
[5,2,]   45   5.93494e-005   -1.43305e-039   3.48419e-039   [0.000011,-0.000007,]
[6,2,]   46   0.00010768   -1.0737e-039   3.11983e-039   [0.000013,-0.000006,]
[7,2,]   47   0.000166849   -8.07126e-040   2.84656e-039   [0.000014,-0.000005,]
[8,2,]   48   0.000221933   -6.34105e-040   2.66438e-039   [0.000015,-0.000003,]
[9,2,]   49   0.000254629   -5.54462e-040   2.57329e-039   [0.000016,-0.000001,]
[10,2,]   50   0.000252899   -5.66018e-040   2.57329e-039   [0.000016,0.000001,]
[11,2,]   51   0.000217782   -6.66849e-040   2.66438e-039   [0.000015,0.000003,]
[12,2,]   52   0.00016243   -8.53722e-040   2.84656e-039   [0.000014,0.000005,]
[13,2,]   53   0.000104546   -1.1253e-039   3.11983e-039   [0.000013,0.000006,]
[14,2,]   54   5.77742e-005   -1.48129e-039   3.48419e-039   [0.000011,0.000007,]
[15,2,]   55   2.72624e-005   -1.92384e-039   3.93964e-039   [0.000010,0.000007,]
[16,2,]   56   1.09297e-005   -2.44855e-039   4.48618e-039   [0.000009,0.000007,]
[17,2,]   57   3.69e-006   -3.10837e-039   5.12381e-039   [0.000008,0.000007,]
[18,2,]   58   1.05404e-006   -4.09095e-039   5.85253e-039   [0.000015,0.000007,]
[19,2,]   59   3.00749e-007   -6.2633e-039   6.67234e-039   [0.000022,0.000006,]
[0,3,]   60   8.43751e-007   -5.38999e-039   6.03471e-039   [0.000015,-0.000010,]
[1,3,]   61   3.08537e-006   -3.26852e-039   5.2149e-039   [-0.000001,-0.000009,]
[2,3,]   62   1.06109e-005   -2.45598e-039   4.48618e-039   [0.000007,-0.000009,]
[3,3,]   63   3.12333e-005   -1.75611e-039   3.84855e-039   [0.000009,-0.000009,]
[4,3,]   64   7.70166e-005   -1.22448e-039   3.30201e-039   [0.000010,-0.000009,]
[5,3,]   65   0.000160556   -7.78452e-040   2.84656e-039   [0.000012,-0.000008,]
[6,3,]   66   0.000284523   -4.25088e-040   2.4822e-039   [0.000014,-0.000007,]
[7,3,]   67   0.00043167   -1.62704e-040   2.20893e-039   [0.000016,-0.000006,]
[8,3,]   68   0.000565176   8.84524e-042   2.02675e-039   [0.000017,-0.000004,]
[9,3,]   69   0.000643315   8.66816e-041   1.93566e-039   [0.000018,-0.000001,]
[10,3,]   70   0.000639907   7.36295e-041   1.93566e-039   [0.000018,0.000001,]
[11,3,]   71   0.000557289   -2.29575e-041   2.02675e-039   [0.000017,0.000004,]
[12,3,]   72   0.000423736   -2.03794e-040   2.20893e-039   [0.000016,0.000006,]
[13,3,]   73   0.000279426   -4.65646e-040   2.4822e-039   [0.000014,0.000008,]
[14,3,]   74   0.000158477   -8.10548e-040   2.84656e-039   [0.000012,0.000008,]
[15,3,]   75   7.66952e-005   -1.24191e-039   3.30201e-039   [0.000010,0.000009,]
[16,3,]   76   3.14668e-005   -1.75694e-039   3.84855e-039   [0.000009,0.000009,]
[17,3,]   77   1.0845e-005   -2.40653e-039   4.48618e-039   [0.000008,0.000009,]
[18,3,]   78   3.15346e-006   -3.36562e-039   5.2149e-039   [0.000015,0.000008,]
[19,3,]   79   9.0348e-007   -5.43687e-039   6.03471e-039   [0.000021,0.000007,]
[0,4,]   80   2.10554e-006   -4.74984e-039   5.48817e-039   [0.000015,-0.000011,]
[1,4,]   81   7.65883e-006   -2.73073e-039   4.66836e-039   [-0.000001,-0.000010,]
[2,4,]   82   2.5812e-005   -1.93497e-039   3.93964e-039   [0.000007,-0.000010,]
[3,4,]   83   7.41232e-005   -1.24599e-039   3.30201e-039   [0.000009,-0.000010,]
[4,4,]   84   0.000177741   -7.21675e-040   2.75547e-039   [0.000011,-0.000010,]
[5,4,]   85   0.000359206   -2.83385e-040   2.30002e-039   [0.000013,-0.000010,]
[6,4,]   86   0.000616102   6.277e-041   1.93566e-039   [0.000015,-0.000009,]
[7,4,]   87   0.000906148   3.2135e-040   1.66239e-039   [0.000018,-0.000008,]
[8,4,]   88   0.00115746   4.90578e-040   1.48021e-039   [0.000020,-0.000005,]
[9,4,]   89   0.00130087   5.72878e-040   1.38912e-039   [0.000021,-0.000002,]
[10,4,]   90   0.0012965   5.60654e-040   1.38912e-039   [0.000021,0.000002,]
[11,4,]   91   0.00114772   4.58735e-040   1.48021e-039   [0.000020,0.000005,]
[12,4,]   92   0.000897535   2.85231e-040   1.66239e-039   [0.000018,0.000008,]
[13,4,]   93   0.000612115   3.29705e-041   1.93566e-039   [0.000015,0.000010,]
[14,4,]   94   0.000359191   -3.01145e-040   2.30002e-039   [0.000013,0.000011,]
[15,4,]   95   0.000179361   -7.23267e-040   2.75547e-039   [0.000011,0.000011,]
[16,4,]   96   7.56211e-005   -1.23141e-039   3.30201e-039   [0.000009,0.000011,]
[17,4,]   97   2.66754e-005   -1.8737e-039   3.93964e-039   [0.000008,0.000010,]
[18,4,]   98   7.90754e-006   -2.80909e-039   4.66836e-039   [0.000014,0.000010,]
[19,4,]   99   2.27169e-006   -4.77577e-039   5.48817e-039   [0.000019,0.000008,]
[0,5,]   100   4.47767e-006   -4.18358e-039   5.03272e-039   [0.000014,-0.000011,]
[1,5,]   101   1.61592e-005   -2.27758e-039   4.21291e-039   [-0.000001,-0.000011,]
[2,5,]   102   5.32672e-005   -1.4967e-039   3.48419e-039   [0.000007,-0.000011,]
[3,5,]   103   0.0001487   -8.21232e-040   2.84656e-039   [0.000008,-0.000012,]
[4,5,]   104   0.000344697   -3.07854e-040   2.30002e-039   [0.000010,-0.000013,]
[5,5,]   105   0.00066907   1.16015e-040   1.84457e-039   [0.000013,-0.000013,]
[6,5,]   106   0.00109611   4.47196e-040   1.48021e-039   [0.000016,-0.000012,]
[7,5,]   107   0.00153701   6.88928e-040   1.20694e-039   [0.000020,-0.000011,]
[8,5,]   108   0.00188427   8.55824e-040   1.02476e-039   [0.000023,-0.000008,]
[9,5,]   109   0.0020696   9.40872e-040   9.33673e-040   [0.000026,-0.000003,]
[10,5,]   110   0.0020683   9.19779e-040   9.33673e-040   [0.000026,0.000003,]
[11,5,]   111   0.00188295   8.23554e-040   1.02476e-039   [0.000024,0.000008,]
[12,5,]   112   0.00153913   6.61871e-040   1.20694e-039   [0.000020,0.000011,]
[13,5,]   113   0.00110243   4.31341e-040   1.48021e-039   [0.000016,0.000013,]
[14,5,]   114   0.000677149   1.14221e-040   1.84457e-039   [0.000013,0.000013,]
[15,5,]   115   0.000351611   -2.94584e-040   2.30002e-039   [0.000010,0.000013,]
[16,5,]   116   0.000153058   -7.94111e-040   2.84656e-039   [0.000008,0.000012,]
[17,5,]   117   5.54062e-005   -1.42816e-039   3.48419e-039   [0.000007,0.000012,]
[18,5,]   118   1.67648e-005   -2.33564e-039   4.21291e-039   [0.000012,0.000011,]
[19,5,]   119   4.81911e-006   -4.19452e-039   5.03272e-039   [0.000017,0.000009,]
[0,6,]   120   8.16037e-006   -3.70423e-039   4.66836e-039   [0.000013,-0.000012,]
[1,6,]   121   2.91324e-005   -1.91563e-039   3.84855e-039   [-0.000001,-0.000012,]
[2,6,]   122   9.38718e-005   -1.14502e-039   3.11983e-039   [0.000006,-0.000013,]
[3,6,]   123   0.000254204   -4.84011e-040   2.4822e-039   [0.000008,-0.000014,]
[4,6,]   124   0.000566816   1.50384e-041   1.93566e-039   [0.000010,-0.000015,]
[5,6,]   125   0.00104637   4.18374e-040   1.48021e-039   [0.000013,-0.000016,]
[6,6,]   126   0.00160897   7.15978e-040   1.11585e-039   [0.000017,-0.000016,]
[7,6,]   127   0.00209543   9.28798e-040   8.42583e-040   [0.000022,-0.000015,]
[8,6,]   128   0.0023841   1.03931e-039   6.60403e-040   [0.000028,-0.000012,]
[9,6,]   129   0.00250046   1.15069e-039   5.69313e-040   [0.000032,-0.000005,]
[10,6,]   130   0.00251684   1.17166e-039   5.69313e-040   [0.000033,0.000004,]
[11,6,]   131   0.00241361   1.03907e-039   6.60403e-040   [0.000029,0.000012,]
[12,6,]   132   0.00212688   9.15429e-040   8.42583e-040   [0.000022,0.000016,]
[13,6,]   133   0.00163786   7.16089e-040   1.11585e-039   [0.000017,0.000017,]
[14,6,]   134   0.00106895   4.28786e-040   1.48021e-039   [0.000012,0.000016,]
[15,6,]   135   0.000581961   3.74028e-041   1.93566e-039   [0.000009,0.000015,]
[16,6,]   136   0.000262613   -4.51631e-040   2.4822e-039   [0.000007,0.000014,]
[17,6,]   137   9.77099e-005   -1.07706e-039   3.11983e-039   [0.000006,0.000013,]
[18,6,]   138   3.01832e-005   -1.95302e-039   3.84855e-039   [0.000011,0.000012,]
[19,6,]   139   8.65576e-006   -3.70721e-039   4.66836e-039   [0.000015,0.000010,]
[0,7,]   140   1.2819e-005   -3.32224e-039   4.39509e-039   [0.000012,-0.000013,]
[1,7,]   141   4.51383e-005   -1.64503e-039   3.57528e-039   [-0.000001,-0.000013,]
[2,7,]   142   0.000142394   -8.77512e-040   2.84656e-039   [0.000005,-0.000014,]
[3,7,]   143   0.000374367   -2.30432e-040   2.20893e-039   [0.000006,-0.000016,]
[4,7,]   144   0.000801769   2.54308e-040   1.66239e-039   [0.000008,-0.000018,]
[5,7,]   145   0.00139779   6.27288e-040   1.20694e-039   [0.000011,-0.000020,]
[6,7,]   146   0.00198128   8.81716e-040   8.42583e-040   [0.000016,-0.000022,]
[7,7,]   147   0.00230342   9.91384e-040   5.69313e-040   [0.000023,-0.000023,]
[8,7,]   148   0.00228542   1.00688e-039   3.87133e-040   [0.000034,-0.000019,]
[9,7,]   149   0.00212552   8.29843e-040   2.96043e-040   [0.000044,-0.000008,]
[10,7,]   150   0.00215579   9.43105e-040   2.96043e-040   [0.000045,0.000008,]
[11,7,]   151   0.0023495   1.01171e-039   3.87133e-040   [0.000035,0.000021,]
[12,7,]   152   0.0023741   1.00865e-039   5.69313e-040   [0.000024,0.000024,]
[13,7,]   153   0.00203563   8.95055e-040   8.42583e-040   [0.000016,0.000022,]
[14,7,]   154   0.00143385   6.44288e-040   1.20694e-039   [0.000011,0.000020,]
[15,7,]   155   0.00082347   2.7699e-040   1.66239e-039   [0.000008,0.000018,]
[16,7,]   156   0.000385733   -2.00615e-040   2.20893e-039   [0.000006,0.000016,]
[17,7,]   157   0.000147399   -8.17385e-040   2.84656e-039   [0.000005,0.000014,]
[18,7,]   158   4.64063e-005   -1.65969e-039   3.57528e-039   [0.000009,0.000013,]
[19,7,]   159   1.32261e-005   -3.32235e-039   4.39509e-039   [0.000013,0.000010,]
[0,8,]   160   1.74444e-005   -3.05237e-039   4.21291e-039   [0.000011,-0.000013,]
[1,8,]   161   6.04362e-005   -1.46767e-039   3.3931e-039   [-0.000002,-0.000013,]
[2,8,]   162   0.000187452   -6.94599e-040   2.66438e-039   [0.000003,-0.000015,]
[3,8,]   163   0.000481034   -5.7393e-041   2.02675e-039   [0.000004,-0.000017,]
[4,8,]   164   0.000994702   4.12914e-040   1.48021e-039   [0.000006,-0.000020,]
[5,8,]   165   0.00164275   7.66283e-040   1.02476e-039   [0.000008,-0.000023,]
[6,8,]   166   0.00212736   9.33475e-040   6.60403e-040   [0.000012,-0.000028,]
[7,8,]   167   0.00212401   8.92045e-040   3.87133e-040   [0.000022,-0.000034,]
[8,8,]   168   0.00163326   2.91086e-040   2.04953e-040   [0.000039,-0.000037,]
[9,8,]   169   0.00114948   -5.23584e-040   1.13863e-040   [0.000068,-0.000014,]
[10,8,]   170   0.00114275   -8.93754e-040   1.13863e-040   [0.000069,0.000029,]
[11,8,]   171   0.00172793   5.38781e-040   2.04953e-040   [0.000040,0.000040,]
[12,8,]   172   0.00222213   1.01149e-039   3.87133e-040   [0.000021,0.000035,]
[13,8,]   173   0.00218969   9.63383e-040   6.60403e-040   [0.000012,0.000028,]
[14,8,]   174   0.00167764   7.71167e-040   1.02476e-039   [0.000007,0.000023,]
[15,8,]   175   0.00101456   4.27044e-040   1.48021e-039   [0.000005,0.000020,]
[16,8,]   176   0.000491224   -3.7411e-041   2.02675e-039   [0.000004,0.000017,]
[17,8,]   177   0.000191878   -6.4774e-040   2.66438e-039   [0.000003,0.000015,]
[18,8,]   178   6.13043e-005   -1.45679e-039   3.3931e-039   [0.000007,0.000013,]
[19,8,]   179   1.72879e-005   -3.05431e-039   4.21291e-039   [0.000011,0.000011,]
[0,9,]   180   2.06281e-005   -2.90922e-039   4.12182e-039   [0.000010,-0.000012,]
[1,9,]   181   7.02103e-005   -1.38586e-039   3.30201e-039   [-0.000004,-0.000014,]
[2,9,]   182   0.000215614   -5.97476e-040   2.57329e-039   [0.000001,-0.000016,]
[3,9,]   183   0.000545571   3.27352e-041   1.93566e-039   [0.000001,-0.000018,]
[4,9,]   184   0.0011051   5.01021e-040   1.38912e-039   [0.000002,-0.000021,]
[5,9,]   185   0.00176282   8.30323e-040   9.33673e-040   [0.000003,-0.000026,]
[6,9,]   186   0.00214462   9.85245e-040   5.69313e-040   [0.000005,-0.000033,]
[7,9,]   187   0.001856   6.14834e-040   2.96043e-040   [0.000011,-0.000045,]
[8,9,]   188   0.00101952   -1.36991e-039   1.13863e-040   [0.000031,-0.000070,]
[9,9,]   189   0.000331337   -9.91029e-039   2.27725e-041   [0.000120,-0.000112,]
[10,9,]   190   0.000333639   -1.01369e-038   2.27725e-041   [0.000109,0.000127,]
[11,9,]   191   0.00110148   -4.908e-040   1.13863e-040   [0.000019,0.000073,]
[12,9,]   192   0.00190609   6.5029e-040   2.96043e-040   [0.000008,0.000046,]
[13,9,]   193   0.00216916   9.67929e-040   5.69313e-040   [0.000004,0.000033,]
[14,9,]   194   0.00177648   8.27267e-040   9.33673e-040   [0.000003,0.000026,]
[15,9,]   195   0.00111299   5.04298e-040   1.38912e-039   [0.000002,0.000021,]
[16,9,]   196   0.000549707   4.0664e-041   1.93566e-039   [0.000001,0.000018,]
[17,9,]   197   0.000217382   -5.67341e-040   2.57329e-039   [0.000001,0.000016,]
[18,9,]   198   6.99816e-005   -1.34687e-039   3.30201e-039   [0.000005,0.000014,]
[19,9,]   199   1.94405e-005   -2.9192e-039   4.12182e-039   [0.000009,0.000012,]
[0,10,]   200   2.12011e-005   -2.9014e-039   4.12182e-039   [0.000009,-0.000012,]
[1,10,]   201   7.08872e-005   -1.40049e-039   3.30201e-039   [-0.000005,-0.000014,]
[2,10,]   202   0.000217405   -5.88769e-040   2.57329e-039   [-0.000001,-0.000016,]
[3,10,]   203   0.000549677   4.02382e-041   1.93566e-039   [-0.000001,-0.000018,]
[4,10,]   204   0.00111297   5.04267e-040   1.38912e-039   [-0.000002,-0.000021,]
[5,10,]   205   0.00177648   8.27325e-040   9.33673e-040   [-0.000003,-0.000026,]
[6,10,]   206   0.00216916   9.67929e-040   5.69313e-040   [-0.000004,-0.000033,]
[7,10,]   207   0.00190609   6.50291e-040   2.96043e-040   [-0.000008,-0.000046,]
[8,10,]   208   0.00110148   -4.908e-040   1.13863e-040   [-0.000019,-0.000073,]
[9,10,]   209   0.000333639   -1.01369e-038   2.27725e-041   [-0.000109,-0.000127,]
[10,10,]   210   0.000331337   -9.91029e-039   2.27725e-041   [-0.000120,0.000112,]
[11,10,]   211   0.00101952   -1.36991e-039   1.13863e-040   [-0.000031,0.000070,]
[12,10,]   212   0.001856   6.14834e-040   2.96043e-040   [-0.000011,0.000045,]
[13,10,]   213   0.00214462   9.85244e-040   5.69313e-040   [-0.000005,0.000033,]
[14,10,]   214   0.00176282   8.30266e-040   9.33673e-040   [-0.000003,0.000026,]
[15,10,]   215   0.00110513   5.01055e-040   1.38912e-039   [-0.000002,0.000021,]
[16,10,]   216   0.0005456   3.32406e-041   1.93566e-039   [-0.000002,0.000018,]
[17,10,]   217   0.000215582   -5.76266e-040   2.57329e-039   [-0.000001,0.000016,]
[18,10,]   218   6.93093e-005   -1.33204e-039   3.30201e-039   [0.000004,0.000014,]
[19,10,]   219   1.88974e-005   -2.92727e-039   4.12182e-039   [0.000008,0.000013,]
[0,11,]   220   1.88846e-005   -3.02906e-039   4.21291e-039   [0.000007,-0.000011,]
[1,11,]   221   6.21163e-005   -1.51106e-039   3.3931e-039   [-0.000007,-0.000013,]
[2,11,]   222   0.000191891   -6.69841e-040   2.66438e-039   [-0.000003,-0.000015,]
[3,11,]   223   0.000491197   -3.77717e-041   2.02675e-039   [-0.000004,-0.000017,]
[4,11,]   224   0.00101454   4.27012e-040   1.48021e-039   [-0.000005,-0.000020,]
[5,11,]   225   0.00167764   7.71224e-040   1.02476e-039   [-0.000007,-0.000023,]
[6,11,]   226   0.00218969   9.63383e-040   6.60403e-040   [-0.000012,-0.000028,]
[7,11,]   227   0.00222213   1.01149e-039   3.87133e-040   [-0.000021,-0.000035,]
[8,11,]   228   0.00172793   5.38781e-040   2.04953e-040   [-0.000040,-0.000040,]
[9,11,]   229   0.00114275   -8.93754e-040   1.13863e-040   [-0.000069,-0.000029,]
[10,11,]   230   0.00114948   -5.23584e-040   1.13863e-040   [-0.000068,0.000014,]
[11,11,]   231   0.00163326   2.91087e-040   2.04953e-040   [-0.000039,0.000037,]
[12,11,]   232   0.002124   8.92045e-040   3.87133e-040   [-0.000022,0.000034,]
[13,11,]   233   0.00212736   9.33474e-040   6.60403e-040   [-0.000012,0.000028,]
[14,11,]   234   0.00164276   7.66228e-040   1.02476e-039   [-0.000008,0.000023,]
[15,11,]   235   0.000994727   4.12951e-040   1.48021e-039   [-0.000006,0.000020,]
[16,11,]   236   0.00048106   -5.67953e-041   2.02675e-039   [-0.000004,0.000017,]
[17,11,]   237   0.000187414   -6.73146e-040   2.66438e-039   [-0.000003,0.000015,]
[18,11,]   238   5.96353e-005   -1.41287e-039   3.3931e-039   [0.000002,0.000013,]
[19,11,]   239   1.59243e-005   -3.07877e-039   4.21291e-039   [0.000007,0.000013,]
[0,12,]   240   1.45015e-005   -3.28377e-039   4.39509e-039   [0.000006,-0.000010,]
[1,12,]   241   4.70481e-005   -1.71539e-039   3.57528e-039   [-0.000009,-0.000013,]
[2,12,]   242   0.000147405   -8.40513e-040   2.84656e-039   [-0.000005,-0.000014,]
[3,12,]   243   0.000385712   -2.00923e-040   2.20893e-039   [-0.000006,-0.000016,]
[4,12,]   244   0.00082345   2.76956e-040   1.66239e-039   [-0.000008,-0.000018,]
[5,12,]   245   0.00143385   6.44345e-040   1.20694e-039   [-0.000011,-0.000020,]
[6,12,]   246   0.00203563   8.95054e-040   8.42583e-040   [-0.000016,-0.000022,]
[7,12,]   247   0.0023741   1.00865e-039   5.69313e-040   [-0.000024,-0.000024,]
[8,12,]   248   0.0023495   1.01171e-039   3.87133e-040   [-0.000035,-0.000021,]
[9,12,]   249   0.00215579   9.43105e-040   2.96043e-040   [-0.000045,-0.000008,]
[10,12,]   250   0.00212552   8.29843e-040   2.96043e-040   [-0.000044,0.000008,]
[11,12,]   251   0.00228542   1.00688e-039   3.87133e-040   [-0.000034,0.000019,]
[12,12,]   252   0.00230342   9.91383e-040   5.69313e-040   [-0.000023,0.000023,]
[13,12,]   253   0.00198128   8.81713e-040   8.42583e-040   [-0.000016,0.000022,]
[14,12,]   254   0.00139779   6.27235e-040   1.20694e-039   [-0.000011,0.000020,]
[15,12,]   255   0.000801789   2.5435e-040   1.66239e-039   [-0.000008,0.000018,]
[16,12,]   256   0.000374386   -2.29736e-040   2.20893e-039   [-0.000006,0.000016,]
[17,12,]   257   0.000142358   -8.55446e-040   2.84656e-039   [-0.000005,0.000014,]
[18,12,]   258   4.4508e-005   -1.58858e-039   3.57528e-039   [0.000002,0.000013,]
[19,12,]   259   1.16357e-005   -3.36395e-039   4.39509e-039   [0.000007,0.000013,]
[0,13,]   260   9.53871e-006   -3.65191e-039   4.66836e-039   [0.000005,-0.000009,]
[1,13,]   261   3.06233e-005   -2.0108e-039   3.84855e-039   [-0.000011,-0.000012,]
[2,13,]   262   9.77109e-005   -1.10141e-039   3.11983e-039   [-0.000006,-0.000013,]
[3,13,]   263   0.000262599   -4.51899e-040   2.4822e-039   [-0.000007,-0.000014,]
[4,13,]   264   0.000581947   3.73636e-041   1.93566e-039   [-0.000009,-0.000015,]
[5,13,]   265   0.00106895   4.2884e-040   1.48021e-039   [-0.000012,-0.000016,]
[6,13,]   266   0.00163786   7.16087e-040   1.11585e-039   [-0.000017,-0.000017,]
[7,13,]   267   0.00212688   9.15427e-040   8.42583e-040   [-0.000022,-0.000016,]
[8,13,]   268   0.00241361   1.03907e-039   6.60403e-040   [-0.000029,-0.000012,]
[9,13,]   269   0.00251684   1.17166e-039   5.69313e-040   [-0.000033,-0.000004,]
[10,13,]   270   0.00250046   1.15069e-039   5.69313e-040   [-0.000032,0.000005,]
[11,13,]   271   0.0023841   1.03931e-039   6.60403e-040   [-0.000028,0.000012,]
[12,13,]   272   0.00209543   9.28798e-040   8.42583e-040   [-0.000022,0.000015,]
[13,13,]   273   0.00160897   7.15977e-040   1.11585e-039   [-0.000017,0.000016,]
[14,13,]   274   0.00104637   4.18324e-040   1.48021e-039   [-0.000013,0.000016,]
[15,13,]   275   0.000566831   1.50863e-041   1.93566e-039   [-0.000010,0.000015,]
[16,13,]   276   0.000254218   -4.83219e-040   2.4822e-039   [-0.000008,0.000014,]
[17,13,]   277   9.38427e-005   -1.12211e-039   3.11983e-039   [-0.000006,0.000013,]
[18,13,]   278   2.86996e-005   -1.85701e-039   3.84855e-039   [0.000001,0.000012,]
[19,13,]   279   7.35531e-006   -3.76594e-039   4.66836e-039   [0.000008,0.000012,]
[0,14,]   280   5.34097e-006   -4.12128e-039   5.03272e-039   [0.000004,-0.000009,]
[1,14,]   281   1.7023e-005   -2.39595e-039   4.21291e-039   [-0.000012,-0.000011,]
[2,14,]   282   5.54055e-005   -1.45382e-039   3.48419e-039   [-0.000007,-0.000012,]
[3,14,]   283   0.000153049   -7.94389e-040   2.84656e-039   [-0.000008,-0.000012,]
[4,14,]   284   0.000351603   -2.94673e-040   2.30002e-039   [-0.000010,-0.000013,]
[5,14,]   285   0.00067715   1.14226e-040   1.84457e-039   [-0.000013,-0.000013,]
[6,14,]   286   0.00110243   4.31289e-040   1.48021e-039   [-0.000016,-0.000013,]
[7,14,]   287   0.00153913   6.61818e-040   1.20694e-039   [-0.000020,-0.000011,]
[8,14,]   288   0.00188295   8.23499e-040   1.02476e-039   [-0.000024,-0.000008,]
[9,14,]   289   0.0020683   9.19722e-040   9.33673e-040   [-0.000026,-0.000003,]
[10,14,]   290   0.0020696   9.40814e-040   9.33673e-040   [-0.000026,0.000003,]
[11,14,]   291   0.00188427   8.55766e-040   1.02476e-039   [-0.000023,0.000008,]
[12,14,]   292   0.00153701   6.8887e-040   1.20694e-039   [-0.000020,0.000011,]
[13,14,]   293   0.00109611   4.47137e-040   1.48021e-039   [-0.000016,0.000012,]
[14,14,]   294   0.000669071   1.15909e-040   1.84457e-039   [-0.000013,0.000013,]
[15,14,]   295   0.000344706   -3.07859e-040   2.30002e-039   [-0.000010,0.000013,]
[16,14,]   296   0.000148708   -8.2041e-040   2.84656e-039   [-0.000008,0.000012,]
[17,14,]   297   5.3248e-005   -1.47289e-039   3.48419e-039   [-0.000007,0.000011,]
[18,14,]   298   1.59037e-005   -2.21655e-039   4.21291e-039   [0.000001,0.000011,]
[19,14,]   299   4.00574e-006   -4.26746e-039   5.03272e-039   [0.000009,0.000012,]
[0,15,]   300   2.53227e-006   -4.68465e-039   5.48817e-039   [0.000004,-0.000008,]
[1,15,]   301   8.03583e-006   -2.87192e-039   4.66836e-039   [-0.000014,-0.000010,]
[2,15,]   302   2.66752e-005   -1.90044e-039   3.93964e-039   [-0.000008,-0.000010,]
[3,15,]   303   7.56187e-005   -1.23155e-039   3.30201e-039   [-0.000009,-0.000011,]
[4,15,]   304   0.000179361   -7.23257e-040   2.75547e-039   [-0.000011,-0.000011,]
[5,15,]   305   0.0003592   -3.01041e-040   2.30002e-039   [-0.000013,-0.000011,]
[6,15,]   306   0.00061213   3.30153e-041   1.93566e-039   [-0.000015,-0.000010,]
[7,15,]   307   0.000897557   2.85273e-040   1.66239e-039   [-0.000018,-0.000008,]
[8,15,]   308   0.00114775   4.58772e-040   1.48021e-039   [-0.000020,-0.000005,]
[9,15,]   309   0.00129653   5.60688e-040   1.38912e-039   [-0.000021,-0.000002,]
[10,15,]   310   0.0013009   5.7291e-040   1.38912e-039   [-0.000021,0.000002,]
[11,15,]   311   0.00115749   4.9061e-040   1.48021e-039   [-0.000020,0.000005,]
[12,15,]   312   0.00090617   3.21383e-040   1.66239e-039   [-0.000018,0.000008,]
[13,15,]   313   0.000616117   6.28037e-041   1.93566e-039   [-0.000015,0.000009,]
[14,15,]   314   0.000359215   -2.83395e-040   2.30002e-039   [-0.000013,0.000010,]
[15,15,]   315   0.00017775   -7.2158e-040   2.75547e-039   [-0.000011,0.000010,]
[16,15,]   316   7.41289e-005   -1.245e-039   3.30201e-039   [-0.000009,0.000010,]
[17,15,]   317   2.58023e-005   -1.91012e-039   3.93964e-039   [-0.000007,0.000010,]
[18,15,]   318   7.53087e-006   -2.66702e-039   4.66836e-039   [0.000001,0.000010,]
[19,15,]   319   1.86995e-006   -4.85566e-039   5.48817e-039   [0.000010,0.000011,]
[0,16,]   320   1.01267e-006   -5.328e-039   6.03471e-039   [0.000003,-0.000007,]
[1,16,]   321   3.20706e-006   -3.43002e-039   5.2149e-039   [-0.000015,-0.000009,]
[2,16,]   322   1.0845e-005   -2.43337e-039   4.48618e-039   [-0.000008,-0.000009,]
[3,16,]   323   3.14666e-005   -1.75614e-039   3.84855e-039   [-0.000009,-0.000009,]
[4,16,]   324   7.66973e-005   -1.24103e-039   3.30201e-039   [-0.000010,-0.000009,]
[5,16,]   325   0.000158486   -8.09637e-040   2.84656e-039   [-0.000012,-0.000008,]
[6,16,]   326   0.00027944   -4.64871e-040   2.4822e-039   [-0.000014,-0.000008,]
[7,16,]   327   0.000423758   -2.03105e-040   2.20893e-039   [-0.000016,-0.000006,]
[8,16,]   328   0.000557318   -2.23603e-041   2.02675e-039   [-0.000017,-0.000004,]
[9,16,]   329   0.000639941   7.41386e-041   1.93566e-039   [-0.000018,-0.000001,]
[10,16,]   330   0.00064335   8.71107e-041   1.93566e-039   [-0.000018,0.000001,]
[11,16,]   331   0.000565206   9.20565e-042   2.02675e-039   [-0.000017,0.000004,]
[12,16,]   332   0.000431694   -1.62401e-040   2.20893e-039   [-0.000016,0.000006,]
[13,16,]   333   0.000284539   -4.24832e-040   2.4822e-039   [-0.000014,0.000007,]
[14,16,]   334   0.000160565   -7.78278e-040   2.84656e-039   [-0.000012,0.000008,]
[15,16,]   335   7.7023e-005   -1.22423e-039   3.30201e-039   [-0.000010,0.000009,]
[16,16,]   336   3.12368e-005   -1.75494e-039   3.84855e-039   [-0.000009,0.000009,]
[17,16,]   337   1.06069e-005   -2.43013e-039   4.48618e-039   [-0.000007,0.000009,]
[18,16,]   338   3.03134e-006   -3.20218e-039   5.2149e-039   [0.000002,0.000009,]
[19,16,]   339   7.44373e-007   -5.51608e-039   6.03471e-039   [0.000011,0.000010,]
[0,17,]   340   3.38614e-007   -6.11271e-039   6.67234e-039   [0.000003,-0.000006,]
[1,17,]   341   1.07212e-006   -4.13242e-039   5.85253e-039   [-0.000016,-0.000007,]
[2,17,]   342   3.68814e-006   -3.11161e-039   5.12381e-039   [-0.000008,-0.000008,]
[3,17,]   343   1.09244e-005   -2.42396e-039   4.48618e-039   [-0.000009,-0.000008,]
[4,17,]   344   2.72511e-005   -1.89992e-039   3.93964e-039   [-0.000010,-0.000007,]
[5,17,]   345   5.77541e-005   -1.45808e-039   3.48419e-039   [-0.000011,-0.000007,]
[6,17,]   346   0.000104515   -1.10289e-039   3.11983e-039   [-0.000013,-0.000006,]
[7,17,]   347   0.00016239   -8.31938e-040   2.84656e-039   [-0.000014,-0.000005,]
[8,17,]   348   0.000217739   -6.45479e-040   2.66438e-039   [-0.000015,-0.000003,]
[9,17,]   349   0.000252861   -5.44778e-040   2.57329e-039   [-0.000016,-0.000001,]
[10,17,]   350   0.000254602   -5.3302e-040   2.57329e-039   [-0.000016,0.000001,]
[11,17,]   351   0.000221918   -6.12131e-040   2.66438e-039   [-0.000015,0.000003,]
[12,17,]   352   0.000166843   -7.84346e-040   2.84656e-039   [-0.000014,0.000005,]
[13,17,]   353   0.000107679   -1.04994e-039   3.11983e-039   [-0.000013,0.000006,]
[14,17,]   354   5.93503e-005   -1.40826e-039   3.48419e-039   [-0.000011,0.000007,]
[15,17,]   355   2.7801e-005   -1.86066e-039   3.93964e-039   [-0.000010,0.000008,]
[16,17,]   356   1.10223e-005   -2.39814e-039   4.48618e-039   [-0.000009,0.000008,]
[17,17,]   357   3.66472e-006   -3.08317e-039   5.12381e-039   [-0.000007,0.000008,]
[18,17,]   358   1.02795e-006   -3.8731e-039   5.85253e-039   [0.000002,0.000008,]
[19,17,]   359   2.5034e-007   -6.29792e-039   6.67234e-039   [0.000012,0.000009,]
[0,18,]   360   9.53392e-008   -7.00905e-039   7.40106e-039   [0.000003,0.000003,]
[1,18,]   361   3.02031e-007   -4.93544e-039   6.58125e-039   [-0.000016,0.000002,]
[2,18,]   362   1.05478e-006   -3.88395e-039   5.85253e-039   [-0.000008,0.000002,]
[3,18,]   363   3.17991e-006   -3.17899e-039   5.2149e-039   [-0.000009,0.000001,]
[4,18,]   364   8.08519e-006   -2.6425e-039   4.66836e-039   [-0.000010,0.000001,]
[5,18,]   365   1.7483e-005   -2.19142e-039   4.21291e-039   [-0.000011,0.000001,]
[6,18,]   366   3.22735e-005   -1.83255e-039   3.84855e-039   [-0.000012,0.000001,]
[7,18,]   367   5.10533e-005   -1.56529e-039   3.57528e-039   [-0.000013,0.000001,]
[8,18,]   368   6.94219e-005   -1.39038e-039   3.3931e-039   [-0.000013,0.000002,]
[9,18,]   369   8.12962e-005   -1.309e-039   3.30201e-039   [-0.000014,0.000004,]
[10,18,]   370   8.20028e-005   -1.32136e-039   3.30201e-039   [-0.000014,0.000005,]
[11,18,]   371   7.11419e-005   -1.42765e-039   3.3931e-039   [-0.000013,0.000007,]
[12,18,]   372   5.29402e-005   -1.62749e-039   3.57528e-039   [-0.000013,0.000009,]
[13,18,]   373   3.36787e-005   -1.91985e-039   3.84855e-039   [-0.000012,0.000010,]
[14,18,]   374   1.82517e-005   -2.30381e-039   4.21291e-039   [-0.000011,0.000012,]
[15,18,]   375   8.39729e-006   -2.78012e-039   4.66836e-039   [-0.000010,0.000013,]
[16,18,]   376   3.27016e-006   -3.33916e-039   5.2149e-039   [-0.000008,0.000014,]
[17,18,]   377   1.06851e-006   -4.04617e-039   5.85253e-039   [-0.000007,0.000015,]
[18,18,]   378   2.94958e-007   -4.86546e-039   6.58125e-039   [0.000003,0.000015,]
[19,18,]   379   7.14165e-008   -7.404e-039   7.40106e-039   [0.000013,0.000017,]
[0,19,]   380   2.35802e-008   -9.41797e-039   8.22087e-039   [0.000003,0.000013,]
[1,19,]   381   7.36855e-008   -7.34722e-039   7.40106e-039   [-0.000017,0.000011,]
[2,19,]   382   2.5843e-007   -6.1894e-039   6.67234e-039   [-0.000010,0.000010,]
[3,19,]   383   7.84999e-007   -5.38151e-039   6.03471e-039   [-0.000010,0.000009,]
[4,19,]   384   2.01658e-006   -4.73457e-039   5.48817e-039   [-0.000011,0.000009,]
[5,19,]   385   4.41935e-006   -4.16588e-039   5.03272e-039   [-0.000011,0.000008,]
[6,19,]   386   8.29373e-006   -3.68878e-039   4.66836e-039   [-0.000012,0.000007,]
[7,19,]   387   1.33724e-005   -3.31197e-039   4.39509e-039   [-0.000013,0.000007,]
[8,19,]   388   1.85616e-005   -3.04714e-039   4.21291e-039   [-0.000013,0.000007,]
[9,19,]   389   2.2187e-005   -2.90526e-039   4.12182e-039   [-0.000013,0.000008,]
[10,19,]   390   2.28035e-005   -2.8923e-039   4.12182e-039   [-0.000012,0.000009,]
[11,19,]   391   2.00941e-005   -3.00897e-039   4.21291e-039   [-0.000011,0.000011,]
[12,19,]   392   1.51274e-005   -3.25119e-039   4.39509e-039   [-0.000011,0.000012,]
[13,19,]   393   9.69505e-006   -3.61113e-039   4.66836e-039   [-0.000010,0.000014,]
[14,19,]   394   5.27296e-006   -4.07958e-039   5.03272e-039   [-0.000009,0.000016,]
[15,19,]   395   2.42705e-006   -4.64937e-039   5.48817e-039   [-0.000008,0.000018,]
[16,19,]   396   9.43342e-007   -5.30451e-039   6.03471e-039   [-0.000007,0.000019,]
[17,19,]   397   3.07115e-007   -6.10803e-039   6.67234e-039   [-0.000006,0.000021,]
[18,19,]   398   8.44039e-008   -7.03631e-039   7.40106e-039   [0.000004,0.000022,]
[19,19,]   399   2.0616e-008   -9.61407e-039   8.22087e-039   [0.000014,0.000023,]
