coordinates  index   rho      Q      V    velocities 
[0,0,]   0   5.23579e-008   -8.71176e-039   8.22087e-039   [0.000022,0.000009,]
[1,0,]   1   1.37868e-007   -7.10172e-039   7.40106e-039   [-0.000009,0.000009,]
[2,0,]   2   4.66515e-007   -5.97538e-039   6.67234e-039   [0.000004,0.000009,]
[3,0,]   3   1.42159e-006   -5.06948e-039   6.03471e-039   [0.000006,0.000010,]
[4,0,]   4   3.60335e-006   -4.45695e-039   5.48817e-039   [0.000007,0.000010,]
[5,0,]   5   7.69334e-006   -3.92511e-039   5.03272e-039   [0.000008,0.000011,]
[6,0,]   6   1.38712e-005   -3.49893e-039   4.66836e-039   [0.000009,0.000011,]
[7,0,]   7   2.12129e-005   -3.1801e-039   4.39509e-039   [0.000010,0.000012,]
[8,0,]   8   2.76435e-005   -2.97623e-039   4.21291e-039   [0.000011,0.000014,]
[9,0,]   9   3.08725e-005   -2.89307e-039   4.12182e-039   [0.000012,0.000015,]
[10,0,]   10   2.9728e-005   -2.92505e-039   4.12182e-039   [0.000013,0.000016,]
[11,0,]   11   2.4808e-005   -3.06513e-039   4.21291e-039   [0.000013,0.000017,]
[12,0,]   12   1.79926e-005   -3.31041e-039   4.39509e-039   [0.000013,0.000019,]
[13,0,]   13   1.13319e-005   -3.64954e-039   4.66836e-039   [0.000012,0.000019,]
[14,0,]   14   6.17437e-006   -4.07459e-039   5.03272e-039   [0.000012,0.000020,]
[15,0,]   15   2.89314e-006   -4.58229e-039   5.48817e-039   [0.000011,0.000021,]
[16,0,]   16   1.1578e-006   -5.16076e-039   6.03471e-039   [0.000010,0.000021,]
[17,0,]   17   3.89686e-007   -5.92171e-039   6.67234e-039   [0.000011,0.000021,]
[18,0,]   18   1.12222e-007   -7.20548e-039   7.40106e-039   [0.000022,0.000022,]
[19,0,]   19   3.83658e-008   -9.12368e-039   8.22087e-039   [0.000033,0.000022,]
[0,1,]   20   1.20377e-007   -7.38607e-039   7.40106e-039   [0.000022,-0.000022,]
[1,1,]   21   3.23711e-007   -5.6351e-039   6.58125e-039   [-0.000007,-0.000021,]
[2,1,]   22   1.10974e-006   -4.54575e-039   5.85253e-039   [0.000006,-0.000020,]
[3,1,]   23   3.42764e-006   -3.67732e-039   5.2149e-039   [0.000008,-0.000019,]
[4,1,]   24   8.82764e-006   -3.09949e-039   4.66836e-039   [0.000009,-0.000017,]
[5,1,]   25   1.92109e-005   -2.59693e-039   4.21291e-039   [0.000010,-0.000016,]
[6,1,]   26   3.54186e-005   -2.19145e-039   3.84855e-039   [0.000012,-0.000014,]
[7,1,]   27   5.55329e-005   -1.8811e-039   3.57528e-039   [0.000012,-0.000012,]
[8,1,]   28   7.43103e-005   -1.66913e-039   3.3931e-039   [0.000013,-0.000010,]
[9,1,]   29   8.51727e-005   -1.56033e-039   3.30201e-039   [0.000014,-0.000008,]
[10,1,]   30   8.39156e-005   -1.55294e-039   3.30201e-039   [0.000014,-0.000006,]
[11,1,]   31   7.12731e-005   -1.64203e-039   3.3931e-039   [0.000013,-0.000005,]
[12,1,]   32   5.22248e-005   -1.83153e-039   3.57528e-039   [0.000013,-0.000004,]
[13,1,]   33   3.29758e-005   -2.11526e-039   3.84855e-039   [0.000012,-0.000004,]
[14,1,]   34   1.7889e-005   -2.49077e-039   4.21291e-039   [0.000011,-0.000004,]
[15,1,]   35   8.30237e-006   -2.95675e-039   4.66836e-039   [0.000010,-0.000004,]
[16,1,]   36   3.27997e-006   -3.50105e-039   5.2149e-039   [0.000009,-0.000005,]
[17,1,]   37   1.08772e-006   -4.23475e-039   5.85253e-039   [0.000010,-0.000005,]
[18,1,]   38   3.08333e-007   -5.49096e-039   6.58125e-039   [0.000021,-0.000006,]
[19,1,]   39   1.03563e-007   -7.52699e-039   7.40106e-039   [0.000032,-0.000007,]
[0,2,]   40   3.8745e-007   -6.08756e-039   6.67234e-039   [0.000021,-0.000012,]
[1,2,]   41   1.05967e-006   -4.36217e-039   5.85253e-039   [-0.000006,-0.000010,]
[2,2,]   42   3.59084e-006   -3.32899e-039   5.12381e-039   [0.000006,-0.000010,]
[3,2,]   43   1.0917e-005   -2.50377e-039   4.48618e-039   [0.000008,-0.000010,]
[4,2,]   44   2.76744e-005   -1.96353e-039   3.93964e-039   [0.000010,-0.000009,]
[5,2,]   45   5.93016e-005   -1.50033e-039   3.48419e-039   [0.000011,-0.000008,]
[6,2,]   46   0.0001078   -1.13628e-039   3.11983e-039   [0.000013,-0.000007,]
[7,2,]   47   0.000167117   -8.64653e-040   2.84656e-039   [0.000014,-0.000006,]
[8,2,]   48   0.000222012   -6.9209e-040   2.66438e-039   [0.000015,-0.000004,]
[9,2,]   49   0.00025401   -6.15465e-040   2.57329e-039   [0.000016,-0.000002,]
[10,2,]   50   0.0002512   -6.33734e-040   2.57329e-039   [0.000016,-0.000000,]
[11,2,]   51   0.000215284   -7.44549e-040   2.66438e-039   [0.000015,0.000002,]
[12,2,]   52   0.000159988   -9.37451e-040   2.84656e-039   [0.000014,0.000004,]
[13,2,]   53   0.000102767   -1.21617e-039   3.11983e-039   [0.000013,0.000005,]
[14,2,]   54   5.67834e-005   -1.57536e-039   3.48419e-039   [0.000011,0.000006,]
[15,2,]   55   2.68304e-005   -2.01916e-039   3.93964e-039   [0.000010,0.000006,]
[16,2,]   56   1.07765e-005   -2.53782e-039   4.48618e-039   [0.000009,0.000006,]
[17,2,]   57   3.62811e-006   -3.24092e-039   5.12381e-039   [0.000009,0.000006,]
[18,2,]   58   1.04223e-006   -4.44187e-039   5.85253e-039   [0.000020,0.000006,]
[19,2,]   59   3.48581e-007   -6.40109e-039   6.67234e-039   [0.000030,0.000004,]
[0,3,]   60   1.12394e-006   -5.2383e-039   6.03471e-039   [0.000021,-0.000011,]
[1,3,]   61   3.12203e-006   -3.54839e-039   5.2149e-039   [-0.000006,-0.000009,]
[2,3,]   62   1.04096e-005   -2.55232e-039   4.48618e-039   [0.000006,-0.000009,]
[3,3,]   63   3.09663e-005   -1.74739e-039   3.84855e-039   [0.000008,-0.000009,]
[4,3,]   64   7.67185e-005   -1.21811e-039   3.30201e-039   [0.000010,-0.000009,]
[5,3,]   65   0.000160518   -7.66809e-040   2.84656e-039   [0.000012,-0.000008,]
[6,3,]   66   0.000285073   -4.10622e-040   2.4822e-039   [0.000014,-0.000008,]
[7,3,]   67   0.00043289   -1.4911e-040   2.20893e-039   [0.000016,-0.000006,]
[8,3,]   68   0.000566646   2.42814e-041   2.02675e-039   [0.000017,-0.000004,]
[9,3,]   69   0.000644123   9.81329e-041   1.93566e-039   [0.000018,-0.000002,]
[10,3,]   70   0.00063867   7.13037e-041   1.93566e-039   [0.000018,0.000001,]
[11,3,]   71   0.000554121   -3.14758e-041   2.02675e-039   [0.000017,0.000004,]
[12,3,]   72   0.000420274   -2.16187e-040   2.20893e-039   [0.000016,0.000006,]
[13,3,]   73   0.000276987   -4.75103e-040   2.4822e-039   [0.000014,0.000007,]
[14,3,]   74   0.000157253   -8.17316e-040   2.84656e-039   [0.000012,0.000008,]
[15,3,]   75   7.62674e-005   -1.24292e-039   3.30201e-039   [0.000010,0.000008,]
[16,3,]   76   3.13639e-005   -1.74668e-039   3.84855e-039   [0.000009,0.000008,]
[17,3,]   77   1.07835e-005   -2.4334e-039   4.48618e-039   [0.000009,0.000008,]
[18,3,]   78   3.15446e-006   -3.5902e-039   5.2149e-039   [0.000019,0.000008,]
[19,3,]   79   1.05022e-006   -5.47023e-039   6.03471e-039   [0.000028,0.000006,]
[0,4,]   80   2.73906e-006   -4.64872e-039   5.48817e-039   [0.000021,-0.000011,]
[1,4,]   81   7.7226e-006   -2.99921e-039   4.66836e-039   [-0.000005,-0.000010,]
[2,4,]   82   2.5282e-005   -2.03392e-039   3.93964e-039   [0.000006,-0.000010,]
[3,4,]   83   7.3319e-005   -1.24548e-039   3.30201e-039   [0.000008,-0.000010,]
[4,4,]   84   0.00017659   -7.24106e-040   2.75547e-039   [0.000011,-0.000010,]
[5,4,]   85   0.000358199   -2.77978e-040   2.30002e-039   [0.000013,-0.000010,]
[6,4,]   86   0.000615739   6.76987e-041   1.93566e-039   [0.000015,-0.000009,]
[7,4,]   87   0.000907003   3.33414e-040   1.66239e-039   [0.000017,-0.000008,]
[8,4,]   88   0.00115852   4.9713e-040   1.48021e-039   [0.000020,-0.000005,]
[9,4,]   89   0.00130294   5.96136e-040   1.38912e-039   [0.000021,-0.000002,]
[10,4,]   90   0.00129772   5.78459e-040   1.38912e-039   [0.000021,0.000002,]
[11,4,]   91   0.00114484   4.48142e-040   1.48021e-039   [0.000020,0.000006,]
[12,4,]   92   0.000893837   2.71847e-040   1.66239e-039   [0.000018,0.000008,]
[13,4,]   93   0.000609551   1.74468e-041   1.93566e-039   [0.000015,0.000010,]
[14,4,]   94   0.000358265   -3.09849e-040   2.30002e-039   [0.000013,0.000011,]
[15,4,]   95   0.000179309   -7.26833e-040   2.75547e-039   [0.000010,0.000011,]
[16,4,]   96   7.57653e-005   -1.22353e-039   3.30201e-039   [0.000009,0.000011,]
[17,4,]   97   2.66594e-005   -1.90203e-039   3.93964e-039   [0.000009,0.000010,]
[18,4,]   98   7.94958e-006   -3.01794e-039   4.66836e-039   [0.000018,0.000010,]
[19,4,]   99   2.62822e-006   -4.81694e-039   5.48817e-039   [0.000026,0.000007,]
[0,5,]   100   5.68886e-006   -4.13042e-039   5.03272e-039   [0.000020,-0.000012,]
[1,5,]   101   1.62512e-005   -2.52815e-039   4.21291e-039   [-0.000004,-0.000011,]
[2,5,]   102   5.21285e-005   -1.59188e-039   3.48419e-039   [0.000006,-0.000011,]
[3,5,]   103   0.000146804   -8.25167e-040   2.84656e-039   [0.000008,-0.000012,]
[4,5,]   104   0.000341645   -3.13167e-040   2.30002e-039   [0.000011,-0.000012,]
[5,5,]   105   0.000665339   1.14551e-040   1.84457e-039   [0.000013,-0.000013,]
[6,5,]   106   0.00109259   4.53599e-040   1.48021e-039   [0.000016,-0.000012,]
[7,5,]   107   0.0015338   6.95173e-040   1.20694e-039   [0.000020,-0.000011,]
[8,5,]   108   0.00187996   8.73471e-040   1.02476e-039   [0.000023,-0.000007,]
[9,5,]   109   0.00206293   9.46313e-040   9.33673e-040   [0.000026,-0.000003,]
[10,5,]   110   0.00206821   9.57854e-040   9.33673e-040   [0.000026,0.000002,]
[11,5,]   111   0.00188329   8.25226e-040   1.02476e-039   [0.000024,0.000008,]
[12,5,]   112   0.00153913   6.43629e-040   1.20694e-039   [0.000020,0.000011,]
[13,5,]   113   0.00110343   4.22136e-040   1.48021e-039   [0.000016,0.000013,]
[14,5,]   114   0.000678742   1.09684e-040   1.84457e-039   [0.000013,0.000013,]
[15,5,]   115   0.00035313   -2.90673e-040   2.30002e-039   [0.000010,0.000013,]
[16,5,]   116   0.000153956   -7.80777e-040   2.84656e-039   [0.000008,0.000012,]
[17,5,]   117   5.55685e-005   -1.44961e-039   3.48419e-039   [0.000008,0.000012,]
[18,5,]   118   1.69049e-005   -2.51949e-039   4.21291e-039   [0.000016,0.000011,]
[19,5,]   119   5.52961e-006   -4.23858e-039   5.03272e-039   [0.000024,0.000008,]
[0,6,]   120   1.01551e-005   -3.69555e-039   4.66836e-039   [0.000019,-0.000013,]
[1,6,]   121   2.92764e-005   -2.14717e-039   3.84855e-039   [-0.000004,-0.000012,]
[2,6,]   122   9.19177e-005   -1.23602e-039   3.11983e-039   [0.000005,-0.000013,]
[3,6,]   123   0.000250804   -4.89501e-040   2.4822e-039   [0.000007,-0.000014,]
[4,6,]   124   0.000560919   2.74819e-042   1.93566e-039   [0.000010,-0.000015,]
[5,6,]   125   0.00103867   4.19219e-040   1.48021e-039   [0.000013,-0.000016,]
[6,6,]   126   0.00159913   7.10463e-040   1.11585e-039   [0.000017,-0.000016,]
[7,6,]   127   0.00208531   9.53312e-040   8.42583e-040   [0.000022,-0.000015,]
[8,6,]   128   0.00236284   1.03419e-039   6.60403e-040   [0.000027,-0.000011,]
[9,6,]   129   0.00247044   1.12583e-039   5.69313e-040   [0.000032,-0.000004,]
[10,6,]   130   0.00249333   1.14647e-039   5.69313e-040   [0.000033,0.000004,]
[11,6,]   131   0.00241822   1.07328e-039   6.60403e-040   [0.000029,0.000012,]
[12,6,]   132   0.00214167   9.44859e-040   8.42583e-040   [0.000023,0.000016,]
[13,6,]   133   0.0016484   7.11059e-040   1.11585e-039   [0.000017,0.000017,]
[14,6,]   134   0.00107617   4.30016e-040   1.48021e-039   [0.000012,0.000016,]
[15,6,]   135   0.000586156   4.07287e-041   1.93566e-039   [0.000009,0.000015,]
[16,6,]   136   0.000264658   -4.36841e-040   2.4822e-039   [0.000007,0.000014,]
[17,6,]   137   9.81167e-005   -1.09666e-039   3.11983e-039   [0.000007,0.000013,]
[18,6,]   138   3.04476e-005   -2.11521e-039   3.84855e-039   [0.000015,0.000012,]
[19,6,]   139   9.80923e-006   -3.76095e-039   4.66836e-039   [0.000021,0.000009,]
[0,7,]   140   1.57226e-005   -3.34732e-039   4.39509e-039   [0.000019,-0.000013,]
[1,7,]   141   4.54428e-005   -1.85769e-039   3.57528e-039   [-0.000004,-0.000013,]
[2,7,]   142   0.000139793   -9.59701e-040   2.84656e-039   [0.000004,-0.000014,]
[3,7,]   143   0.000369788   -2.381e-040   2.20893e-039   [0.000006,-0.000016,]
[4,7,]   144   0.000793855   2.47068e-040   1.66239e-039   [0.000008,-0.000018,]
[5,7,]   145   0.0013863   6.20696e-040   1.20694e-039   [0.000011,-0.000020,]
[6,7,]   146   0.00196724   8.98557e-040   8.42583e-040   [0.000016,-0.000022,]
[7,7,]   147   0.00228167   9.88359e-040   5.69313e-040   [0.000023,-0.000022,]
[8,7,]   148   0.00225365   9.61479e-040   3.87133e-040   [0.000034,-0.000018,]
[9,7,]   149   0.00208709   6.73462e-040   2.96043e-040   [0.000044,-0.000007,]
[10,7,]   150   0.00211577   8.83786e-040   2.96043e-040   [0.000044,0.000012,]
[11,7,]   151   0.00234703   1.05126e-039   3.87133e-040   [0.000036,0.000021,]
[12,7,]   152   0.00239525   1.03212e-039   5.69313e-040   [0.000024,0.000023,]
[13,7,]   153   0.00205855   9.07688e-040   8.42583e-040   [0.000016,0.000022,]
[14,7,]   154   0.00144743   6.4282e-040   1.20694e-039   [0.000011,0.000020,]
[15,7,]   155   0.000830363   2.83474e-040   1.66239e-039   [0.000008,0.000018,]
[16,7,]   156   0.000388628   -1.8801e-040   2.20893e-039   [0.000006,0.000016,]
[17,7,]   157   0.00014788   -8.3528e-040   2.84656e-039   [0.000006,0.000014,]
[18,7,]   158   4.67179e-005   -1.80185e-039   3.57528e-039   [0.000012,0.000012,]
[19,7,]   159   1.47516e-005   -3.38929e-039   4.39509e-039   [0.000019,0.000010,]
[0,8,]   160   2.12692e-005   -3.09529e-039   4.21291e-039   [0.000017,-0.000013,]
[1,8,]   161   6.11032e-005   -1.66366e-039   3.3931e-039   [-0.000005,-0.000013,]
[2,8,]   162   0.000184804   -7.70804e-040   2.66438e-039   [0.000002,-0.000015,]
[3,8,]   163   0.000476725   -5.7736e-041   2.02675e-039   [0.000004,-0.000017,]
[4,8,]   164   0.000986873   4.02459e-040   1.48021e-039   [0.000006,-0.000020,]
[5,8,]   165   0.00163123   7.73891e-040   1.02476e-039   [0.000008,-0.000023,]
[6,8,]   166   0.00210644   9.15028e-040   6.60403e-040   [0.000013,-0.000028,]
[7,8,]   167   0.0021014   8.2984e-040   3.87133e-040   [0.000023,-0.000033,]
[8,8,]   168   0.00162827   1.98492e-040   2.04953e-040   [0.000039,-0.000034,]
[9,8,]   169   0.00119193   -1.48173e-040   1.13863e-040   [0.000069,-0.000019,]
[10,8,]   170   0.00110659   -1.44675e-039   1.13863e-040   [0.000069,0.000027,]
[11,8,]   171   0.00170789   3.19903e-040   2.04953e-040   [0.000037,0.000039,]
[12,8,]   172   0.00224615   1.03467e-039   3.87133e-040   [0.000021,0.000036,]
[13,8,]   173   0.0022232   1.01692e-039   6.60403e-040   [0.000013,0.000029,]
[14,8,]   174   0.0016959   7.96225e-040   1.02476e-039   [0.000007,0.000024,]
[15,8,]   175   0.00102121   4.24747e-040   1.48021e-039   [0.000005,0.000020,]
[16,8,]   176   0.000493592   -2.88397e-041   2.02675e-039   [0.000004,0.000017,]
[17,8,]   177   0.00019189   -6.68692e-040   2.66438e-039   [0.000004,0.000015,]
[18,8,]   178   6.14442e-005   -1.58307e-039   3.3931e-039   [0.000010,0.000013,]
[19,8,]   179   1.89317e-005   -3.13802e-039   4.21291e-039   [0.000016,0.000011,]
[0,9,]   180   2.52494e-005   -2.95345e-039   4.12182e-039   [0.000016,-0.000013,]
[1,9,]   181   7.14159e-005   -1.57385e-039   3.30201e-039   [-0.000006,-0.000014,]
[2,9,]   182   0.00021373   -6.6352e-040   2.57329e-039   [0.000000,-0.000016,]
[3,9,]   183   0.000543076   3.34793e-041   1.93566e-039   [0.000001,-0.000018,]
[4,9,]   184   0.0011015   5.08174e-040   1.38912e-039   [0.000002,-0.000021,]
[5,9,]   185   0.00175473   8.24674e-040   9.33673e-040   [0.000003,-0.000026,]
[6,9,]   186   0.00212709   8.96959e-040   5.69313e-040   [0.000006,-0.000033,]
[7,9,]   187   0.00185908   5.84398e-040   2.96043e-040   [0.000014,-0.000045,]
[8,9,]   188   0.00104051   -1.53451e-039   1.13863e-040   [0.000026,-0.000073,]
[9,9,]   189   0.000385472   -8.22113e-039   2.27725e-041   [0.000114,-0.000115,]
[10,9,]   190   0.000364753   -9.64311e-039   2.27725e-041   [0.000112,0.000119,]
[11,9,]   191   0.00115839   -1.18971e-040   1.13863e-040   [0.000022,0.000075,]
[12,9,]   192   0.00194672   7.10958e-040   2.96043e-040   [0.000010,0.000047,]
[13,9,]   193   0.00219039   9.92797e-040   5.69313e-040   [0.000004,0.000033,]
[14,9,]   194   0.00178091   8.01755e-040   9.33673e-040   [0.000002,0.000026,]
[15,9,]   195   0.00111471   5.02674e-040   1.38912e-039   [0.000001,0.000021,]
[16,9,]   196   0.000549916   4.61616e-041   1.93566e-039   [0.000001,0.000018,]
[17,9,]   197   0.000216419   -5.88294e-040   2.57329e-039   [0.000002,0.000016,]
[18,9,]   198   6.97067e-005   -1.4653e-039   3.30201e-039   [0.000008,0.000014,]
[19,9,]   199   2.09039e-005   -3.02444e-039   4.12182e-039   [0.000015,0.000012,]
[0,10,]   200   2.62812e-005   -2.92729e-039   4.12182e-039   [0.000015,-0.000012,]
[1,10,]   201   7.26069e-005   -1.58648e-039   3.30201e-039   [-0.000008,-0.000014,]
[2,10,]   202   0.000216627   -6.51577e-040   2.57329e-039   [-0.000002,-0.000016,]
[3,10,]   203   0.000549705   4.2775e-041   1.93566e-039   [-0.000001,-0.000018,]
[4,10,]   204   0.00111449   5.02323e-040   1.38912e-039   [-0.000001,-0.000021,]
[5,10,]   205   0.0017809   8.022e-040   9.33673e-040   [-0.000002,-0.000026,]
[6,10,]   206   0.00219038   9.9281e-040   5.69313e-040   [-0.000004,-0.000033,]
[7,10,]   207   0.00194672   7.10969e-040   2.96043e-040   [-0.000010,-0.000047,]
[8,10,]   208   0.00115839   -1.18976e-040   1.13863e-040   [-0.000022,-0.000075,]
[9,10,]   209   0.000364753   -9.64311e-039   2.27725e-041   [-0.000112,-0.000119,]
[10,10,]   210   0.000385472   -8.22113e-039   2.27725e-041   [-0.000114,0.000115,]
[11,10,]   211   0.00104051   -1.5345e-039   1.13863e-040   [-0.000026,0.000073,]
[12,10,]   212   0.00185908   5.84386e-040   2.96043e-040   [-0.000014,0.000045,]
[13,10,]   213   0.0021271   8.9694e-040   5.69313e-040   [-0.000006,0.000033,]
[14,10,]   214   0.00175475   8.24239e-040   9.33673e-040   [-0.000003,0.000026,]
[15,10,]   215   0.00110172   5.08548e-040   1.38912e-039   [-0.000002,0.000021,]
[16,10,]   216   0.00054328   3.72224e-041   1.93566e-039   [-0.000001,0.000018,]
[17,10,]   217   0.000213477   -6.01179e-040   2.57329e-039   [-0.000001,0.000016,]
[18,10,]   218   6.85364e-005   -1.45264e-039   3.30201e-039   [0.000007,0.000014,]
[19,10,]   219   2.00118e-005   -3.05517e-039   4.12182e-039   [0.000014,0.000013,]
[0,11,]   220   2.38531e-005   -3.02502e-039   4.21291e-039   [0.000014,-0.000011,]
[1,11,]   221   6.40492e-005   -1.70444e-039   3.3931e-039   [-0.000010,-0.000013,]
[2,11,]   222   0.000192044   -7.34103e-040   2.66438e-039   [-0.000004,-0.000015,]
[3,11,]   223   0.0004934   -3.19551e-041   2.02675e-039   [-0.000004,-0.000017,]
[4,11,]   224   0.00102101   4.24401e-040   1.48021e-039   [-0.000005,-0.000020,]
[5,11,]   225   0.00169589   7.96672e-040   1.02476e-039   [-0.000007,-0.000024,]
[6,11,]   226   0.0022232   1.01693e-039   6.60403e-040   [-0.000013,-0.000029,]
[7,11,]   227   0.00224615   1.03468e-039   3.87133e-040   [-0.000021,-0.000036,]
[8,11,]   228   0.00170789   3.19902e-040   2.04953e-040   [-0.000037,-0.000039,]
[9,11,]   229   0.00110659   -1.44675e-039   1.13863e-040   [-0.000069,-0.000027,]
[10,11,]   230   0.00119193   -1.48167e-040   1.13863e-040   [-0.000069,0.000019,]
[11,11,]   231   0.00162827   1.985e-040   2.04953e-040   [-0.000039,0.000034,]
[12,11,]   232   0.0021014   8.29834e-040   3.87133e-040   [-0.000023,0.000033,]
[13,11,]   233   0.00210645   9.15007e-040   6.60403e-040   [-0.000013,0.000028,]
[14,11,]   234   0.00163125   7.7348e-040   1.02476e-039   [-0.000008,0.000023,]
[15,11,]   235   0.000987076   4.02883e-040   1.48021e-039   [-0.000006,0.000020,]
[16,11,]   236   0.000476899   -5.35586e-041   2.02675e-039   [-0.000004,0.000017,]
[17,11,]   237   0.000184533   -7.08182e-040   2.66438e-039   [-0.000003,0.000015,]
[18,11,]   238   5.85468e-005   -1.54251e-039   3.3931e-039   [0.000006,0.000013,]
[19,11,]   239   1.67039e-005   -3.22268e-039   4.21291e-039   [0.000014,0.000014,]
[0,12,]   240   1.87152e-005   -3.24475e-039   4.39509e-039   [0.000012,-0.000010,]
[1,12,]   241   4.87792e-005   -1.92411e-039   3.57528e-039   [-0.000012,-0.000012,]
[2,12,]   242   0.000147982   -9.03787e-040   2.84656e-039   [-0.000006,-0.000014,]
[3,12,]   243   0.000388475   -1.9094e-040   2.20893e-039   [-0.000006,-0.000016,]
[4,12,]   244   0.0008302   2.83107e-040   1.66239e-039   [-0.000008,-0.000018,]
[5,12,]   245   0.00144742   6.43255e-040   1.20694e-039   [-0.000011,-0.000020,]
[6,12,]   246   0.00205855   9.0768e-040   8.42583e-040   [-0.000016,-0.000022,]
[7,12,]   247   0.00239525   1.03211e-039   5.69313e-040   [-0.000024,-0.000023,]
[8,12,]   248   0.00234703   1.05125e-039   3.87133e-040   [-0.000036,-0.000021,]
[9,12,]   249   0.00211576   8.83776e-040   2.96043e-040   [-0.000044,-0.000012,]
[10,12,]   250   0.00208708   6.73452e-040   2.96043e-040   [-0.000044,0.000007,]
[11,12,]   251   0.00225364   9.61472e-040   3.87133e-040   [-0.000034,0.000018,]
[12,12,]   252   0.00228166   9.88343e-040   5.69313e-040   [-0.000023,0.000022,]
[13,12,]   253   0.00196725   8.98522e-040   8.42583e-040   [-0.000016,0.000022,]
[14,12,]   254   0.00138632   6.203e-040   1.20694e-039   [-0.000011,0.000020,]
[15,12,]   255   0.000794018   2.47535e-040   1.66239e-039   [-0.000008,0.000018,]
[16,12,]   256   0.000369918   -2.33457e-040   2.20893e-039   [-0.000006,0.000016,]
[17,12,]   257   0.000139542   -8.95725e-040   2.84656e-039   [-0.000004,0.000014,]
[18,12,]   258   4.34286e-005   -1.73711e-039   3.57528e-039   [0.000005,0.000013,]
[19,12,]   259   1.21828e-005   -3.51888e-039   4.39509e-039   [0.000014,0.000014,]
[0,13,]   260   1.25711e-005   -3.57625e-039   4.66836e-039   [0.000011,-0.000009,]
[1,13,]   261   3.18611e-005   -2.23937e-039   3.84855e-039   [-0.000015,-0.000012,]
[2,13,]   262   9.81755e-005   -1.16886e-039   3.11983e-039   [-0.000008,-0.000013,]
[3,13,]   263   0.000264553   -4.39651e-040   2.4822e-039   [-0.000008,-0.000014,]
[4,13,]   264   0.000586043   4.0313e-041   1.93566e-039   [-0.000009,-0.000015,]
[5,13,]   265   0.00107617   4.30424e-040   1.48021e-039   [-0.000012,-0.000016,]
[6,13,]   266   0.00164841   7.11026e-040   1.11585e-039   [-0.000017,-0.000017,]
[7,13,]   267   0.00214168   9.44838e-040   8.42583e-040   [-0.000023,-0.000016,]
[8,13,]   268   0.00241822   1.07325e-039   6.60403e-040   [-0.000029,-0.000012,]
[9,13,]   269   0.00249333   1.14645e-039   5.69313e-040   [-0.000033,-0.000004,]
[10,13,]   270   0.00247045   1.12582e-039   5.69313e-040   [-0.000032,0.000004,]
[11,13,]   271   0.00236284   1.03418e-039   6.60403e-040   [-0.000027,0.000011,]
[12,13,]   272   0.00208531   9.53304e-040   8.42583e-040   [-0.000022,0.000015,]
[13,13,]   273   0.00159913   7.10438e-040   1.11585e-039   [-0.000017,0.000016,]
[14,13,]   274   0.00103869   4.18856e-040   1.48021e-039   [-0.000013,0.000016,]
[15,13,]   275   0.000561036   3.28271e-042   1.93566e-039   [-0.000010,0.000015,]
[16,13,]   276   0.000250889   -4.8438e-040   2.4822e-039   [-0.000007,0.000014,]
[17,13,]   277   9.17231e-005   -1.16984e-039   3.11983e-039   [-0.000005,0.000013,]
[18,13,]   278   2.78878e-005   -2.02743e-039   3.84855e-039   [0.000005,0.000012,]
[19,13,]   279   7.74437e-006   -3.92308e-039   4.66836e-039   [0.000016,0.000013,]
[0,14,]   280   7.16984e-006   -4.01093e-039   5.03272e-039   [0.000011,-0.000008,]
[1,14,]   281   1.7733e-005   -2.64664e-039   4.21291e-039   [-0.000017,-0.000011,]
[2,14,]   282   5.55986e-005   -1.52596e-039   3.48419e-039   [-0.000009,-0.000012,]
[3,14,]   283   0.000153897   -7.83784e-040   2.84656e-039   [-0.000009,-0.000012,]
[4,14,]   284   0.000353067   -2.91434e-040   2.30002e-039   [-0.000010,-0.000013,]
[5,14,]   285   0.000678754   1.09762e-040   1.84457e-039   [-0.000013,-0.000013,]
[6,14,]   286   0.00110344   4.21758e-040   1.48021e-039   [-0.000016,-0.000013,]
[7,14,]   287   0.00153915   6.43244e-040   1.20694e-039   [-0.000020,-0.000011,]
[8,14,]   288   0.00188331   8.2481e-040   1.02476e-039   [-0.000024,-0.000008,]
[9,14,]   289   0.00206823   9.5742e-040   9.33673e-040   [-0.000026,-0.000002,]
[10,14,]   290   0.00206294   9.45864e-040   9.33673e-040   [-0.000026,0.000003,]
[11,14,]   291   0.00187997   8.73019e-040   1.02476e-039   [-0.000023,0.000007,]
[12,14,]   292   0.00153381   6.94714e-040   1.20694e-039   [-0.000020,0.000011,]
[13,14,]   293   0.0010926   4.53122e-040   1.48021e-039   [-0.000016,0.000012,]
[14,14,]   294   0.00066535   1.13753e-040   1.84457e-039   [-0.000013,0.000013,]
[15,14,]   295   0.000341716   -3.13032e-040   2.30002e-039   [-0.000011,0.000012,]
[16,14,]   296   0.000146852   -8.20069e-040   2.84656e-039   [-0.000008,0.000012,]
[17,14,]   297   5.20026e-005   -1.52341e-039   3.48419e-039   [-0.000006,0.000011,]
[18,14,]   298   1.54257e-005   -2.40982e-039   4.21291e-039   [0.000006,0.000011,]
[19,14,]   299   4.26713e-006   -4.4191e-039   5.03272e-039   [0.000017,0.000013,]
[0,15,]   300   3.44966e-006   -4.54561e-039   5.48817e-039   [0.000010,-0.000007,]
[1,15,]   301   8.36094e-006   -3.1472e-039   4.66836e-039   [-0.000018,-0.000010,]
[2,15,]   302   2.66773e-005   -1.9811e-039   3.93964e-039   [-0.000009,-0.000010,]
[3,15,]   303   7.57503e-005   -1.22549e-039   3.30201e-039   [-0.000009,-0.000011,]
[4,15,]   304   0.000179311   -7.2669e-040   2.75547e-039   [-0.000010,-0.000011,]
[5,15,]   305   0.00035834   -3.08863e-040   2.30002e-039   [-0.000013,-0.000011,]
[6,15,]   306   0.000609677   1.79523e-041   1.93566e-039   [-0.000015,-0.000010,]
[7,15,]   307   0.000894022   2.7232e-040   1.66239e-039   [-0.000018,-0.000008,]
[8,15,]   308   0.00114507   4.48561e-040   1.48021e-039   [-0.000020,-0.000006,]
[9,15,]   309   0.00129798   5.78835e-040   1.38912e-039   [-0.000021,-0.000002,]
[10,15,]   310   0.0013032   5.96485e-040   1.38912e-039   [-0.000021,0.000002,]
[11,15,]   311   0.00115874   4.97475e-040   1.48021e-039   [-0.000020,0.000005,]
[12,15,]   312   0.000907181   3.33756e-040   1.66239e-039   [-0.000017,0.000008,]
[13,15,]   313   0.000615861   6.80391e-041   1.93566e-039   [-0.000015,0.000009,]
[14,15,]   314   0.000358276   -2.77927e-040   2.30002e-039   [-0.000013,0.000010,]
[15,15,]   315   0.000176662   -7.23071e-040   2.75547e-039   [-0.000011,0.000010,]
[16,15,]   316   7.33575e-005   -1.23914e-039   3.30201e-039   [-0.000009,0.000010,]
[17,15,]   317   2.52199e-005   -1.96155e-039   3.93964e-039   [-0.000007,0.000010,]
[18,15,]   318   7.30633e-006   -2.88074e-039   4.66836e-039   [0.000007,0.000010,]
[19,15,]   319   2.0228e-006   -4.99569e-039   5.48817e-039   [0.000019,0.000012,]
[0,16,]   320   1.39459e-006   -5.15286e-039   6.03471e-039   [0.000010,-0.000006,]
[1,16,]   321   3.32572e-006   -3.71674e-039   5.2149e-039   [-0.000020,-0.000008,]
[2,16,]   322   1.07914e-005   -2.51021e-039   4.48618e-039   [-0.000010,-0.000009,]
[3,16,]   323   3.13611e-005   -1.74314e-039   3.84855e-039   [-0.000009,-0.000009,]
[4,16,]   324   7.62768e-005   -1.23763e-039   3.30201e-039   [-0.000010,-0.000009,]
[5,16,]   325   0.000157305   -8.11462e-040   2.84656e-039   [-0.000012,-0.000008,]
[6,16,]   326   0.00027708   -4.70079e-040   2.4822e-039   [-0.000014,-0.000007,]
[7,16,]   327   0.000420421   -2.11575e-040   2.20893e-039   [-0.000016,-0.000006,]
[8,16,]   328   0.000554322   -2.73057e-041   2.02675e-039   [-0.000017,-0.000004,]
[9,16,]   329   0.000638908   7.50666e-041   1.93566e-039   [-0.000018,-0.000001,]
[10,16,]   330   0.000644369   1.01536e-040   1.93566e-039   [-0.000018,0.000002,]
[11,16,]   331   0.000566866   2.73945e-041   2.02675e-039   [-0.000017,0.000004,]
[12,16,]   332   0.00043306   -1.46228e-040   2.20893e-039   [-0.000016,0.000006,]
[13,16,]   333   0.000285187   -4.0793e-040   2.4822e-039   [-0.000014,0.000007,]
[14,16,]   334   0.000160585   -7.64547e-040   2.84656e-039   [-0.000012,0.000008,]
[15,16,]   335   7.67657e-005   -1.21496e-039   3.30201e-039   [-0.000010,0.000009,]
[16,16,]   336   3.0989e-005   -1.73878e-039   3.84855e-039   [-0.000009,0.000009,]
[17,16,]   337   1.03843e-005   -2.47499e-039   4.48618e-039   [-0.000007,0.000009,]
[18,16,]   338   2.94489e-006   -3.42838e-039   5.2149e-039   [0.000007,0.000009,]
[19,16,]   339   8.18516e-007   -5.63713e-039   6.03471e-039   [0.000021,0.000011,]
[0,17,]   340   4.66272e-007   -5.97411e-039   6.67234e-039   [0.000009,-0.000005,]
[1,17,]   341   1.09751e-006   -4.50039e-039   5.85253e-039   [-0.000021,-0.000006,]
[2,17,]   342   3.61901e-006   -3.2526e-039   5.12381e-039   [-0.000010,-0.000007,]
[3,17,]   343   1.07425e-005   -2.46856e-039   4.48618e-039   [-0.000009,-0.000007,]
[4,17,]   344   2.67561e-005   -1.95056e-039   3.93964e-039   [-0.000010,-0.000007,]
[5,17,]   345   5.66508e-005   -1.50824e-039   3.48419e-039   [-0.000011,-0.000006,]
[6,17,]   346   0.000102555   -1.15154e-039   3.11983e-039   [-0.000013,-0.000005,]
[7,17,]   347   0.000159705   -8.74315e-040   2.84656e-039   [-0.000014,-0.000004,]
[8,17,]   348   0.000214967   -6.82249e-040   2.66438e-039   [-0.000015,-0.000002,]
[9,17,]   349   0.000250897   -5.71445e-040   2.57329e-039   [-0.000016,-0.000000,]
[10,17,]   350   0.000253762   -5.52303e-040   2.57329e-039   [-0.000016,0.000002,]
[11,17,]   351   0.000221834   -6.27172e-040   2.66438e-039   [-0.000015,0.000004,]
[12,17,]   352   0.000167006   -7.97261e-040   2.84656e-039   [-0.000014,0.000006,]
[13,17,]   353   0.000107739   -1.06593e-039   3.11983e-039   [-0.000013,0.000007,]
[14,17,]   354   5.92732e-005   -1.42704e-039   3.48419e-039   [-0.000011,0.000008,]
[15,17,]   355   2.7668e-005   -1.886e-039   3.93964e-039   [-0.000010,0.000009,]
[16,17,]   356   1.09162e-005   -2.41744e-039   4.48618e-039   [-0.000008,0.000009,]
[17,17,]   357   3.57883e-006   -3.16828e-039   5.12381e-039   [-0.000007,0.000009,]
[18,17,]   358   9.95918e-007   -4.15838e-039   5.85253e-039   [0.000008,0.000010,]
[19,17,]   359   2.78461e-007   -6.4472e-039   6.67234e-039   [0.000023,0.000011,]
[0,18,]   360   1.31868e-007   -7.03298e-039   7.40106e-039   [0.000009,0.000009,]
[1,18,]   361   3.06982e-007   -5.512e-039   6.58125e-039   [-0.000022,0.000008,]
[2,18,]   362   1.02618e-006   -4.20613e-039   5.85253e-039   [-0.000010,0.000007,]
[3,18,]   363   3.10024e-006   -3.38559e-039   5.2149e-039   [-0.000009,0.000006,]
[4,18,]   364   7.87154e-006   -2.83899e-039   4.66836e-039   [-0.000010,0.000006,]
[5,18,]   365   1.70145e-005   -2.37149e-039   4.21291e-039   [-0.000011,0.000005,]
[6,18,]   366   3.14546e-005   -1.99584e-039   3.84855e-039   [-0.000012,0.000005,]
[7,18,]   367   4.99456e-005   -1.71169e-039   3.57528e-039   [-0.000013,0.000005,]
[8,18,]   368   6.83039e-005   -1.52199e-039   3.3931e-039   [-0.000013,0.000006,]
[9,18,]   369   8.05265e-005   -1.43296e-039   3.30201e-039   [-0.000014,0.000007,]
[10,18,]   370   8.17717e-005   -1.4402e-039   3.30201e-039   [-0.000014,0.000008,]
[11,18,]   371   7.13162e-005   -1.54849e-039   3.3931e-039   [-0.000013,0.000010,]
[12,18,]   372   5.32363e-005   -1.75949e-039   3.57528e-039   [-0.000012,0.000012,]
[13,18,]   373   3.38978e-005   -2.06826e-039   3.84855e-039   [-0.000012,0.000014,]
[14,18,]   374   1.83498e-005   -2.47199e-039   4.21291e-039   [-0.000010,0.000016,]
[15,18,]   375   8.41562e-006   -2.97118e-039   4.66836e-039   [-0.000009,0.000017,]
[16,18,]   376   3.26104e-006   -3.5407e-039   5.2149e-039   [-0.000008,0.000018,]
[17,18,]   377   1.05003e-006   -4.33227e-039   5.85253e-039   [-0.000006,0.000019,]
[18,18,]   378   2.87492e-007   -5.38341e-039   6.58125e-039   [0.000009,0.000020,]
[19,18,]   379   8.09407e-008   -7.75675e-039   7.40106e-039   [0.000024,0.000022,]
[0,19,]   380   3.75718e-008   -9.17923e-039   8.22087e-039   [0.000009,0.000023,]
[1,19,]   381   8.57459e-008   -7.78384e-039   7.40106e-039   [-0.000023,0.000022,]
[2,19,]   382   2.83999e-007   -6.41069e-039   6.67234e-039   [-0.000012,0.000021,]
[3,19,]   383   8.52762e-007   -5.51756e-039   6.03471e-039   [-0.000011,0.000019,]
[4,19,]   384   2.15866e-006   -4.88939e-039   5.48817e-039   [-0.000011,0.000018,]
[5,19,]   385   4.67145e-006   -4.33055e-039   5.03272e-039   [-0.000012,0.000016,]
[6,19,]   386   8.6945e-006   -3.85645e-039   4.66836e-039   [-0.000013,0.000015,]
[7,19,]   387   1.39895e-005   -3.4728e-039   4.39509e-039   [-0.000013,0.000014,]
[8,19,]   388   1.9507e-005   -3.19278e-039   4.21291e-039   [-0.000013,0.000014,]
[9,19,]   389   2.35635e-005   -3.03184e-039   4.12182e-039   [-0.000013,0.000014,]
[10,19,]   390   2.45651e-005   -2.99389e-039   4.12182e-039   [-0.000012,0.000015,]
[11,19,]   391   2.19852e-005   -3.08541e-039   4.21291e-039   [-0.000011,0.000016,]
[12,19,]   392   1.6797e-005   -3.31026e-039   4.39509e-039   [-0.000010,0.000018,]
[13,19,]   393   1.09024e-005   -3.65905e-039   4.66836e-039   [-0.000009,0.000020,]
[14,19,]   394   5.99021e-006   -4.12096e-039   5.03272e-039   [-0.000008,0.000022,]
[15,19,]   395   2.77717e-006   -4.68943e-039   5.48817e-039   [-0.000007,0.000025,]
[16,19,]   396   1.0842e-006   -5.33359e-039   6.03471e-039   [-0.000006,0.000027,]
[17,19,]   397   3.50877e-007   -6.20048e-039   6.67234e-039   [-0.000004,0.000028,]
[18,19,]   398   9.63947e-008   -7.34234e-039   7.40106e-039   [0.000011,0.000030,]
[19,19,]   399   2.75614e-008   -9.63714e-039   8.22087e-039   [0.000025,0.000031,]
