coordinates  index   rho      Q      V    velocities 
[0,0,]   0   1.79678e-008   -9.52335e-039   8.22087e-039   [0.000009,-0.000003,]
[1,0,]   1   7.7076e-008   -6.86448e-039   7.40106e-039   [0.000003,-0.000003,]
[2,0,]   2   2.79087e-007   -6.02622e-039   6.67234e-039   [0.000007,-0.000003,]
[3,0,]   3   8.54541e-007   -5.26154e-039   6.03471e-039   [0.000008,-0.000002,]
[4,0,]   4   2.20871e-006   -4.60134e-039   5.48817e-039   [0.000009,-0.000002,]
[5,0,]   5   4.83371e-006   -4.03394e-039   5.03272e-039   [0.000010,-0.000001,]
[6,0,]   6   8.97917e-006   -3.56512e-039   4.66836e-039   [0.000010,-0.000001,]
[7,0,]   7   1.41965e-005   -3.20203e-039   4.39509e-039   [0.000011,0.000000,]
[8,0,]   8   1.91562e-005   -2.95352e-039   4.21291e-039   [0.000012,0.000001,]
[9,0,]   9   2.21159e-005   -2.82797e-039   4.12182e-039   [0.000012,0.000003,]
[10,0,]   10   2.18873e-005   -2.83062e-039   4.12182e-039   [0.000012,0.000004,]
[11,0,]   11   1.85862e-005   -2.96165e-039   4.21291e-039   [0.000012,0.000005,]
[12,0,]   12   1.35399e-005   -3.21568e-039   4.39509e-039   [0.000012,0.000006,]
[13,0,]   13   8.45031e-006   -3.58354e-039   4.66836e-039   [0.000011,0.000007,]
[14,0,]   14   4.50807e-006   -4.05531e-039   5.03272e-039   [0.000011,0.000008,]
[15,0,]   15   2.05007e-006   -4.62292e-039   5.48817e-039   [0.000010,0.000009,]
[16,0,]   16   7.92426e-007   -5.28017e-039   6.03471e-039   [0.000009,0.000009,]
[17,0,]   17   2.59431e-007   -6.03427e-039   6.67234e-039   [0.000008,0.000009,]
[18,0,]   18   7.18496e-008   -6.95066e-039   7.40106e-039   [0.000011,0.000009,]
[19,0,]   19   1.76812e-008   -9.53962e-039   8.22087e-039   [0.000014,0.000009,]
[0,1,]   20   7.0747e-008   -7.09467e-039   7.40106e-039   [0.000009,-0.000011,]
[1,1,]   21   3.01683e-007   -4.58122e-039   6.58125e-039   [0.000003,-0.000010,]
[2,1,]   22   1.08084e-006   -3.84808e-039   5.85253e-039   [0.000008,-0.000010,]
[3,1,]   23   3.27369e-006   -3.19098e-039   5.2149e-039   [0.000009,-0.000009,]
[4,1,]   24   8.37357e-006   -2.64174e-039   4.66836e-039   [0.000010,-0.000009,]
[5,1,]   25   1.81543e-005   -2.18477e-039   4.21291e-039   [0.000011,-0.000008,]
[6,1,]   26   3.34719e-005   -1.81912e-039   3.84855e-039   [0.000012,-0.000007,]
[7,1,]   27   5.26725e-005   -1.54348e-039   3.57528e-039   [0.000013,-0.000006,]
[8,1,]   28   7.09972e-005   -1.35749e-039   3.3931e-039   [0.000013,-0.000004,]
[9,1,]   29   8.22194e-005   -1.2614e-039   3.30201e-039   [0.000014,-0.000002,]
[10,1,]   30   8.19692e-005   -1.25551e-039   3.30201e-039   [0.000014,-0.000001,]
[11,1,]   31   7.03873e-005   -1.33989e-039   3.3931e-039   [0.000013,0.000001,]
[12,1,]   32   5.20026e-005   -1.51431e-039   3.57528e-039   [0.000013,0.000002,]
[13,1,]   33   3.29725e-005   -1.77861e-039   3.84855e-039   [0.000012,0.000003,]
[14,1,]   34   1.78812e-005   -2.1332e-039   4.21291e-039   [0.000011,0.000003,]
[15,1,]   35   8.26316e-006   -2.5794e-039   4.66836e-039   [0.000010,0.000004,]
[16,1,]   36   3.24235e-006   -3.11821e-039   5.2149e-039   [0.000009,0.000004,]
[17,1,]   37   1.07608e-006   -3.76095e-039   5.85253e-039   [0.000008,0.000004,]
[18,1,]   38   3.01642e-007   -4.57141e-039   6.58125e-039   [0.000010,0.000004,]
[19,1,]   39   7.47538e-008   -7.00808e-039   7.40106e-039   [0.000013,0.000003,]
[0,2,]   40   2.49986e-007   -6.17505e-039   6.67234e-039   [0.000009,-0.000008,]
[1,2,]   41   1.05276e-006   -3.77046e-039   5.85253e-039   [0.000004,-0.000008,]
[2,2,]   42   3.7137e-006   -3.04632e-039   5.12381e-039   [0.000008,-0.000008,]
[3,2,]   43   1.10589e-005   -2.39769e-039   4.48618e-039   [0.000009,-0.000008,]
[4,2,]   44   2.77833e-005   -1.85727e-039   3.93964e-039   [0.000010,-0.000007,]
[5,2,]   45   5.91434e-005   -1.4098e-039   3.48419e-039   [0.000011,-0.000007,]
[6,2,]   46   0.00010715   -1.05413e-039   3.11983e-039   [0.000013,-0.000006,]
[7,2,]   47   0.000166057   -7.88816e-040   2.84656e-039   [0.000014,-0.000005,]
[8,2,]   48   0.000221297   -6.1349e-040   2.66438e-039   [0.000015,-0.000003,]
[9,2,]   49   0.000254768   -5.28187e-040   2.57329e-039   [0.000016,-0.000001,]
[10,2,]   50   0.00025413   -5.32597e-040   2.57329e-039   [0.000016,0.000001,]
[11,2,]   51   0.000219764   -6.25766e-040   2.66438e-039   [0.000015,0.000003,]
[12,2,]   52   0.000164421   -8.06389e-040   2.84656e-039   [0.000014,0.000005,]
[13,2,]   53   0.000105989   -1.07366e-039   3.11983e-039   [0.000013,0.000006,]
[14,2,]   54   5.8559e-005   -1.42805e-039   3.48419e-039   [0.000011,0.000007,]
[15,2,]   55   2.75834e-005   -1.87149e-039   3.93964e-039   [0.000010,0.000007,]
[16,2,]   56   1.10252e-005   -2.40584e-039   4.48618e-039   [0.000009,0.000008,]
[17,2,]   57   3.7224e-006   -3.04281e-039   5.12381e-039   [0.000008,0.000008,]
[18,2,]   58   1.0597e-006   -3.84477e-039   5.85253e-039   [0.000010,0.000008,]
[19,2,]   59   2.65696e-007   -6.17357e-039   6.67234e-039   [0.000012,0.000007,]
[0,3,]   60   7.47906e-007   -5.41332e-039   6.03471e-039   [0.000009,-0.000009,]
[1,3,]   61   3.10336e-006   -3.12841e-039   5.2149e-039   [0.000004,-0.000009,]
[2,3,]   62   1.0752e-005   -2.41077e-039   4.48618e-039   [0.000008,-0.000009,]
[3,3,]   63   3.137e-005   -1.76866e-039   3.84855e-039   [0.000009,-0.000009,]
[4,3,]   64   7.70558e-005   -1.23435e-039   3.30201e-039   [0.000010,-0.000009,]
[5,3,]   65   0.000160152   -7.92681e-040   2.84656e-039   [0.000012,-0.000008,]
[6,3,]   66   0.000283278   -4.41766e-040   2.4822e-039   [0.000014,-0.000007,]
[7,3,]   67   0.000429551   -1.79669e-040   2.20893e-039   [0.000016,-0.000006,]
[8,3,]   68   0.000562908   -6.04998e-042   2.02675e-039   [0.000017,-0.000004,]
[9,3,]   69   0.000642219   7.85228e-041   1.93566e-039   [0.000018,-0.000001,]
[10,3,]   70   0.000640964   7.42326e-041   1.93566e-039   [0.000018,0.000001,]
[11,3,]   71   0.000559973   -1.75516e-041   2.02675e-039   [0.000017,0.000004,]
[12,3,]   72   0.000426588   -1.94976e-040   2.20893e-039   [0.000016,0.000006,]
[13,3,]   73   0.000281371   -4.57034e-040   2.4822e-039   [0.000014,0.000008,]
[14,3,]   74   0.00015937   -8.04852e-040   2.84656e-039   [0.000012,0.000008,]
[15,3,]   75   7.69296e-005   -1.24129e-039   3.30201e-039   [0.000010,0.000009,]
[16,3,]   76   3.14547e-005   -1.76899e-039   3.84855e-039   [0.000009,0.000009,]
[17,3,]   77   1.08376e-005   -2.39967e-039   4.48618e-039   [0.000008,0.000009,]
[18,3,]   78   3.14024e-006   -3.19293e-039   5.2149e-039   [0.000010,0.000009,]
[19,3,]   79   7.97241e-007   -5.40583e-039   6.03471e-039   [0.000012,0.000008,]
[0,4,]   80   1.89357e-006   -4.74535e-039   5.48817e-039   [0.000009,-0.000010,]
[1,4,]   81   7.72602e-006   -2.5934e-039   4.66836e-039   [0.000004,-0.000010,]
[2,4,]   82   2.62308e-005   -1.8815e-039   3.93964e-039   [0.000007,-0.000010,]
[3,4,]   83   7.47167e-005   -1.24696e-039   3.30201e-039   [0.000009,-0.000010,]
[4,4,]   84   0.000178511   -7.20654e-040   2.75547e-039   [0.000011,-0.000011,]
[5,4,]   85   0.00035965   -2.87647e-040   2.30002e-039   [0.000013,-0.000010,]
[6,4,]   86   0.000615513   5.50411e-041   1.93566e-039   [0.000015,-0.000010,]
[7,4,]   87   0.000904186   3.10829e-040   1.66239e-039   [0.000018,-0.000008,]
[8,4,]   88   0.00115481   4.80875e-040   1.48021e-039   [0.000020,-0.000005,]
[9,4,]   89   0.00129872   5.63863e-040   1.38912e-039   [0.000021,-0.000002,]
[10,4,]   90   0.001297   5.59413e-040   1.38912e-039   [0.000021,0.000002,]
[11,4,]   91   0.00115106   4.69572e-040   1.48021e-039   [0.000020,0.000005,]
[12,4,]   92   0.000900916   2.97701e-040   1.66239e-039   [0.000018,0.000008,]
[13,4,]   93   0.000614007   4.41994e-041   1.93566e-039   [0.000015,0.000010,]
[14,4,]   94   0.000359633   -2.93923e-040   2.30002e-039   [0.000013,0.000010,]
[15,4,]   95   0.000179102   -7.21162e-040   2.75547e-039   [0.000011,0.000011,]
[16,4,]   96   7.52699e-005   -1.24106e-039   3.30201e-039   [0.000009,0.000011,]
[17,4,]   97   2.65494e-005   -1.86505e-039   3.93964e-039   [0.000007,0.000010,]
[18,4,]   98   7.84521e-006   -2.64845e-039   4.66836e-039   [0.000009,0.000010,]
[19,4,]   99   2.01729e-006   -4.73595e-039   5.48817e-039   [0.000011,0.000009,]
[0,5,]   100   4.07485e-006   -4.16015e-039   5.03272e-039   [0.000008,-0.000011,]
[1,5,]   101   1.63215e-005   -2.15069e-039   4.21291e-039   [0.000003,-0.000011,]
[2,5,]   102   5.42095e-005   -1.44354e-039   3.48419e-039   [0.000007,-0.000011,]
[3,5,]   103   0.000150262   -8.17972e-040   2.84656e-039   [0.000008,-0.000012,]
[4,5,]   104   0.000347235   -3.02583e-040   2.30002e-039   [0.000010,-0.000013,]
[5,5,]   105   0.000672159   1.16486e-040   1.84457e-039   [0.000013,-0.000013,]
[6,5,]   106   0.00109888   4.43079e-040   1.48021e-039   [0.000016,-0.000012,]
[7,5,]   107   0.00153897   6.83547e-040   1.20694e-039   [0.000020,-0.000011,]
[8,5,]   108   0.00188528   8.4403e-040   1.02476e-039   [0.000023,-0.000008,]
[9,5,]   109   0.00206872   9.23319e-040   9.33673e-040   [0.000026,-0.000003,]
[10,5,]   110   0.00206776   9.17221e-040   9.33673e-040   [0.000026,0.000003,]
[11,5,]   111   0.00188411   8.32453e-040   1.02476e-039   [0.000023,0.000008,]
[12,5,]   112   0.00153951   6.73497e-040   1.20694e-039   [0.000020,0.000011,]
[13,5,]   113   0.00110117   4.37542e-040   1.48021e-039   [0.000016,0.000013,]
[14,5,]   114   0.000675116   1.16026e-040   1.84457e-039   [0.000013,0.000013,]
[15,5,]   115   0.000349764   -2.97752e-040   2.30002e-039   [0.000010,0.000013,]
[16,5,]   116   0.000151866   -8.07676e-040   2.84656e-039   [0.000008,0.000012,]
[17,5,]   117   5.49982e-005   -1.42408e-039   3.48419e-039   [0.000007,0.000011,]
[18,5,]   118   1.65981e-005   -2.19597e-039   4.21291e-039   [0.000008,0.000011,]
[19,5,]   119   4.32108e-006   -4.15179e-039   5.03272e-039   [0.000009,0.000010,]
[0,6,]   120   7.48397e-006   -3.6651e-039   4.66836e-039   [0.000007,-0.000011,]
[1,6,]   121   2.94045e-005   -1.79899e-039   3.84855e-039   [0.000003,-0.000012,]
[2,6,]   122   9.54999e-005   -1.09457e-039   3.11983e-039   [0.000006,-0.000013,]
[3,6,]   123   0.000257103   -4.78605e-040   2.4822e-039   [0.000008,-0.000014,]
[4,6,]   124   0.000571963   2.33049e-041   1.93566e-039   [0.000010,-0.000015,]
[5,6,]   125   0.00105373   4.21679e-040   1.48021e-039   [0.000013,-0.000016,]
[6,6,]   126   0.00161813   7.17863e-040   1.11585e-039   [0.000017,-0.000017,]
[7,6,]   127   0.0021056   9.20464e-040   8.42583e-040   [0.000022,-0.000016,]
[8,6,]   128   0.00239899   1.04662e-039   6.60403e-040   [0.000028,-0.000012,]
[9,6,]   129   0.00251225   1.12376e-039   5.69313e-040   [0.000033,-0.000005,]
[10,6,]   130   0.00251539   1.11938e-039   5.69313e-040   [0.000033,0.000004,]
[11,6,]   131   0.00240775   1.03665e-039   6.60403e-040   [0.000028,0.000012,]
[12,6,]   132   0.00211705   9.16435e-040   8.42583e-040   [0.000022,0.000016,]
[13,6,]   133   0.00162875   7.18751e-040   1.11585e-039   [0.000017,0.000017,]
[14,6,]   134   0.00106199   4.25942e-040   1.48021e-039   [0.000013,0.000016,]
[15,6,]   135   0.000577488   3.13466e-041   1.93566e-039   [0.000010,0.000015,]
[16,6,]   136   0.00026019   -4.66467e-040   2.4822e-039   [0.000007,0.000014,]
[17,6,]   137   9.69143e-005   -1.07489e-039   3.11983e-039   [0.000006,0.000013,]
[18,6,]   138   2.98809e-005   -1.83399e-039   3.84855e-039   [0.000007,0.000012,]
[19,6,]   139   7.86494e-006   -3.65944e-039   4.66836e-039   [0.000008,0.000010,]
[0,7,]   140   1.17824e-005   -3.27179e-039   4.39509e-039   [0.000006,-0.000012,]
[1,7,]   141   4.54349e-005   -1.53684e-039   3.57528e-039   [0.000002,-0.000013,]
[2,7,]   142   0.000144537   -8.32168e-040   2.84656e-039   [0.000005,-0.000014,]
[3,7,]   143   0.000378254   -2.25127e-040   2.20893e-039   [0.000006,-0.000016,]
[4,7,]   144   0.000808936   2.6248e-040   1.66239e-039   [0.000008,-0.000018,]
[5,7,]   145   0.00140884   6.34218e-040   1.20694e-039   [0.000011,-0.000020,]
[6,7,]   146   0.00199589   8.7987e-040   8.42583e-040   [0.000016,-0.000022,]
[7,7,]   147   0.00232248   9.87762e-040   5.69313e-040   [0.000023,-0.000023,]
[8,7,]   148   0.00231267   9.96657e-040   3.87133e-040   [0.000034,-0.000020,]
[9,7,]   149   0.00217576   9.8353e-040   2.96043e-040   [0.000045,-0.000009,]
[10,7,]   150   0.00218585   9.75868e-040   2.96043e-040   [0.000045,0.000008,]
[11,7,]   151   0.00233965   9.9905e-040   3.87133e-040   [0.000035,0.000021,]
[12,7,]   152   0.00234972   9.99472e-040   5.69313e-040   [0.000024,0.000024,]
[13,7,]   153   0.0020156   8.85852e-040   8.42583e-040   [0.000016,0.000022,]
[14,7,]   154   0.00142182   6.40083e-040   1.20694e-039   [0.000011,0.000020,]
[15,7,]   155   0.00081681   2.70685e-040   1.66239e-039   [0.000008,0.000018,]
[16,7,]   156   0.000382419   -2.13992e-040   2.20893e-039   [0.000006,0.000016,]
[17,7,]   157   0.000146382   -8.15e-040   2.84656e-039   [0.000005,0.000014,]
[18,7,]   158   4.60336e-005   -1.5607e-039   3.57528e-039   [0.000006,0.000013,]
[19,7,]   159   1.22171e-005   -3.26888e-039   4.39509e-039   [0.000007,0.000011,]
[0,8,]   160   1.59645e-005   -2.99586e-039   4.21291e-039   [0.000005,-0.000012,]
[1,8,]   161   6.05573e-005   -1.3639e-039   3.3931e-039   [0.000001,-0.000013,]
[2,8,]   162   0.000189526   -6.55428e-040   2.66438e-039   [0.000003,-0.000015,]
[3,8,]   163   0.000484605   -5.51638e-041   2.02675e-039   [0.000004,-0.000017,]
[4,8,]   164   0.00100141   4.20477e-040   1.48021e-039   [0.000005,-0.000020,]
[5,8,]   165   0.00165321   7.66569e-040   1.02476e-039   [0.000008,-0.000023,]
[6,8,]   166   0.00214452   9.46577e-040   6.60403e-040   [0.000012,-0.000028,]
[7,8,]   167   0.00214528   8.85386e-040   3.87133e-040   [0.000021,-0.000034,]
[8,8,]   168   0.0016558   3.29781e-040   2.04953e-040   [0.000038,-0.000038,]
[9,8,]   169   0.0011627   -3.14883e-040   1.13863e-040   [0.000069,-0.000018,]
[10,8,]   170   0.0011812   -2.47741e-040   1.13863e-040   [0.000071,0.000028,]
[11,8,]   171   0.00170295   4.72812e-040   2.04953e-040   [0.000040,0.000040,]
[12,8,]   172   0.00217915   9.07448e-040   3.87133e-040   [0.000021,0.000035,]
[13,8,]   173   0.00216479   9.49265e-040   6.60403e-040   [0.000012,0.000028,]
[14,8,]   174   0.00166546   7.69521e-040   1.02476e-039   [0.000008,0.000023,]
[15,8,]   175   0.00100861   4.26137e-040   1.48021e-039   [0.000005,0.000020,]
[16,8,]   176   0.000488345   -4.74509e-041   2.02675e-039   [0.000004,0.000017,]
[17,8,]   177   0.000191161   -6.43044e-040   2.66438e-039   [0.000003,0.000015,]
[18,8,]   178   6.10524e-005   -1.37568e-039   3.3931e-039   [0.000004,0.000013,]
[19,8,]   179   1.62694e-005   -2.99483e-039   4.21291e-039   [0.000005,0.000012,]
[0,9,]   180   1.86712e-005   -2.85275e-039   4.12182e-039   [0.000004,-0.000012,]
[1,9,]   181   6.99463e-005   -1.28058e-039   3.30201e-039   [-0.000001,-0.000014,]
[2,9,]   182   0.000216904   -5.64857e-040   2.57329e-039   [0.000001,-0.000016,]
[3,9,]   183   0.000547248   3.16159e-041   1.93566e-039   [0.000001,-0.000018,]
[4,9,]   184   0.00110789   5.00516e-040   1.38912e-039   [0.000002,-0.000021,]
[5,9,]   185   0.00176766   8.31231e-040   9.33673e-040   [0.000003,-0.000026,]
[6,9,]   186   0.00215313   9.74847e-040   5.69313e-040   [0.000005,-0.000033,]
[7,9,]   187   0.00187985   7.22307e-040   2.96043e-040   [0.000009,-0.000045,]
[8,9,]   188   0.00102797   -8.94548e-040   1.13863e-040   [0.000028,-0.000070,]
[9,9,]   189   0.00027052   -1.25701e-038   2.27725e-041   [0.000120,-0.000113,]
[10,9,]   190   0.000280597   -1.19188e-038   2.27725e-041   [0.000112,0.000123,]
[11,9,]   191   0.00105304   -7.13725e-040   1.13863e-040   [0.000020,0.000071,]
[12,9,]   192   0.00189375   7.1437e-040   2.96043e-040   [0.000009,0.000045,]
[13,9,]   193   0.00216099   9.71307e-040   5.69313e-040   [0.000005,0.000033,]
[14,9,]   194   0.00177257   8.31972e-040   9.33673e-040   [0.000003,0.000026,]
[15,9,]   195   0.00111081   5.02547e-040   1.38912e-039   [0.000002,0.000021,]
[16,9,]   196   0.000548763   3.43814e-041   1.93566e-039   [0.000001,0.000018,]
[17,9,]   197   0.000217564   -5.5874e-040   2.57329e-039   [0.000001,0.000016,]
[18,9,]   198   7.0074e-005   -1.27944e-039   3.30201e-039   [0.000002,0.000014,]
[19,9,]   199   1.86488e-005   -2.85289e-039   4.12182e-039   [0.000004,0.000012,]
[0,10,]   200   1.88716e-005   -2.85196e-039   4.12182e-039   [0.000003,-0.000012,]
[1,10,]   201   7.01857e-005   -1.28724e-039   3.30201e-039   [-0.000002,-0.000014,]
[2,10,]   202   0.000217564   -5.61488e-040   2.57329e-039   [-0.000001,-0.000016,]
[3,10,]   203   0.000548762   3.43751e-041   1.93566e-039   [-0.000001,-0.000018,]
[4,10,]   204   0.00111081   5.02547e-040   1.38912e-039   [-0.000002,-0.000021,]
[5,10,]   205   0.00177257   8.31973e-040   9.33673e-040   [-0.000003,-0.000026,]
[6,10,]   206   0.00216099   9.71307e-040   5.69313e-040   [-0.000005,-0.000033,]
[7,10,]   207   0.00189375   7.1437e-040   2.96043e-040   [-0.000009,-0.000045,]
[8,10,]   208   0.00105304   -7.13725e-040   1.13863e-040   [-0.000020,-0.000071,]
[9,10,]   209   0.000280597   -1.19188e-038   2.27725e-041   [-0.000112,-0.000123,]
[10,10,]   210   0.00027052   -1.25701e-038   2.27725e-041   [-0.000120,0.000113,]
[11,10,]   211   0.00102797   -8.94548e-040   1.13863e-040   [-0.000028,0.000070,]
[12,10,]   212   0.00187985   7.22307e-040   2.96043e-040   [-0.000009,0.000045,]
[13,10,]   213   0.00215313   9.74847e-040   5.69313e-040   [-0.000005,0.000033,]
[14,10,]   214   0.00176766   8.3123e-040   9.33673e-040   [-0.000003,0.000026,]
[15,10,]   215   0.0011079   5.00516e-040   1.38912e-039   [-0.000002,0.000021,]
[16,10,]   216   0.000547248   3.16261e-041   1.93566e-039   [-0.000001,0.000018,]
[17,10,]   217   0.000216903   -5.62121e-040   2.57329e-039   [-0.000001,0.000016,]
[18,10,]   218   6.98348e-005   -1.27277e-039   3.30201e-039   [0.000001,0.000014,]
[19,10,]   219   1.84499e-005   -2.85368e-039   4.12182e-039   [0.000002,0.000012,]
[0,11,]   220   1.64693e-005   -2.99284e-039   4.21291e-039   [0.000001,-0.000012,]
[1,11,]   221   6.11522e-005   -1.38363e-039   3.3931e-039   [-0.000004,-0.000013,]
[2,11,]   222   0.000191161   -6.45864e-040   2.66438e-039   [-0.000003,-0.000015,]
[3,11,]   223   0.000488345   -4.74536e-041   2.02675e-039   [-0.000004,-0.000017,]
[4,11,]   224   0.00100861   4.26137e-040   1.48021e-039   [-0.000005,-0.000020,]
[5,11,]   225   0.00166546   7.69522e-040   1.02476e-039   [-0.000008,-0.000023,]
[6,11,]   226   0.00216479   9.49265e-040   6.60403e-040   [-0.000012,-0.000028,]
[7,11,]   227   0.00217915   9.07448e-040   3.87133e-040   [-0.000021,-0.000035,]
[8,11,]   228   0.00170295   4.72812e-040   2.04953e-040   [-0.000040,-0.000040,]
[9,11,]   229   0.0011812   -2.47741e-040   1.13863e-040   [-0.000071,-0.000028,]
[10,11,]   230   0.0011627   -3.14883e-040   1.13863e-040   [-0.000069,0.000018,]
[11,11,]   231   0.0016558   3.29781e-040   2.04953e-040   [-0.000038,0.000038,]
[12,11,]   232   0.00214528   8.85386e-040   3.87133e-040   [-0.000021,0.000034,]
[13,11,]   233   0.00214452   9.46577e-040   6.60403e-040   [-0.000012,0.000028,]
[14,11,]   234   0.00165321   7.66568e-040   1.02476e-039   [-0.000008,0.000023,]
[15,11,]   235   0.00100141   4.20477e-040   1.48021e-039   [-0.000005,0.000020,]
[16,11,]   236   0.000484606   -5.51495e-041   2.02675e-039   [-0.000004,0.000017,]
[17,11,]   237   0.000189525   -6.52641e-040   2.66438e-039   [-0.000003,0.000015,]
[18,11,]   238   6.0458e-005   -1.35591e-039   3.3931e-039   [-0.000001,0.000013,]
[19,11,]   239   1.57683e-005   -2.99784e-039   4.21291e-039   [0.000001,0.000012,]
[0,12,]   240   1.23753e-005   -3.26502e-039   4.39509e-039   [0.000000,-0.000011,]
[1,12,]   241   4.61123e-005   -1.56897e-039   3.57528e-039   [-0.000006,-0.000013,]
[2,12,]   242   0.000146382   -8.17939e-040   2.84656e-039   [-0.000005,-0.000014,]
[3,12,]   243   0.000382418   -2.13992e-040   2.20893e-039   [-0.000006,-0.000016,]
[4,12,]   244   0.00081681   2.70685e-040   1.66239e-039   [-0.000008,-0.000018,]
[5,12,]   245   0.00142182   6.40084e-040   1.20694e-039   [-0.000011,-0.000020,]
[6,12,]   246   0.0020156   8.85852e-040   8.42583e-040   [-0.000016,-0.000022,]
[7,12,]   247   0.00234972   9.99472e-040   5.69313e-040   [-0.000024,-0.000024,]
[8,12,]   248   0.00233965   9.9905e-040   3.87133e-040   [-0.000035,-0.000021,]
[9,12,]   249   0.00218585   9.75868e-040   2.96043e-040   [-0.000045,-0.000008,]
[10,12,]   250   0.00217576   9.8353e-040   2.96043e-040   [-0.000045,0.000009,]
[11,12,]   251   0.00231267   9.96657e-040   3.87133e-040   [-0.000034,0.000020,]
[12,12,]   252   0.00232248   9.87762e-040   5.69313e-040   [-0.000023,0.000023,]
[13,12,]   253   0.00199589   8.7987e-040   8.42583e-040   [-0.000016,0.000022,]
[14,12,]   254   0.00140884   6.34217e-040   1.20694e-039   [-0.000011,0.000020,]
[15,12,]   255   0.000808937   2.6248e-040   1.66239e-039   [-0.000008,0.000018,]
[16,12,]   256   0.000378254   -2.25109e-040   2.20893e-039   [-0.000006,0.000016,]
[17,12,]   257   0.000144536   -8.29283e-040   2.84656e-039   [-0.000005,0.000014,]
[18,12,]   258   4.53568e-005   -1.52851e-039   3.57528e-039   [-0.000002,0.000013,]
[19,12,]   259   1.16286e-005   -3.27571e-039   4.39509e-039   [0.000001,0.000012,]
[0,13,]   260   7.9737e-006   -3.65318e-039   4.66836e-039   [-0.000001,-0.000010,]
[1,13,]   261   2.99348e-005   -1.84267e-039   3.84855e-039   [-0.000007,-0.000012,]
[2,13,]   262   9.69139e-005   -1.07797e-039   3.11983e-039   [-0.000006,-0.000013,]
[3,13,]   263   0.00026019   -4.66463e-040   2.4822e-039   [-0.000007,-0.000014,]
[4,13,]   264   0.000577488   3.1346e-041   1.93566e-039   [-0.000010,-0.000015,]
[5,13,]   265   0.00106199   4.25943e-040   1.48021e-039   [-0.000013,-0.000016,]
[6,13,]   266   0.00162875   7.18751e-040   1.11585e-039   [-0.000017,-0.000017,]
[7,13,]   267   0.00211705   9.16435e-040   8.42583e-040   [-0.000022,-0.000016,]
[8,13,]   268   0.00240775   1.03665e-039   6.60403e-040   [-0.000028,-0.000012,]
[9,13,]   269   0.00251539   1.11938e-039   5.69313e-040   [-0.000033,-0.000004,]
[10,13,]   270   0.00251225   1.12376e-039   5.69313e-040   [-0.000033,0.000005,]
[11,13,]   271   0.00239899   1.04662e-039   6.60403e-040   [-0.000028,0.000012,]
[12,13,]   272   0.0021056   9.20464e-040   8.42583e-040   [-0.000022,0.000016,]
[13,13,]   273   0.00161813   7.17863e-040   1.11585e-039   [-0.000017,0.000017,]
[14,13,]   274   0.00105373   4.21678e-040   1.48021e-039   [-0.000013,0.000016,]
[15,13,]   275   0.000571964   2.33055e-041   1.93566e-039   [-0.000010,0.000015,]
[16,13,]   276   0.000257103   -4.78583e-040   2.4822e-039   [-0.000008,0.000014,]
[17,13,]   277   9.54989e-005   -1.09156e-039   3.11983e-039   [-0.000006,0.000013,]
[18,13,]   278   2.9351e-005   -1.79022e-039   3.84855e-039   [-0.000003,0.000012,]
[19,13,]   279   7.37905e-006   -3.67155e-039   4.66836e-039   [0.000000,0.000011,]
[0,14,]   280   4.38503e-006   -4.14294e-039   5.03272e-039   [-0.000001,-0.000010,]
[1,14,]   281   1.66297e-005   -2.20515e-039   4.21291e-039   [-0.000008,-0.000011,]
[2,14,]   282   5.49979e-005   -1.42731e-039   3.48419e-039   [-0.000007,-0.000011,]
[3,14,]   283   0.000151866   -8.07671e-040   2.84656e-039   [-0.000008,-0.000012,]
[4,14,]   284   0.000349764   -2.97754e-040   2.30002e-039   [-0.000010,-0.000013,]
[5,14,]   285   0.000675116   1.16026e-040   1.84457e-039   [-0.000013,-0.000013,]
[6,14,]   286   0.00110117   4.37541e-040   1.48021e-039   [-0.000016,-0.000013,]
[7,14,]   287   0.00153951   6.73497e-040   1.20694e-039   [-0.000020,-0.000011,]
[8,14,]   288   0.00188411   8.32452e-040   1.02476e-039   [-0.000023,-0.000008,]
[9,14,]   289   0.00206776   9.1722e-040   9.33673e-040   [-0.000026,-0.000003,]
[10,14,]   290   0.00206872   9.23318e-040   9.33673e-040   [-0.000026,0.000003,]
[11,14,]   291   0.00188528   8.44029e-040   1.02476e-039   [-0.000023,0.000008,]
[12,14,]   292   0.00153897   6.83546e-040   1.20694e-039   [-0.000020,0.000011,]
[13,14,]   293   0.00109888   4.43078e-040   1.48021e-039   [-0.000016,0.000012,]
[14,14,]   294   0.000672159   1.16484e-040   1.84457e-039   [-0.000013,0.000013,]
[15,14,]   295   0.000347235   -3.02584e-040   2.30002e-039   [-0.000010,0.000013,]
[16,14,]   296   0.000150262   -8.17947e-040   2.84656e-039   [-0.000008,0.000012,]
[17,14,]   297   5.42088e-005   -1.4404e-039   3.48419e-039   [-0.000007,0.000011,]
[18,14,]   298   1.62901e-005   -2.1414e-039   4.21291e-039   [-0.000003,0.000011,]
[19,14,]   299   4.0134e-006   -4.1694e-039   5.03272e-039   [0.000000,0.000011,]
[0,15,]   300   2.04912e-006   -4.7245e-039   5.48817e-039   [-0.000002,-0.000009,]
[1,15,]   301   7.86091e-006   -2.65814e-039   4.66836e-039   [-0.000009,-0.000010,]
[2,15,]   302   2.65492e-005   -1.86841e-039   3.93964e-039   [-0.000007,-0.000010,]
[3,15,]   303   7.52698e-005   -1.24105e-039   3.30201e-039   [-0.000009,-0.000011,]
[4,15,]   304   0.000179102   -7.21162e-040   2.75547e-039   [-0.000011,-0.000011,]
[5,15,]   305   0.000359634   -2.93922e-040   2.30002e-039   [-0.000013,-0.000010,]
[6,15,]   306   0.000614007   4.42e-041   1.93566e-039   [-0.000015,-0.000010,]
[7,15,]   307   0.000900916   2.97701e-040   1.66239e-039   [-0.000018,-0.000008,]
[8,15,]   308   0.00115106   4.69572e-040   1.48021e-039   [-0.000020,-0.000005,]
[9,15,]   309   0.001297   5.59414e-040   1.38912e-039   [-0.000021,-0.000002,]
[10,15,]   310   0.00129872   5.63863e-040   1.38912e-039   [-0.000021,0.000002,]
[11,15,]   311   0.00115481   4.80875e-040   1.48021e-039   [-0.000020,0.000005,]
[12,15,]   312   0.000904186   3.1083e-040   1.66239e-039   [-0.000018,0.000008,]
[13,15,]   313   0.000615513   5.50416e-041   1.93566e-039   [-0.000015,0.000010,]
[14,15,]   314   0.00035965   -2.87647e-040   2.30002e-039   [-0.000013,0.000010,]
[15,15,]   315   0.000178511   -7.20653e-040   2.75547e-039   [-0.000011,0.000011,]
[16,15,]   316   7.47168e-005   -1.24693e-039   3.30201e-039   [-0.000009,0.000010,]
[17,15,]   317   2.62305e-005   -1.87824e-039   3.93964e-039   [-0.000007,0.000010,]
[18,15,]   318   7.71038e-006   -2.58356e-039   4.66836e-039   [-0.000004,0.000010,]
[19,15,]   319   1.86301e-006   -4.75741e-039   5.48817e-039   [0.000000,0.000010,]
[0,16,]   320   8.1056e-007   -5.39188e-039   6.03471e-039   [-0.000002,-0.000008,]
[1,16,]   321   3.1468e-006   -3.20309e-039   5.2149e-039   [-0.000010,-0.000009,]
[2,16,]   322   1.08375e-005   -2.40312e-039   4.48618e-039   [-0.000008,-0.000009,]
[3,16,]   323   3.14547e-005   -1.76895e-039   3.84855e-039   [-0.000009,-0.000009,]
[4,16,]   324   7.69296e-005   -1.24126e-039   3.30201e-039   [-0.000010,-0.000009,]
[5,16,]   325   0.000159371   -8.04825e-040   2.84656e-039   [-0.000012,-0.000008,]
[6,16,]   326   0.000281371   -4.57013e-040   2.4822e-039   [-0.000014,-0.000008,]
[7,16,]   327   0.000426589   -1.94957e-040   2.20893e-039   [-0.000016,-0.000006,]
[8,16,]   328   0.000559974   -1.75373e-041   2.02675e-039   [-0.000017,-0.000004,]
[9,16,]   329   0.000640965   7.42429e-041   1.93566e-039   [-0.000018,-0.000001,]
[10,16,]   330   0.000642219   7.85292e-041   1.93566e-039   [-0.000018,0.000001,]
[11,16,]   331   0.000562909   -6.04725e-042   2.02675e-039   [-0.000017,0.000004,]
[12,16,]   332   0.000429551   -1.7967e-040   2.20893e-039   [-0.000016,0.000006,]
[13,16,]   333   0.000283278   -4.4177e-040   2.4822e-039   [-0.000014,0.000007,]
[14,16,]   334   0.000160152   -7.92688e-040   2.84656e-039   [-0.000012,0.000008,]
[15,16,]   335   7.70559e-005   -1.23436e-039   3.30201e-039   [-0.000010,0.000009,]
[16,16,]   336   3.13701e-005   -1.76864e-039   3.84855e-039   [-0.000009,0.000009,]
[17,16,]   337   1.07519e-005   -2.40742e-039   4.48618e-039   [-0.000008,0.000009,]
[18,16,]   338   3.09679e-006   -3.11806e-039   5.2149e-039   [-0.000004,0.000009,]
[19,16,]   339   7.35098e-007   -5.42805e-039   6.03471e-039   [0.000000,0.000009,]
[0,17,]   340   2.70356e-007   -6.1538e-039   6.67234e-039   [-0.000003,-0.000007,]
[1,17,]   341   1.06197e-006   -3.852e-039   5.85253e-039   [-0.000010,-0.000008,]
[2,17,]   342   3.72231e-006   -3.04305e-039   5.12381e-039   [-0.000008,-0.000008,]
[3,17,]   343   1.1025e-005   -2.40258e-039   4.48618e-039   [-0.000009,-0.000008,]
[4,17,]   344   2.75831e-005   -1.86833e-039   3.93964e-039   [-0.000010,-0.000007,]
[5,17,]   345   5.85583e-005   -1.425e-039   3.48419e-039   [-0.000011,-0.000007,]
[6,17,]   346   0.000105988   -1.07072e-039   3.11983e-039   [-0.000013,-0.000006,]
[7,17,]   347   0.00016442   -8.03541e-040   2.84656e-039   [-0.000014,-0.000005,]
[8,17,]   348   0.000219763   -6.22989e-040   2.66438e-039   [-0.000015,-0.000003,]
[9,17,]   349   0.000254129   -5.29854e-040   2.57329e-039   [-0.000016,-0.000001,]
[10,17,]   350   0.000254768   -5.25433e-040   2.57329e-039   [-0.000016,0.000001,]
[11,17,]   351   0.000221297   -6.10682e-040   2.66438e-039   [-0.000015,0.000003,]
[12,17,]   352   0.000166057   -7.85918e-040   2.84656e-039   [-0.000014,0.000005,]
[13,17,]   353   0.000107151   -1.05112e-039   3.11983e-039   [-0.000013,0.000006,]
[14,17,]   354   5.91438e-005   -1.40667e-039   3.48419e-039   [-0.000011,0.000007,]
[15,17,]   355   2.77835e-005   -1.85401e-039   3.93964e-039   [-0.000010,0.000007,]
[16,17,]   356   1.1059e-005   -2.39429e-039   4.48618e-039   [-0.000009,0.000008,]
[17,17,]   357   3.71368e-006   -3.0394e-039   5.12381e-039   [-0.000008,0.000008,]
[18,17,]   358   1.05045e-006   -3.75604e-039   5.85253e-039   [-0.000004,0.000008,]
[19,17,]   359   2.45484e-007   -6.18842e-039   6.67234e-039   [0.000001,0.000008,]
[0,18,]   360   7.59476e-008   -6.9797e-039   7.40106e-039   [-0.000003,-0.000003,]
[1,18,]   361   3.01657e-007   -4.57177e-039   6.58125e-039   [-0.000010,-0.000004,]
[2,18,]   362   1.07381e-006   -3.75431e-039   5.85253e-039   [-0.000008,-0.000004,]
[3,18,]   363   3.23576e-006   -3.10834e-039   5.2149e-039   [-0.000009,-0.000004,]
[4,18,]   364   8.24708e-006   -2.57e-039   4.66836e-039   [-0.000010,-0.000004,]
[5,18,]   365   1.7848e-005   -2.12425e-039   4.21291e-039   [-0.000011,-0.000003,]
[6,18,]   366   3.29142e-005   -1.77008e-039   3.84855e-039   [-0.000012,-0.000003,]
[7,18,]   367   5.19146e-005   -1.50612e-039   3.57528e-039   [-0.000013,-0.000002,]
[8,18,]   368   7.02725e-005   -1.33196e-039   3.3931e-039   [-0.000013,-0.000001,]
[9,18,]   369   8.18383e-005   -1.24772e-039   3.30201e-039   [-0.000014,0.000001,]
[10,18,]   370   8.20884e-005   -1.25362e-039   3.30201e-039   [-0.000014,0.000002,]
[11,18,]   371   7.0882e-005   -1.3496e-039   3.3931e-039   [-0.000013,0.000004,]
[12,18,]   372   5.25842e-005   -1.53536e-039   3.57528e-039   [-0.000013,0.000006,]
[13,18,]   373   3.34133e-005   -1.81068e-039   3.84855e-039   [-0.000012,0.000007,]
[14,18,]   374   1.8121e-005   -2.17593e-039   4.21291e-039   [-0.000011,0.000008,]
[15,18,]   375   8.35751e-006   -2.63248e-039   4.66836e-039   [-0.000010,0.000009,]
[16,18,]   376   3.26715e-006   -3.18125e-039   5.2149e-039   [-0.000009,0.000009,]
[17,18,]   377   1.07858e-006   -3.83441e-039   5.85253e-039   [-0.000008,0.000010,]
[18,18,]   378   3.00355e-007   -4.55915e-039   6.58125e-039   [-0.000003,0.000010,]
[19,18,]   379   6.92583e-008   -7.10219e-039   7.40106e-039   [0.000001,0.000011,]
[0,19,]   380   1.76856e-008   -9.53792e-039   8.22087e-039   [-0.000003,0.000001,]
[1,19,]   381   7.07376e-008   -6.97792e-039   7.40106e-039   [-0.000011,0.000000,]
[2,19,]   382   2.55008e-007   -6.05265e-039   6.67234e-039   [-0.000008,-0.000000,]
[3,19,]   383   7.79584e-007   -5.29243e-039   6.03471e-039   [-0.000009,-0.000000,]
[4,19,]   384   2.01867e-006   -4.63283e-039   5.48817e-039   [-0.000010,-0.000000,]
[5,19,]   385   4.44308e-006   -4.06286e-039   5.03272e-039   [-0.000011,-0.000000,]
[6,19,]   386   8.3358e-006   -3.58887e-039   4.66836e-039   [-0.000011,0.000000,]
[7,19,]   387   1.33667e-005   -3.21908e-039   4.39509e-039   [-0.000012,0.000001,]
[8,19,]   388   1.83593e-005   -2.96363e-039   4.21291e-039   [-0.000012,0.000001,]
[9,19,]   389   2.16274e-005   -2.83185e-039   4.12182e-039   [-0.000012,0.000003,]
[10,19,]   390   2.18545e-005   -2.82919e-039   4.12182e-039   [-0.000012,0.000004,]
[11,19,]   391   1.89255e-005   -2.95547e-039   4.21291e-039   [-0.000012,0.000005,]
[12,19,]   392   1.40188e-005   -3.20532e-039   4.39509e-039   [-0.000011,0.000007,]
[13,19,]   393   8.86095e-006   -3.57021e-039   4.66836e-039   [-0.000010,0.000008,]
[14,19,]   394   4.76638e-006   -4.04112e-039   5.03272e-039   [-0.000010,0.000009,]
[15,19,]   395   2.17615e-006   -4.61074e-039   5.48817e-039   [-0.000009,0.000010,]
[16,19,]   396   8.41252e-007   -5.27311e-039   6.03471e-039   [-0.000008,0.000011,]
[17,19,]   397   2.74525e-007   -6.03624e-039   6.67234e-039   [-0.000007,0.000012,]
[18,19,]   398   7.55794e-008   -6.86775e-039   7.40106e-039   [-0.000003,0.000012,]
[19,19,]   399   1.72855e-008   -9.57235e-039   8.22087e-039   [0.000001,0.000013,]
