coordinates  index   rho      Q      V    velocities 
[0,0,]   0   1.84981e-008   -9.56069e-039   1.126e-038   [0.000008,-0.000004,]
[1,0,]   1   7.95937e-008   -6.93115e-039   1.16062e-038   [0.000005,-0.000004,]
[2,0,]   2   2.86195e-007   -6.1036e-039   1.12039e-038   [0.000010,-0.000004,]
[3,0,]   3   8.69627e-007   -5.33606e-039   9.83781e-039   [0.000011,-0.000004,]
[4,0,]   4   2.23076e-006   -4.66486e-039   7.9739e-039   [0.000011,-0.000003,]
[5,0,]   5   4.84379e-006   -4.08697e-039   6.29803e-039   [0.000011,-0.000003,]
[6,0,]   6   8.93435e-006   -3.60581e-039   5.16997e-039   [0.000011,-0.000002,]
[7,0,]   7   1.40523e-005   -3.22879e-039   4.54996e-039   [0.000011,-0.000001,]
[8,0,]   8   1.89144e-005   -2.96733e-039   4.25015e-039   [0.000012,0.000000,]
[9,0,]   9   2.18508e-005   -2.83325e-039   4.1288e-039   [0.000012,0.000001,]
[10,0,]   10   2.17071e-005   -2.8342e-039   4.12284e-039   [0.000012,0.000003,]
[11,0,]   11   1.85539e-005   -2.97046e-039   4.21303e-039   [0.000012,0.000004,]
[12,0,]   12   1.36323e-005   -3.23479e-039   4.3951e-039   [0.000012,0.000005,]
[13,0,]   13   8.59136e-006   -3.61523e-039   4.66836e-039   [0.000011,0.000006,]
[14,0,]   14   4.63011e-006   -4.09931e-039   5.03272e-039   [0.000010,0.000007,]
[15,0,]   15   2.1266e-006   -4.67735e-039   5.48817e-039   [0.000010,0.000007,]
[16,0,]   16   8.29659e-007   -5.3434e-039   6.03471e-039   [0.000009,0.000008,]
[17,0,]   17   2.74032e-007   -6.09958e-039   6.67234e-039   [0.000008,0.000008,]
[18,0,]   18   7.64711e-008   -6.98424e-039   7.40106e-039   [0.000009,0.000008,]
[19,0,]   19   1.8494e-008   -9.55505e-039   8.22087e-039   [0.000011,0.000008,]
[0,1,]   20   7.59932e-008   -7.00264e-039   1.04402e-038   [0.000008,-0.000009,]
[1,1,]   21   3.23807e-007   -4.54365e-039   1.07864e-038   [0.000006,-0.000009,]
[2,1,]   22   1.14999e-006   -3.82264e-039   1.03841e-038   [0.000010,-0.000009,]
[3,1,]   23   3.44872e-006   -3.17003e-039   9.018e-039   [0.000012,-0.000008,]
[4,1,]   24   8.72891e-006   -2.62116e-039   7.15409e-039   [0.000012,-0.000008,]
[5,1,]   25   1.87091e-005   -2.16861e-039   5.47822e-039   [0.000012,-0.000007,]
[6,1,]   26   3.41095e-005   -1.80833e-039   4.35016e-039   [0.000012,-0.000006,]
[7,1,]   27   5.31616e-005   -1.53733e-039   3.73015e-039   [0.000013,-0.000005,]
[8,1,]   28   7.11714e-005   -1.35483e-039   3.43034e-039   [0.000013,-0.000003,]
[9,1,]   29   8.2169e-005   -1.26129e-039   3.30899e-039   [0.000014,-0.000002,]
[10,1,]   30   8.20043e-005   -1.25728e-039   3.30303e-039   [0.000014,-0.000000,]
[11,1,]   31   7.07649e-005   -1.34293e-039   3.39322e-039   [0.000013,0.000001,]
[12,1,]   32   5.27042e-005   -1.51794e-039   3.57529e-039   [0.000013,0.000003,]
[13,1,]   33   3.37579e-005   -1.78211e-039   3.84855e-039   [0.000012,0.000004,]
[14,1,]   34   1.85124e-005   -2.13589e-039   4.21291e-039   [0.000011,0.000004,]
[15,1,]   35   8.65178e-006   -2.5808e-039   4.66836e-039   [0.000010,0.000005,]
[16,1,]   36   3.43143e-006   -3.11893e-039   5.2149e-039   [0.000009,0.000005,]
[17,1,]   37   1.15059e-006   -3.75702e-039   5.85253e-039   [0.000008,0.000005,]
[18,1,]   38   3.25418e-007   -4.53392e-039   6.58125e-039   [0.000009,0.000005,]
[19,1,]   39   7.95091e-008   -6.93126e-039   7.40106e-039   [0.000010,0.000004,]
[0,2,]   40   2.72105e-007   -6.1146e-039   9.71146e-039   [0.000008,-0.000008,]
[1,2,]   41   1.14403e-006   -3.76373e-039   1.00577e-038   [0.000006,-0.000008,]
[2,2,]   42   4.0001e-006   -3.04888e-039   9.65537e-039   [0.000010,-0.000008,]
[3,2,]   43   1.17882e-005   -2.40314e-039   8.28928e-039   [0.000012,-0.000008,]
[4,2,]   44   2.92747e-005   -1.86179e-039   6.42537e-039   [0.000012,-0.000007,]
[5,2,]   45   6.15083e-005   -1.41733e-039   4.7495e-039   [0.000013,-0.000007,]
[6,2,]   46   0.000109956   -1.06538e-039   3.62144e-039   [0.000013,-0.000006,]
[7,2,]   47   0.000168375   -8.0258e-040   3.00143e-039   [0.000014,-0.000005,]
[8,2,]   48   0.000222394   -6.27895e-040   2.70162e-039   [0.000015,-0.000003,]
[9,2,]   49   0.0002549   -5.41609e-040   2.58027e-039   [0.000016,-0.000001,]
[10,2,]   50   0.000254461   -5.4402e-040   2.57431e-039   [0.000016,0.000001,]
[11,2,]   51   0.000221319   -6.34675e-040   2.6645e-039   [0.000015,0.000003,]
[12,2,]   52   0.000167184   -8.12583e-040   2.84657e-039   [0.000014,0.000005,]
[13,2,]   53   0.000109067   -1.07715e-039   3.11983e-039   [0.000013,0.000006,]
[14,2,]   54   6.10391e-005   -1.42905e-039   3.48419e-039   [0.000011,0.000007,]
[15,2,]   55   2.91163e-005   -1.87038e-039   3.93964e-039   [0.000010,0.000007,]
[16,2,]   56   1.17739e-005   -2.40397e-039   4.48618e-039   [0.000009,0.000008,]
[17,2,]   57   4.01814e-006   -3.03699e-039   5.12381e-039   [0.000008,0.000008,]
[18,2,]   58   1.15433e-006   -3.80774e-039   5.85253e-039   [0.000009,0.000008,]
[19,2,]   59   2.85626e-007   -6.09784e-039   6.67234e-039   [0.000010,0.000007,]
[0,3,]   60   8.23922e-007   -5.35654e-039   9.07383e-039   [0.000007,-0.000009,]
[1,3,]   61   3.41224e-006   -3.12415e-039   9.42008e-039   [0.000006,-0.000009,]
[2,3,]   62   1.17222e-005   -2.41421e-039   9.01774e-039   [0.000010,-0.000009,]
[3,3,]   63   3.38452e-005   -1.77461e-039   7.65165e-039   [0.000012,-0.000009,]
[4,3,]   64   8.2124e-005   -1.23985e-039   5.78774e-039   [0.000013,-0.000009,]
[5,3,]   65   0.000168222   -8.02243e-040   4.11187e-039   [0.000014,-0.000008,]
[6,3,]   66   0.000292934   -4.56733e-040   2.98381e-039   [0.000015,-0.000007,]
[7,3,]   67   0.00043764   -1.99163e-040   2.3638e-039   [0.000016,-0.000006,]
[8,3,]   68   0.000566812   -2.78639e-041   2.06399e-039   [0.000017,-0.000004,]
[9,3,]   69   0.000642603   5.69452e-041   1.94264e-039   [0.000018,-0.000001,]
[10,3,]   70   0.000641665   5.47691e-041   1.93668e-039   [0.000018,0.000001,]
[11,3,]   71   0.000564541   -3.38076e-041   2.02687e-039   [0.000017,0.000004,]
[12,3,]   72   0.000435188   -2.07455e-040   2.20894e-039   [0.000016,0.000006,]
[13,3,]   73   0.00029119   -4.65748e-040   2.4822e-039   [0.000014,0.000008,]
[14,3,]   74   0.000167395   -8.10228e-040   2.84656e-039   [0.000012,0.000008,]
[15,3,]   75   8.19359e-005   -1.24405e-039   3.30201e-039   [0.000010,0.000009,]
[16,3,]   76   3.39166e-005   -1.77079e-039   3.84855e-039   [0.000009,0.000009,]
[17,3,]   77   1.18139e-005   -2.39778e-039   4.48618e-039   [0.000008,0.000009,]
[18,3,]   78   3.45373e-006   -3.16188e-039   5.2149e-039   [0.000008,0.000009,]
[19,3,]   79   8.66127e-007   -5.33624e-039   6.03471e-039   [0.000009,0.000008,]
[0,4,]   80   2.11216e-006   -4.69009e-039   8.52729e-039   [0.000007,-0.000010,]
[1,4,]   81   8.60434e-006   -2.58591e-039   8.87354e-039   [0.000005,-0.000010,]
[2,4,]   82   2.89918e-005   -1.88028e-039   8.4712e-039   [0.000010,-0.000010,]
[3,4,]   83   8.17706e-005   -1.2476e-039   7.10511e-039   [0.000012,-0.000010,]
[4,4,]   84   0.000192971   -7.21144e-040   5.2412e-039   [0.000013,-0.000011,]
[5,4,]   85   0.000382775   -2.93325e-040   3.56533e-039   [0.000014,-0.000010,]
[6,4,]   86   0.000643439   4.15772e-041   2.43727e-039   [0.000016,-0.000010,]
[7,4,]   87   0.000927991   2.8924e-040   1.81726e-039   [0.000018,-0.000008,]
[8,4,]   88   0.00116674   4.53362e-040   1.51745e-039   [0.000020,-0.000005,]
[9,4,]   89   0.00130014   5.34764e-040   1.3961e-039   [0.000021,-0.000002,]
[10,4,]   90   0.00129857   5.32761e-040   1.39014e-039   [0.000021,0.000002,]
[11,4,]   91   0.001163   4.4815e-040   1.48033e-039   [0.000020,0.000005,]
[12,4,]   92   0.000924122   2.82617e-040   1.6624e-039   [0.000018,0.000008,]
[13,4,]   93   0.000640925   3.52919e-041   1.93566e-039   [0.000015,0.000010,]
[14,4,]   94   0.00038185   -2.97763e-040   2.30002e-039   [0.000013,0.000010,]
[15,4,]   95   0.000193056   -7.2145e-040   2.75547e-039   [0.000011,0.000011,]
[16,4,]   96   8.21645e-005   -1.24003e-039   3.30201e-039   [0.000009,0.000010,]
[17,4,]   97   2.92905e-005   -1.8606e-039   3.93964e-039   [0.000007,0.000010,]
[18,4,]   98   8.72733e-006   -2.61743e-039   4.66836e-039   [0.000008,0.000010,]
[19,4,]   99   2.21881e-006   -4.6686e-039   5.48817e-039   [0.000008,0.000009,]
[0,5,]   100   4.59926e-006   -4.11166e-039   8.07184e-039   [0.000006,-0.000010,]
[1,5,]   101   1.84131e-005   -2.1409e-039   8.41809e-039   [0.000005,-0.000011,]
[2,5,]   102   6.07858e-005   -1.43857e-039   8.01575e-039   [0.000009,-0.000011,]
[3,5,]   103   0.000167074   -8.13455e-040   6.64966e-039   [0.000011,-0.000012,]
[4,5,]   104   0.000381708   -2.97289e-040   4.78575e-039   [0.000013,-0.000013,]
[5,5,]   105   0.000727444   1.16415e-040   3.10988e-039   [0.000014,-0.000013,]
[6,5,]   106   0.00116614   4.33087e-040   1.98182e-039   [0.000017,-0.000013,]
[7,5,]   107   0.00159717   6.60226e-040   1.36181e-039   [0.000020,-0.000011,]
[8,5,]   108   0.00191538   8.06979e-040   1.062e-039   [0.000023,-0.000008,]
[9,5,]   109   0.00207279   8.79792e-040   9.40646e-040   [0.000026,-0.000003,]
[10,5,]   110   0.00207078   8.77802e-040   9.34689e-040   [0.000026,0.000003,]
[11,5,]   111   0.00191076   8.02529e-040   1.02488e-039   [0.000023,0.000008,]
[12,5,]   112   0.00159276   6.55407e-040   1.20695e-039   [0.000020,0.000011,]
[13,5,]   113   0.00116383   4.29662e-040   1.48021e-039   [0.000016,0.000013,]
[14,5,]   114   0.000727284   1.15357e-040   1.84457e-039   [0.000013,0.000013,]
[15,5,]   115   0.000382706   -2.94337e-040   2.30002e-039   [0.000010,0.000013,]
[16,5,]   116   0.000168197   -8.03228e-040   2.84656e-039   [0.000008,0.000012,]
[17,5,]   117   6.15007e-005   -1.41708e-039   3.48419e-039   [0.000007,0.000011,]
[18,5,]   118   1.86936e-005   -2.16603e-039   4.21291e-039   [0.000007,0.000011,]
[19,5,]   119   4.81623e-006   -4.09086e-039   5.03272e-039   [0.000008,0.000010,]
[0,6,]   120   8.53518e-006   -3.62726e-039   7.70748e-039   [0.000006,-0.000011,]
[1,6,]   121   3.35804e-005   -1.78704e-039   8.05373e-039   [0.000004,-0.000012,]
[2,6,]   122   0.000108628   -1.08629e-039   7.65139e-039   [0.000008,-0.000013,]
[3,6,]   123   0.000290663   -4.68617e-040   6.2853e-039   [0.000010,-0.000014,]
[4,6,]   124   0.000640735   3.59709e-041   4.42139e-039   [0.000012,-0.000015,]
[5,6,]   125   0.00116414   4.3079e-040   2.74552e-039   [0.000014,-0.000016,]
[6,6,]   126   0.0017531   7.17162e-040   1.61746e-039   [0.000017,-0.000017,]
[7,6,]   127   0.00222396   9.00497e-040   9.9745e-040   [0.000022,-0.000016,]
[8,6,]   128   0.00246253   9.98952e-040   6.9764e-040   [0.000028,-0.000012,]
[9,6,]   129   0.00252212   1.04849e-039   5.76286e-040   [0.000033,-0.000005,]
[10,6,]   130   0.00252035   1.04736e-039   5.70329e-040   [0.000033,0.000005,]
[11,6,]   131   0.00245852   9.95332e-040   6.60518e-040   [0.000028,0.000012,]
[12,6,]   132   0.00222085   8.97777e-040   8.42593e-040   [0.000022,0.000016,]
[13,6,]   133   0.0017526   7.16731e-040   1.11585e-039   [0.000017,0.000017,]
[14,6,]   134   0.00116584   4.32647e-040   1.48021e-039   [0.000013,0.000016,]
[15,6,]   135   0.000643287   4.11226e-041   1.93566e-039   [0.000010,0.000015,]
[16,6,]   136   0.000292869   -4.57204e-040   2.4822e-039   [0.000007,0.000014,]
[17,6,]   137   0.000109933   -1.06469e-039   3.11983e-039   [0.000006,0.000013,]
[18,6,]   138   3.40793e-005   -1.80547e-039   3.84855e-039   [0.000006,0.000012,]
[19,6,]   139   8.8857e-006   -3.6084e-039   4.66836e-039   [0.000007,0.000011,]
[0,7,]   140   1.35447e-005   -3.24657e-039   7.43421e-039   [0.000005,-0.000012,]
[1,7,]   141   5.24324e-005   -1.5228e-039   7.78046e-039   [0.000003,-0.000013,]
[2,7,]   142   0.000166531   -8.21354e-040   7.37812e-039   [0.000007,-0.000014,]
[3,7,]   143   0.000434446   -2.09961e-040   6.01203e-039   [0.000009,-0.000016,]
[4,7,]   144   0.000923922   2.83528e-040   4.14812e-039   [0.000010,-0.000018,]
[5,7,]   145   0.00159328   6.56634e-040   2.47225e-039   [0.000012,-0.000020,]
[6,7,]   146   0.00222157   8.98215e-040   1.34419e-039   [0.000016,-0.000022,]
[7,7,]   147   0.00252199   9.89784e-040   7.2418e-040   [0.000024,-0.000023,]
[8,7,]   148   0.00242353   9.42532e-040   4.2437e-040   [0.000034,-0.000020,]
[9,7,]   149   0.00219969   8.69798e-040   3.03016e-040   [0.000045,-0.000009,]
[10,7,]   150   0.00219848   8.68893e-040   2.97059e-040   [0.000045,0.000009,]
[11,7,]   151   0.00242132   9.39278e-040   3.87248e-040   [0.000034,0.000021,]
[12,7,]   152   0.00252153   9.89899e-040   5.69323e-040   [0.000023,0.000023,]
[13,7,]   153   0.00222361   9.00569e-040   8.42583e-040   [0.000016,0.000022,]
[14,7,]   154   0.00159694   6.60259e-040   1.20694e-039   [0.000011,0.000020,]
[15,7,]   155   0.000927866   2.89243e-040   1.66239e-039   [0.000008,0.000018,]
[16,7,]   156   0.000437584   -1.99182e-040   2.20893e-039   [0.000006,0.000016,]
[17,7,]   157   0.000168354   -8.01493e-040   2.84656e-039   [0.000005,0.000014,]
[18,7,]   158   5.31206e-005   -1.53417e-039   3.57528e-039   [0.000005,0.000013,]
[19,7,]   159   1.39812e-005   -3.23015e-039   4.39509e-039   [0.000005,0.000011,]
[0,8,]   160   1.84362e-005   -2.98209e-039   7.25203e-039   [0.000004,-0.000012,]
[1,8,]   161   7.04052e-005   -1.34775e-039   7.59828e-039   [0.000002,-0.000013,]
[2,8,]   162   0.000220474   -6.43148e-040   7.19594e-039   [0.000005,-0.000015,]
[3,8,]   163   0.000563627   -3.5999e-041   5.82985e-039   [0.000007,-0.000017,]
[4,8,]   164   0.00116283   4.49282e-040   3.96594e-039   [0.000008,-0.000020,]
[5,8,]   165   0.00191149   8.03872e-040   2.29007e-039   [0.000009,-0.000023,]
[6,8,]   166   0.00245943   9.95805e-040   1.16201e-039   [0.000013,-0.000028,]
[7,8,]   167   0.00242184   9.39144e-040   5.42e-040   [0.000021,-0.000034,]
[8,8,]   168   0.0018123   3.86073e-040   2.4219e-040   [0.000039,-0.000039,]
[9,8,]   169   0.00119592   -4.8152e-040   1.20836e-040   [0.000070,-0.000020,]
[10,8,]   170   0.00119482   -4.93036e-040   1.14879e-040   [0.000070,0.000026,]
[11,8,]   171   0.00181214   3.86347e-040   2.05068e-040   [0.000039,0.000039,]
[12,8,]   172   0.00242336   9.42754e-040   3.87143e-040   [0.000020,0.000034,]
[13,8,]   173   0.00246238   9.9912e-040   6.60403e-040   [0.000012,0.000028,]
[14,8,]   174   0.00191528   8.07114e-040   1.02476e-039   [0.000008,0.000023,]
[15,8,]   175   0.00116668   4.53475e-040   1.48021e-039   [0.000005,0.000020,]
[16,8,]   176   0.000566784   -2.77634e-041   2.02675e-039   [0.000004,0.000017,]
[17,8,]   177   0.000222383   -6.26721e-040   2.66438e-039   [0.000003,0.000015,]
[18,8,]   178   7.11235e-005   -1.35165e-039   3.3931e-039   [0.000003,0.000013,]
[19,8,]   179   1.88243e-005   -2.96795e-039   4.21291e-039   [0.000004,0.000012,]
[0,9,]   180   2.15706e-005   -2.84575e-039   7.16094e-039   [0.000002,-0.000012,]
[1,9,]   181   8.15907e-005   -1.26209e-039   7.50719e-039   [0.000001,-0.000014,]
[2,9,]   182   0.000253503   -5.52304e-040   7.10485e-039   [0.000003,-0.000016,]
[3,9,]   183   0.000640659   5.27847e-041   5.73876e-039   [0.000004,-0.000018,]
[4,9,]   184   0.00129843   5.34051e-040   3.87485e-039   [0.000004,-0.000021,]
[5,9,]   185   0.00207164   8.79245e-040   2.19898e-039   [0.000004,-0.000026,]
[6,9,]   186   0.00252136   1.04789e-039   1.07092e-039   [0.000005,-0.000033,]
[7,9,]   187   0.00219901   8.68793e-040   4.5091e-040   [0.000009,-0.000045,]
[8,9,]   188   0.00119497   -4.93251e-040   1.511e-040   [0.000026,-0.000070,]
[9,9,]   189   0.000289619   -1.25936e-038   2.97457e-041   [0.000120,-0.000114,]
[10,9,]   190   0.000289599   -1.2594e-038   2.37895e-041   [0.000114,0.000120,]
[11,9,]   191   0.00119589   -4.81318e-040   1.13978e-040   [0.000020,0.000070,]
[12,9,]   192   0.00219965   8.69925e-040   2.96053e-040   [0.000009,0.000045,]
[13,9,]   193   0.00252208   1.04859e-039   5.69313e-040   [0.000005,0.000033,]
[14,9,]   194   0.00207275   8.79873e-040   9.33673e-040   [0.000003,0.000026,]
[15,9,]   195   0.00130012   5.34837e-040   1.38912e-039   [0.000002,0.000021,]
[16,9,]   196   0.000642594   5.70144e-041   1.93566e-039   [0.000001,0.000018,]
[17,9,]   197   0.000254896   -5.40484e-040   2.57329e-039   [0.000001,0.000016,]
[18,9,]   198   8.21176e-005   -1.25819e-039   3.30201e-039   [0.000002,0.000014,]
[19,9,]   199   2.175e-005   -2.83355e-039   4.12182e-039   [0.000003,0.000012,]
[0,10,]   200   2.17137e-005   -2.8448e-039   7.16094e-039   [0.000001,-0.000012,]
[1,10,]   201   8.1754e-005   -1.26611e-039   7.50719e-039   [-0.000001,-0.000014,]
[2,10,]   202   0.00025394   -5.49838e-040   7.10485e-039   [0.000001,-0.000016,]
[3,10,]   203   0.000641593   5.50219e-041   5.73876e-039   [0.000002,-0.000018,]
[4,10,]   204   0.0013   5.36109e-040   3.87485e-039   [0.000000,-0.000021,]
[5,10,]   205   0.00207363   8.81288e-040   2.19898e-039   [-0.000002,-0.000026,]
[6,10,]   206   0.00252308   1.04908e-039   1.07092e-039   [-0.000004,-0.000033,]
[7,10,]   207   0.00220019   8.69779e-040   4.5091e-040   [-0.000009,-0.000045,]
[8,10,]   208   0.00119603   -4.81596e-040   1.511e-040   [-0.000020,-0.000070,]
[9,10,]   209   0.000289616   -1.25938e-038   2.97457e-041   [-0.000114,-0.000120,]
[10,10,]   210   0.000289598   -1.2594e-038   2.37895e-041   [-0.000120,0.000114,]
[11,10,]   211   0.00119482   -4.9298e-040   1.13978e-040   [-0.000026,0.000070,]
[12,10,]   212   0.00219848   8.68931e-040   2.96053e-040   [-0.000009,0.000045,]
[13,10,]   213   0.00252035   1.04739e-039   5.69313e-040   [-0.000005,0.000033,]
[14,10,]   214   0.00207077   8.77831e-040   9.33673e-040   [-0.000003,0.000026,]
[15,10,]   215   0.00129856   5.32789e-040   1.38912e-039   [-0.000002,0.000021,]
[16,10,]   216   0.000641663   5.47974e-041   1.93566e-039   [-0.000001,0.000018,]
[17,10,]   217   0.00025446   -5.42937e-040   2.57329e-039   [-0.000001,0.000016,]
[18,10,]   218   8.19538e-005   -1.25421e-039   3.30201e-039   [0.000000,0.000014,]
[19,10,]   219   2.16069e-005   -2.83453e-039   4.12182e-039   [0.000001,0.000012,]
[0,11,]   220   1.87947e-005   -2.97898e-039   7.25203e-039   [-0.000000,-0.000012,]
[1,11,]   221   7.0807e-005   -1.35971e-039   7.59828e-039   [-0.000003,-0.000013,]
[2,11,]   222   0.00022154   -6.36234e-040   7.19594e-039   [-0.000001,-0.000015,]
[3,11,]   223   0.000565879   -2.9905e-041   5.82985e-039   [-0.000001,-0.000017,]
[4,11,]   224   0.00116653   4.54628e-040   3.96594e-039   [-0.000003,-0.000020,]
[5,11,]   225   0.00191602   8.08452e-040   2.29007e-039   [-0.000006,-0.000023,]
[6,11,]   226   0.00246329   9.99574e-040   1.16201e-039   [-0.000011,-0.000028,]
[7,11,]   227   0.00242386   9.42599e-040   5.42e-040   [-0.000020,-0.000034,]
[8,11,]   228   0.00181229   3.86056e-040   2.4219e-040   [-0.000039,-0.000039,]
[9,11,]   229   0.00119484   -4.93191e-040   1.20836e-040   [-0.000070,-0.000026,]
[10,11,]   230   0.00119589   -4.81362e-040   1.14879e-040   [-0.000070,0.000020,]
[11,11,]   231   0.00181214   3.86349e-040   2.05068e-040   [-0.000039,0.000039,]
[12,11,]   232   0.00242132   9.39285e-040   3.87143e-040   [-0.000021,0.000034,]
[13,11,]   233   0.00245852   9.95339e-040   6.60403e-040   [-0.000012,0.000028,]
[14,11,]   234   0.00191076   8.02536e-040   1.02476e-039   [-0.000008,0.000023,]
[15,11,]   235   0.001163   4.48157e-040   1.48021e-039   [-0.000005,0.000020,]
[16,11,]   236   0.000564541   -3.37977e-041   2.02675e-039   [-0.000004,0.000017,]
[17,11,]   237   0.000221318   -6.33593e-040   2.66438e-039   [-0.000003,0.000015,]
[18,11,]   238   7.07205e-005   -1.33982e-039   3.3931e-039   [-0.000001,0.000013,]
[19,11,]   239   1.84656e-005   -2.97116e-039   4.21291e-039   [0.000000,0.000012,]
[0,12,]   240   1.39617e-005   -3.24076e-039   7.43421e-039   [-0.000001,-0.000011,]
[1,12,]   241   5.28818e-005   -1.54246e-039   7.78046e-039   [-0.000004,-0.000013,]
[2,12,]   242   0.000167702   -8.11304e-040   7.37812e-039   [-0.000002,-0.000014,]
[3,12,]   243   0.000436853   -2.01598e-040   6.01203e-039   [-0.000003,-0.000016,]
[4,12,]   244   0.000927684   2.90195e-040   4.14812e-039   [-0.000006,-0.000018,]
[5,12,]   245   0.00159747   6.61486e-040   2.47225e-039   [-0.000010,-0.000020,]
[6,12,]   246   0.00222433   9.0099e-040   1.34419e-039   [-0.000015,-0.000022,]
[7,12,]   247   0.00252197   9.89771e-040   7.2418e-040   [-0.000023,-0.000023,]
[8,12,]   248   0.00242148   9.39059e-040   4.2437e-040   [-0.000034,-0.000021,]
[9,12,]   249   0.00219851   8.68809e-040   3.03016e-040   [-0.000045,-0.000009,]
[10,12,]   250   0.00219966   8.69891e-040   2.97059e-040   [-0.000045,0.000009,]
[11,12,]   251   0.00242336   9.42749e-040   3.87248e-040   [-0.000034,0.000020,]
[12,12,]   252   0.00252153   9.89899e-040   5.69323e-040   [-0.000023,0.000023,]
[13,12,]   253   0.00222085   8.97778e-040   8.42583e-040   [-0.000016,0.000022,]
[14,12,]   254   0.00159276   6.55408e-040   1.20694e-039   [-0.000011,0.000020,]
[15,12,]   255   0.000924122   2.82619e-040   1.66239e-039   [-0.000008,0.000018,]
[16,12,]   256   0.000435188   -2.0745e-040   2.20893e-039   [-0.000006,0.000016,]
[17,12,]   257   0.000167184   -8.11473e-040   2.84656e-039   [-0.000005,0.000014,]
[18,12,]   258   5.26697e-005   -1.51472e-039   3.57528e-039   [-0.000003,0.000013,]
[19,12,]   259   1.3564e-005   -3.23613e-039   4.39509e-039   [-0.000001,0.000012,]
[0,13,]   260   8.87539e-006   -3.61847e-039   7.70748e-039   [-0.000002,-0.000011,]
[1,13,]   261   3.3924e-005   -1.81404e-039   8.05373e-039   [-0.000005,-0.000012,]
[2,13,]   262   0.000109496   -1.07489e-039   7.65139e-039   [-0.000004,-0.000013,]
[3,13,]   263   0.000292352   -4.59955e-040   6.2853e-039   [-0.000005,-0.000014,]
[4,13,]   264   0.000643112   4.1851e-041   4.42139e-039   [-0.000007,-0.000015,]
[5,13,]   265   0.00116616   4.33774e-040   2.74552e-039   [-0.000011,-0.000016,]
[6,13,]   266   0.0017531   7.17144e-040   1.61746e-039   [-0.000016,-0.000017,]
[7,13,]   267   0.00222119   8.97695e-040   9.9745e-040   [-0.000022,-0.000016,]
[8,13,]   268   0.00245865   9.9517e-040   6.9764e-040   [-0.000028,-0.000012,]
[9,13,]   269   0.00252038   1.0473e-039   5.76286e-040   [-0.000033,-0.000005,]
[10,13,]   270   0.00252208   1.04856e-039   5.70329e-040   [-0.000033,0.000005,]
[11,13,]   271   0.00246238   9.99114e-040   6.60518e-040   [-0.000028,0.000012,]
[12,13,]   272   0.00222361   9.00568e-040   8.42593e-040   [-0.000022,0.000016,]
[13,13,]   273   0.0017526   7.16731e-040   1.11585e-039   [-0.000017,0.000017,]
[14,13,]   274   0.00116383   4.29662e-040   1.48021e-039   [-0.000013,0.000016,]
[15,13,]   275   0.000640925   3.52922e-041   1.93566e-039   [-0.000010,0.000015,]
[16,13,]   276   0.00029119   -4.65744e-040   2.4822e-039   [-0.000008,0.000014,]
[17,13,]   277   0.000109067   -1.076e-039   3.11983e-039   [-0.000006,0.000013,]
[18,13,]   278   3.37347e-005   -1.77873e-039   3.84855e-039   [-0.000004,0.000012,]
[19,13,]   279   8.54547e-006   -3.61741e-039   4.66836e-039   [-0.000001,0.000011,]
[0,14,]   280   4.81187e-006   -4.10034e-039   8.07184e-039   [-0.000003,-0.000010,]
[1,14,]   281   1.86071e-005   -2.17492e-039   8.41809e-039   [-0.000006,-0.000011,]
[2,14,]   282   6.12489e-005   -1.42769e-039   8.01575e-039   [-0.000004,-0.000011,]
[3,14,]   283   0.000167883   -8.0632e-040   6.64966e-039   [-0.000006,-0.000012,]
[4,14,]   284   0.000382574   -2.93813e-040   4.78575e-039   [-0.000008,-0.000013,]
[5,14,]   285   0.000727449   1.1641e-040   3.10988e-039   [-0.000012,-0.000013,]
[6,14,]   286   0.00116412   4.30084e-040   1.98182e-039   [-0.000016,-0.000013,]
[7,14,]   287   0.00159299   6.55366e-040   1.36181e-039   [-0.000020,-0.000011,]
[8,14,]   288   0.00191086   8.02402e-040   1.062e-039   [-0.000023,-0.000008,]
[9,14,]   289   0.0020708   8.77754e-040   9.40646e-040   [-0.000026,-0.000003,]
[10,14,]   290   0.00207276   8.79846e-040   9.34689e-040   [-0.000026,0.000003,]
[11,14,]   291   0.00191528   8.07107e-040   1.02488e-039   [-0.000023,0.000008,]
[12,14,]   292   0.00159694   6.60258e-040   1.20695e-039   [-0.000020,0.000011,]
[13,14,]   293   0.00116584   4.32647e-040   1.48021e-039   [-0.000016,0.000013,]
[14,14,]   294   0.000727284   1.15357e-040   1.84457e-039   [-0.000013,0.000013,]
[15,14,]   295   0.00038185   -2.97763e-040   2.30002e-039   [-0.000010,0.000013,]
[16,14,]   296   0.000167395   -8.10223e-040   2.84656e-039   [-0.000008,0.000012,]
[17,14,]   297   6.1039e-005   -1.42785e-039   3.48419e-039   [-0.000007,0.000011,]
[18,14,]   298   1.84991e-005   -2.13233e-039   4.21291e-039   [-0.000004,0.000011,]
[19,14,]   299   4.60366e-006   -4.10245e-039   5.03272e-039   [-0.000002,0.000010,]
[0,15,]   300   2.21737e-006   -4.67751e-039   8.52729e-039   [-0.000004,-0.000009,]
[1,15,]   301   8.6863e-006   -2.62665e-039   8.87354e-039   [-0.000007,-0.000010,]
[2,15,]   302   2.91672e-005   -1.87161e-039   8.4712e-039   [-0.000005,-0.000010,]
[3,15,]   303   8.20034e-005   -1.24344e-039   7.10511e-039   [-0.000006,-0.000010,]
[4,15,]   304   0.000192977   -7.21096e-040   5.2412e-039   [-0.000008,-0.000011,]
[5,15,]   305   0.000381922   -2.96758e-040   3.56533e-039   [-0.000011,-0.000010,]
[6,15,]   306   0.000641075   3.57289e-041   2.43727e-039   [-0.000015,-0.000010,]
[7,15,]   307   0.000924242   2.82608e-040   1.81726e-039   [-0.000017,-0.000008,]
[8,15,]   308   0.00116306   4.48044e-040   1.51745e-039   [-0.000020,-0.000005,]
[9,15,]   309   0.00129858   5.32719e-040   1.3961e-039   [-0.000021,-0.000002,]
[10,15,]   310   0.00130013   5.34811e-040   1.39014e-039   [-0.000021,0.000002,]
[11,15,]   311   0.00116668   4.53469e-040   1.48033e-039   [-0.000020,0.000005,]
[12,15,]   312   0.000927866   2.89242e-040   1.6624e-039   [-0.000018,0.000008,]
[13,15,]   313   0.000643287   4.11225e-041   1.93566e-039   [-0.000015,0.000010,]
[14,15,]   314   0.000382706   -2.94337e-040   2.30002e-039   [-0.000013,0.000010,]
[15,15,]   315   0.000193056   -7.2145e-040   2.75547e-039   [-0.000011,0.000011,]
[16,15,]   316   8.19359e-005   -1.24404e-039   3.30201e-039   [-0.000009,0.000010,]
[17,15,]   317   2.91162e-005   -1.86914e-039   3.93964e-039   [-0.000007,0.000010,]
[18,15,]   318   8.6452e-006   -2.57704e-039   4.66836e-039   [-0.000005,0.000010,]
[19,15,]   319   2.11364e-006   -4.68149e-039   5.48817e-039   [-0.000002,0.000010,]
[0,16,]   320   8.65778e-007   -5.3446e-039   9.07383e-039   [-0.000004,-0.000008,]
[1,16,]   321   3.43724e-006   -3.17141e-039   9.42008e-039   [-0.000008,-0.000009,]
[2,16,]   322   1.17629e-005   -2.40916e-039   9.01774e-039   [-0.000005,-0.000009,]
[3,16,]   323   3.38472e-005   -1.77446e-039   7.65165e-039   [-0.000006,-0.000009,]
[4,16,]   324   8.18977e-005   -1.24382e-039   5.78774e-039   [-0.000008,-0.000009,]
[5,16,]   325   0.000167421   -8.0925e-040   4.11187e-039   [-0.000011,-0.000008,]
[6,16,]   326   0.000291254   -4.65292e-040   2.98381e-039   [-0.000013,-0.000008,]
[7,16,]   327   0.000435242   -2.07438e-040   2.3638e-039   [-0.000015,-0.000006,]
[8,16,]   328   0.000564567   -3.38972e-041   2.06399e-039   [-0.000017,-0.000004,]
[9,16,]   329   0.000641672   5.47317e-041   1.94264e-039   [-0.000018,-0.000001,]
[10,16,]   330   0.000642596   5.69893e-041   1.93668e-039   [-0.000018,0.000001,]
[11,16,]   331   0.000566784   -2.77701e-041   2.02687e-039   [-0.000017,0.000004,]
[12,16,]   332   0.000437584   -1.99184e-040   2.20894e-039   [-0.000016,0.000006,]
[13,16,]   333   0.000292869   -4.57204e-040   2.4822e-039   [-0.000014,0.000007,]
[14,16,]   334   0.000168197   -8.03228e-040   2.84656e-039   [-0.000012,0.000008,]
[15,16,]   335   8.21645e-005   -1.24003e-039   3.30201e-039   [-0.000010,0.000009,]
[16,16,]   336   3.39166e-005   -1.77078e-039   3.84855e-039   [-0.000009,0.000009,]
[17,16,]   337   1.17739e-005   -2.40269e-039   4.48618e-039   [-0.000008,0.000009,]
[18,16,]   338   3.42871e-006   -3.11498e-039   5.2149e-039   [-0.000005,0.000009,]
[19,16,]   339   8.24297e-007   -5.3485e-039   6.03471e-039   [-0.000002,0.000009,]
[0,17,]   340   2.85574e-007   -6.10431e-039   9.71146e-039   [-0.000004,-0.000007,]
[1,17,]   341   1.14873e-006   -3.81622e-039   1.00577e-038   [-0.000008,-0.000008,]
[2,17,]   342   4.00037e-006   -3.04739e-039   9.65537e-039   [-0.000005,-0.000008,]
[3,17,]   343   1.17489e-005   -2.4066e-039   8.28928e-039   [-0.000006,-0.000008,]
[4,17,]   344   2.91013e-005   -1.86902e-039   6.42537e-039   [-0.000008,-0.000007,]
[5,17,]   345   6.1047e-005   -1.4269e-039   4.7495e-039   [-0.000010,-0.000007,]
[6,17,]   346   0.00010909   -1.07554e-039   3.62144e-039   [-0.000012,-0.000006,]
[7,17,]   347   0.000167204   -8.11445e-040   3.00143e-039   [-0.000014,-0.000005,]
[8,17,]   348   0.000221329   -6.33684e-040   2.70162e-039   [-0.000015,-0.000003,]
[9,17,]   349   0.000254463   -5.43e-040   2.58027e-039   [-0.000016,-0.000001,]
[10,17,]   350   0.000254897   -5.40509e-040   2.57431e-039   [-0.000016,0.000001,]
[11,17,]   351   0.000222384   -6.26728e-040   2.6645e-039   [-0.000015,0.000003,]
[12,17,]   352   0.000168354   -8.01494e-040   2.84657e-039   [-0.000014,0.000005,]
[13,17,]   353   0.000109933   -1.06469e-039   3.11983e-039   [-0.000013,0.000006,]
[14,17,]   354   6.15007e-005   -1.41708e-039   3.48419e-039   [-0.000011,0.000007,]
[15,17,]   355   2.92905e-005   -1.8606e-039   3.93964e-039   [-0.000010,0.000007,]
[16,17,]   356   1.18139e-005   -2.39777e-039   4.48618e-039   [-0.000009,0.000008,]
[17,17,]   357   4.01813e-006   -3.03567e-039   5.12381e-039   [-0.000008,0.000008,]
[18,17,]   358   1.14964e-006   -3.75288e-039   5.85253e-039   [-0.000005,0.000008,]
[19,17,]   359   2.72168e-007   -6.10558e-039   6.67234e-039   [-0.000002,0.000008,]
[0,18,]   360   7.94395e-008   -6.93464e-039   1.04402e-038   [-0.000004,-0.000004,]
[1,18,]   361   3.23545e-007   -4.53972e-039   1.07864e-038   [-0.000008,-0.000005,]
[2,18,]   362   1.14446e-006   -3.7649e-039   1.03841e-038   [-0.000005,-0.000005,]
[3,18,]   363   3.42122e-006   -3.11908e-039   9.018e-039   [-0.000006,-0.000005,]
[4,18,]   364   8.64046e-006   -2.57701e-039   7.15409e-039   [-0.000007,-0.000005,]
[5,18,]   365   1.85011e-005   -2.13139e-039   5.47822e-039   [-0.000009,-0.000004,]
[6,18,]   366   3.37414e-005   -1.77826e-039   4.35016e-039   [-0.000011,-0.000004,]
[7,18,]   367   5.26759e-005   -1.51468e-039   3.73015e-039   [-0.000012,-0.000003,]
[8,18,]   368   7.07237e-005   -1.3399e-039   3.43034e-039   [-0.000013,-0.000001,]
[9,18,]   369   8.19549e-005   -1.25427e-039   3.30899e-039   [-0.000014,0.000000,]
[10,18,]   370   8.21178e-005   -1.25821e-039   3.30303e-039   [-0.000014,0.000002,]
[11,18,]   371   7.11236e-005   -1.35166e-039   3.39322e-039   [-0.000013,0.000003,]
[12,18,]   372   5.31206e-005   -1.53417e-039   3.57529e-039   [-0.000013,0.000005,]
[13,18,]   373   3.40793e-005   -1.80547e-039   3.84855e-039   [-0.000012,0.000006,]
[14,18,]   374   1.86936e-005   -2.16603e-039   4.21291e-039   [-0.000011,0.000007,]
[15,18,]   375   8.72733e-006   -2.61743e-039   4.66836e-039   [-0.000010,0.000008,]
[16,18,]   376   3.45374e-006   -3.16187e-039   5.2149e-039   [-0.000009,0.000008,]
[17,18,]   377   1.15433e-006   -3.80639e-039   5.85253e-039   [-0.000008,0.000009,]
[18,18,]   378   3.25142e-007   -4.52956e-039   6.58125e-039   [-0.000005,0.000009,]
[19,18,]   379   7.59273e-008   -6.99069e-039   7.40106e-039   [-0.000002,0.000009,]
[0,19,]   380   1.83617e-008   -9.5703e-039   1.126e-038   [-0.000004,-0.000002,]
[1,19,]   381   7.55523e-008   -7.00166e-039   1.16062e-038   [-0.000009,-0.000002,]
[2,19,]   382   2.7092e-007   -6.11847e-039   1.12039e-038   [-0.000005,-0.000002,]
[3,19,]   383   8.22451e-007   -5.35318e-039   9.83781e-039   [-0.000006,-0.000002,]
[4,19,]   384   2.11241e-006   -4.68176e-039   7.9739e-039   [-0.000007,-0.000002,]
[5,19,]   385   4.6041e-006   -4.10164e-039   6.29803e-039   [-0.000009,-0.000002,]
[6,19,]   386   8.54712e-006   -3.61698e-039   5.16997e-039   [-0.000011,-0.000001,]
[7,19,]   387   1.35656e-005   -3.2361e-039   4.54996e-039   [-0.000012,-0.000001,]
[8,19,]   388   1.84665e-005   -2.97124e-039   4.25015e-039   [-0.000012,0.000000,]
[9,19,]   389   2.16072e-005   -2.83459e-039   4.1288e-039   [-0.000012,0.000001,]
[10,19,]   390   2.17501e-005   -2.83357e-039   4.12284e-039   [-0.000012,0.000003,]
[11,19,]   391   1.88243e-005   -2.96795e-039   4.21303e-039   [-0.000012,0.000004,]
[12,19,]   392   1.39812e-005   -3.23015e-039   4.3951e-039   [-0.000011,0.000005,]
[13,19,]   393   8.8857e-006   -3.6084e-039   4.66836e-039   [-0.000011,0.000007,]
[14,19,]   394   4.81623e-006   -4.09086e-039   5.03272e-039   [-0.000010,0.000008,]
[15,19,]   395   2.21881e-006   -4.6686e-039   5.48817e-039   [-0.000009,0.000008,]
[16,19,]   396   8.66127e-007   -5.33623e-039   6.03471e-039   [-0.000008,0.000009,]
[17,19,]   397   2.85625e-007   -6.09641e-039   6.67234e-039   [-0.000007,0.000010,]
[18,19,]   398   7.94375e-008   -6.92679e-039   7.40106e-039   [-0.000004,0.000010,]
[19,19,]   399   1.83531e-008   -9.56466e-039   8.22087e-039   [-0.000002,0.000011,]
