coordinates  index   rho      Q      V    velocities 
[0,0,]   0   1.93357e-008   -9.51562e-039   9.38934e-039   [0.000007,-0.000003,]
[1,0,]   1   8.19197e-008   -6.93289e-039   9.75347e-039   [0.000002,-0.000003,]
[2,0,]   2   2.93621e-007   -6.11831e-039   1.03607e-038   [0.000009,-0.000003,]
[3,0,]   3   8.93742e-007   -5.34266e-039   1.05386e-038   [0.000011,-0.000002,]
[4,0,]   4   2.29594e-006   -4.66617e-039   9.77133e-039   [0.000013,-0.000002,]
[5,0,]   5   4.98438e-006   -4.08515e-039   8.20497e-039   [0.000013,-0.000001,]
[6,0,]   6   9.17318e-006   -3.60514e-039   6.49813e-039   [0.000012,-0.000001,]
[7,0,]   7   1.43745e-005   -3.23106e-039   5.21706e-039   [0.000012,0.000000,]
[8,0,]   8   1.9262e-005   -2.97223e-039   4.50048e-039   [0.000012,0.000002,]
[9,0,]   9   2.21505e-005   -2.83979e-039   4.20017e-039   [0.000012,0.000003,]
[10,0,]   10   2.19108e-005   -2.84157e-039   4.13845e-039   [0.000012,0.000004,]
[11,0,]   11   1.86604e-005   -2.97818e-039   4.21566e-039   [0.000012,0.000005,]
[12,0,]   12   1.36739e-005   -3.24255e-039   4.39545e-039   [0.000012,0.000006,]
[13,0,]   13   8.60366e-006   -3.62272e-039   4.6684e-039   [0.000011,0.000007,]
[14,0,]   14   4.63428e-006   -4.10606e-039   5.03273e-039   [0.000011,0.000008,]
[15,0,]   15   2.12946e-006   -4.68274e-039   5.48817e-039   [0.000010,0.000009,]
[16,0,]   16   8.31833e-007   -5.34576e-039   6.03471e-039   [0.000009,0.000009,]
[17,0,]   17   2.75135e-007   -6.10256e-039   6.67234e-039   [0.000008,0.000009,]
[18,0,]   18   7.69408e-008   -7.0201e-039   7.40106e-039   [0.000011,0.000010,]
[19,0,]   19   1.91168e-008   -9.54328e-039   8.22087e-039   [0.000013,0.000010,]
[0,1,]   20   7.64758e-008   -7.02917e-039   8.56953e-039   [0.000007,-0.000011,]
[1,1,]   21   3.22203e-007   -4.58925e-039   8.93366e-039   [0.000002,-0.000010,]
[2,1,]   22   1.14254e-006   -3.88039e-039   9.54092e-039   [0.000009,-0.000010,]
[3,1,]   23   3.43881e-006   -3.21575e-039   9.71879e-039   [0.000012,-0.000010,]
[4,1,]   24   8.73644e-006   -2.65664e-039   8.95152e-039   [0.000014,-0.000009,]
[5,1,]   25   1.87722e-005   -2.19538e-039   7.38516e-039   [0.000014,-0.000008,]
[6,1,]   26   3.42528e-005   -1.83024e-039   5.67832e-039   [0.000014,-0.000007,]
[7,1,]   27   5.33632e-005   -1.55623e-039   4.39725e-039   [0.000014,-0.000006,]
[8,1,]   28   7.13653e-005   -1.37097e-039   3.68067e-039   [0.000014,-0.000004,]
[9,1,]   29   8.22827e-005   -1.27463e-039   3.38036e-039   [0.000014,-0.000002,]
[10,1,]   30   8.20042e-005   -1.26813e-039   3.31864e-039   [0.000014,-0.000001,]
[11,1,]   31   7.06763e-005   -1.35191e-039   3.39585e-039   [0.000013,0.000001,]
[12,1,]   32   5.25873e-005   -1.5257e-039   3.57564e-039   [0.000013,0.000002,]
[13,1,]   33   3.36637e-005   -1.78915e-039   3.84859e-039   [0.000012,0.000003,]
[14,1,]   34   1.84584e-005   -2.14256e-039   4.21292e-039   [0.000011,0.000003,]
[15,1,]   35   8.62916e-006   -2.58725e-039   4.66836e-039   [0.000010,0.000004,]
[16,1,]   36   3.42486e-006   -3.12425e-039   5.2149e-039   [0.000009,0.000004,]
[17,1,]   37   1.149e-006   -3.7652e-039   5.85253e-039   [0.000008,0.000004,]
[18,1,]   38   3.25303e-007   -4.57465e-039   6.58125e-039   [0.000010,0.000003,]
[19,1,]   39   8.13797e-008   -6.94568e-039   7.40106e-039   [0.000013,0.000003,]
[0,2,]   40   2.72825e-007   -6.10459e-039   7.84081e-039   [0.000007,-0.000008,]
[1,2,]   41   1.13562e-006   -3.77219e-039   8.20494e-039   [0.000003,-0.000008,]
[2,2,]   42   3.965e-006   -3.07206e-039   8.8122e-039   [0.000009,-0.000008,]
[3,2,]   43   1.17278e-005   -2.41641e-039   8.99007e-039   [0.000012,-0.000008,]
[4,2,]   44   2.92373e-005   -1.8673e-039   8.2228e-039   [0.000014,-0.000007,]
[5,2,]   45   6.15948e-005   -1.41715e-039   6.65644e-039   [0.000015,-0.000007,]
[6,2,]   46   0.000110227   -1.06385e-039   4.9496e-039   [0.000015,-0.000006,]
[7,2,]   47   0.000168761   -8.01984e-040   3.66853e-039   [0.000015,-0.000005,]
[8,2,]   48   0.000222721   -6.28787e-040   2.95195e-039   [0.000015,-0.000003,]
[9,2,]   49   0.000254988   -5.44012e-040   2.65164e-039   [0.000016,-0.000001,]
[10,2,]   50   0.000254247   -5.47944e-040   2.58992e-039   [0.000016,0.000001,]
[11,2,]   51   0.000220898   -6.40061e-040   2.66713e-039   [0.000015,0.000003,]
[12,2,]   52   0.000166738   -8.19158e-040   2.84692e-039   [0.000014,0.000005,]
[13,2,]   53   0.000108736   -1.08444e-039   3.11987e-039   [0.000013,0.000006,]
[14,2,]   54   6.08572e-005   -1.43646e-039   3.4842e-039   [0.000011,0.000007,]
[15,2,]   55   2.90426e-005   -1.87735e-039   3.93964e-039   [0.000010,0.000007,]
[16,2,]   56   1.17534e-005   -2.40913e-039   4.48618e-039   [0.000009,0.000008,]
[17,2,]   57   4.01348e-006   -3.0438e-039   5.12381e-039   [0.000008,0.000008,]
[18,2,]   58   1.15417e-006   -3.84441e-039   5.85253e-039   [0.000010,0.000008,]
[19,2,]   59   2.9206e-007   -6.10736e-039   6.67234e-039   [0.000012,0.000007,]
[0,3,]   60   8.24943e-007   -5.34462e-039   7.20318e-039   [0.000007,-0.000009,]
[1,3,]   61   3.38568e-006   -3.12756e-039   7.56731e-039   [0.000003,-0.000009,]
[2,3,]   62   1.16145e-005   -2.43313e-039   8.17457e-039   [0.000009,-0.000009,]
[3,3,]   63   3.36554e-005   -1.78399e-039   8.35244e-039   [0.000013,-0.000009,]
[4,3,]   64   8.19793e-005   -1.2417e-039   7.58517e-039   [0.000015,-0.000009,]
[5,3,]   65   0.000168388   -7.98635e-040   6.01881e-039   [0.000015,-0.000008,]
[6,3,]   66   0.000293567   -4.51884e-040   4.31197e-039   [0.000016,-0.000007,]
[7,3,]   67   0.000438586   -1.95266e-040   3.0309e-039   [0.000017,-0.000006,]
[8,3,]   68   0.000567668   -2.54037e-041   2.31432e-039   [0.000017,-0.000004,]
[9,3,]   69   0.000642963   5.79438e-041   2.01401e-039   [0.000018,-0.000001,]
[10,3,]   70   0.000641372   5.43871e-041   1.95229e-039   [0.000018,0.000001,]
[11,3,]   71   0.000563793   -3.53022e-041   2.0295e-039   [0.000017,0.000004,]
[12,3,]   72   0.000434381   -2.09626e-040   2.20929e-039   [0.000016,0.000006,]
[13,3,]   73   0.000290617   -4.67961e-040   2.48224e-039   [0.000014,0.000008,]
[14,3,]   74   0.000167113   -8.11889e-040   2.84657e-039   [0.000012,0.000008,]
[15,3,]   75   8.18494e-005   -1.24468e-039   3.30201e-039   [0.000010,0.000009,]
[16,3,]   76   3.39109e-005   -1.76923e-039   3.84855e-039   [0.000009,0.000009,]
[17,3,]   77   1.18196e-005   -2.39742e-039   4.48618e-039   [0.000008,0.000009,]
[18,3,]   78   3.45886e-006   -3.18936e-039   5.2149e-039   [0.000010,0.000009,]
[19,3,]   79   8.8582e-007   -5.33879e-039   6.03471e-039   [0.000011,0.000008,]
[0,4,]   80   2.11205e-006   -4.68266e-039   6.65664e-039   [0.000006,-0.000010,]
[1,4,]   81   8.53228e-006   -2.59077e-039   7.02077e-039   [0.000003,-0.000010,]
[2,4,]   82   2.87076e-005   -1.90076e-039   7.62803e-039   [0.000009,-0.000010,]
[3,4,]   83   8.12543e-005   -1.25873e-039   7.8059e-039   [0.000012,-0.000010,]
[4,4,]   84   0.000192488   -7.24732e-040   7.03863e-039   [0.000015,-0.000011,]
[5,4,]   85   0.000382879   -2.91439e-040   5.47227e-039   [0.000016,-0.000010,]
[6,4,]   86   0.000644447   4.48976e-041   3.76543e-039   [0.000017,-0.000010,]
[7,4,]   87   0.000929602   2.91928e-040   2.48436e-039   [0.000019,-0.000008,]
[8,4,]   88   0.00116822   4.54963e-040   1.76778e-039   [0.000020,-0.000005,]
[9,4,]   89   0.00130081   5.35265e-040   1.46747e-039   [0.000021,-0.000002,]
[10,4,]   90   0.00129812   5.32009e-040   1.40575e-039   [0.000021,0.000002,]
[11,4,]   91   0.00116178   4.46279e-040   1.48296e-039   [0.000020,0.000005,]
[12,4,]   92   0.000922853   2.80315e-040   1.66275e-039   [0.000018,0.000008,]
[13,4,]   93   0.000640105   3.32415e-041   1.9357e-039   [0.000015,0.000010,]
[14,4,]   94   0.00038153   -2.99039e-040   2.30003e-039   [0.000013,0.000010,]
[15,4,]   95   0.000193029   -7.21624e-040   2.75547e-039   [0.000011,0.000011,]
[16,4,]   96   8.2226e-005   -1.23813e-039   3.30201e-039   [0.000009,0.000011,]
[17,4,]   97   2.933e-005   -1.85985e-039   3.93964e-039   [0.000007,0.000010,]
[18,4,]   98   8.74707e-006   -2.6424e-039   4.66836e-039   [0.000009,0.000010,]
[19,4,]   99   2.26693e-006   -4.67201e-039   5.48817e-039   [0.000011,0.000009,]
[0,5,]   100   4.59688e-006   -4.10717e-039   6.20119e-039   [0.000006,-0.000011,]
[1,5,]   101   1.82552e-005   -2.14631e-039   6.56532e-039   [0.000002,-0.000011,]
[2,5,]   102   6.01742e-005   -1.45921e-039   7.17258e-039   [0.000008,-0.000011,]
[3,5,]   103   0.000165949   -8.25068e-040   7.35045e-039   [0.000012,-0.000012,]
[4,5,]   104   0.00038055   -3.01533e-040   6.58318e-039   [0.000015,-0.000013,]
[5,5,]   105   0.000727226   1.17441e-040   5.01682e-039   [0.000016,-0.000013,]
[6,5,]   106   0.00116736   4.35581e-040   3.30998e-039   [0.000018,-0.000013,]
[7,5,]   107   0.00159932   6.62211e-040   2.02891e-039   [0.000021,-0.000011,]
[8,5,]   108   0.00191735   8.08196e-040   1.31233e-039   [0.000024,-0.000008,]
[9,5,]   109   0.00207375   8.80752e-040   1.01202e-039   [0.000026,-0.000003,]
[10,5,]   110   0.0020703   8.77284e-040   9.50298e-040   [0.000026,0.000003,]
[11,5,]   111   0.00190926   8.00982e-040   1.02751e-039   [0.000023,0.000008,]
[12,5,]   112   0.00159136   6.53613e-040   1.2073e-039   [0.000020,0.000011,]
[13,5,]   113   0.00116312   4.28598e-040   1.48025e-039   [0.000016,0.000013,]
[14,5,]   114   0.000727227   1.15239e-040   1.84458e-039   [0.000013,0.000013,]
[15,5,]   115   0.000382941   -2.93369e-040   2.30002e-039   [0.000010,0.000013,]
[16,5,]   116   0.000168436   -8.00387e-040   2.84656e-039   [0.000008,0.000012,]
[17,5,]   117   6.16186e-005   -1.41542e-039   3.48419e-039   [0.000007,0.000011,]
[18,5,]   118   1.87437e-005   -2.18739e-039   4.21291e-039   [0.000008,0.000011,]
[19,5,]   119   4.91196e-006   -4.09463e-039   5.03272e-039   [0.000009,0.000010,]
[0,6,]   120   8.53506e-006   -3.6251e-039   5.83683e-039   [0.000005,-0.000011,]
[1,6,]   121   3.33002e-005   -1.79318e-039   6.20096e-039   [0.000002,-0.000012,]
[2,6,]   122   0.00010755   -1.10651e-039   6.80822e-039   [0.000008,-0.000013,]
[3,6,]   123   0.000288687   -4.80176e-040   6.98609e-039   [0.000011,-0.000014,]
[4,6,]   124   0.000638634   3.15005e-041   6.21882e-039   [0.000014,-0.000015,]
[5,6,]   125   0.00116336   4.31189e-040   4.65246e-039   [0.000016,-0.000016,]
[6,6,]   126   0.00175424   7.18857e-040   2.94562e-039   [0.000019,-0.000017,]
[7,6,]   127   0.0022263   9.02191e-040   1.66455e-039   [0.000023,-0.000016,]
[8,6,]   128   0.00246444   9.98378e-040   9.47967e-040   [0.000029,-0.000012,]
[9,6,]   129   0.00252284   1.05254e-039   6.47663e-040   [0.000033,-0.000005,]
[10,6,]   130   0.00251998   1.05264e-039   5.85938e-040   [0.000033,0.000005,]
[11,6,]   131   0.0024571   9.92708e-040   6.6315e-040   [0.000028,0.000012,]
[12,6,]   132   0.00222004   8.9693e-040   8.42936e-040   [0.000022,0.000016,]
[13,6,]   133   0.00175262   7.16725e-040   1.11589e-039   [0.000017,0.000017,]
[14,6,]   134   0.00116644   4.33534e-040   1.48022e-039   [0.000013,0.000016,]
[15,6,]   135   0.000644002   4.28815e-041   1.93566e-039   [0.000010,0.000015,]
[16,6,]   136   0.000293385   -4.539e-040   2.4822e-039   [0.000007,0.000014,]
[17,6,]   137   0.000110164   -1.06265e-039   3.11983e-039   [0.000006,0.000013,]
[18,6,]   138   3.41705e-005   -1.82323e-039   3.84855e-039   [0.000007,0.000012,]
[19,6,]   139   9.03907e-006   -3.6129e-039   4.66836e-039   [0.000008,0.000010,]
[0,7,]   140   1.35659e-005   -3.24616e-039   5.56356e-039   [0.000004,-0.000012,]
[1,7,]   141   5.20291e-005   -1.53e-039   5.92769e-039   [0.000001,-0.000013,]
[2,7,]   142   0.000164969   -8.40583e-040   6.53495e-039   [0.000006,-0.000014,]
[3,7,]   143   0.000431636   -2.20853e-040   6.71282e-039   [0.000010,-0.000016,]
[4,7,]   144   0.000921   2.7943e-040   5.94555e-039   [0.000012,-0.000018,]
[5,7,]   145   0.00159205   6.56732e-040   4.37919e-039   [0.000014,-0.000020,]
[6,7,]   146   0.0022225   8.99264e-040   2.67235e-039   [0.000018,-0.000022,]
[7,7,]   147   0.00252429   9.91307e-040   1.39128e-039   [0.000024,-0.000023,]
[8,7,]   148   0.0024259   9.49945e-040   6.74697e-040   [0.000035,-0.000020,]
[9,7,]   149   0.0021967   8.54833e-040   3.74393e-040   [0.000045,-0.000009,]
[10,7,]   150   0.00219423   8.56142e-040   3.12668e-040   [0.000045,0.000009,]
[11,7,]   151   0.00242091   9.42548e-040   3.8988e-040   [0.000035,0.000021,]
[12,7,]   152   0.00252207   9.90877e-040   5.69666e-040   [0.000023,0.000023,]
[13,7,]   153   0.00222463   9.01708e-040   8.42618e-040   [0.000016,0.000022,]
[14,7,]   154   0.00159825   6.61634e-040   1.20695e-039   [0.000011,0.000020,]
[15,7,]   155   0.000929029   2.91272e-040   1.66239e-039   [0.000008,0.000018,]
[16,7,]   156   0.000438331   -1.95986e-040   2.20893e-039   [0.000006,0.000016,]
[17,7,]   157   0.000168667   -7.99671e-040   2.84656e-039   [0.000005,0.000014,]
[18,7,]   158   5.32391e-005   -1.54839e-039   3.57528e-039   [0.000006,0.000013,]
[19,7,]   159   1.41753e-005   -3.23553e-039   4.39509e-039   [0.000007,0.000011,]
[0,8,]   160   1.85138e-005   -2.9828e-039   5.38138e-039   [0.000003,-0.000012,]
[1,8,]   161   6.99352e-005   -1.35645e-039   5.74551e-039   [-0.000000,-0.000013,]
[2,8,]   162   0.000218605   -6.60936e-040   6.35277e-039   [0.000005,-0.000015,]
[3,8,]   163   0.000560381   -4.56477e-041   6.53064e-039   [0.000008,-0.000017,]
[4,8,]   164   0.00115974   4.46231e-040   5.76337e-039   [0.000010,-0.000020,]
[5,8,]   165   0.00191052   8.04715e-040   4.19701e-039   [0.000011,-0.000023,]
[6,8,]   166   0.0024603   9.95403e-040   2.49017e-039   [0.000014,-0.000028,]
[7,8,]   167   0.00242346   9.43114e-040   1.2091e-039   [0.000022,-0.000035,]
[8,8,]   168   0.00181423   3.95863e-040   4.92517e-040   [0.000039,-0.000039,]
[9,8,]   169   0.00119632   -5.14454e-040   1.92213e-040   [0.000070,-0.000019,]
[10,8,]   170   0.00119224   -5.59735e-040   1.30488e-040   [0.000070,0.000028,]
[11,8,]   171   0.00181314   3.96527e-040   2.077e-040   [0.000039,0.000039,]
[12,8,]   172   0.00242479   9.50567e-040   3.87486e-040   [0.000020,0.000034,]
[13,8,]   173   0.00246349   9.98789e-040   6.60438e-040   [0.000012,0.000028,]
[14,8,]   174   0.00191668   8.08466e-040   1.02477e-039   [0.000008,0.000023,]
[15,8,]   175   0.00116784   4.55146e-040   1.48021e-039   [0.000005,0.000020,]
[16,8,]   176   0.000567488   -2.52755e-041   2.02675e-039   [0.000004,0.000017,]
[17,8,]   177   0.000222652   -6.25732e-040   2.66438e-039   [0.000003,0.000015,]
[18,8,]   178   7.12212e-005   -1.36256e-039   3.3931e-039   [0.000004,0.000013,]
[19,8,]   179   1.90109e-005   -2.97423e-039   4.21291e-039   [0.000005,0.000012,]
[0,9,]   180   2.17385e-005   -2.84683e-039   5.29029e-039   [0.000002,-0.000012,]
[1,9,]   181   8.11479e-005   -1.27281e-039   5.65442e-039   [-0.000002,-0.000014,]
[2,9,]   182   0.000251637   -5.68426e-040   6.26168e-039   [0.000003,-0.000016,]
[3,9,]   183   0.000637583   4.46635e-041   6.43955e-039   [0.000005,-0.000018,]
[4,9,]   184   0.00129603   5.32585e-040   5.67228e-039   [0.000006,-0.000021,]
[5,9,]   185   0.00207192   8.81537e-040   4.10592e-039   [0.000006,-0.000026,]
[6,9,]   186   0.00252357   1.05576e-039   2.39908e-039   [0.000007,-0.000033,]
[7,9,]   187   0.00219685   8.57153e-040   1.11801e-039   [0.000010,-0.000045,]
[8,9,]   188   0.00119319   -5.59588e-040   4.01427e-040   [0.000028,-0.000070,]
[9,9,]   189   0.000298431   -1.2216e-038   1.01123e-040   [0.000122,-0.000112,]
[10,9,]   190   0.000298263   -1.22201e-038   3.93981e-041   [0.000112,0.000122,]
[11,9,]   191   0.00119604   -5.13435e-040   1.1661e-040   [0.000019,0.000070,]
[12,9,]   192   0.00219634   8.55476e-040   2.96396e-040   [0.000009,0.000045,]
[13,9,]   193   0.00252247   1.05299e-039   5.69348e-040   [0.000005,0.000033,]
[14,9,]   194   0.00207347   8.81119e-040   9.33675e-040   [0.000003,0.000026,]
[15,9,]   195   0.00130064   5.35587e-040   1.38912e-039   [0.000002,0.000021,]
[16,9,]   196   0.000642883   5.82442e-041   1.93566e-039   [0.000001,0.000018,]
[17,9,]   197   0.000254956   -5.40835e-040   2.57329e-039   [0.000001,0.000016,]
[18,9,]   198   8.21344e-005   -1.26615e-039   3.30201e-039   [0.000002,0.000014,]
[19,9,]   199   2.18721e-005   -2.84069e-039   4.12182e-039   [0.000004,0.000012,]
[0,10,]   200   2.19741e-005   -2.84528e-039   5.29029e-039   [0.000000,-0.000012,]
[1,10,]   201   8.1416e-005   -1.27939e-039   5.65442e-039   [-0.000004,-0.000014,]
[2,10,]   202   0.000252356   -5.64368e-040   6.26168e-039   [0.000001,-0.000016,]
[3,10,]   203   0.00063913   4.84043e-041   6.43955e-039   [0.000002,-0.000018,]
[4,10,]   204   0.00129862   5.36029e-040   5.67228e-039   [0.000002,-0.000021,]
[5,10,]   205   0.00207521   8.85195e-040   4.10592e-039   [0.000000,-0.000026,]
[6,10,]   206   0.00252617   1.05588e-039   2.39908e-039   [-0.000003,-0.000033,]
[7,10,]   207   0.00219902   8.56166e-040   1.11801e-039   [-0.000008,-0.000045,]
[8,10,]   208   0.00119702   -5.13742e-040   4.01427e-040   [-0.000018,-0.000070,]
[9,10,]   209   0.000298408   -1.22171e-038   1.01123e-040   [-0.000112,-0.000122,]
[10,10,]   210   0.00029825   -1.22207e-038   3.93981e-041   [-0.000122,0.000112,]
[11,10,]   211   0.00119219   -5.59299e-040   1.1661e-040   [-0.000028,0.000070,]
[12,10,]   212   0.00219414   8.56418e-040   2.96396e-040   [-0.000009,0.000045,]
[13,10,]   213   0.00251988   1.05287e-039   5.69348e-040   [-0.000005,0.000033,]
[14,10,]   214   0.00207022   8.77486e-040   9.33675e-040   [-0.000003,0.000026,]
[15,10,]   215   0.00129807   5.32201e-040   1.38912e-039   [-0.000002,0.000021,]
[16,10,]   216   0.000641348   5.45835e-041   1.93566e-039   [-0.000001,0.000018,]
[17,10,]   217   0.000254236   -5.44873e-040   2.57329e-039   [-0.000001,0.000016,]
[18,10,]   218   8.18631e-005   -1.25974e-039   3.30201e-039   [0.000001,0.000014,]
[19,10,]   219   2.16359e-005   -2.84255e-039   4.12182e-039   [0.000003,0.000012,]
[0,11,]   220   1.91042e-005   -2.97776e-039   5.38138e-039   [-0.000001,-0.000012,]
[1,11,]   221   7.0595e-005   -1.37603e-039   5.74551e-039   [-0.000005,-0.000013,]
[2,11,]   222   0.000220359   -6.49552e-040   6.35277e-039   [-0.000001,-0.000015,]
[3,11,]   223   0.000564114   -3.54738e-041   6.53064e-039   [-0.000000,-0.000017,]
[4,11,]   224   0.00116589   4.55193e-040   5.76337e-039   [-0.000001,-0.000020,]
[5,11,]   225   0.00191803   8.1219e-040   4.19701e-039   [-0.000004,-0.000023,]
[6,11,]   226   0.00246673   1.00139e-039   2.49017e-039   [-0.000010,-0.000028,]
[7,11,]   227   0.0024273   9.50995e-040   1.2091e-039   [-0.000019,-0.000034,]
[8,11,]   228   0.00181415   3.95724e-040   4.92517e-040   [-0.000039,-0.000039,]
[9,11,]   229   0.00119242   -5.60464e-040   1.92213e-040   [-0.000070,-0.000028,]
[10,11,]   230   0.00119607   -5.13751e-040   1.30488e-040   [-0.000070,0.000019,]
[11,11,]   231   0.00181313   3.96545e-040   2.077e-040   [-0.000039,0.000039,]
[12,11,]   232   0.00242089   9.42614e-040   3.87486e-040   [-0.000021,0.000035,]
[13,11,]   233   0.00245708   9.9278e-040   6.60438e-040   [-0.000012,0.000028,]
[14,11,]   234   0.00190925   8.01054e-040   1.02477e-039   [-0.000008,0.000023,]
[15,11,]   235   0.00116177   4.46354e-040   1.48021e-039   [-0.000005,0.000020,]
[16,11,]   236   0.000563789   -3.52117e-041   2.02675e-039   [-0.000004,0.000017,]
[17,11,]   237   0.000220894   -6.37052e-040   2.66438e-039   [-0.000003,0.000015,]
[18,11,]   238   7.05537e-005   -1.34344e-039   3.3931e-039   [-0.000001,0.000013,]
[19,11,]   239   1.84193e-005   -2.9802e-039   4.21291e-039   [0.000002,0.000012,]
[0,12,]   240   1.42522e-005   -3.23688e-039   5.56356e-039   [-0.000002,-0.000011,]
[1,12,]   241   5.27669e-005   -1.56215e-039   5.92769e-039   [-0.000007,-0.000013,]
[2,12,]   242   0.000166898   -8.24024e-040   6.53495e-039   [-0.000003,-0.000014,]
[3,12,]   243   0.000435629   -2.06871e-040   6.71282e-039   [-0.000002,-0.000016,]
[4,12,]   244   0.000927271   2.90625e-040   5.94555e-039   [-0.000004,-0.000018,]
[5,12,]   245   0.00159904   6.64818e-040   4.37919e-039   [-0.000008,-0.000020,]
[6,12,]   246   0.0022271   9.03987e-040   2.67235e-039   [-0.000014,-0.000022,]
[7,12,]   247   0.00252422   9.9123e-040   1.39128e-039   [-0.000022,-0.000023,]
[8,12,]   248   0.00242192   9.41948e-040   6.74697e-040   [-0.000034,-0.000021,]
[9,12,]   249   0.00219445   8.55791e-040   3.74393e-040   [-0.000045,-0.000009,]
[10,12,]   250   0.00219641   8.55226e-040   3.12668e-040   [-0.000045,0.000009,]
[11,12,]   251   0.0024248   9.50517e-040   3.8988e-040   [-0.000034,0.000020,]
[12,12,]   252   0.00252207   9.90881e-040   5.69666e-040   [-0.000023,0.000023,]
[13,12,]   253   0.00222004   8.96946e-040   8.42618e-040   [-0.000016,0.000022,]
[14,12,]   254   0.00159136   6.53632e-040   1.20695e-039   [-0.000011,0.000020,]
[15,12,]   255   0.000922852   2.80337e-040   1.66239e-039   [-0.000008,0.000018,]
[16,12,]   256   0.000434381   -2.09584e-040   2.20893e-039   [-0.000006,0.000016,]
[17,12,]   257   0.000166736   -8.16114e-040   2.84656e-039   [-0.000005,0.000014,]
[18,12,]   258   5.24926e-005   -1.51698e-039   3.57528e-039   [-0.000002,0.000013,]
[19,12,]   259   1.34877e-005   -3.24638e-039   4.39509e-039   [0.000001,0.000012,]
[0,13,]   260   9.09445e-006   -3.61131e-039   5.83683e-039   [-0.000003,-0.000010,]
[1,13,]   261   3.3864e-005   -1.83733e-039   6.20096e-039   [-0.000008,-0.000012,]
[2,13,]   262   0.00010898   -1.08769e-039   6.80822e-039   [-0.000004,-0.000013,]
[3,13,]   263   0.000291495   -4.6564e-040   6.98609e-039   [-0.000004,-0.000014,]
[4,13,]   264   0.000642615   4.14495e-041   6.21882e-039   [-0.000005,-0.000015,]
[5,13,]   265   0.00116674   4.36203e-040   4.65246e-039   [-0.000009,-0.000016,]
[6,13,]   266   0.00175424   7.18802e-040   2.94562e-039   [-0.000015,-0.000017,]
[7,13,]   267   0.00222165   8.97356e-040   1.66455e-039   [-0.000021,-0.000016,]
[8,13,]   268   0.00245796   9.9234e-040   9.47967e-040   [-0.000028,-0.000012,]
[9,13,]   269   0.0025202   1.05242e-039   6.47663e-040   [-0.000033,-0.000005,]
[10,13,]   270   0.00252256   1.05279e-039   5.85938e-040   [-0.000033,0.000005,]
[11,13,]   271   0.00246351   9.98728e-040   6.6315e-040   [-0.000028,0.000012,]
[12,13,]   272   0.00222464   9.01696e-040   8.42936e-040   [-0.000022,0.000016,]
[13,13,]   273   0.00175261   7.16726e-040   1.11589e-039   [-0.000017,0.000017,]
[14,13,]   274   0.00116312   4.28601e-040   1.48022e-039   [-0.000013,0.000016,]
[15,13,]   275   0.000640105   3.32469e-041   1.93566e-039   [-0.000010,0.000015,]
[16,13,]   276   0.000290617   -4.67932e-040   2.4822e-039   [-0.000008,0.000014,]
[17,13,]   277   0.000108735   -1.0813e-039   3.11983e-039   [-0.000006,0.000013,]
[18,13,]   278   3.36e-005   -1.78003e-039   3.84855e-039   [-0.000003,0.000012,]
[19,13,]   279   8.47874e-006   -3.62889e-039   4.66836e-039   [0.000000,0.000011,]
[0,14,]   280   4.94601e-006   -4.08971e-039   6.20119e-039   [-0.000004,-0.000010,]
[1,14,]   281   1.85734e-005   -2.20187e-039   6.56532e-039   [-0.000009,-0.000011,]
[2,14,]   282   6.09386e-005   -1.4412e-039   7.17258e-039   [-0.000005,-0.000011,]
[3,14,]   283   0.000167301   -8.1301e-040   7.35045e-039   [-0.000005,-0.000012,]
[4,14,]   284   0.000382017   -2.95534e-040   6.58318e-039   [-0.000006,-0.000013,]
[5,14,]   285   0.000727272   1.17503e-040   5.01682e-039   [-0.000010,-0.000013,]
[6,14,]   286   0.00116404   4.30578e-040   3.30998e-039   [-0.000014,-0.000013,]
[7,14,]   287   0.00159238   6.54141e-040   2.02891e-039   [-0.000019,-0.000011,]
[8,14,]   288   0.00190988   8.00766e-040   1.31233e-039   [-0.000023,-0.000008,]
[9,14,]   289   0.00207047   8.77132e-040   1.01202e-039   [-0.000026,-0.000003,]
[10,14,]   290   0.00207354   8.80932e-040   9.50298e-040   [-0.000026,0.000003,]
[11,14,]   291   0.0019167   8.084e-040   1.02751e-039   [-0.000023,0.000008,]
[12,14,]   292   0.00159826   6.61617e-040   1.2073e-039   [-0.000020,0.000011,]
[13,14,]   293   0.00116644   4.33531e-040   1.48025e-039   [-0.000016,0.000013,]
[14,14,]   294   0.000727227   1.15238e-040   1.84458e-039   [-0.000013,0.000013,]
[15,14,]   295   0.00038153   -2.99037e-040   2.30002e-039   [-0.000010,0.000013,]
[16,14,]   296   0.000167114   -8.1186e-040   2.84656e-039   [-0.000008,0.000012,]
[17,14,]   297   6.08565e-005   -1.4332e-039   3.48419e-039   [-0.000007,0.000011,]
[18,14,]   298   1.84216e-005   -2.13296e-039   4.21291e-039   [-0.000003,0.000011,]
[19,14,]   299   4.56229e-006   -4.1149e-039   5.03272e-039   [0.000000,0.000011,]
[0,15,]   300   2.28454e-006   -4.66366e-039   6.65664e-039   [-0.000004,-0.000009,]
[1,15,]   301   8.66656e-006   -2.65726e-039   7.02077e-039   [-0.000010,-0.000010,]
[2,15,]   302   2.89979e-005   -1.88638e-039   7.62803e-039   [-0.000006,-0.000010,]
[3,15,]   303   8.16484e-005   -1.25157e-039   7.8059e-039   [-0.000005,-0.000010,]
[4,15,]   304   0.000192519   -7.24408e-040   7.03863e-039   [-0.000007,-0.000011,]
[5,15,]   305   0.000381492   -2.97065e-040   5.47227e-039   [-0.000009,-0.000010,]
[6,15,]   306   0.000640546   3.51895e-041   3.76543e-039   [-0.000013,-0.000010,]
[7,15,]   307   0.000923401   2.80935e-040   2.48436e-039   [-0.000017,-0.000008,]
[8,15,]   308   0.00116213   4.46161e-040   1.76778e-039   [-0.000019,-0.000005,]
[9,15,]   309   0.00129823   5.31893e-040   1.46747e-039   [-0.000021,-0.000002,]
[10,15,]   310   0.00130069   5.35409e-040   1.40575e-039   [-0.000021,0.000002,]
[11,15,]   311   0.00116785   4.55078e-040   1.48296e-039   [-0.000020,0.000005,]
[12,15,]   312   0.00092903   2.91253e-040   1.66275e-039   [-0.000018,0.000008,]
[13,15,]   313   0.000644002   4.28774e-041   1.9357e-039   [-0.000015,0.000010,]
[14,15,]   314   0.000382941   -2.9337e-040   2.30003e-039   [-0.000013,0.000010,]
[15,15,]   315   0.000193029   -7.21624e-040   2.75547e-039   [-0.000011,0.000011,]
[16,15,]   316   8.18495e-005   -1.24465e-039   3.30201e-039   [-0.000009,0.000010,]
[17,15,]   317   2.90422e-005   -1.87397e-039   3.93964e-039   [-0.000007,0.000010,]
[18,15,]   318   8.61108e-006   -2.57712e-039   4.66836e-039   [-0.000004,0.000010,]
[19,15,]   319   2.09418e-006   -4.69431e-039   5.48817e-039   [0.000000,0.000010,]
[0,16,]   320   8.93426e-007   -5.32708e-039   7.20318e-039   [-0.000005,-0.000008,]
[1,16,]   321   3.42661e-006   -3.20456e-039   7.56731e-039   [-0.000011,-0.000009,]
[2,16,]   322   1.16825e-005   -2.42459e-039   8.17457e-039   [-0.000006,-0.000009,]
[3,16,]   323   3.36641e-005   -1.78336e-039   8.35244e-039   [-0.000005,-0.000009,]
[4,16,]   324   8.16169e-005   -1.24794e-039   7.58517e-039   [-0.000006,-0.000009,]
[5,16,]   325   0.000167075   -8.10094e-040   6.01881e-039   [-0.000009,-0.000008,]
[6,16,]   326   0.000290797   -4.65996e-040   4.31197e-039   [-0.000012,-0.000008,]
[7,16,]   327   0.000434625   -2.08917e-040   3.0309e-039   [-0.000015,-0.000006,]
[8,16,]   328   0.000563959   -3.5344e-041   2.31432e-039   [-0.000017,-0.000004,]
[9,16,]   329   0.000641424   5.43029e-041   2.01401e-039   [-0.000018,-0.000001,]
[10,16,]   330   0.000642906   5.80712e-041   1.95229e-039   [-0.000018,0.000001,]
[11,16,]   331   0.000567493   -2.53442e-041   2.0295e-039   [-0.000017,0.000004,]
[12,16,]   332   0.000438332   -1.96006e-040   2.20929e-039   [-0.000016,0.000006,]
[13,16,]   333   0.000293386   -4.53905e-040   2.48224e-039   [-0.000014,0.000007,]
[14,16,]   334   0.000168436   -8.00389e-040   2.84657e-039   [-0.000012,0.000008,]
[15,16,]   335   8.2226e-005   -1.23813e-039   3.30201e-039   [-0.000011,0.000009,]
[16,16,]   336   3.3911e-005   -1.7692e-039   3.84855e-039   [-0.000009,0.000009,]
[17,16,]   337   1.17532e-005   -2.40564e-039   4.48618e-039   [-0.000008,0.000009,]
[18,16,]   338   3.41737e-006   -3.11361e-039   5.2149e-039   [-0.000004,0.000009,]
[19,16,]   339   8.17227e-007   -5.35998e-039   6.03471e-039   [0.000000,0.000009,]
[0,17,]   340   2.94784e-007   -6.08872e-039   7.84081e-039   [-0.000005,-0.000007,]
[1,17,]   341   1.14325e-006   -3.85633e-039   8.20494e-039   [-0.000011,-0.000008,]
[2,17,]   342   3.96588e-006   -3.06804e-039   8.8122e-039   [-0.000006,-0.000008,]
[3,17,]   343   1.1665e-005   -2.42042e-039   8.99007e-039   [-0.000005,-0.000008,]
[4,17,]   344   2.89549e-005   -1.87765e-039   8.2228e-039   [-0.000006,-0.000007,]
[5,17,]   345   6.08364e-005   -1.43158e-039   6.65644e-039   [-0.000008,-0.000007,]
[6,17,]   346   0.000108797   -1.07936e-039   4.9496e-039   [-0.000011,-0.000006,]
[7,17,]   347   0.000166827   -8.15395e-040   3.66853e-039   [-0.000013,-0.000005,]
[8,17,]   348   0.00022096   -6.37143e-040   2.95195e-039   [-0.000015,-0.000003,]
[9,17,]   349   0.000254266   -5.45136e-040   2.65164e-039   [-0.000015,-0.000001,]
[10,17,]   350   0.000254966   -5.41004e-040   2.58992e-039   [-0.000016,0.000001,]
[11,17,]   351   0.000222654   -6.25801e-040   2.66713e-039   [-0.000015,0.000003,]
[12,17,]   352   0.000168668   -7.99691e-040   2.84692e-039   [-0.000014,0.000005,]
[13,17,]   353   0.000110164   -1.06266e-039   3.11987e-039   [-0.000013,0.000006,]
[14,17,]   354   6.16186e-005   -1.41542e-039   3.4842e-039   [-0.000011,0.000007,]
[15,17,]   355   2.933e-005   -1.85985e-039   3.93964e-039   [-0.000010,0.000007,]
[16,17,]   356   1.18196e-005   -2.39738e-039   4.48618e-039   [-0.000009,0.000008,]
[17,17,]   357   4.01341e-006   -3.04022e-039   5.12381e-039   [-0.000008,0.000008,]
[18,17,]   358   1.14639e-006   -3.75406e-039   5.85253e-039   [-0.000004,0.000008,]
[19,17,]   359   2.70053e-007   -6.11926e-039   6.67234e-039   [0.000000,0.000008,]
[0,18,]   360   8.19939e-008   -6.91701e-039   8.56953e-039   [-0.000005,-0.000003,]
[1,18,]   361   3.21444e-007   -4.57898e-039   8.93366e-039   [-0.000011,-0.000003,]
[2,18,]   362   1.13256e-006   -3.78244e-039   9.54092e-039   [-0.000006,-0.000004,]
[3,18,]   363   3.39105e-006   -3.12892e-039   9.71879e-039   [-0.000005,-0.000004,]
[4,18,]   364   8.58405e-006   -2.58112e-039   8.95152e-039   [-0.000006,-0.000004,]
[5,18,]   365   1.84141e-005   -2.13143e-039   7.38516e-039   [-0.000007,-0.000003,]
[6,18,]   366   3.36176e-005   -1.77808e-039   5.67832e-039   [-0.000010,-0.000003,]
[7,18,]   367   5.25201e-005   -1.51621e-039   4.39725e-039   [-0.000012,-0.000002,]
[8,18,]   368   7.05742e-005   -1.3435e-039   3.68067e-039   [-0.000013,-0.000001,]
[9,18,]   369   8.18726e-005   -1.25999e-039   3.38036e-039   [-0.000014,0.000001,]
[10,18,]   370   8.21373e-005   -1.26632e-039   3.31864e-039   [-0.000014,0.000002,]
[11,18,]   371   7.12218e-005   -1.36262e-039   3.39585e-039   [-0.000013,0.000004,]
[12,18,]   372   5.32392e-005   -1.54841e-039   3.57564e-039   [-0.000013,0.000006,]
[13,18,]   373   3.41705e-005   -1.82323e-039   3.84859e-039   [-0.000012,0.000007,]
[14,18,]   374   1.87437e-005   -2.1874e-039   4.21292e-039   [-0.000011,0.000008,]
[15,18,]   375   8.74708e-006   -2.6424e-039   4.66836e-039   [-0.000010,0.000009,]
[16,18,]   376   3.45886e-006   -3.18933e-039   5.2149e-039   [-0.000009,0.000010,]
[17,18,]   377   1.15415e-006   -3.84073e-039   5.85253e-039   [-0.000008,0.000010,]
[18,18,]   378   3.24541e-007   -4.56293e-039   6.58125e-039   [-0.000003,0.000010,]
[19,18,]   379   7.54564e-008   -7.03817e-039   7.40106e-039   [0.000001,0.000011,]
[0,19,]   380   1.89361e-008   -9.54452e-039   9.38934e-039   [-0.000005,0.000001,]
[1,19,]   381   7.47358e-008   -7.05559e-039   9.75347e-039   [-0.000012,0.000001,]
[2,19,]   382   2.66745e-007   -6.14968e-039   1.03607e-038   [-0.000007,0.000000,]
[3,19,]   383   8.10801e-007   -5.37698e-039   1.05386e-038   [-0.000005,0.000000,]
[4,19,]   384   2.08736e-006   -4.69945e-039   9.77133e-039   [-0.000006,0.000000,]
[5,19,]   385   4.5601e-006   -4.11397e-039   8.20497e-039   [-0.000007,0.000000,]
[6,19,]   386   8.48289e-006   -3.62718e-039   6.49813e-039   [-0.000009,0.000000,]
[7,19,]   387   1.34946e-005   -3.24568e-039   5.21706e-039   [-0.000011,0.000001,]
[8,19,]   388   1.84245e-005   -2.98026e-039   4.50048e-039   [-0.000012,0.000002,]
[9,19,]   389   2.16384e-005   -2.84279e-039   4.20017e-039   [-0.000012,0.000003,]
[10,19,]   390   2.18728e-005   -2.84085e-039   4.13845e-039   [-0.000012,0.000004,]
[11,19,]   391   1.9011e-005   -2.9743e-039   4.21566e-039   [-0.000012,0.000005,]
[12,19,]   392   1.41754e-005   -3.23555e-039   4.39545e-039   [-0.000011,0.000007,]
[13,19,]   393   9.03908e-006   -3.6129e-039   4.6684e-039   [-0.000010,0.000008,]
[14,19,]   394   4.91196e-006   -4.09464e-039   5.03273e-039   [-0.000010,0.000009,]
[15,19,]   395   2.26693e-006   -4.67201e-039   5.48817e-039   [-0.000009,0.000011,]
[16,19,]   396   8.85822e-007   -5.33875e-039   6.03471e-039   [-0.000008,0.000011,]
[17,19,]   397   2.92054e-007   -6.1035e-039   6.67234e-039   [-0.000007,0.000012,]
[18,19,]   398   8.11777e-008   -6.93375e-039   7.40106e-039   [-0.000003,0.000013,]
[19,19,]   399   1.87235e-008   -9.56961e-039   8.22087e-039   [0.000001,0.000013,]
