coordinates  index   rho      Q      V    velocities 
[0,0,]   0   1.88683e-008   -9.54391e-039   1.01786e-038   [0.000007,-0.000003,]
[1,0,]   1   8.07143e-008   -6.93232e-039   1.07096e-038   [0.000003,-0.000003,]
[2,0,]   2   2.89918e-007   -6.11174e-039   1.10271e-038   [0.000009,-0.000003,]
[3,0,]   3   8.81986e-007   -5.33889e-039   1.04986e-038   [0.000011,-0.000003,]
[4,0,]   4   2.26417e-006   -4.66472e-039   9.05175e-039   [0.000012,-0.000003,]
[5,0,]   5   4.91508e-006   -4.08565e-039   7.24831e-039   [0.000012,-0.000002,]
[6,0,]   6   9.05408e-006   -3.60541e-039   5.74116e-039   [0.000012,-0.000001,]
[7,0,]   7   1.42122e-005   -3.22992e-039   4.79964e-039   [0.000012,-0.000000,]
[8,0,]   8   1.90849e-005   -2.9697e-039   4.33172e-039   [0.000012,0.000001,]
[9,0,]   9   2.19946e-005   -2.83636e-039   4.149e-039   [0.000012,0.000002,]
[10,0,]   10   2.18002e-005   -2.83771e-039   4.12666e-039   [0.000012,0.000003,]
[11,0,]   11   1.85969e-005   -2.97417e-039   4.21358e-039   [0.000012,0.000005,]
[12,0,]   12   1.36436e-005   -3.23857e-039   4.39517e-039   [0.000012,0.000006,]
[13,0,]   13   8.59034e-006   -3.61895e-039   4.66837e-039   [0.000011,0.000007,]
[14,0,]   14   4.6278e-006   -4.10274e-039   5.03272e-039   [0.000010,0.000008,]
[15,0,]   15   2.12582e-006   -4.68018e-039   5.48817e-039   [0.000010,0.000008,]
[16,0,]   16   8.29834e-007   -5.34478e-039   6.03471e-039   [0.000009,0.000009,]
[17,0,]   17   2.74276e-007   -6.10122e-039   6.67234e-039   [0.000008,0.000009,]
[18,0,]   18   7.66197e-008   -7.00266e-039   7.40106e-039   [0.000010,0.000009,]
[19,0,]   19   1.87869e-008   -9.54954e-039   8.22087e-039   [0.000012,0.000009,]
[0,1,]   20   7.60559e-008   -7.02101e-039   9.35875e-039   [0.000007,-0.000010,]
[1,1,]   21   3.22842e-007   -4.56674e-039   9.88982e-039   [0.000004,-0.000010,]
[2,1,]   22   1.14628e-006   -3.85235e-039   1.02073e-038   [0.000010,-0.000009,]
[3,1,]   23   3.44492e-006   -3.19254e-039   9.67877e-039   [0.000012,-0.000009,]
[4,1,]   24   8.73599e-006   -2.63825e-039   8.23194e-039   [0.000013,-0.000008,]
[5,1,]   25   1.87453e-005   -2.18171e-039   6.4285e-039   [0.000013,-0.000008,]
[6,1,]   26   3.41849e-005   -1.81931e-039   4.92135e-039   [0.000013,-0.000007,]
[7,1,]   27   5.32643e-005   -1.5468e-039   3.97983e-039   [0.000013,-0.000005,]
[8,1,]   28   7.12687e-005   -1.36277e-039   3.51191e-039   [0.000013,-0.000004,]
[9,1,]   29   8.22243e-005   -1.26768e-039   3.32919e-039   [0.000014,-0.000002,]
[10,1,]   30   8.20002e-005   -1.26232e-039   3.30685e-039   [0.000014,-0.000001,]
[11,1,]   31   7.07147e-005   -1.34692e-039   3.39377e-039   [0.000013,0.000001,]
[12,1,]   32   5.26399e-005   -1.5212e-039   3.57536e-039   [0.000013,0.000002,]
[13,1,]   33   3.37065e-005   -1.78489e-039   3.84856e-039   [0.000012,0.000003,]
[14,1,]   34   1.8483e-005   -2.13835e-039   4.21291e-039   [0.000011,0.000004,]
[15,1,]   35   8.63943e-006   -2.58301e-039   4.66836e-039   [0.000010,0.000004,]
[16,1,]   36   3.42782e-006   -3.12048e-039   5.2149e-039   [0.000009,0.000004,]
[17,1,]   37   1.14974e-006   -3.7598e-039   5.85253e-039   [0.000008,0.000004,]
[18,1,]   38   3.25361e-007   -4.55324e-039   6.58125e-039   [0.000010,0.000004,]
[19,1,]   39   8.04653e-008   -6.93688e-039   7.40106e-039   [0.000012,0.000004,]
[0,2,]   40   2.71846e-007   -6.11424e-039   8.63003e-039   [0.000007,-0.000008,]
[1,2,]   41   1.13925e-006   -3.76803e-039   9.1611e-039   [0.000004,-0.000008,]
[2,2,]   42   3.98257e-006   -3.06103e-039   9.47856e-039   [0.000010,-0.000008,]
[3,2,]   43   1.17618e-005   -2.40916e-039   8.95005e-039   [0.000012,-0.000008,]
[4,2,]   44   2.92669e-005   -1.86365e-039   7.50322e-039   [0.000014,-0.000007,]
[5,2,]   45   6.15669e-005   -1.41674e-039   5.69978e-039   [0.000014,-0.000007,]
[6,2,]   46   0.000110104   -1.06446e-039   4.19263e-039   [0.000014,-0.000006,]
[7,2,]   47   0.000168576   -8.02206e-040   3.25111e-039   [0.000015,-0.000005,]
[8,2,]   48   0.000222563   -6.28226e-040   2.78319e-039   [0.000015,-0.000003,]
[9,2,]   49   0.000254946   -5.42688e-040   2.60047e-039   [0.000016,-0.000001,]
[10,2,]   50   0.000254349   -5.45903e-040   2.57813e-039   [0.000016,0.000001,]
[11,2,]   51   0.000221098   -6.37344e-040   2.66505e-039   [0.000015,0.000003,]
[12,2,]   52   0.00016695   -8.15884e-040   2.84664e-039   [0.000014,0.000005,]
[13,2,]   53   0.000108894   -1.08082e-039   3.11984e-039   [0.000013,0.000006,]
[14,2,]   54   6.09439e-005   -1.43276e-039   3.48419e-039   [0.000011,0.000007,]
[15,2,]   55   2.9078e-005   -1.87384e-039   3.93964e-039   [0.000010,0.000007,]
[16,2,]   56   1.17634e-005   -2.4065e-039   4.48618e-039   [0.000009,0.000008,]
[17,2,]   57   4.01593e-006   -3.04021e-039   5.12381e-039   [0.000008,0.000008,]
[18,2,]   58   1.15434e-006   -3.82622e-039   5.85253e-039   [0.000009,0.000008,]
[19,2,]   59   2.88943e-007   -6.10221e-039   6.67234e-039   [0.000011,0.000007,]
[0,3,]   60   8.22596e-007   -5.35514e-039   7.9924e-039   [0.000007,-0.000009,]
[1,3,]   61   3.39711e-006   -3.12615e-039   8.52347e-039   [0.000004,-0.000009,]
[2,3,]   62   1.16678e-005   -2.42439e-039   8.84093e-039   [0.000010,-0.000009,]
[3,3,]   63   3.37595e-005   -1.77887e-039   8.31242e-039   [0.000013,-0.000009,]
[4,3,]   64   8.20779e-005   -1.24008e-039   6.86559e-039   [0.000014,-0.000009,]
[5,3,]   65   0.000168339   -8.00117e-040   5.06215e-039   [0.000015,-0.000008,]
[6,3,]   66   0.000293275   -4.54304e-040   3.555e-039   [0.000015,-0.000007,]
[7,3,]   67   0.000438123   -1.97264e-040   2.61348e-039   [0.000016,-0.000006,]
[8,3,]   68   0.000567244   -2.66277e-041   2.14556e-039   [0.000017,-0.000004,]
[9,3,]   69   0.000642781   5.74705e-041   1.96284e-039   [0.000018,-0.000001,]
[10,3,]   70   0.000641504   5.45672e-041   1.9405e-039   [0.000018,0.000001,]
[11,3,]   71   0.000564142   -3.46213e-041   2.02742e-039   [0.000017,0.000004,]
[12,3,]   72   0.000434759   -2.0864e-040   2.20901e-039   [0.000016,0.000006,]
[13,3,]   73   0.000290886   -4.66962e-040   2.48221e-039   [0.000014,0.000008,]
[14,3,]   74   0.000167246   -8.11151e-040   2.84656e-039   [0.000012,0.000008,]
[15,3,]   75   8.18904e-005   -1.24443e-039   3.30201e-039   [0.000010,0.000009,]
[16,3,]   76   3.39139e-005   -1.77005e-039   3.84855e-039   [0.000009,0.000009,]
[17,3,]   77   1.18174e-005   -2.39751e-039   4.48618e-039   [0.000008,0.000009,]
[18,3,]   78   3.45664e-006   -3.17588e-039   5.2149e-039   [0.000009,0.000009,]
[19,3,]   79   8.76287e-007   -5.33726e-039   6.03471e-039   [0.000010,0.000008,]
[0,4,]   80   2.10758e-006   -4.69062e-039   7.44586e-039   [0.000007,-0.000010,]
[1,4,]   81   8.56352e-006   -2.58868e-039   7.97693e-039   [0.000004,-0.000010,]
[2,4,]   82   2.88476e-005   -1.89122e-039   8.29439e-039   [0.000010,-0.000010,]
[3,4,]   83   8.15316e-005   -1.25275e-039   7.76588e-039   [0.000012,-0.000010,]
[4,4,]   84   0.000192784   -7.22286e-040   6.31905e-039   [0.000014,-0.000011,]
[5,4,]   85   0.000382891   -2.92103e-040   4.51561e-039   [0.000015,-0.000010,]
[6,4,]   86   0.000643977   4.32162e-041   3.00846e-039   [0.000016,-0.000010,]
[7,4,]   87   0.000928799   2.90529e-040   2.06694e-039   [0.000018,-0.000008,]
[8,4,]   88   0.00116748   4.54182e-040   1.59902e-039   [0.000020,-0.000005,]
[9,4,]   89   0.00130046   5.35043e-040   1.4163e-039   [0.000021,-0.000002,]
[10,4,]   90   0.00129832   5.32376e-040   1.39396e-039   [0.000021,0.000002,]
[11,4,]   91   0.00116235   4.47177e-040   1.48088e-039   [0.000020,0.000005,]
[12,4,]   92   0.000923447   2.81402e-040   1.66247e-039   [0.000018,0.000008,]
[13,4,]   93   0.00064049   3.42085e-041   1.93567e-039   [0.000015,0.000010,]
[14,4,]   94   0.000381682   -2.98434e-040   2.30002e-039   [0.000013,0.000010,]
[15,4,]   95   0.000193044   -7.21533e-040   2.75547e-039   [0.000011,0.000011,]
[16,4,]   96   8.21981e-005   -1.23905e-039   3.30201e-039   [0.000009,0.000010,]
[17,4,]   97   2.93126e-005   -1.86008e-039   3.93964e-039   [0.000007,0.000010,]
[18,4,]   98   8.73826e-006   -2.63011e-039   4.66836e-039   [0.000008,0.000010,]
[19,4,]   99   2.24368e-006   -4.67002e-039   5.48817e-039   [0.000010,0.000009,]
[0,5,]   100   4.58874e-006   -4.11334e-039   6.99041e-039   [0.000006,-0.000010,]
[1,5,]   101   1.83239e-005   -2.14402e-039   7.52148e-039   [0.000004,-0.000011,]
[2,5,]   102   6.04746e-005   -1.44957e-039   7.83894e-039   [0.000009,-0.000011,]
[3,5,]   103   0.000166545   -8.18875e-040   7.31043e-039   [0.000012,-0.000012,]
[4,5,]   104   0.000381222   -2.98819e-040   5.8636e-039   [0.000014,-0.000013,]
[5,5,]   105   0.00072743   1.17144e-040   4.06016e-039   [0.000015,-0.000013,]
[6,5,]   106   0.00116677   4.34266e-040   2.55301e-039   [0.000017,-0.000013,]
[7,5,]   107   0.00159822   6.61146e-040   1.61149e-039   [0.000020,-0.000011,]
[8,5,]   108   0.00191634   8.07605e-040   1.14357e-039   [0.000024,-0.000008,]
[9,5,]   109   0.00207325   8.80291e-040   9.60847e-040   [0.000026,-0.000003,]
[10,5,]   110   0.0020705   8.77546e-040   9.38513e-040   [0.000026,0.000003,]
[11,5,]   111   0.00190996   8.0171e-040   1.02543e-039   [0.000023,0.000008,]
[12,5,]   112   0.00159202   6.54468e-040   1.20702e-039   [0.000020,0.000011,]
[13,5,]   113   0.00116345   4.291e-040   1.48022e-039   [0.000016,0.000013,]
[14,5,]   114   0.000727257   1.15301e-040   1.84457e-039   [0.000013,0.000013,]
[15,5,]   115   0.000382834   -2.93812e-040   2.30002e-039   [0.000010,0.000013,]
[16,5,]   116   0.000168326   -8.01742e-040   2.84656e-039   [0.000008,0.000012,]
[17,5,]   117   6.15656e-005   -1.41608e-039   3.48419e-039   [0.000007,0.000011,]
[18,5,]   118   1.87211e-005   -2.17686e-039   4.21291e-039   [0.000008,0.000011,]
[19,5,]   119   4.86575e-006   -4.09248e-039   5.03272e-039   [0.000009,0.000010,]
[0,6,]   120   8.51901e-006   -3.62978e-039   6.62605e-039   [0.000005,-0.000011,]
[1,6,]   121   3.34221e-005   -1.79059e-039   7.15712e-039   [0.000003,-0.000012,]
[2,6,]   122   0.000108079   -1.09703e-039   7.47458e-039   [0.000008,-0.000013,]
[3,6,]   123   0.000289729   -4.74015e-040   6.94607e-039   [0.000011,-0.000014,]
[4,6,]   124   0.000639823   3.42749e-041   5.49924e-039   [0.000013,-0.000015,]
[5,6,]   125   0.00116386   4.31137e-040   3.6958e-039   [0.000015,-0.000016,]
[6,6,]   126   0.00175365   7.17893e-040   2.18865e-039   [0.000018,-0.000017,]
[7,6,]   127   0.00222503   9.01216e-040   1.24713e-039   [0.000023,-0.000016,]
[8,6,]   128   0.00246341   9.98687e-040   7.79212e-040   [0.000028,-0.000012,]
[9,6,]   129   0.00252246   1.05059e-039   5.96487e-040   [0.000033,-0.000005,]
[10,6,]   130   0.00252012   1.04987e-039   5.74153e-040   [0.000033,0.000005,]
[11,6,]   131   0.00245776   9.9398e-040   6.61074e-040   [0.000028,0.000012,]
[12,6,]   132   0.00222041   8.97321e-040   8.42655e-040   [0.000022,0.000016,]
[13,6,]   133   0.00175261   7.16737e-040   1.11586e-039   [0.000017,0.000017,]
[14,6,]   134   0.00116616   4.33125e-040   1.48021e-039   [0.000013,0.000016,]
[15,6,]   135   0.000643672   4.20691e-041   1.93566e-039   [0.000010,0.000015,]
[16,6,]   136   0.000293147   -4.55468e-040   2.4822e-039   [0.000007,0.000014,]
[17,6,]   137   0.00011006   -1.0635e-039   3.11983e-039   [0.000006,0.000013,]
[18,6,]   138   3.41291e-005   -1.81444e-039   3.84855e-039   [0.000007,0.000012,]
[19,6,]   139   8.965e-006   -3.61041e-039   4.66836e-039   [0.000007,0.000010,]
[0,7,]   140   1.35319e-005   -3.24968e-039   6.35278e-039   [0.000004,-0.000012,]
[1,7,]   141   5.22038e-005   -1.52696e-039   6.88385e-039   [0.000002,-0.000013,]
[2,7,]   142   0.000165737   -8.31541e-040   7.20131e-039   [0.000007,-0.000014,]
[3,7,]   143   0.00043312   -2.15012e-040   6.6728e-039   [0.000010,-0.000016,]
[4,7,]   144   0.000922644   2.81978e-040   5.22597e-039   [0.000011,-0.000018,]
[5,7,]   145   0.00159278   6.56773e-040   3.42253e-039   [0.000013,-0.000020,]
[6,7,]   146   0.00222195   8.98544e-040   1.91538e-039   [0.000017,-0.000022,]
[7,7,]   147   0.00252295   9.90372e-040   9.73861e-040   [0.000024,-0.000023,]
[8,7,]   148   0.00242456   9.46041e-040   5.05942e-040   [0.000034,-0.000020,]
[9,7,]   149   0.0021982   8.62773e-040   3.23217e-040   [0.000045,-0.000009,]
[10,7,]   150   0.00219641   8.62662e-040   3.00883e-040   [0.000045,0.000009,]
[11,7,]   151   0.00242111   9.40908e-040   3.87804e-040   [0.000035,0.000021,]
[12,7,]   152   0.00252179   9.9037e-040   5.69385e-040   [0.000023,0.000023,]
[13,7,]   153   0.00222415   9.01149e-040   8.42589e-040   [0.000016,0.000022,]
[14,7,]   154   0.00159764   6.61007e-040   1.20694e-039   [0.000011,0.000020,]
[15,7,]   155   0.00092849   2.90333e-040   1.66239e-039   [0.000008,0.000018,]
[16,7,]   156   0.000437985   -1.97504e-040   2.20893e-039   [0.000006,0.000016,]
[17,7,]   157   0.000168525   -8.00431e-040   2.84656e-039   [0.000005,0.000014,]
[18,7,]   158   5.31854e-005   -1.54131e-039   3.57528e-039   [0.000005,0.000013,]
[19,7,]   159   1.40813e-005   -3.23263e-039   4.39509e-039   [0.000006,0.000011,]
[0,8,]   160   1.84464e-005   -2.98555e-039   6.1706e-039   [0.000003,-0.000012,]
[1,8,]   161   7.01369e-005   -1.35274e-039   6.70167e-039   [0.000001,-0.000013,]
[2,8,]   162   0.000219528   -6.5254e-040   7.01913e-039   [0.000005,-0.000015,]
[3,8,]   163   0.000562113   -4.03948e-041   6.49062e-039   [0.000007,-0.000017,]
[4,8,]   164   0.00116151   4.48245e-040   5.04379e-039   [0.000009,-0.000020,]
[5,8,]   165   0.00191112   8.04324e-040   3.24035e-039   [0.000010,-0.000023,]
[6,8,]   166   0.00245972   9.95346e-040   1.7332e-039   [0.000013,-0.000028,]
[7,8,]   167   0.00242244   9.40922e-040   7.91681e-040   [0.000021,-0.000035,]
[8,8,]   168   0.00181312   3.9088e-040   3.23762e-040   [0.000039,-0.000039,]
[9,8,]   169   0.00119598   -4.98439e-040   1.41037e-040   [0.000070,-0.000019,]
[10,8,]   170   0.00119363   -5.24221e-040   1.18703e-040   [0.000070,0.000027,]
[11,8,]   171   0.00181263   3.91405e-040   2.05624e-040   [0.000039,0.000039,]
[12,8,]   172   0.00242406   9.46486e-040   3.87205e-040   [0.000020,0.000034,]
[13,8,]   173   0.00246298   9.99009e-040   6.60409e-040   [0.000012,0.000028,]
[14,8,]   174   0.00191603   8.07847e-040   1.02476e-039   [0.000008,0.000023,]
[15,8,]   175   0.0011673   4.54375e-040   1.48021e-039   [0.000005,0.000020,]
[16,8,]   176   0.000567162   -2.64659e-041   2.02675e-039   [0.000004,0.000017,]
[17,8,]   177   0.000222532   -6.26115e-040   2.66438e-039   [0.000003,0.000015,]
[18,8,]   178   7.11775e-005   -1.35706e-039   3.3931e-039   [0.000004,0.000013,]
[19,8,]   179   1.89196e-005   -2.97089e-039   4.21291e-039   [0.000005,0.000012,]
[0,9,]   180   2.16248e-005   -2.84926e-039   6.07951e-039   [0.000002,-0.000012,]
[1,9,]   181   8.13345e-005   -1.26819e-039   6.61058e-039   [-0.000001,-0.000014,]
[2,9,]   182   0.000252566   -5.60788e-040   6.92804e-039   [0.000003,-0.000016,]
[3,9,]   183   0.000639261   4.92032e-041   6.39953e-039   [0.000005,-0.000018,]
[4,9,]   184   0.0012975   5.33806e-040   4.9527e-039   [0.000005,-0.000021,]
[5,9,]   185   0.00207191   8.80426e-040   3.14926e-039   [0.000005,-0.000026,]
[6,9,]   186   0.0025223   1.05142e-039   1.64211e-039   [0.000006,-0.000033,]
[7,9,]   187   0.00219776   8.62837e-040   7.00591e-040   [0.000009,-0.000045,]
[8,9,]   188   0.00119406   -5.24466e-040   2.32672e-040   [0.000028,-0.000070,]
[9,9,]   189   0.00029382   -1.24108e-038   4.99468e-041   [0.000121,-0.000113,]
[10,9,]   190   0.000293754   -1.24122e-038   2.7613e-041   [0.000113,0.000121,]
[11,9,]   191   0.00119587   -4.97909e-040   1.14534e-040   [0.000019,0.000070,]
[12,9,]   192   0.00219806   8.63106e-040   2.96115e-040   [0.000009,0.000045,]
[13,9,]   193   0.00252232   1.05084e-039   5.69319e-040   [0.000005,0.000033,]
[14,9,]   194   0.00207314   8.80494e-040   9.33673e-040   [0.000003,0.000026,]
[15,9,]   195   0.0013004   5.35224e-040   1.38912e-039   [0.000002,0.000021,]
[16,9,]   196   0.000642749   5.76416e-041   1.93566e-039   [0.000001,0.000018,]
[17,9,]   197   0.000254933   -5.406e-040   2.57329e-039   [0.000001,0.000016,]
[18,9,]   198   8.21287e-005   -1.26204e-039   3.30201e-039   [0.000002,0.000014,]
[19,9,]   199   2.18105e-005   -2.83693e-039   4.12182e-039   [0.000003,0.000012,]
[0,10,]   200   2.18173e-005   -2.84798e-039   6.07951e-039   [0.000001,-0.000012,]
[1,10,]   201   8.1554e-005   -1.27359e-039   6.61058e-039   [-0.000002,-0.000014,]
[2,10,]   202   0.000253154   -5.57465e-040   6.92804e-039   [0.000001,-0.000016,]
[3,10,]   203   0.000640522   5.22378e-041   6.39953e-039   [0.000002,-0.000018,]
[4,10,]   204   0.00129961   5.36598e-040   4.9527e-039   [0.000001,-0.000021,]
[5,10,]   205   0.00207459   8.83293e-040   3.14926e-039   [-0.000001,-0.000026,]
[6,10,]   206   0.00252453   1.05228e-039   1.64211e-039   [-0.000003,-0.000033,]
[7,10,]   207   0.00219944   8.63141e-040   7.00591e-040   [-0.000008,-0.000045,]
[8,10,]   208   0.00119631   -4.98353e-040   2.32672e-040   [-0.000019,-0.000070,]
[9,10,]   209   0.000293811   -1.24112e-038   4.99468e-041   [-0.000113,-0.000121,]
[10,10,]   210   0.000293749   -1.24124e-038   2.7613e-041   [-0.000121,0.000113,]
[11,10,]   211   0.00119361   -5.24037e-040   1.14534e-040   [-0.000027,0.000070,]
[12,10,]   212   0.00219638   8.62781e-040   2.96115e-040   [-0.000009,0.000045,]
[13,10,]   213   0.00252009   1.04997e-039   5.69319e-040   [-0.000005,0.000033,]
[14,10,]   214   0.00207047   8.77636e-040   9.33673e-040   [-0.000003,0.000026,]
[15,10,]   215   0.0012983   5.32462e-040   1.38912e-039   [-0.000002,0.000021,]
[16,10,]   216   0.000641496   5.4655e-041   1.93566e-039   [-0.000001,0.000018,]
[17,10,]   217   0.000254346   -5.439e-040   2.57329e-039   [-0.000001,0.000016,]
[18,10,]   218   8.19077e-005   -1.25674e-039   3.30201e-039   [0.000001,0.000014,]
[19,10,]   219   2.16178e-005   -2.83834e-039   4.12182e-039   [0.000002,0.000012,]
[0,11,]   220   1.89289e-005   -2.98136e-039   6.1706e-039   [-0.000001,-0.000012,]
[1,11,]   221   7.06769e-005   -1.36881e-039   6.70167e-039   [-0.000004,-0.000013,]
[2,11,]   222   0.000220963   -6.43222e-040   7.01913e-039   [-0.000001,-0.000015,]
[3,11,]   223   0.000565155   -3.21327e-041   6.49062e-039   [-0.000000,-0.000017,]
[4,11,]   224   0.00116651   4.555e-040   5.04379e-039   [-0.000002,-0.000020,]
[5,11,]   225   0.00191723   8.10454e-040   3.24035e-039   [-0.000005,-0.000023,]
[6,11,]   226   0.00246494   1.00033e-039   1.7332e-039   [-0.000011,-0.000028,]
[7,11,]   227   0.00242536   9.46436e-040   7.91681e-040   [-0.000020,-0.000034,]
[8,11,]   228   0.00181309   3.90822e-040   3.23762e-040   [-0.000039,-0.000039,]
[9,11,]   229   0.0011937   -5.24614e-040   1.41037e-040   [-0.000070,-0.000027,]
[10,11,]   230   0.00119588   -4.98046e-040   1.18703e-040   [-0.000070,0.000019,]
[11,11,]   231   0.00181263   3.91412e-040   2.05624e-040   [-0.000039,0.000039,]
[12,11,]   232   0.00242111   9.40932e-040   3.87205e-040   [-0.000021,0.000035,]
[13,11,]   233   0.00245776   9.94006e-040   6.60409e-040   [-0.000012,0.000028,]
[14,11,]   234   0.00190995   8.01737e-040   1.02476e-039   [-0.000008,0.000023,]
[15,11,]   235   0.00116235   4.47204e-040   1.48021e-039   [-0.000005,0.000020,]
[16,11,]   236   0.000564141   -3.45863e-041   2.02675e-039   [-0.000004,0.000017,]
[17,11,]   237   0.000221097   -6.35365e-040   2.66438e-039   [-0.000003,0.000015,]
[18,11,]   238   7.06337e-005   -1.34128e-039   3.3931e-039   [-0.000001,0.000013,]
[19,11,]   239   1.84365e-005   -2.97548e-039   4.21291e-039   [0.000001,0.000012,]
[0,12,]   240   1.4093e-005   -3.24192e-039   6.35278e-039   [-0.000002,-0.000011,]
[1,12,]   241   5.28078e-005   -1.55335e-039   6.88385e-039   [-0.000005,-0.000013,]
[2,12,]   242   0.000167314   -8.1799e-040   7.20131e-039   [-0.000002,-0.000014,]
[3,12,]   243   0.000436372   -2.03665e-040   6.6728e-039   [-0.000002,-0.000016,]
[4,12,]   244   0.000927736   2.9103e-040   5.22597e-039   [-0.000005,-0.000018,]
[5,12,]   245   0.00159845   6.6333e-040   3.42253e-039   [-0.000009,-0.000020,]
[6,12,]   246   0.00222568   9.02335e-040   1.91538e-039   [-0.000015,-0.000022,]
[7,12,]   247   0.00252291   9.90333e-040   9.73861e-040   [-0.000023,-0.000023,]
[8,12,]   248   0.00242157   9.40472e-040   5.05942e-040   [-0.000034,-0.000021,]
[9,12,]   249   0.0021965   8.62459e-040   3.23217e-040   [-0.000045,-0.000009,]
[10,12,]   250   0.00219809   8.62999e-040   3.00883e-040   [-0.000045,0.000009,]
[11,12,]   251   0.00242407   9.46467e-040   3.87804e-040   [-0.000034,0.000020,]
[12,12,]   252   0.00252179   9.90371e-040   5.69385e-040   [-0.000023,0.000023,]
[13,12,]   253   0.00222041   8.97326e-040   8.42589e-040   [-0.000016,0.000022,]
[14,12,]   254   0.00159202   6.54474e-040   1.20694e-039   [-0.000011,0.000020,]
[15,12,]   255   0.000923447   2.81409e-040   1.66239e-039   [-0.000008,0.000018,]
[16,12,]   256   0.000434759   -2.08623e-040   2.20893e-039   [-0.000006,0.000016,]
[17,12,]   257   0.000166949   -8.13866e-040   2.84656e-039   [-0.000005,0.000014,]
[18,12,]   258   5.25771e-005   -1.51538e-039   3.57528e-039   [-0.000002,0.000013,]
[19,12,]   259   1.35196e-005   -3.24106e-039   4.39509e-039   [0.000000,0.000012,]
[0,13,]   260   8.97652e-006   -3.61814e-039   6.62605e-039   [-0.000003,-0.000010,]
[1,13,]   261   3.38838e-005   -1.82684e-039   7.15712e-039   [-0.000007,-0.000012,]
[2,13,]   262   0.000109248   -1.08164e-039   7.47458e-039   [-0.000004,-0.000013,]
[3,13,]   263   0.000292014   -4.6224e-040   6.94607e-039   [-0.000004,-0.000014,]
[4,13,]   264   0.000643047   4.22859e-041   5.49924e-039   [-0.000006,-0.000015,]
[5,13,]   265   0.0011666   4.35182e-040   3.6958e-039   [-0.000010,-0.000016,]
[6,13,]   266   0.00175365   7.17854e-040   2.18865e-039   [-0.000015,-0.000017,]
[7,13,]   267   0.00222126   8.97358e-040   1.24713e-039   [-0.000022,-0.000016,]
[8,13,]   268   0.00245816   9.93678e-040   7.79212e-040   [-0.000028,-0.000012,]
[9,13,]   269   0.00252022   1.04973e-039   5.96487e-040   [-0.000033,-0.000005,]
[10,13,]   270   0.00252234   1.05075e-039   5.74153e-040   [-0.000033,0.000005,]
[11,13,]   271   0.00246298   9.98986e-040   6.61074e-040   [-0.000028,0.000012,]
[12,13,]   272   0.00222415   9.01145e-040   8.42655e-040   [-0.000022,0.000016,]
[13,13,]   273   0.00175261   7.16737e-040   1.11586e-039   [-0.000017,0.000017,]
[14,13,]   274   0.00116345   4.29101e-040   1.48021e-039   [-0.000013,0.000016,]
[15,13,]   275   0.00064049   3.42101e-041   1.93566e-039   [-0.000010,0.000015,]
[16,13,]   276   0.000290886   -4.66949e-040   2.4822e-039   [-0.000008,0.000014,]
[17,13,]   277   0.000108893   -1.07873e-039   3.11983e-039   [-0.000006,0.000013,]
[18,13,]   278   3.36642e-005   -1.77878e-039   3.84855e-039   [-0.000003,0.000012,]
[19,13,]   279   8.50711e-006   -3.62299e-039   4.66836e-039   [-0.000001,0.000011,]
[0,14,]   280   4.87449e-006   -4.09846e-039   6.99041e-039   [-0.000003,-0.000010,]
[1,14,]   281   1.85846e-005   -2.18965e-039   7.52148e-039   [-0.000008,-0.000011,]
[2,14,]   282   6.1099e-005   -1.43485e-039   7.83894e-039   [-0.000005,-0.000011,]
[3,14,]   283   0.000167643   -8.09139e-040   7.31043e-039   [-0.000005,-0.000012,]
[4,14,]   284   0.000382403   -2.9404e-040   5.8636e-039   [-0.000007,-0.000013,]
[5,14,]   285   0.000727448   1.17154e-040   4.06016e-039   [-0.000011,-0.000013,]
[6,14,]   286   0.00116406   4.30198e-040   2.55301e-039   [-0.000015,-0.000013,]
[7,14,]   287   0.00159256   6.54583e-040   1.61149e-039   [-0.000019,-0.000011,]
[8,14,]   288   0.00191024   8.01491e-040   1.14357e-039   [-0.000023,-0.000008,]
[9,14,]   289   0.00207057   8.77441e-040   9.60847e-040   [-0.000026,-0.000003,]
[10,14,]   290   0.00207316   8.80411e-040   9.38513e-040   [-0.000026,0.000003,]
[11,14,]   291   0.00191603   8.07822e-040   1.02543e-039   [-0.000023,0.000008,]
[12,14,]   292   0.00159765   6.61002e-040   1.20702e-039   [-0.000020,0.000011,]
[13,14,]   293   0.00116616   4.33124e-040   1.48022e-039   [-0.000016,0.000013,]
[14,14,]   294   0.000727257   1.15301e-040   1.84457e-039   [-0.000013,0.000013,]
[15,14,]   295   0.000381682   -2.98433e-040   2.30002e-039   [-0.000010,0.000013,]
[16,14,]   296   0.000167246   -8.11137e-040   2.84656e-039   [-0.000008,0.000012,]
[17,14,]   297   6.09435e-005   -1.43059e-039   3.48419e-039   [-0.000007,0.000011,]
[18,14,]   298   1.84586e-005   -2.13191e-039   4.21291e-039   [-0.000004,0.000011,]
[19,14,]   299   4.57983e-006   -4.10854e-039   5.03272e-039   [-0.000001,0.000010,]
[0,15,]   300   2.24888e-006   -4.67423e-039   7.44586e-039   [-0.000004,-0.000009,]
[1,15,]   301   8.67362e-006   -2.64331e-039   7.97693e-039   [-0.000009,-0.000010,]
[2,15,]   302   2.90845e-005   -1.87947e-039   8.29439e-039   [-0.000005,-0.000010,]
[3,15,]   303   8.18493e-005   -1.24702e-039   7.76588e-039   [-0.000005,-0.000010,]
[4,15,]   304   0.000192799   -7.22133e-040   6.31905e-039   [-0.000007,-0.000011,]
[5,15,]   305   0.000381748   -2.96723e-040   4.51561e-039   [-0.000010,-0.000010,]
[6,15,]   306   0.000640791   3.53131e-041   3.00846e-039   [-0.000014,-0.000010,]
[7,15,]   307   0.000923743   2.81578e-040   2.06694e-039   [-0.000017,-0.000008,]
[8,15,]   308   0.00116251   4.4701e-040   1.59902e-039   [-0.000020,-0.000005,]
[9,15,]   309   0.00129836   5.32288e-040   1.4163e-039   [-0.000021,-0.000002,]
[10,15,]   310   0.00130041   5.35145e-040   1.39396e-039   [-0.000021,0.000002,]
[11,15,]   311   0.0011673   4.5435e-040   1.48088e-039   [-0.000020,0.000005,]
[12,15,]   312   0.00092849   2.90327e-040   1.66247e-039   [-0.000018,0.000008,]
[13,15,]   313   0.000643672   4.2068e-041   1.93567e-039   [-0.000015,0.000010,]
[14,15,]   314   0.000382834   -2.93813e-040   2.30002e-039   [-0.000013,0.000010,]
[15,15,]   315   0.000193044   -7.21533e-040   2.75547e-039   [-0.000011,0.000011,]
[16,15,]   316   8.18905e-005   -1.24441e-039   3.30201e-039   [-0.000009,0.000010,]
[17,15,]   317   2.90777e-005   -1.87159e-039   3.93964e-039   [-0.000007,0.000010,]
[18,15,]   318   8.62745e-006   -2.57623e-039   4.66836e-039   [-0.000004,0.000010,]
[19,15,]   319   2.10232e-006   -4.68778e-039   5.48817e-039   [-0.000001,0.000010,]
[0,16,]   320   8.78761e-007   -5.33975e-039   7.9924e-039   [-0.000004,-0.000008,]
[1,16,]   321   3.4307e-006   -3.18947e-039   8.52347e-039   [-0.000009,-0.000009,]
[2,16,]   322   1.17231e-005   -2.41747e-039   8.84093e-039   [-0.000005,-0.000009,]
[3,16,]   323   3.37643e-005   -1.77851e-039   8.31242e-039   [-0.000005,-0.000009,]
[4,16,]   324   8.17771e-005   -1.24531e-039   6.86559e-039   [-0.000007,-0.000009,]
[5,16,]   325   0.000167263   -8.09525e-040   5.06215e-039   [-0.000010,-0.000008,]
[6,16,]   326   0.000291012   -4.65831e-040   3.555e-039   [-0.000013,-0.000008,]
[7,16,]   327   0.000434892   -2.08408e-040   2.61348e-039   [-0.000015,-0.000006,]
[8,16,]   328   0.000564219   -3.47474e-041   2.14556e-039   [-0.000017,-0.000004,]
[9,16,]   329   0.000641526   5.4494e-041   1.96284e-039   [-0.000018,-0.000001,]
[10,16,]   330   0.000642757   5.75642e-041   1.9405e-039   [-0.000018,0.000001,]
[11,16,]   331   0.000567163   -2.64911e-041   2.02742e-039   [-0.000017,0.000004,]
[12,16,]   332   0.000437985   -1.9751e-040   2.20901e-039   [-0.000016,0.000006,]
[13,16,]   333   0.000293147   -4.5547e-040   2.48221e-039   [-0.000014,0.000007,]
[14,16,]   334   0.000168326   -8.01742e-040   2.84656e-039   [-0.000012,0.000008,]
[15,16,]   335   8.21982e-005   -1.23905e-039   3.30201e-039   [-0.000010,0.000009,]
[16,16,]   336   3.39139e-005   -1.77003e-039   3.84855e-039   [-0.000009,0.000009,]
[17,16,]   337   1.17633e-005   -2.40417e-039   4.48618e-039   [-0.000008,0.000009,]
[18,16,]   338   3.42285e-006   -3.11334e-039   5.2149e-039   [-0.000004,0.000009,]
[19,16,]   339   8.20107e-007   -5.35415e-039   6.03471e-039   [-0.000001,0.000009,]
[0,17,]   340   2.89892e-007   -6.10058e-039   8.63003e-039   [-0.000005,-0.000007,]
[1,17,]   341   1.14555e-006   -3.83775e-039   9.1611e-039   [-0.000010,-0.000008,]
[2,17,]   342   3.98316e-006   -3.05831e-039   9.47856e-039   [-0.000006,-0.000008,]
[3,17,]   343   1.17097e-005   -2.41309e-039   8.95005e-039   [-0.000005,-0.000008,]
[4,17,]   344   2.90347e-005   -1.87273e-039   7.50322e-039   [-0.000007,-0.000007,]
[5,17,]   345   6.09463e-005   -1.42905e-039   5.69978e-039   [-0.000009,-0.000007,]
[6,17,]   346   0.000108937   -1.0776e-039   4.19263e-039   [-0.000012,-0.000006,]
[7,17,]   347   0.000166998   -8.13617e-040   3.25111e-039   [-0.000014,-0.000005,]
[8,17,]   348   0.000221127   -6.35504e-040   2.78319e-039   [-0.000015,-0.000003,]
[9,17,]   349   0.000254357   -5.44053e-040   2.60047e-039   [-0.000015,-0.000001,]
[10,17,]   350   0.000254936   -5.40676e-040   2.57813e-039   [-0.000016,0.000001,]
[11,17,]   351   0.000222532   -6.26141e-040   2.66505e-039   [-0.000015,0.000003,]
[12,17,]   352   0.000168525   -8.00438e-040   2.84664e-039   [-0.000014,0.000005,]
[13,17,]   353   0.00011006   -1.0635e-039   3.11984e-039   [-0.000013,0.000006,]
[14,17,]   354   6.15656e-005   -1.41608e-039   3.48419e-039   [-0.000011,0.000007,]
[15,17,]   355   2.93126e-005   -1.86008e-039   3.93964e-039   [-0.000010,0.000007,]
[16,17,]   356   1.18174e-005   -2.39749e-039   4.48618e-039   [-0.000009,0.000008,]
[17,17,]   357   4.0159e-006   -3.03782e-039   5.12381e-039   [-0.000008,0.000008,]
[18,17,]   358   1.14801e-006   -3.75232e-039   5.85253e-039   [-0.000004,0.000008,]
[19,17,]   359   2.70893e-007   -6.11223e-039   6.67234e-039   [-0.000001,0.000008,]
[0,18,]   360   8.06318e-008   -6.929e-039   9.35875e-039   [-0.000005,-0.000004,]
[1,18,]   361   3.22355e-007   -4.55979e-039   9.88982e-039   [-0.000010,-0.000004,]
[2,18,]   362   1.13847e-006   -3.77327e-039   1.02073e-038   [-0.000006,-0.000004,]
[3,18,]   363   3.40683e-006   -3.12262e-039   9.67877e-039   [-0.000005,-0.000004,]
[4,18,]   364   8.61398e-006   -2.57755e-039   8.23194e-039   [-0.000006,-0.000004,]
[5,18,]   365   1.84586e-005   -2.13041e-039   6.4285e-039   [-0.000008,-0.000004,]
[6,18,]   366   3.36771e-005   -1.77763e-039   4.92135e-039   [-0.000011,-0.000003,]
[7,18,]   367   5.25922e-005   -1.5151e-039   3.97983e-039   [-0.000012,-0.000002,]
[8,18,]   368   7.06431e-005   -1.34141e-039   3.51191e-039   [-0.000013,-0.000001,]
[9,18,]   369   8.19114e-005   -1.25689e-039   3.32919e-039   [-0.000014,0.000001,]
[10,18,]   370   8.21297e-005   -1.26212e-039   3.30685e-039   [-0.000014,0.000002,]
[11,18,]   371   7.11777e-005   -1.35709e-039   3.39377e-039   [-0.000013,0.000004,]
[12,18,]   372   5.31854e-005   -1.54132e-039   3.57536e-039   [-0.000013,0.000005,]
[13,18,]   373   3.41291e-005   -1.81444e-039   3.84856e-039   [-0.000012,0.000007,]
[14,18,]   374   1.87211e-005   -2.17686e-039   4.21291e-039   [-0.000011,0.000008,]
[15,18,]   375   8.73827e-006   -2.63011e-039   4.66836e-039   [-0.000010,0.000008,]
[16,18,]   376   3.45664e-006   -3.17586e-039   5.2149e-039   [-0.000009,0.000009,]
[17,18,]   377   1.15433e-006   -3.82377e-039   5.85253e-039   [-0.000008,0.000009,]
[18,18,]   378   3.24857e-007   -4.54537e-039   6.58125e-039   [-0.000004,0.000010,]
[19,18,]   379   7.56321e-008   -7.01453e-039   7.40106e-039   [-0.000001,0.000010,]
[0,19,]   380   1.86126e-008   -9.56222e-039   1.01786e-038   [-0.000005,0.000000,]
[1,19,]   381   7.50476e-008   -7.03013e-039   1.07096e-038   [-0.000010,-0.000001,]
[2,19,]   382   2.68605e-007   -6.13468e-039   1.10271e-038   [-0.000006,-0.000001,]
[3,19,]   383   8.16179e-007   -5.36454e-039   1.04986e-038   [-0.000005,-0.000001,]
[4,19,]   384   2.09889e-006   -4.68978e-039   9.05175e-039   [-0.000006,-0.000001,]
[5,19,]   385   4.57966e-006   -4.10736e-039   7.24831e-039   [-0.000008,-0.000001,]
[6,19,]   386   8.51022e-006   -3.62195e-039   5.74116e-039   [-0.000010,-0.000001,]
[7,19,]   387   1.35234e-005   -3.24081e-039   4.79964e-039   [-0.000011,0.000000,]
[8,19,]   388   1.8439e-005   -2.9756e-039   4.33172e-039   [-0.000012,0.000001,]
[9,19,]   389   2.16187e-005   -2.83849e-039   4.149e-039   [-0.000012,0.000002,]
[10,19,]   390   2.18108e-005   -2.837e-039   4.12666e-039   [-0.000012,0.000003,]
[11,19,]   391   1.89196e-005   -2.97092e-039   4.21358e-039   [-0.000012,0.000005,]
[12,19,]   392   1.40813e-005   -3.23263e-039   4.39517e-039   [-0.000011,0.000006,]
[13,19,]   393   8.965e-006   -3.61041e-039   4.66837e-039   [-0.000010,0.000007,]
[14,19,]   394   4.86575e-006   -4.09248e-039   5.03272e-039   [-0.000010,0.000009,]
[15,19,]   395   2.24368e-006   -4.67002e-039   5.48817e-039   [-0.000009,0.000010,]
[16,19,]   396   8.76287e-007   -5.33724e-039   6.03471e-039   [-0.000008,0.000010,]
[17,19,]   397   2.88941e-007   -6.09964e-039   6.67234e-039   [-0.000007,0.000011,]
[18,19,]   398   8.03331e-008   -6.92885e-039   7.40106e-039   [-0.000004,0.000012,]
[19,19,]   399   1.85281e-008   -9.56703e-039   8.22087e-039   [0.000000,0.000012,]
