coordinates  index   rho      Q      V    velocities 
[0,0,]   0   6.00004e-008   -8.51317e-039   8.22087e-039   [0.000017,0.000009,]
[1,0,]   1   1.52373e-007   -7.05361e-039   7.40106e-039   [-0.000011,0.000009,]
[2,0,]   2   4.97099e-007   -6.00254e-039   6.67234e-039   [0.000002,0.000009,]
[3,0,]   3   1.48017e-006   -5.13782e-039   6.03471e-039   [0.000005,0.000010,]
[4,0,]   4   3.7047e-006   -4.52798e-039   5.48817e-039   [0.000006,0.000010,]
[5,0,]   5   7.84285e-006   -3.98483e-039   5.03272e-039   [0.000008,0.000011,]
[6,0,]   6   1.40284e-005   -3.54689e-039   4.66837e-039   [0.000009,0.000011,]
[7,0,]   7   2.12878e-005   -3.21696e-039   4.39514e-039   [0.000010,0.000012,]
[8,0,]   8   2.75741e-005   -3.00206e-039   4.21335e-039   [0.000011,0.000013,]
[9,0,]   9   3.07206e-005   -2.90926e-039   4.12516e-039   [0.000012,0.000015,]
[10,0,]   10   2.96549e-005   -2.93624e-039   4.14152e-039   [0.000013,0.000016,]
[11,0,]   11   2.49384e-005   -3.07506e-039   4.30341e-039   [0.000013,0.000017,]
[12,0,]   12   1.83111e-005   -3.32143e-039   4.71886e-039   [0.000013,0.000018,]
[13,0,]   13   1.17131e-005   -3.6623e-039   5.5705e-039   [0.000014,0.000019,]
[14,0,]   14   6.49139e-006   -4.08929e-039   6.99041e-039   [0.000014,0.000020,]
[15,0,]   15   3.09208e-006   -4.60001e-039   8.79674e-039   [0.000015,0.000021,]
[16,0,]   16   1.25479e-006   -5.18614e-039   1.03895e-038   [0.000015,0.000021,]
[17,0,]   17   4.26794e-007   -5.95604e-039   1.11362e-038   [0.000016,0.000021,]
[18,0,]   18   1.23596e-007   -7.24878e-039   1.09646e-038   [0.000026,0.000022,]
[19,0,]   19   4.20435e-008   -9.1495e-039   1.04365e-038   [0.000035,0.000022,]
[0,1,]   20   1.38073e-007   -7.13663e-039   7.40106e-039   [0.000017,-0.000022,]
[1,1,]   21   3.57913e-007   -5.54931e-039   6.58125e-039   [-0.000010,-0.000021,]
[2,1,]   22   1.18169e-006   -4.53919e-039   5.85253e-039   [0.000004,-0.000020,]
[3,1,]   23   3.5637e-006   -3.71513e-039   5.2149e-039   [0.000007,-0.000019,]
[4,1,]   24   9.06009e-006   -3.14325e-039   4.66836e-039   [0.000009,-0.000018,]
[5,1,]   25   1.95544e-005   -2.63322e-039   4.21291e-039   [0.000010,-0.000016,]
[6,1,]   26   3.57923e-005   -2.22055e-039   3.84856e-039   [0.000011,-0.000014,]
[7,1,]   27   5.57528e-005   -1.90408e-039   3.57533e-039   [0.000012,-0.000012,]
[8,1,]   28   7.42572e-005   -1.68605e-039   3.39354e-039   [0.000013,-0.000010,]
[9,1,]   29   8.50028e-005   -1.57085e-039   3.30535e-039   [0.000014,-0.000008,]
[10,1,]   30   8.39896e-005   -1.55903e-039   3.32171e-039   [0.000014,-0.000006,]
[11,1,]   31   7.184e-005   -1.64625e-039   3.4836e-039   [0.000014,-0.000005,]
[12,1,]   32   5.32076e-005   -1.83525e-039   3.89905e-039   [0.000013,-0.000004,]
[13,1,]   33   3.40534e-005   -2.11832e-039   4.75069e-039   [0.000013,-0.000004,]
[14,1,]   34   1.87534e-005   -2.4927e-039   6.1706e-039   [0.000013,-0.000004,]
[15,1,]   35   8.83479e-006   -2.95804e-039   7.97693e-039   [0.000013,-0.000004,]
[16,1,]   36   3.53644e-006   -3.50605e-039   9.56965e-039   [0.000014,-0.000005,]
[17,1,]   37   1.18496e-006   -4.24479e-039   1.03164e-038   [0.000014,-0.000006,]
[18,1,]   38   3.37865e-007   -5.50622e-039   1.01448e-038   [0.000025,-0.000007,]
[19,1,]   39   1.12913e-007   -7.52389e-039   9.61665e-039   [0.000034,-0.000008,]
[0,2,]   40   4.49646e-007   -5.82848e-039   6.67234e-039   [0.000017,-0.000011,]
[1,2,]   41   1.18367e-006   -4.26683e-039   5.85253e-039   [-0.000009,-0.000010,]
[2,2,]   42   3.86345e-006   -3.30989e-039   5.12381e-039   [0.000004,-0.000010,]
[3,2,]   43   1.14681e-005   -2.52746e-039   4.48618e-039   [0.000007,-0.000010,]
[4,2,]   44   2.86814e-005   -1.99395e-039   3.93964e-039   [0.000009,-0.000009,]
[5,2,]   45   6.0882e-005   -1.5261e-039   3.48419e-039   [0.000011,-0.000009,]
[6,2,]   46   0.000109682   -1.15905e-039   3.11984e-039   [0.000013,-0.000008,]
[7,2,]   47   0.000168548   -8.86727e-040   2.84661e-039   [0.000014,-0.000006,]
[8,2,]   48   0.000222364   -7.12835e-040   2.66482e-039   [0.000015,-0.000004,]
[9,2,]   49   0.000253673   -6.31491e-040   2.57663e-039   [0.000016,-0.000002,]
[10,2,]   50   0.000251477   -6.44908e-040   2.59299e-039   [0.000016,-0.000000,]
[11,2,]   51   0.000217169   -7.52378e-040   2.75488e-039   [0.000015,0.000002,]
[12,2,]   52   0.000163332   -9.41335e-040   3.17033e-039   [0.000015,0.000004,]
[13,2,]   53   0.000106503   -1.21595e-039   4.02197e-039   [0.000014,0.000005,]
[14,2,]   54   5.98296e-005   -1.57013e-039   5.44188e-039   [0.000014,0.000006,]
[15,2,]   55   2.87333e-005   -2.01004e-039   7.24821e-039   [0.000014,0.000006,]
[16,2,]   56   1.17053e-005   -2.52969e-039   8.84093e-039   [0.000014,0.000006,]
[17,2,]   57   3.98467e-006   -3.23588e-039   9.58768e-039   [0.000014,0.000006,]
[18,2,]   58   1.1519e-006   -4.44072e-039   9.41611e-039   [0.000024,0.000006,]
[19,2,]   59   3.83353e-007   -6.37931e-039   8.88793e-039   [0.000033,0.000004,]
[0,3,]   60   1.32172e-006   -4.985e-039   6.03471e-039   [0.000017,-0.000011,]
[1,3,]   61   3.52699e-006   -3.45525e-039   5.2149e-039   [-0.000008,-0.000009,]
[2,3,]   62   1.13345e-005   -2.53196e-039   4.48618e-039   [0.000004,-0.000009,]
[3,3,]   63   3.29392e-005   -1.76758e-039   3.84855e-039   [0.000007,-0.000009,]
[4,3,]   64   8.05037e-005   -1.24473e-039   3.30201e-039   [0.000010,-0.000009,]
[5,3,]   65   0.000166699   -7.89542e-040   2.84656e-039   [0.000012,-0.000009,]
[6,3,]   66   0.000292835   -4.3301e-040   2.48221e-039   [0.000014,-0.000008,]
[7,3,]   67   0.000439531   -1.73816e-040   2.20898e-039   [0.000016,-0.000006,]
[8,3,]   68   0.000569394   -4.68005e-042   2.02719e-039   [0.000017,-0.000004,]
[9,3,]   69   0.000643469   7.23908e-041   1.939e-039   [0.000018,-0.000002,]
[10,3,]   70   0.000639041   5.53699e-041   1.95536e-039   [0.000018,0.000001,]
[11,3,]   71   0.000559282   -4.04575e-041   2.11725e-039   [0.000017,0.000004,]
[12,3,]   72   0.00043017   -2.21573e-040   2.5327e-039   [0.000016,0.000006,]
[13,3,]   73   0.000288505   -4.74408e-040   3.38434e-039   [0.000015,0.000007,]
[14,3,]   74   0.000166893   -8.10138e-040   4.80425e-039   [0.000014,0.000008,]
[15,3,]   75   8.24105e-005   -1.2301e-039   6.61058e-039   [0.000014,0.000008,]
[16,3,]   76   3.44117e-005   -1.73368e-039   8.2033e-039   [0.000014,0.000008,]
[17,3,]   77   1.19702e-005   -2.42265e-039   8.95005e-039   [0.000014,0.000008,]
[18,3,]   78   3.52435e-006   -3.58344e-039   8.77848e-039   [0.000023,0.000008,]
[19,3,]   79   1.16771e-006   -5.44194e-039   8.2503e-039   [0.000031,0.000006,]
[0,4,]   80   3.26685e-006   -4.40653e-039   5.48817e-039   [0.000016,-0.000011,]
[1,4,]   81   8.82659e-006   -2.9121e-039   4.66836e-039   [-0.000007,-0.000010,]
[2,4,]   82   2.78826e-005   -2.01511e-039   3.93964e-039   [0.000004,-0.000010,]
[3,4,]   83   7.90962e-005   -1.26423e-039   3.30201e-039   [0.000007,-0.000010,]
[4,4,]   84   0.000188055   -7.48071e-040   2.75547e-039   [0.000010,-0.000010,]
[5,4,]   85   0.000377426   -2.98709e-040   2.30002e-039   [0.000012,-0.000010,]
[6,4,]   86   0.000640829   4.60805e-041   1.93567e-039   [0.000015,-0.000009,]
[7,4,]   87   0.000930251   3.04056e-040   1.66244e-039   [0.000018,-0.000008,]
[8,4,]   88   0.00117119   4.59785e-040   1.48065e-039   [0.000020,-0.000005,]
[9,4,]   89   0.00130303   5.51395e-040   1.39246e-039   [0.000021,-0.000002,]
[10,4,]   90   0.001297   5.47797e-040   1.40882e-039   [0.000021,0.000002,]
[11,4,]   91   0.00115579   4.29901e-040   1.57071e-039   [0.000020,0.000006,]
[12,4,]   92   0.000918111   2.64466e-040   1.98616e-039   [0.000018,0.000008,]
[13,4,]   93   0.000639212   1.74142e-041   2.8378e-039   [0.000016,0.000010,]
[14,4,]   94   0.000383809   -3.01185e-040   4.25771e-039   [0.000015,0.000011,]
[15,4,]   95   0.0001959   -7.11819e-040   6.06404e-039   [0.000014,0.000011,]
[16,4,]   96   8.41197e-005   -1.20749e-039   7.65676e-039   [0.000013,0.000011,]
[17,4,]   97   2.99516e-005   -1.88802e-039   8.40351e-039   [0.000014,0.000010,]
[18,4,]   98   8.9868e-006   -3.00919e-039   8.23194e-039   [0.000021,0.000010,]
[19,4,]   99   2.95757e-006   -4.7877e-039   7.70376e-039   [0.000029,0.000007,]
[0,5,]   100   6.88629e-006   -3.9014e-039   5.03272e-039   [0.000016,-0.000012,]
[1,5,]   101   1.87959e-005   -2.44813e-039   4.21291e-039   [-0.000007,-0.000011,]
[2,5,]   102   5.82727e-005   -1.57481e-039   3.48419e-039   [0.000004,-0.000011,]
[3,5,]   103   0.000160872   -8.41393e-040   2.84656e-039   [0.000007,-0.000012,]
[4,5,]   104   0.000370199   -3.33156e-040   2.30002e-039   [0.000010,-0.000012,]
[5,5,]   105   0.000714035   9.8787e-041   1.84457e-039   [0.000013,-0.000013,]
[6,5,]   106   0.00115786   4.34145e-040   1.48022e-039   [0.000016,-0.000012,]
[7,5,]   107   0.00159828   6.64817e-040   1.20699e-039   [0.000020,-0.000011,]
[8,5,]   108   0.00192308   8.32079e-040   1.0252e-039   [0.000023,-0.000008,]
[9,5,]   109   0.00207262   8.78906e-040   9.37012e-040   [0.000026,-0.000003,]
[10,5,]   110   0.00206567   8.97574e-040   9.53371e-040   [0.000026,0.000003,]
[11,5,]   111   0.00190355   8.04073e-040   1.11526e-039   [0.000024,0.000008,]
[12,5,]   112   0.00158949   6.36694e-040   1.53071e-039   [0.000020,0.000011,]
[13,5,]   113   0.00116838   4.26655e-040   2.38235e-039   [0.000017,0.000013,]
[14,5,]   114   0.000736206   1.21635e-040   3.80226e-039   [0.000015,0.000013,]
[15,5,]   115   0.000391141   -2.71344e-040   5.60859e-039   [0.000014,0.000013,]
[16,5,]   116   0.000173337   -7.60362e-040   7.20131e-039   [0.000013,0.000012,]
[17,5,]   117   6.32789e-005   -1.43139e-039   7.94806e-039   [0.000013,0.000011,]
[18,5,]   118   1.93535e-005   -2.50947e-039   7.77649e-039   [0.000020,0.000011,]
[19,5,]   119   6.3047e-006   -4.21125e-039   7.24831e-039   [0.000026,0.000008,]
[0,6,]   120   1.24698e-005   -3.48198e-039   4.66836e-039   [0.000015,-0.000013,]
[1,6,]   121   3.42435e-005   -2.07543e-039   3.84855e-039   [-0.000007,-0.000012,]
[2,6,]   122   0.000104139   -1.22095e-039   3.11983e-039   [0.000003,-0.000013,]
[3,6,]   123   0.000279381   -5.03218e-040   2.4822e-039   [0.000006,-0.000014,]
[4,6,]   124   0.000619719   -1.09669e-041   1.93566e-039   [0.000009,-0.000015,]
[5,6,]   125   0.00113959   4.08416e-040   1.48021e-039   [0.000012,-0.000016,]
[6,6,]   126   0.00173679   7.03744e-040   1.11586e-039   [0.000017,-0.000016,]
[7,6,]   127   0.00222587   9.25784e-040   8.42628e-040   [0.000022,-0.000015,]
[8,6,]   128   0.00247074   1.02276e-039   6.60843e-040   [0.000028,-0.000012,]
[9,6,]   129   0.00251487   1.0619e-039   5.72652e-040   [0.000032,-0.000004,]
[10,6,]   130   0.00249455   1.03205e-039   5.89011e-040   [0.000033,0.000005,]
[11,6,]   131   0.0024459   9.99359e-040   7.50895e-040   [0.000029,0.000012,]
[12,6,]   132   0.00222815   9.23435e-040   1.16635e-039   [0.000023,0.000016,]
[13,6,]   133   0.00176845   7.15894e-040   2.01799e-039   [0.000018,0.000017,]
[14,6,]   134   0.00118624   4.50066e-040   3.4379e-039   [0.000015,0.000016,]
[15,6,]   135   0.00066013   6.70912e-041   5.24423e-039   [0.000013,0.000015,]
[16,6,]   136   0.000302738   -4.09984e-040   6.83695e-039   [0.000012,0.000014,]
[17,6,]   137   0.000113356   -1.07369e-039   7.5837e-039   [0.000012,0.000013,]
[18,6,]   138   3.53102e-005   -2.1052e-039   7.41213e-039   [0.000018,0.000012,]
[19,6,]   139   1.13387e-005   -3.73918e-039   6.88395e-039   [0.000024,0.000009,]
[0,7,]   140   1.95391e-005   -3.15008e-039   4.39509e-039   [0.000014,-0.000013,]
[1,7,]   141   5.36617e-005   -1.79401e-039   3.57528e-039   [-0.000007,-0.000013,]
[2,7,]   142   0.000160289   -9.46985e-040   2.84656e-039   [0.000002,-0.000014,]
[3,7,]   143   0.00041838   -2.48661e-040   2.20893e-039   [0.000005,-0.000016,]
[4,7,]   144   0.000894503   2.39559e-040   1.66239e-039   [0.000008,-0.000018,]
[5,7,]   145   0.00155884   6.21802e-040   1.20694e-039   [0.000011,-0.000020,]
[6,7,]   146   0.0022024   9.16756e-040   8.42586e-040   [0.000016,-0.000022,]
[7,7,]   147   0.00252011   1.01105e-039   5.69358e-040   [0.000023,-0.000023,]
[8,7,]   148   0.00243212   9.99658e-040   3.87573e-040   [0.000034,-0.000020,]
[9,7,]   149   0.00218005   6.99605e-040   2.99382e-040   [0.000045,-0.000009,]
[10,7,]   150   0.00214207   7.47169e-040   3.15741e-040   [0.000045,0.000012,]
[11,7,]   151   0.00239596   9.37232e-040   4.77625e-040   [0.000035,0.000022,]
[12,7,]   152   0.00252949   1.01145e-039   8.93078e-040   [0.000024,0.000023,]
[13,7,]   153   0.00225178   9.33344e-040   1.74472e-039   [0.000017,0.000022,]
[14,7,]   154   0.00162801   6.77614e-040   3.16463e-039   [0.000013,0.000020,]
[15,7,]   155   0.000953025   3.21071e-040   4.97096e-039   [0.000011,0.000018,]
[16,7,]   156   0.00045201   -1.53869e-040   6.56368e-039   [0.000011,0.000016,]
[17,7,]   157   0.000173292   -8.07829e-040   7.31043e-039   [0.000010,0.000014,]
[18,7,]   158   5.48347e-005   -1.79385e-039   7.13886e-039   [0.000016,0.000012,]
[19,7,]   159   1.7279e-005   -3.37685e-039   6.61068e-039   [0.000022,0.000010,]
[0,8,]   160   2.66322e-005   -2.91371e-039   4.21291e-039   [0.000013,-0.000013,]
[1,8,]   161   7.26268e-005   -1.6067e-039   3.3931e-039   [-0.000008,-0.000013,]
[2,8,]   162   0.000213798   -7.59373e-040   2.66438e-039   [0.000000,-0.000015,]
[3,8,]   163   0.000546026   -6.65515e-041   2.02675e-039   [0.000003,-0.000017,]
[4,8,]   164   0.00113087   4.06793e-040   1.48021e-039   [0.000005,-0.000020,]
[5,8,]   165   0.00187581   7.92154e-040   1.02476e-039   [0.000008,-0.000024,]
[6,8,]   166   0.00243173   9.97489e-040   6.60406e-040   [0.000012,-0.000029,]
[7,8,]   167   0.00240706   9.51229e-040   3.87178e-040   [0.000021,-0.000034,]
[8,8,]   168   0.00181398   2.87036e-040   2.05393e-040   [0.000038,-0.000036,]
[9,8,]   169   0.00127199   -1.39295e-040   1.17202e-040   [0.000072,-0.000022,]
[10,8,]   170   0.00114782   -1.5086e-039   1.33561e-040   [0.000072,0.000026,]
[11,8,]   171   0.00178467   2.37126e-040   2.95445e-040   [0.000037,0.000039,]
[12,8,]   172   0.0024243   9.91644e-040   7.10898e-040   [0.000020,0.000035,]
[13,8,]   173   0.00248601   1.0288e-039   1.56254e-039   [0.000013,0.000028,]
[14,8,]   174   0.00194914   8.41362e-040   2.98245e-039   [0.000010,0.000023,]
[15,8,]   175   0.00119428   4.75062e-040   4.78878e-039   [0.000009,0.000020,]
[16,8,]   176   0.00058291   1.33176e-041   6.3815e-039   [0.000008,0.000017,]
[17,8,]   177   0.000227586   -6.38337e-040   7.12825e-039   [0.000009,0.000015,]
[18,8,]   178   7.28191e-005   -1.57906e-039   6.95668e-039   [0.000014,0.000013,]
[19,8,]   179   2.24232e-005   -3.13743e-039   6.4285e-039   [0.000019,0.000011,]
[0,9,]   180   3.16553e-005   -2.78417e-039   4.12182e-039   [0.000012,-0.000013,]
[1,9,]   181   8.50819e-005   -1.52042e-039   3.30201e-039   [-0.000009,-0.000014,]
[2,9,]   182   0.00024827   -6.52777e-040   2.57329e-039   [-0.000002,-0.000016,]
[3,9,]   183   0.000625946   2.98195e-041   1.93566e-039   [-0.000000,-0.000018,]
[4,9,]   184   0.00127353   5.26603e-040   1.38912e-039   [0.000001,-0.000021,]
[5,9,]   185   0.0020429   8.89567e-040   9.33673e-040   [0.000002,-0.000026,]
[6,9,]   186   0.00248893   1.03318e-039   5.69316e-040   [0.000005,-0.000033,]
[7,9,]   187   0.00216198   7.76707e-040   2.96088e-040   [0.000012,-0.000044,]
[8,9,]   188   0.00117766   -1.44674e-039   1.14303e-040   [0.000025,-0.000071,]
[9,9,]   189   0.000412602   -8.6938e-039   2.61118e-041   [0.000116,-0.000112,]
[10,9,]   190   0.000388043   -9.46891e-039   4.24706e-041   [0.000115,0.000119,]
[11,9,]   191   0.00124433   -1.96457e-040   2.04355e-040   [0.000022,0.000073,]
[12,9,]   192   0.00216689   7.0439e-040   6.19808e-040   [0.000009,0.000046,]
[13,9,]   193   0.00251968   1.05507e-039   1.47145e-039   [0.000005,0.000032,]
[14,9,]   194   0.00209248   8.86262e-040   2.89136e-039   [0.000005,0.000026,]
[15,9,]   195   0.00132352   5.63836e-040   4.69769e-039   [0.000005,0.000021,]
[16,9,]   196   0.000656208   8.95568e-041   6.29041e-039   [0.000006,0.000018,]
[17,9,]   197   0.000258583   -5.60418e-040   7.03716e-039   [0.000006,0.000016,]
[18,9,]   198   8.3083e-005   -1.46638e-039   6.86559e-039   [0.000012,0.000014,]
[19,9,]   199   2.49345e-005   -3.0343e-039   6.33741e-039   [0.000018,0.000012,]
[0,10,]   200   3.27579e-005   -2.76438e-039   4.12182e-039   [0.000010,-0.000012,]
[1,10,]   201   8.62777e-005   -1.53189e-039   3.30201e-039   [-0.000011,-0.000014,]
[2,10,]   202   0.000251121   -6.39065e-040   2.57329e-039   [-0.000004,-0.000016,]
[3,10,]   203   0.000632173   4.80759e-041   1.93566e-039   [-0.000003,-0.000018,]
[4,10,]   204   0.00128318   5.33458e-040   1.38912e-039   [-0.000002,-0.000021,]
[5,10,]   205   0.00205391   8.69664e-040   9.33673e-040   [-0.000003,-0.000025,]
[6,10,]   206   0.00251041   1.06384e-039   5.69316e-040   [-0.000004,-0.000032,]
[7,10,]   207   0.00219055   6.80418e-040   2.96088e-040   [-0.000008,-0.000045,]
[8,10,]   208   0.00129613   -4.71444e-041   1.14303e-040   [-0.000020,-0.000071,]
[9,10,]   209   0.000420325   -8.44794e-039   2.61118e-041   [-0.000113,-0.000115,]
[10,10,]   210   0.000395516   -9.19804e-039   4.24706e-041   [-0.000118,0.000116,]
[11,10,]   211   0.00113851   -1.55422e-039   2.04355e-040   [-0.000027,0.000072,]
[12,10,]   212   0.00212693   7.03661e-040   6.19808e-040   [-0.000012,0.000045,]
[13,10,]   213   0.00249555   1.02851e-039   1.47145e-039   [-0.000004,0.000033,]
[14,10,]   214   0.00207998   9.0115e-040   2.89136e-039   [-0.000001,0.000026,]
[15,10,]   215   0.00131346   5.59638e-040   4.69769e-039   [0.000001,0.000021,]
[16,10,]   216   0.000649539   7.13877e-041   6.29041e-039   [0.000003,0.000018,]
[17,10,]   217   0.000255392   -5.76493e-040   7.03716e-039   [0.000004,0.000016,]
[18,10,]   218   8.17652e-005   -1.4571e-039   6.86559e-039   [0.000011,0.000014,]
[19,10,]   219   2.39118e-005   -3.06874e-039   6.33741e-039   [0.000017,0.000013,]
[0,11,]   220   2.9373e-005   -2.86116e-039   4.21291e-039   [0.000009,-0.000011,]
[1,11,]   221   7.55389e-005   -1.64517e-039   3.3931e-039   [-0.000013,-0.000013,]
[2,11,]   222   0.000220764   -7.18948e-040   2.66438e-039   [-0.000006,-0.000015,]
[3,11,]   223   0.000561074   -2.6853e-041   2.02675e-039   [-0.000005,-0.000017,]
[4,11,]   224   0.00115637   4.42231e-040   1.48021e-039   [-0.000006,-0.000020,]
[5,11,]   225   0.00190961   8.26888e-040   1.02476e-039   [-0.000008,-0.000023,]
[6,11,]   226   0.00246715   1.02215e-039   6.60406e-040   [-0.000012,-0.000028,]
[7,11,]   227   0.00243966   1.01262e-039   3.87178e-040   [-0.000019,-0.000035,]
[8,11,]   228   0.00182016   2.87279e-040   2.05393e-040   [-0.000035,-0.000039,]
[9,11,]   229   0.00116836   -1.49435e-039   1.17202e-040   [-0.000071,-0.000027,]
[10,11,]   230   0.00126578   -1.14857e-040   1.33561e-040   [-0.000072,0.000020,]
[11,11,]   231   0.0017874   2.3332e-040   2.95445e-040   [-0.000039,0.000036,]
[12,11,]   232   0.00239226   9.34392e-040   7.10898e-040   [-0.000022,0.000035,]
[13,11,]   233   0.00244851   9.97249e-040   1.56254e-039   [-0.000011,0.000029,]
[14,11,]   234   0.0019143   8.08818e-040   2.98245e-039   [-0.000006,0.000024,]
[15,11,]   235   0.00116766   4.39808e-040   4.78878e-039   [-0.000002,0.000020,]
[16,11,]   236   0.000566767   -2.62192e-041   6.3815e-039   [0.000001,0.000017,]
[17,11,]   237   0.000219762   -6.85778e-040   7.12825e-039   [0.000002,0.000015,]
[18,11,]   238   6.95947e-005   -1.54725e-039   6.95668e-039   [0.000010,0.000013,]
[19,11,]   239   1.98816e-005   -3.23367e-039   6.4285e-039   [0.000017,0.000013,]
[0,12,]   240   2.26694e-005   -3.07646e-039   4.39509e-039   [0.000008,-0.000010,]
[1,12,]   241   5.68739e-005   -1.85966e-039   3.57528e-039   [-0.000015,-0.000013,]
[2,12,]   242   0.000167899   -8.89702e-040   2.84656e-039   [-0.000008,-0.000014,]
[3,12,]   243   0.000434534   -1.93642e-040   2.20893e-039   [-0.000007,-0.000016,]
[4,12,]   244   0.000921162   2.89e-040   1.66239e-039   [-0.000008,-0.000018,]
[5,12,]   245   0.00159044   6.5987e-040   1.20694e-039   [-0.000011,-0.000020,]
[6,12,]   246   0.0022248   9.28204e-040   8.42586e-040   [-0.000015,-0.000022,]
[7,12,]   247   0.00252406   1.01099e-039   5.69358e-040   [-0.000023,-0.000023,]
[8,12,]   248   0.00240779   9.50335e-040   3.87573e-040   [-0.000034,-0.000022,]
[9,12,]   249   0.00214838   7.36891e-040   2.99382e-040   [-0.000044,-0.000013,]
[10,12,]   250   0.00217475   6.80099e-040   3.15741e-040   [-0.000045,0.000008,]
[11,12,]   251   0.00242696   1.00042e-039   4.77625e-040   [-0.000035,0.000019,]
[12,12,]   252   0.00252773   1.00869e-039   8.93078e-040   [-0.000023,0.000023,]
[13,12,]   253   0.00223031   9.24823e-040   1.74472e-039   [-0.000015,0.000022,]
[14,12,]   254   0.00159623   6.40822e-040   3.16463e-039   [-0.000009,0.000020,]
[15,12,]   255   0.000925401   2.72948e-040   4.97096e-039   [-0.000005,0.000018,]
[16,12,]   256   0.000434651   -2.09022e-040   6.56368e-039   [-0.000001,0.000016,]
[17,12,]   257   0.000164684   -8.76259e-040   7.31043e-039   [0.000000,0.000014,]
[18,12,]   258   5.12431e-005   -1.74008e-039   7.13886e-039   [0.000009,0.000013,]
[19,12,]   259   1.43753e-005   -3.52335e-039   6.61068e-039   [0.000017,0.000013,]
[0,13,]   260   1.49518e-005   -3.40265e-039   4.66836e-039   [0.000007,-0.000009,]
[1,13,]   261   3.66448e-005   -2.17021e-039   3.84855e-039   [-0.000017,-0.000012,]
[2,13,]   262   0.000109704   -1.15668e-039   3.11983e-039   [-0.000009,-0.000013,]
[3,13,]   263   0.000290635   -4.48524e-040   2.4822e-039   [-0.000009,-0.000014,]
[4,13,]   264   0.000636767   3.40326e-041   1.93566e-039   [-0.000010,-0.000015,]
[5,13,]   265   0.00115548   4.31635e-040   1.48021e-039   [-0.000012,-0.000016,]
[6,13,]   266   0.00173951   7.04915e-040   1.11586e-039   [-0.000016,-0.000017,]
[7,13,]   267   0.0022098   9.19217e-040   8.42628e-040   [-0.000022,-0.000016,]
[8,13,]   268   0.00243869   9.9452e-040   6.60843e-040   [-0.000029,-0.000012,]
[9,13,]   269   0.0024922   1.02843e-039   5.72652e-040   [-0.000033,-0.000005,]
[10,13,]   270   0.00251483   1.05692e-039   5.89011e-040   [-0.000032,0.000004,]
[11,13,]   271   0.0024794   1.02608e-039   7.50895e-040   [-0.000028,0.000012,]
[12,13,]   272   0.00224643   9.32937e-040   1.16635e-039   [-0.000022,0.000015,]
[13,13,]   273   0.00176711   7.15361e-040   2.01799e-039   [-0.000016,0.000016,]
[14,13,]   274   0.00117083   4.29269e-040   3.4379e-039   [-0.000011,0.000016,]
[15,13,]   275   0.000642582   2.37719e-041   5.24423e-039   [-0.000006,0.000015,]
[16,13,]   276   0.000290597   -4.64437e-040   6.83695e-039   [-0.000003,0.000014,]
[17,13,]   277   0.000106978   -1.15246e-039   7.5837e-039   [-0.000001,0.000013,]
[18,13,]   278   3.25782e-005   -2.0281e-039   7.41213e-039   [0.000009,0.000012,]
[19,13,]   279   9.03083e-006   -3.91972e-039   6.88395e-039   [0.000018,0.000013,]
[0,14,]   280   8.3761e-006   -3.83224e-039   5.03272e-039   [0.000006,-0.000008,]
[1,14,]   281   2.01075e-005   -2.5738e-039   4.21291e-039   [-0.000019,-0.000011,]
[2,14,]   282   6.11787e-005   -1.51535e-039   3.48419e-039   [-0.000010,-0.000011,]
[3,14,]   283   0.000166182   -7.98267e-040   2.84656e-039   [-0.000010,-0.000012,]
[4,14,]   284   0.000376565   -3.05068e-040   2.30002e-039   [-0.000010,-0.000013,]
[5,14,]   285   0.000715207   1.00802e-040   1.84457e-039   [-0.000013,-0.000013,]
[6,14,]   286   0.00114543   4.14494e-040   1.48022e-039   [-0.000016,-0.000013,]
[7,14,]   287   0.00157008   6.28247e-040   1.20699e-039   [-0.000020,-0.000011,]
[8,14,]   288   0.00189107   7.98661e-040   1.0252e-039   [-0.000024,-0.000008,]
[9,14,]   289   0.00206065   8.94133e-040   9.37012e-040   [-0.000026,-0.000003,]
[10,14,]   290   0.00207562   8.78497e-040   9.53371e-040   [-0.000026,0.000003,]
[11,14,]   291   0.00193555   8.36282e-040   1.11526e-039   [-0.000023,0.000007,]
[12,14,]   292   0.00161882   6.72569e-040   1.53071e-039   [-0.000019,0.000011,]
[13,14,]   293   0.00118208   4.47265e-040   2.38235e-039   [-0.000015,0.000012,]
[14,14,]   294   0.000735705   1.21392e-040   3.80226e-039   [-0.000011,0.000013,]
[15,14,]   295   0.000384686   -2.97888e-040   5.60859e-039   [-0.000007,0.000012,]
[16,14,]   296   0.000167553   -8.03455e-040   7.20131e-039   [-0.000004,0.000012,]
[17,14,]   297   5.98662e-005   -1.50841e-039   7.94806e-039   [-0.000002,0.000011,]
[18,14,]   298   1.78159e-005   -2.40813e-039   7.77649e-039   [0.000009,0.000011,]
[19,14,]   299   4.91057e-006   -4.40797e-039   7.24831e-039   [0.000020,0.000012,]
[0,15,]   300   3.96448e-006   -4.36249e-039   5.48817e-039   [0.000006,-0.000007,]
[1,15,]   301   9.35199e-006   -3.07149e-039   4.66836e-039   [-0.000021,-0.000010,]
[2,15,]   302   2.89374e-005   -1.97155e-039   3.93964e-039   [-0.000011,-0.000010,]
[3,15,]   303   8.05604e-005   -1.24338e-039   3.30201e-039   [-0.000010,-0.000011,]
[4,15,]   304   0.000188301   -7.45332e-040   2.75547e-039   [-0.000011,-0.000011,]
[5,15,]   305   0.000372105   -3.22268e-040   2.30002e-039   [-0.000013,-0.000011,]
[6,15,]   306   0.000625171   4.1245e-042   1.93567e-039   [-0.000015,-0.000010,]
[7,15,]   307   0.000904765   2.56214e-040   1.66244e-039   [-0.000018,-0.000008,]
[8,15,]   308   0.00114607   4.23896e-040   1.48065e-039   [-0.000020,-0.000006,]
[9,15,]   309   0.00129314   5.45494e-040   1.39246e-039   [-0.000021,-0.000002,]
[10,15,]   310   0.00130618   5.53401e-040   1.40882e-039   [-0.000021,0.000002,]
[11,15,]   311   0.00118094   4.64749e-040   1.57071e-039   [-0.000020,0.000005,]
[12,15,]   312   0.000944441   3.12975e-040   1.98616e-039   [-0.000017,0.000008,]
[13,15,]   313   0.000655909   6.12979e-041   2.8378e-039   [-0.000014,0.000009,]
[14,15,]   314   0.000389824   -2.74015e-040   4.25771e-039   [-0.000011,0.000010,]
[15,15,]   315   0.00019582   -7.10955e-040   6.06404e-039   [-0.000007,0.000010,]
[16,15,]   316   8.25031e-005   -1.22584e-039   7.65676e-039   [-0.000004,0.000010,]
[17,15,]   317   2.86583e-005   -1.94862e-039   8.40351e-039   [-0.000002,0.000010,]
[18,15,]   318   8.33951e-006   -2.87767e-039   8.23194e-039   [0.000010,0.000010,]
[19,15,]   319   2.29716e-006   -4.97837e-039   7.70376e-039   [0.000021,0.000011,]
[0,16,]   320   1.57981e-006   -4.96597e-039   6.03471e-039   [0.000005,-0.000006,]
[1,16,]   321   3.67379e-006   -3.63879e-039   5.2149e-039   [-0.000022,-0.000008,]
[2,16,]   322   1.15576e-005   -2.50093e-039   4.48618e-039   [-0.000011,-0.000008,]
[3,16,]   323   3.29224e-005   -1.7633e-039   3.84855e-039   [-0.000010,-0.000009,]
[4,16,]   324   7.91024e-005   -1.25895e-039   3.30201e-039   [-0.000011,-0.000009,]
[5,16,]   325   0.000161532   -8.27551e-040   2.84656e-039   [-0.000012,-0.000008,]
[6,16,]   326   0.000281678   -4.83999e-040   2.48221e-039   [-0.000014,-0.000007,]
[7,16,]   327   0.000423259   -2.26474e-040   2.20898e-039   [-0.000016,-0.000006,]
[8,16,]   328   0.000554023   -4.20832e-041   2.02719e-039   [-0.000017,-0.000004,]
[9,16,]   329   0.000636965   5.6528e-041   1.939e-039   [-0.000018,-0.000001,]
[10,16,]   330   0.00064534   7.66542e-041   1.95536e-039   [-0.000018,0.000001,]
[11,16,]   331   0.000574793   2.97748e-042   2.11725e-039   [-0.000017,0.000004,]
[12,16,]   332   0.00044695   -1.62105e-040   2.5327e-039   [-0.000015,0.000006,]
[13,16,]   333   0.000300279   -4.14939e-040   3.38434e-039   [-0.000013,0.000007,]
[14,16,]   334   0.000172502   -7.61748e-040   4.80425e-039   [-0.000010,0.000008,]
[15,16,]   335   8.3974e-005   -1.20496e-039   6.61058e-039   [-0.000007,0.000009,]
[16,16,]   336   3.4405e-005   -1.72749e-039   8.2033e-039   [-0.000004,0.000009,]
[17,16,]   337   1.16565e-005   -2.46378e-039   8.95005e-039   [-0.000002,0.000009,]
[18,16,]   338   3.32303e-006   -3.42458e-039   8.77848e-039   [0.000011,0.000009,]
[19,16,]   339   9.18072e-007   -5.61528e-039   8.2503e-039   [0.000023,0.000011,]
[0,17,]   340   5.21571e-007   -5.78686e-039   6.67234e-039   [0.000005,-0.000005,]
[1,17,]   341   1.19874e-006   -4.42311e-039   5.85253e-039   [-0.000023,-0.000006,]
[2,17,]   342   3.83264e-006   -3.24556e-039   5.12381e-039   [-0.000011,-0.000007,]
[3,17,]   343   1.11534e-005   -2.4924e-039   4.48618e-039   [-0.000010,-0.000007,]
[4,17,]   344   2.74644e-005   -1.97585e-039   3.93964e-039   [-0.000010,-0.000007,]
[5,17,]   345   5.76699e-005   -1.52717e-039   3.48419e-039   [-0.000012,-0.000006,]
[6,17,]   346   0.000103586   -1.16713e-039   3.11984e-039   [-0.000013,-0.000005,]
[7,17,]   347   0.000160178   -8.88606e-040   2.84661e-039   [-0.000014,-0.000004,]
[8,17,]   348   0.000214562   -6.96841e-040   2.66482e-039   [-0.000015,-0.000003,]
[9,17,]   349   0.000250191   -5.85901e-040   2.57663e-039   [-0.000016,-0.000001,]
[10,17,]   350   0.000254116   -5.67926e-040   2.59299e-039   [-0.000016,0.000002,]
[11,17,]   351   0.000224345   -6.43692e-040   2.75488e-039   [-0.000015,0.000004,]
[12,17,]   352   0.000171376   -8.10349e-040   3.17033e-039   [-0.000014,0.000006,]
[13,17,]   353   0.000112495   -1.07262e-039   4.02197e-039   [-0.000012,0.000007,]
[14,17,]   354   6.30263e-005   -1.42624e-039   5.44188e-039   [-0.000009,0.000008,]
[15,17,]   355   2.99302e-005   -1.87866e-039   7.24821e-039   [-0.000007,0.000009,]
[16,17,]   356   1.19811e-005   -2.40939e-039   8.84093e-039   [-0.000004,0.000009,]
[17,17,]   357   3.97199e-006   -3.16025e-039   9.58768e-039   [-0.000002,0.000009,]
[18,17,]   358   1.11154e-006   -4.15645e-039   9.41611e-039   [0.000011,0.000010,]
[19,17,]   359   3.0878e-007   -6.42473e-039   8.88793e-039   [0.000025,0.000011,]
[0,18,]   360   1.45947e-007   -6.8591e-039   7.40106e-039   [0.000005,0.000010,]
[1,18,]   361   3.32071e-007   -5.44752e-039   6.58125e-039   [-0.000024,0.000009,]
[2,18,]   362   1.07671e-006   -4.21299e-039   5.85253e-039   [-0.000012,0.000008,]
[3,18,]   363   3.19067e-006   -3.42389e-039   5.2149e-039   [-0.000010,0.000007,]
[4,18,]   364   8.01673e-006   -2.87709e-039   4.66836e-039   [-0.000010,0.000006,]
[5,18,]   365   1.72095e-005   -2.39983e-039   4.21291e-039   [-0.000011,0.000005,]
[6,18,]   366   3.16245e-005   -2.016e-039   3.84856e-039   [-0.000012,0.000005,]
[7,18,]   367   4.9959e-005   -1.72606e-039   3.57533e-039   [-0.000013,0.000005,]
[8,18,]   368   6.81087e-005   -1.532e-039   3.39354e-039   [-0.000013,0.000006,]
[9,18,]   369   8.02987e-005   -1.44071e-039   3.30535e-039   [-0.000014,0.000007,]
[10,18,]   370   8.18687e-005   -1.44852e-039   3.32171e-039   [-0.000014,0.000008,]
[11,18,]   371   7.20006e-005   -1.55922e-039   3.4836e-039   [-0.000013,0.000010,]
[12,18,]   372   5.44137e-005   -1.77151e-039   3.89905e-039   [-0.000012,0.000012,]
[13,18,]   373   3.51747e-005   -2.07934e-039   4.75069e-039   [-0.000010,0.000014,]
[14,18,]   374   1.93555e-005   -2.47966e-039   6.1706e-039   [-0.000008,0.000016,]
[15,18,]   375   9.01959e-006   -2.9753e-039   7.97693e-039   [-0.000006,0.000017,]
[16,18,]   376   3.54358e-006   -3.54577e-039   9.56965e-039   [-0.000003,0.000019,]
[17,18,]   377   1.15346e-006   -4.3381e-039   1.03164e-038   [-0.000002,0.000020,]
[18,18,]   378   3.17593e-007   -5.39486e-039   1.01448e-038   [0.000012,0.000021,]
[19,18,]   379   8.88248e-008   -7.74679e-039   9.61665e-039   [0.000026,0.000022,]
[0,19,]   380   4.16184e-008   -9.07097e-039   8.22087e-039   [0.000005,0.000024,]
[1,19,]   381   9.28937e-008   -7.77374e-039   7.40106e-039   [-0.000025,0.000023,]
[2,19,]   382   2.98772e-007   -6.46414e-039   6.67234e-039   [-0.000013,0.000022,]
[3,19,]   383   8.80369e-007   -5.59661e-039   6.03471e-039   [-0.000012,0.000020,]
[4,19,]   384   2.20472e-006   -4.96208e-039   5.48817e-039   [-0.000012,0.000018,]
[5,19,]   385   4.73401e-006   -4.38644e-039   5.03272e-039   [-0.000013,0.000017,]
[6,19,]   386   8.74608e-006   -3.89651e-039   4.66837e-039   [-0.000013,0.000015,]
[7,19,]   387   1.39799e-005   -3.49959e-039   4.39514e-039   [-0.000014,0.000014,]
[8,19,]   388   1.94089e-005   -3.20919e-039   4.21335e-039   [-0.000013,0.000014,]
[9,19,]   389   2.34313e-005   -3.0427e-039   4.12516e-039   [-0.000013,0.000014,]
[10,19,]   390   2.45278e-005   -3.00565e-039   4.14152e-039   [-0.000012,0.000015,]
[11,19,]   391   2.21467e-005   -3.10505e-039   4.30341e-039   [-0.000011,0.000016,]
[12,19,]   392   1.71395e-005   -3.33981e-039   4.71886e-039   [-0.000010,0.000018,]
[13,19,]   393   1.12986e-005   -3.69641e-039   5.5705e-039   [-0.000008,0.000021,]
[14,19,]   394   6.31149e-006   -4.16244e-039   6.99041e-039   [-0.000006,0.000023,]
[15,19,]   395   2.97303e-006   -4.73294e-039   8.79674e-039   [-0.000004,0.000025,]
[16,19,]   396   1.17652e-006   -5.38177e-039   1.03895e-038   [-0.000002,0.000027,]
[17,19,]   397   3.8479e-007   -6.25173e-039   1.11362e-038   [0.000000,0.000029,]
[18,19,]   398   1.06275e-007   -7.40011e-039   1.09646e-038   [0.000014,0.000031,]
[19,19,]   399   3.01842e-008   -9.67529e-039   1.04365e-038   [0.000027,0.000032,]
