coordinates  index   rho      Q      V    velocities 
[0,0,]   0   2.89747e-008   -9.10963e-039   8.22099e-039   [0.000011,0.000003,]
[1,0,]   1   1.02265e-007   -6.97901e-039   7.40208e-039   [-0.000006,0.000003,]
[2,0,]   2   3.54004e-007   -6.09401e-039   6.67934e-039   [0.000004,0.000003,]
[3,0,]   3   1.06491e-006   -5.30422e-039   6.07207e-039   [0.000006,0.000003,]
[4,0,]   4   2.705e-006   -4.65778e-039   5.64344e-039   [0.000008,0.000003,]
[5,0,]   5   5.81868e-006   -4.08979e-039   5.53539e-039   [0.000009,0.000004,]
[6,0,]   6   1.0607e-005   -3.61957e-039   5.9357e-039   [0.000011,0.000005,]
[7,0,]   7   1.64384e-005   -3.25348e-039   6.88356e-039   [0.000013,0.000006,]
[8,0,]   8   2.17462e-005   -3.00198e-039   8.01829e-039   [0.000015,0.000007,]
[9,0,]   9   2.46593e-005   -2.87712e-039   8.65383e-039   [0.000017,0.000008,]
[10,0,]   10   2.4062e-005   -2.88622e-039   8.32531e-039   [0.000017,0.000009,]
[11,0,]   11   2.02653e-005   -3.02802e-039   7.24929e-039   [0.000016,0.000011,]
[12,0,]   12   1.47513e-005   -3.29311e-039   6.10325e-039   [0.000014,0.000012,]
[13,0,]   13   9.27173e-006   -3.66754e-039   5.41675e-039   [0.000013,0.000013,]
[14,0,]   14   5.01642e-006   -4.1387e-039   5.28808e-039   [0.000012,0.000013,]
[15,0,]   15   2.32582e-006   -4.69834e-039   5.55603e-039   [0.000011,0.000014,]
[16,0,]   16   9.19578e-007   -5.33528e-039   6.04876e-039   [0.000010,0.000014,]
[17,0,]   17   3.07304e-007   -6.0968e-039   6.67461e-039   [0.000009,0.000015,]
[18,0,]   18   8.71224e-008   -7.17986e-039   7.40135e-039   [0.000016,0.000015,]
[19,0,]   19   2.48625e-008   -9.43102e-039   8.2209e-039   [0.000023,0.000015,]
[0,1,]   20   9.20495e-008   -7.06848e-039   7.40118e-039   [0.000010,-0.000017,]
[1,1,]   21   3.29919e-007   -4.91957e-039   6.58227e-039   [-0.000005,-0.000015,]
[2,1,]   22   1.14127e-006   -4.12672e-039   5.85953e-039   [0.000005,-0.000015,]
[3,1,]   23   3.43076e-006   -3.42157e-039   5.25226e-039   [0.000007,-0.000014,]
[4,1,]   24   8.72298e-006   -2.86083e-039   4.82363e-039   [0.000009,-0.000013,]
[5,1,]   25   1.88244e-005   -2.37869e-039   4.71558e-039   [0.000011,-0.000012,]
[6,1,]   26   3.45231e-005   -1.98868e-039   5.11589e-039   [0.000013,-0.000010,]
[7,1,]   27   5.40009e-005   -1.68926e-039   6.06375e-039   [0.000015,-0.000009,]
[8,1,]   28   7.23405e-005   -1.48179e-039   7.19848e-039   [0.000017,-0.000007,]
[9,1,]   29   8.33035e-005   -1.37012e-039   7.83402e-039   [0.000019,-0.000005,]
[10,1,]   30   8.26978e-005   -1.357e-039   7.5055e-039   [0.000018,-0.000003,]
[11,1,]   31   7.08915e-005   -1.44179e-039   6.42948e-039   [0.000017,-0.000002,]
[12,1,]   32   5.24731e-005   -1.62136e-039   5.28344e-039   [0.000015,-0.000001,]
[13,1,]   33   3.34681e-005   -1.89209e-039   4.59694e-039   [0.000013,-0.000000,]
[14,1,]   34   1.83251e-005   -2.25254e-039   4.46827e-039   [0.000011,-0.000000,]
[15,1,]   35   8.57353e-006   -2.70376e-039   4.73622e-039   [0.000010,-0.000000,]
[16,1,]   36   3.41147e-006   -3.24073e-039   5.22895e-039   [0.000009,-0.000001,]
[17,1,]   37   1.14476e-006   -3.91209e-039   5.8548e-039   [0.000008,-0.000001,]
[18,1,]   38   3.25249e-007   -4.89888e-039   6.58154e-039   [0.000015,-0.000002,]
[19,1,]   39   9.17491e-008   -7.13661e-039   7.40109e-039   [0.000022,-0.000003,]
[0,2,]   40   3.19225e-007   -5.9576e-039   6.67246e-039   [0.000010,-0.000009,]
[1,2,]   41   1.14278e-006   -3.89739e-039   5.85355e-039   [-0.000004,-0.000008,]
[2,2,]   42   3.89624e-006   -3.13367e-039   5.13081e-039   [0.000005,-0.000008,]
[3,2,]   43   1.1516e-005   -2.45064e-039   4.52354e-039   [0.000008,-0.000008,]
[4,2,]   44   2.87571e-005   -1.91241e-039   4.09491e-039   [0.000010,-0.000008,]
[5,2,]   45   6.09082e-005   -1.45613e-039   3.98686e-039   [0.000012,-0.000007,]
[6,2,]   46   0.00010968   -1.09438e-039   4.38717e-039   [0.000014,-0.000006,]
[7,2,]   47   0.000168806   -8.24479e-040   5.33503e-039   [0.000017,-0.000005,]
[8,2,]   48   0.00022342   -6.46396e-040   6.46976e-039   [0.000019,-0.000003,]
[9,2,]   49   0.000255748   -5.61986e-040   7.1053e-039   [0.000020,-0.000001,]
[10,2,]   50   0.000254243   -5.71809e-040   6.77678e-039   [0.000020,0.000001,]
[11,2,]   51   0.00021988   -6.73411e-040   5.70076e-039   [0.000018,0.000003,]
[12,2,]   52   0.000165224   -8.61488e-040   4.55472e-039   [0.000016,0.000005,]
[13,2,]   53   0.000107421   -1.13268e-039   3.86822e-039   [0.000014,0.000006,]
[14,2,]   54   6.00619e-005   -1.48649e-039   3.73955e-039   [0.000012,0.000007,]
[15,2,]   55   2.86913e-005   -1.92602e-039   4.0075e-039   [0.000010,0.000007,]
[16,2,]   56   1.16403e-005   -2.44868e-039   4.50023e-039   [0.000009,0.000007,]
[17,2,]   57   3.97537e-006   -3.10252e-039   5.12608e-039   [0.000008,0.000007,]
[18,2,]   58   1.14695e-006   -4.06028e-039   5.85282e-039   [0.000015,0.000007,]
[19,2,]   59   3.24968e-007   -6.19058e-039   6.67237e-039   [0.000021,0.000006,]
[0,3,]   60   9.54937e-007   -5.17679e-039   6.03483e-039   [0.000010,-0.000010,]
[1,3,]   61   3.40534e-006   -3.20176e-039   5.21592e-039   [-0.000004,-0.000009,]
[2,3,]   62   1.14118e-005   -2.45492e-039   4.49318e-039   [0.000005,-0.000009,]
[3,3,]   63   3.30382e-005   -1.78173e-039   3.88591e-039   [0.000008,-0.000009,]
[4,3,]   64   8.06242e-005   -1.25115e-039   3.45728e-039   [0.000010,-0.000009,]
[5,3,]   65   0.000166545   -8.03224e-040   3.34923e-039   [0.000013,-0.000008,]
[6,3,]   66   0.000292294   -4.49391e-040   3.74954e-039   [0.000015,-0.000007,]
[7,3,]   67   0.000439175   -1.86356e-040   4.6974e-039   [0.000018,-0.000006,]
[8,3,]   68   0.000570345   -1.25072e-041   5.83213e-039   [0.000021,-0.000004,]
[9,3,]   69   0.000646259   6.97222e-041   6.46767e-039   [0.000023,-0.000001,]
[10,3,]   70   0.000643106   5.98189e-041   6.13915e-039   [0.000022,0.000001,]
[11,3,]   71   0.000563145   -3.66068e-041   5.06313e-039   [0.000021,0.000004,]
[12,3,]   72   0.000432368   -2.17121e-040   3.91709e-039   [0.000018,0.000006,]
[13,3,]   73   0.000288727   -4.7707e-040   3.23059e-039   [0.000015,0.000008,]
[14,3,]   74   0.00016604   -8.1861e-040   3.10192e-039   [0.000012,0.000008,]
[15,3,]   75   8.1471e-005   -1.24623e-039   3.36987e-039   [0.000010,0.000009,]
[16,3,]   76   3.38561e-005   -1.75886e-039   3.8626e-039   [0.000009,0.000009,]
[17,3,]   77   1.1807e-005   -2.40262e-039   4.48845e-039   [0.000008,0.000009,]
[18,3,]   78   3.46721e-006   -3.33849e-039   5.21519e-039   [0.000014,0.000008,]
[19,3,]   79   9.86867e-007   -5.36761e-039   6.03474e-039   [0.000019,0.000007,]
[0,4,]   80   2.41366e-006   -4.54875e-039   5.48829e-039   [0.000010,-0.000010,]
[1,4,]   81   8.55605e-006   -2.66651e-039   4.66938e-039   [-0.000004,-0.000010,]
[2,4,]   82   2.81335e-005   -1.9325e-039   3.94664e-039   [0.000005,-0.000010,]
[3,4,]   83   7.95424e-005   -1.26805e-039   3.33937e-039   [0.000008,-0.000010,]
[4,4,]   84   0.000188823   -7.44233e-040   2.91074e-039   [0.000010,-0.000010,]
[5,4,]   85   0.000377877   -3.04663e-040   2.80269e-039   [0.000013,-0.000010,]
[6,4,]   86   0.000640629   3.99867e-041   3.203e-039   [0.000017,-0.000009,]
[7,4,]   87   0.000929931   2.94998e-040   4.15086e-039   [0.000020,-0.000008,]
[8,4,]   88   0.00117315   4.61538e-040   5.28559e-039   [0.000024,-0.000005,]
[9,4,]   89   0.00130773   5.45289e-040   5.92113e-039   [0.000026,-0.000002,]
[10,4,]   90   0.00130265   5.37654e-040   5.59261e-039   [0.000026,0.000002,]
[11,4,]   91   0.0011617   4.40138e-040   4.51659e-039   [0.000023,0.000006,]
[12,4,]   92   0.000920327   2.70053e-040   3.37055e-039   [0.000020,0.000008,]
[13,4,]   93   0.000637684   2.20123e-041   2.68405e-039   [0.000016,0.000010,]
[14,4,]   94   0.000380357   -3.07075e-040   2.55538e-039   [0.000013,0.000011,]
[15,4,]   95   0.000192842   -7.24544e-040   2.82333e-039   [0.000011,0.000011,]
[16,4,]   96   8.23933e-005   -1.22993e-039   3.31606e-039   [0.000009,0.000011,]
[17,4,]   97   2.94048e-005   -1.86662e-039   3.94191e-039   [0.000008,0.000010,]
[18,4,]   98   8.798e-006   -2.78091e-039   4.66865e-039   [0.000013,0.000010,]
[19,4,]   99   2.51197e-006   -4.70755e-039   5.4882e-039   [0.000018,0.000008,]
[0,5,]   100   5.1995e-006   -3.99902e-039   5.03284e-039   [0.000009,-0.000011,]
[1,5,]   101   1.82765e-005   -2.21716e-039   4.21393e-039   [-0.000004,-0.000011,]
[2,5,]   102   5.88886e-005   -1.49337e-039   3.49119e-039   [0.000004,-0.000011,]
[3,5,]   103   0.00016216   -8.39358e-040   2.88392e-039   [0.000007,-0.000012,]
[4,5,]   104   0.000372639   -3.25025e-040   2.45529e-039   [0.000010,-0.000013,]
[5,5,]   105   0.000716598   1.00703e-040   2.34724e-039   [0.000013,-0.000013,]
[6,5,]   106   0.00115916   4.2858e-040   2.74755e-039   [0.000018,-0.000012,]
[7,5,]   107   0.00159895   6.6257e-040   3.69541e-039   [0.000023,-0.000011,]
[8,5,]   108   0.00192508   8.15308e-040   4.83014e-039   [0.000027,-0.000008,]
[9,5,]   109   0.00208432   8.9209e-040   5.46568e-039   [0.000031,-0.000003,]
[10,5,]   110   0.00207792   8.82581e-040   5.13716e-039   [0.000030,0.000003,]
[11,5,]   111   0.00191118   7.9881e-040   4.06114e-039   [0.000027,0.000008,]
[12,5,]   112   0.00159008   6.44615e-040   2.9151e-039   [0.000022,0.000011,]
[13,5,]   113   0.00116192   4.22219e-040   2.2286e-039   [0.000017,0.000013,]
[14,5,]   114   0.000727238   1.12102e-040   2.09993e-039   [0.000013,0.000013,]
[15,5,]   115   0.000383748   -2.91426e-040   2.36788e-039   [0.000010,0.000013,]
[16,5,]   116   0.000169245   -7.88431e-040   2.86061e-039   [0.000008,0.000012,]
[17,5,]   117   6.19286e-005   -1.4178e-039   3.48646e-039   [0.000007,0.000011,]
[18,5,]   118   1.88911e-005   -2.30744e-039   4.2132e-039   [0.000012,0.000011,]
[19,5,]   119   5.39894e-006   -4.13128e-039   5.03275e-039   [0.000016,0.000009,]
[0,6,]   120   9.59101e-006   -3.53926e-039   4.66848e-039   [0.000008,-0.000012,]
[1,6,]   121   3.33408e-005   -1.85963e-039   3.84957e-039   [-0.000004,-0.000012,]
[2,6,]   122   0.000105262   -1.14113e-039   3.12683e-039   [0.000004,-0.000013,]
[3,6,]   123   0.000281956   -4.97717e-040   2.51956e-039   [0.000006,-0.000014,]
[4,6,]   124   0.000624927   5.0959e-042   2.09093e-039   [0.000009,-0.000015,]
[5,6,]   125   0.00114558   4.12317e-040   1.98288e-039   [0.000013,-0.000016,]
[6,6,]   126   0.00174123   7.08393e-040   2.38319e-039   [0.000018,-0.000017,]
[7,6,]   127   0.00222688   9.07582e-040   3.33105e-039   [0.000025,-0.000016,]
[8,6,]   128   0.00247504   1.0015e-039   4.46578e-039   [0.000032,-0.000012,]
[9,6,]   129   0.00253232   1.06726e-039   5.10132e-039   [0.000037,-0.000005,]
[10,6,]   130   0.00252825   1.08769e-039   4.7728e-039   [0.000038,0.000005,]
[11,6,]   131   0.00246047   9.89245e-040   3.69678e-039   [0.000032,0.000012,]
[12,6,]   132   0.00222322   8.9671e-040   2.55074e-039   [0.000024,0.000016,]
[13,6,]   133   0.00175514   7.13322e-040   1.86424e-039   [0.000017,0.000017,]
[14,6,]   134   0.0011693   4.34854e-040   1.73557e-039   [0.000013,0.000016,]
[15,6,]   135   0.000646669   4.78345e-041   2.00352e-039   [0.000010,0.000015,]
[16,6,]   136   0.000295225   -4.40208e-040   2.49625e-039   [0.000007,0.000014,]
[17,6,]   137   0.000110827   -1.06291e-039   3.1221e-039   [0.000006,0.000013,]
[18,6,]   138   3.44512e-005   -1.92546e-039   3.84884e-039   [0.000010,0.000012,]
[19,6,]   139   9.8261e-006   -3.65276e-039   4.66839e-039   [0.000014,0.000010,]
[0,7,]   140   1.52183e-005   -3.17759e-039   4.39521e-039   [0.000007,-0.000012,]
[1,7,]   141   5.21874e-005   -1.59345e-039   3.5763e-039   [-0.000005,-0.000013,]
[2,7,]   142   0.000161732   -8.73342e-040   2.85356e-039   [0.000002,-0.000014,]
[3,7,]   143   0.000422013   -2.39426e-040   2.24629e-039   [0.000005,-0.000016,]
[4,7,]   144   0.000901891   2.52754e-040   1.81766e-039   [0.000008,-0.000018,]
[5,7,]   145   0.00156842   6.35236e-040   1.70961e-039   [0.000012,-0.000020,]
[6,7,]   146   0.00220775   8.93301e-040   2.10992e-039   [0.000017,-0.000022,]
[7,7,]   147   0.00252786   9.98348e-040   3.05778e-039   [0.000026,-0.000023,]
[8,7,]   148   0.00244514   1.00639e-039   4.19251e-039   [0.000038,-0.000020,]
[9,7,]   149   0.00219061   7.56672e-040   4.82805e-039   [0.000050,-0.000008,]
[10,7,]   150   0.00217686   7.93787e-040   4.49953e-039   [0.000050,0.000009,]
[11,7,]   151   0.00242296   9.53708e-040   3.42351e-039   [0.000038,0.000021,]
[12,7,]   152   0.00253046   9.98132e-040   2.27747e-039   [0.000025,0.000023,]
[13,7,]   153   0.00223241   9.08627e-040   1.59097e-039   [0.000017,0.000022,]
[14,7,]   154   0.00160418   6.64339e-040   1.4623e-039   [0.000011,0.000020,]
[15,7,]   155   0.000933483   2.97659e-040   1.73025e-039   [0.000008,0.000018,]
[16,7,]   156   0.000441046   -1.82704e-040   2.22298e-039   [0.000006,0.000016,]
[17,7,]   157   0.000169569   -7.99831e-040   2.84883e-039   [0.000005,0.000014,]
[18,7,]   158   5.35995e-005   -1.63384e-039   3.57557e-039   [0.000009,0.000013,]
[19,7,]   159   1.51994e-005   -3.27994e-039   4.39512e-039   [0.000012,0.000011,]
[0,8,]   160   2.08466e-005   -2.92523e-039   4.21303e-039   [0.000006,-0.000013,]
[1,8,]   161   7.03866e-005   -1.4195e-039   3.39412e-039   [-0.000005,-0.000013,]
[2,8,]   162   0.000214986   -6.90116e-040   2.67138e-039   [0.000001,-0.000015,]
[3,8,]   163   0.000549304   -6.21605e-041   2.06411e-039   [0.000003,-0.000017,]
[4,8,]   164   0.00113823   4.20797e-040   1.63548e-039   [0.000005,-0.000020,]
[5,8,]   165   0.0018859   7.89019e-040   1.52743e-039   [0.000008,-0.000023,]
[6,8,]   166   0.00244637   9.87426e-040   1.92774e-039   [0.000014,-0.000028,]
[7,8,]   167   0.00242683   9.60487e-040   2.8756e-039   [0.000024,-0.000034,]
[8,8,]   168   0.00183259   4.35514e-040   4.01033e-039   [0.000043,-0.000039,]
[9,8,]   169   0.00122402   -5.18801e-040   4.64587e-039   [0.000075,-0.000017,]
[10,8,]   170   0.0011731   -1.08677e-039   4.31735e-039   [0.000075,0.000030,]
[11,8,]   171   0.00181812   4.16088e-040   3.24133e-039   [0.000042,0.000040,]
[12,8,]   172   0.00243695   1.00405e-039   2.09529e-039   [0.000022,0.000034,]
[13,8,]   173   0.00247105   9.99954e-040   1.40879e-039   [0.000013,0.000028,]
[14,8,]   174   0.00192311   8.12858e-040   1.28012e-039   [0.000008,0.000023,]
[15,8,]   175   0.0011723   4.59189e-040   1.54807e-039   [0.000005,0.000020,]
[16,8,]   176   0.000570067   -1.42752e-041   2.0408e-039   [0.000004,0.000017,]
[17,8,]   177   0.000223329   -6.28284e-040   2.66665e-039   [0.000003,0.000015,]
[18,8,]   178   7.14764e-005   -1.43354e-039   3.39339e-039   [0.000007,0.000013,]
[19,8,]   179   2.00656e-005   -3.02456e-039   4.21294e-039   [0.000010,0.000011,]
[0,9,]   180   2.46996e-005   -2.79305e-039   4.12194e-039   [0.000005,-0.000012,]
[1,9,]   181   8.20386e-005   -1.33909e-039   3.30303e-039   [-0.000007,-0.000014,]
[2,9,]   182   0.000248478   -5.92551e-040   2.58029e-039   [-0.000001,-0.000016,]
[3,9,]   183   0.000627235   3.12706e-041   1.97302e-039   [0.000000,-0.000018,]
[4,9,]   184   0.00127656   5.16348e-040   1.54439e-039   [0.000002,-0.000021,]
[5,9,]   185   0.00205138   8.71382e-040   1.43634e-039   [0.000003,-0.000026,]
[6,9,]   186   0.00251654   1.08837e-039   1.83665e-039   [0.000006,-0.000033,]
[7,9,]   187   0.00218575   8.14599e-040   2.78451e-039   [0.000012,-0.000045,]
[8,9,]   188   0.0011891   -1.02829e-039   3.91924e-039   [0.000034,-0.000069,]
[9,9,]   189   0.000363073   -9.97701e-039   4.55478e-039   [0.000128,-0.000109,]
[10,9,]   190   0.000354127   -1.02656e-038   4.22626e-039   [0.000116,0.000125,]
[11,9,]   191   0.00121184   -5.39417e-040   3.15024e-039   [0.000020,0.000070,]
[12,9,]   192   0.00217981   7.55913e-040   2.0042e-039   [0.000010,0.000045,]
[13,9,]   193   0.00252283   1.06407e-039   1.3177e-039   [0.000005,0.000032,]
[14,9,]   194   0.00207682   8.87116e-040   1.18903e-039   [0.000003,0.000026,]
[15,9,]   195   0.00130301   5.39746e-040   1.45698e-039   [0.000002,0.000021,]
[16,9,]   196   0.000643942   6.45355e-041   1.94971e-039   [0.000001,0.000018,]
[17,9,]   197   0.000254809   -5.4803e-040   2.57556e-039   [0.000001,0.000016,]
[18,9,]   198   8.2053e-005   -1.32621e-039   3.3023e-039   [0.000005,0.000014,]
[19,9,]   199   2.2706e-005   -2.89822e-039   4.12185e-039   [0.000009,0.000012,]
[0,10,]   200   2.53022e-005   -2.7873e-039   4.12194e-039   [0.000004,-0.000012,]
[1,10,]   201   8.27094e-005   -1.35263e-039   3.30303e-039   [-0.000009,-0.000014,]
[2,10,]   202   0.000250223   -5.83294e-040   2.58029e-039   [-0.000003,-0.000016,]
[3,10,]   203   0.000631062   4.10971e-041   1.97302e-039   [-0.000003,-0.000018,]
[4,10,]   204   0.00128298   5.2417e-040   1.54439e-039   [-0.000002,-0.000021,]
[5,10,]   205   0.0020595   8.81424e-040   1.43634e-039   [-0.000002,-0.000026,]
[6,10,]   206   0.00252108   1.06852e-039   1.83665e-039   [-0.000003,-0.000032,]
[7,10,]   207   0.00219558   7.66095e-040   2.78451e-039   [-0.000005,-0.000045,]
[8,10,]   208   0.00123395   -4.73731e-040   3.91924e-039   [-0.000012,-0.000069,]
[9,10,]   209   0.000363911   -9.92818e-039   4.55478e-039   [-0.000105,-0.000122,]
[10,10,]   210   0.00035368   -1.02921e-038   4.22626e-039   [-0.000120,0.000111,]
[11,10,]   211   0.001168   -1.09109e-039   3.15024e-039   [-0.000028,0.000070,]
[12,10,]   212   0.00216849   7.91775e-040   2.0042e-039   [-0.000008,0.000045,]
[13,10,]   213   0.00251849   1.08526e-039   1.3177e-039   [-0.000004,0.000033,]
[14,10,]   214   0.00206904   8.77658e-040   1.18903e-039   [-0.000002,0.000026,]
[15,10,]   215   0.0012967   5.32117e-040   1.45698e-039   [-0.000002,0.000021,]
[16,10,]   216   0.000640079   5.4744e-041   1.94971e-039   [-0.000001,0.000018,]
[17,10,]   217   0.000252989   -5.57995e-040   2.57556e-039   [-0.000001,0.000016,]
[18,10,]   218   8.13469e-005   -1.31298e-039   3.3023e-039   [0.000003,0.000014,]
[19,10,]   219   2.211e-005   -2.90784e-039   4.12185e-039   [0.000008,0.000013,]
[0,11,]   220   2.23521e-005   -2.9084e-039   4.21303e-039   [0.000002,-0.000011,]
[1,11,]   221   7.20327e-005   -1.45996e-039   3.39412e-039   [-0.000010,-0.000013,]
[2,11,]   222   0.000219243   -6.63945e-040   2.67138e-039   [-0.000005,-0.000015,]
[3,11,]   223   0.000558511   -3.75469e-041   2.06411e-039   [-0.000005,-0.000017,]
[4,11,]   224   0.00115378   4.43476e-040   1.63548e-039   [-0.000005,-0.000020,]
[5,11,]   225   0.00190549   8.06855e-040   1.52743e-039   [-0.000007,-0.000023,]
[6,11,]   226   0.00246491   1.0003e-039   1.92774e-039   [-0.000010,-0.000028,]
[7,11,]   227   0.00244599   1.01262e-039   2.8756e-039   [-0.000017,-0.000034,]
[8,11,]   228   0.00183356   4.37759e-040   4.01033e-039   [-0.000035,-0.000039,]
[9,11,]   229   0.0011797   -1.07575e-039   4.64587e-039   [-0.000065,-0.000031,]
[10,11,]   230   0.00121566   -5.36654e-040   4.31735e-039   [-0.000066,0.000016,]
[11,11,]   231   0.00181718   4.15648e-040   3.24133e-039   [-0.000036,0.000039,]
[12,11,]   232   0.00241854   9.54322e-040   2.09529e-039   [-0.000019,0.000035,]
[13,11,]   233   0.00245359   9.8748e-040   1.40879e-039   [-0.000011,0.000029,]
[14,11,]   234   0.00190443   7.95932e-040   1.28012e-039   [-0.000008,0.000023,]
[15,11,]   235   0.00115708   4.37154e-040   1.54807e-039   [-0.000005,0.000020,]
[16,11,]   236   0.000560784   -3.88021e-041   2.0408e-039   [-0.000004,0.000017,]
[17,11,]   237   0.000218888   -6.56506e-040   2.66665e-039   [-0.000003,0.000015,]
[18,11,]   238   6.97407e-005   -1.39402e-039   3.39339e-039   [0.000002,0.000013,]
[19,11,]   239   1.85764e-005   -3.05326e-039   4.21294e-039   [0.000007,0.000013,]
[0,12,]   240   1.6958e-005   -3.15102e-039   4.39521e-039   [0.000001,-0.000011,]
[1,12,]   241   5.40192e-005   -1.66005e-039   3.5763e-039   [-0.000012,-0.000013,]
[2,12,]   242   0.0001664   -8.35603e-040   2.85356e-039   [-0.000007,-0.000014,]
[3,12,]   243   0.000431874   -2.05801e-040   2.24629e-039   [-0.000007,-0.000016,]
[4,12,]   244   0.000917958   2.81538e-040   1.81766e-039   [-0.000008,-0.000018,]
[5,12,]   245   0.00158727   6.56993e-040   1.70961e-039   [-0.000010,-0.000020,]
[6,12,]   246   0.00222176   9.07283e-040   2.10992e-039   [-0.000014,-0.000022,]
[7,12,]   247   0.00252988   1.00028e-039   3.05778e-039   [-0.000020,-0.000023,]
[8,12,]   248   0.00242829   9.58226e-040   4.19251e-039   [-0.000030,-0.000021,]
[9,12,]   249   0.00217883   7.93625e-040   4.82805e-039   [-0.000040,-0.000010,]
[10,12,]   250   0.00218549   7.51293e-040   4.49953e-039   [-0.000041,0.000008,]
[11,12,]   251   0.00243934   1.00357e-039   3.42351e-039   [-0.000031,0.000020,]
[12,12,]   252   0.00252969   9.98298e-040   2.27747e-039   [-0.000022,0.000023,]
[13,12,]   253   0.00222013   8.96354e-040   1.59097e-039   [-0.000015,0.000022,]
[14,12,]   254   0.0015866   6.43993e-040   1.4623e-039   [-0.000011,0.000020,]
[15,12,]   255   0.00091789   2.69935e-040   1.73025e-039   [-0.000008,0.000018,]
[16,12,]   256   0.000431127   -2.16099e-040   2.22298e-039   [-0.000006,0.000016,]
[17,12,]   257   0.000164689   -8.40816e-040   2.84883e-039   [-0.000005,0.000014,]
[18,12,]   258   5.16605e-005   -1.56884e-039   3.57557e-039   [0.000001,0.000013,]
[19,12,]   259   1.34781e-005   -3.32694e-039   4.39512e-039   [0.000007,0.000013,]
[0,13,]   260   1.09961e-005   -3.5059e-039   4.66848e-039   [0.000000,-0.000010,]
[1,13,]   261   3.47298e-005   -1.95138e-039   3.84957e-039   [-0.000014,-0.000012,]
[2,13,]   262   0.000108707   -1.0986e-039   3.12683e-039   [-0.000008,-0.000013,]
[3,13,]   263   0.00028889   -4.63094e-040   2.51956e-039   [-0.000008,-0.000014,]
[4,13,]   264   0.000635256   3.1087e-041   2.09093e-039   [-0.000010,-0.000015,]
[5,13,]   265   0.00115522   4.26266e-040   1.98288e-039   [-0.000012,-0.000016,]
[6,13,]   266   0.00174302   7.09752e-040   2.38319e-039   [-0.000015,-0.000017,]
[7,13,]   267   0.00221639   8.95872e-040   3.33105e-039   [-0.000019,-0.000016,]
[8,13,]   268   0.00245805   9.88247e-040   4.46578e-039   [-0.000024,-0.000012,]
[9,13,]   269   0.00252694   1.08658e-039   5.10132e-039   [-0.000028,-0.000005,]
[10,13,]   270   0.00253097   1.067e-039   4.7728e-039   [-0.000028,0.000004,]
[11,13,]   271   0.0024765   1.00167e-039   3.69678e-039   [-0.000025,0.000012,]
[12,13,]   272   0.00223458   9.09456e-040   2.55074e-039   [-0.000020,0.000016,]
[13,13,]   273   0.0017549   7.13593e-040   1.86424e-039   [-0.000016,0.000017,]
[14,13,]   274   0.00116085   4.22665e-040   1.73557e-039   [-0.000012,0.000016,]
[15,13,]   275   0.000636822   2.32968e-041   2.00352e-039   [-0.000010,0.000015,]
[16,13,]   276   0.00028828   -4.74376e-040   2.49625e-039   [-0.000008,0.000014,]
[17,13,]   277   0.000107213   -1.10964e-039   3.1221e-039   [-0.000006,0.000013,]
[18,13,]   278   3.29711e-005   -1.83596e-039   3.84884e-039   [0.000001,0.000012,]
[19,13,]   279   8.43454e-006   -3.71546e-039   4.66839e-039   [0.000007,0.000012,]
[0,14,]   280   6.06565e-006   -3.96366e-039   5.03284e-039   [-0.000000,-0.000009,]
[1,14,]   281   1.90514e-005   -2.3331e-039   4.21393e-039   [-0.000015,-0.000011,]
[2,14,]   282   6.0717e-005   -1.4533e-039   3.49119e-039   [-0.000009,-0.000011,]
[3,14,]   283   0.000165494   -8.11172e-040   2.88392e-039   [-0.000009,-0.000012,]
[4,14,]   284   0.000376582   -3.08849e-040   2.45529e-039   [-0.000010,-0.000013,]
[5,14,]   285   0.000717491   1.02262e-040   2.34724e-039   [-0.000012,-0.000013,]
[6,14,]   286   0.00115195   4.17194e-040   2.74755e-039   [-0.000015,-0.000013,]
[7,14,]   287   0.0015823   6.42235e-040   3.69541e-039   [-0.000017,-0.000011,]
[8,14,]   288   0.00190644   7.97714e-040   4.83014e-039   [-0.000019,-0.000008,]
[9,14,]   289   0.00207575   8.81884e-040   5.46568e-039   [-0.000021,-0.000003,]
[10,14,]   290   0.00208467   8.91684e-040   5.13716e-039   [-0.000021,0.000003,]
[11,14,]   291   0.00192907   8.15869e-040   4.06114e-039   [-0.000020,0.000008,]
[12,14,]   292   0.00160721   6.65314e-040   2.9151e-039   [-0.000018,0.000011,]
[13,14,]   293   0.00117016   4.34833e-040   2.2286e-039   [-0.000015,0.000012,]
[14,14,]   294   0.000727201   1.12258e-040   2.09993e-039   [-0.000013,0.000013,]
[15,14,]   295   0.000380181   -3.05979e-040   2.36788e-039   [-0.000010,0.000013,]
[16,14,]   296   0.000165935   -8.15981e-040   2.86061e-039   [-0.000008,0.000012,]
[17,14,]   297   5.99991e-005   -1.4628e-039   3.48646e-039   [-0.000007,0.000011,]
[18,14,]   298   1.80559e-005   -2.19439e-039   4.2132e-039   [0.000001,0.000011,]
[19,14,]   299   4.5393e-006   -4.20466e-039   5.03275e-039   [0.000008,0.000011,]
[0,15,]   300   2.83466e-006   -4.51801e-039   5.48829e-039   [-0.000001,-0.000008,]
[1,15,]   301   8.87701e-006   -2.80622e-039   4.66938e-039   [-0.000016,-0.000010,]
[2,15,]   302   2.88178e-005   -1.90176e-039   3.94664e-039   [-0.000010,-0.000010,]
[3,15,]   303   8.05133e-005   -1.25244e-039   3.33937e-039   [-0.000010,-0.000011,]
[4,15,]   304   0.000189065   -7.4249e-040   2.91074e-039   [-0.000011,-0.000011,]
[5,15,]   305   0.000374834   -3.17766e-040   2.80269e-039   [-0.000012,-0.000011,]
[6,15,]   306   0.000631435   1.61052e-041   3.203e-039   [-0.000014,-0.000010,]
[7,15,]   307   0.000914772   2.67196e-040   4.15086e-039   [-0.000015,-0.000008,]
[8,15,]   308   0.00115787   4.38965e-040   5.28559e-039   [-0.000016,-0.000006,]
[9,15,]   309   0.00130097   5.37129e-040   5.92113e-039   [-0.000016,-0.000002,]
[10,15,]   310   0.00130845   5.45054e-040   5.59261e-039   [-0.000017,0.000002,]
[11,15,]   311   0.00117656   4.62266e-040   4.51659e-039   [-0.000017,0.000005,]
[12,15,]   312   0.000935747   2.98114e-040   3.37055e-039   [-0.000016,0.000008,]
[13,15,]   313   0.000647469   4.69451e-041   2.68405e-039   [-0.000014,0.000009,]
[14,15,]   314   0.000383908   -2.92224e-040   2.55538e-039   [-0.000012,0.000010,]
[15,15,]   315   0.000192842   -7.24397e-040   2.82333e-039   [-0.000011,0.000010,]
[16,15,]   316   8.14582e-005   -1.24449e-039   3.31606e-039   [-0.000009,0.000010,]
[17,15,]   317   2.86743e-005   -1.90253e-039   3.94191e-039   [-0.000007,0.000010,]
[18,15,]   318   8.44524e-006   -2.64434e-039   4.66865e-039   [0.000001,0.000010,]
[19,15,]   319   2.09254e-006   -4.78366e-039   5.4882e-039   [0.000008,0.000011,]
[0,16,]   320   1.11868e-006   -5.15561e-039   6.03483e-039   [-0.000001,-0.000007,]
[1,16,]   321   3.50019e-006   -3.36269e-039   5.21592e-039   [-0.000017,-0.000009,]
[2,16,]   322   1.15672e-005   -2.43662e-039   4.49318e-039   [-0.000010,-0.000009,]
[3,16,]   323   3.30635e-005   -1.78047e-039   3.88591e-039   [-0.000010,-0.000009,]
[4,16,]   324   7.98113e-005   -1.26395e-039   3.45728e-039   [-0.000011,-0.000009,]
[5,16,]   325   0.000163481   -8.29319e-040   3.34923e-039   [-0.000012,-0.000008,]
[6,16,]   326   0.000285641   -4.82933e-040   3.74954e-039   [-0.000012,-0.000008,]
[7,16,]   327   0.000429433   -2.19732e-040   4.6974e-039   [-0.000013,-0.000006,]
[8,16,]   328   0.00056102   -3.72642e-041   5.83213e-039   [-0.000013,-0.000004,]
[9,16,]   329   0.000642192   5.97877e-041   6.46767e-039   [-0.000013,-0.000001,]
[10,16,]   330   0.000646757   6.97721e-041   6.13915e-039   [-0.000014,0.000001,]
[11,16,]   331   0.000572299   -1.15376e-041   5.06313e-039   [-0.000014,0.000004,]
[12,16,]   332   0.000442235   -1.82906e-040   3.91709e-039   [-0.000014,0.000006,]
[13,16,]   333   0.000295659   -4.41958e-040   3.23059e-039   [-0.000013,0.000007,]
[14,16,]   334   0.00016935   -7.90142e-040   3.10192e-039   [-0.000012,0.000008,]
[15,16,]   335   8.24096e-005   -1.23069e-039   3.36987e-039   [-0.000010,0.000009,]
[16,16,]   336   3.38575e-005   -1.75798e-039   3.8626e-039   [-0.000009,0.000009,]
[17,16,]   337   1.16354e-005   -2.42534e-039   4.48845e-039   [-0.000008,0.000009,]
[18,16,]   338   3.35866e-006   -3.17998e-039   5.21519e-039   [0.000001,0.000009,]
[19,16,]   339   8.22677e-007   -5.43904e-039   6.03474e-039   [0.000009,0.000010,]
[0,17,]   340   3.69819e-007   -5.93358e-039   6.67246e-039   [-0.000002,-0.000006,]
[1,17,]   341   1.15794e-006   -4.06089e-039   5.85355e-039   [-0.000018,-0.000007,]
[2,17,]   342   3.89167e-006   -3.11359e-039   5.13081e-039   [-0.000010,-0.000008,]
[3,17,]   343   1.13568e-005   -2.44831e-039   4.52354e-039   [-0.000010,-0.000008,]
[4,17,]   344   2.80765e-005   -1.92303e-039   4.09491e-039   [-0.000010,-0.000007,]
[5,17,]   345   5.90719e-005   -1.47731e-039   3.98686e-039   [-0.000011,-0.000007,]
[6,17,]   346   0.000106168   -1.1192e-039   4.38717e-039   [-0.000011,-0.000006,]
[7,17,]   347   0.000163971   -8.45098e-040   5.33503e-039   [-0.000011,-0.000005,]
[8,17,]   348   0.00021893   -6.55279e-040   6.46976e-039   [-0.000011,-0.000003,]
[9,17,]   349   0.000253814   -5.53072e-040   7.1053e-039   [-0.000011,-0.000001,]
[10,17,]   350   0.000255944   -5.42913e-040   6.77678e-039   [-0.000011,0.000001,]
[11,17,]   351   0.000224233   -6.25821e-040   5.70076e-039   [-0.000012,0.000003,]
[12,17,]   352   0.000170049   -8.00488e-040   4.55472e-039   [-0.000012,0.000005,]
[13,17,]   353   0.000111001   -1.06523e-039   3.86822e-039   [-0.000012,0.000006,]
[14,17,]   354   6.1972e-005   -1.42009e-039   3.73955e-039   [-0.000011,0.000007,]
[15,17,]   355   2.94126e-005   -1.86794e-039   4.0075e-039   [-0.000010,0.000008,]
[16,17,]   356   1.18082e-005   -2.40225e-039   4.50023e-039   [-0.000009,0.000008,]
[17,17,]   357   3.97388e-006   -3.07903e-039   5.12608e-039   [-0.000008,0.000008,]
[18,17,]   358   1.12638e-006   -3.84972e-039   5.85282e-039   [0.000001,0.000008,]
[19,17,]   359   2.73489e-007   -6.21713e-039   6.67237e-039   [0.000010,0.000009,]
[0,18,]   360   1.03076e-007   -6.8229e-039   7.40118e-039   [-0.000002,0.000003,]
[1,18,]   361   3.23197e-007   -4.85905e-039   6.58227e-039   [-0.000019,0.000002,]
[2,18,]   362   1.10277e-006   -3.88435e-039   5.85953e-039   [-0.000010,0.000001,]
[3,18,]   363   3.27671e-006   -3.20333e-039   5.25226e-039   [-0.000010,0.000001,]
[4,18,]   364   8.26448e-006   -2.66566e-039   4.82363e-039   [-0.000010,0.000001,]
[5,18,]   365   1.77668e-005   -2.20968e-039   4.71558e-039   [-0.000010,0.000001,]
[6,18,]   366   3.26339e-005   -1.84602e-039   5.11589e-039   [-0.000010,0.000001,]
[7,18,]   367   5.14177e-005   -1.57326e-039   6.06375e-039   [-0.000010,0.000001,]
[8,18,]   368   6.97412e-005   -1.39266e-039   7.19848e-039   [-0.000009,0.000002,]
[9,18,]   369   8.16076e-005   -1.30781e-039   7.83402e-039   [-0.000009,0.000003,]
[10,18,]   370   8.24212e-005   -1.3209e-039   7.5055e-039   [-0.000009,0.000005,]
[11,18,]   371   7.17709e-005   -1.43104e-039   6.42948e-039   [-0.000010,0.000007,]
[12,18,]   372   5.37547e-005   -1.63463e-039   5.28344e-039   [-0.000011,0.000009,]
[13,18,]   373   3.45071e-005   -1.92803e-039   4.59694e-039   [-0.000011,0.000010,]
[14,18,]   374   1.8905e-005   -2.31001e-039   4.46827e-039   [-0.000010,0.000012,]
[15,18,]   375   8.80051e-006   -2.78249e-039   4.73622e-039   [-0.000010,0.000013,]
[16,18,]   376   3.46763e-006   -3.33832e-039   5.22895e-039   [-0.000008,0.000014,]
[17,18,]   377   1.14652e-006   -4.03627e-039   5.8548e-039   [-0.000007,0.000015,]
[18,18,]   378   3.19844e-007   -4.83418e-039   6.58154e-039   [0.000002,0.000015,]
[19,18,]   379   7.71659e-008   -7.3142e-039   7.40109e-039   [0.000011,0.000016,]
[0,19,]   380   2.51828e-008   -9.31327e-039   8.22099e-039   [-0.000002,0.000013,]
[1,19,]   381   7.80275e-008   -7.33818e-039   7.40208e-039   [-0.000020,0.000011,]
[2,19,]   382   2.67707e-007   -6.25429e-039   6.67934e-039   [-0.000011,0.000010,]
[3,19,]   383   8.02396e-007   -5.46505e-039   6.07207e-039   [-0.000011,0.000009,]
[4,19,]   384   2.04705e-006   -4.80847e-039   5.64344e-039   [-0.000011,0.000008,]
[5,19,]   385   4.46477e-006   -4.2236e-039   5.53539e-039   [-0.000011,0.000008,]
[6,19,]   386   8.34466e-006   -3.72876e-039   5.9357e-039   [-0.000011,0.000007,]
[7,19,]   387   1.34093e-005   -3.33377e-039   6.88356e-039   [-0.000010,0.000007,]
[8,19,]   388   1.85704e-005   -3.05328e-039   8.01829e-039   [-0.000009,0.000007,]
[9,19,]   389   2.21757e-005   -2.90313e-039   8.65383e-039   [-0.000008,0.000008,]
[10,19,]   390   2.28048e-005   -2.89274e-039   8.32531e-039   [-0.000008,0.000009,]
[11,19,]   391   2.0147e-005   -3.0216e-039   7.24929e-039   [-0.000008,0.000010,]
[12,19,]   392   1.52432e-005   -3.28027e-039   6.10325e-039   [-0.000009,0.000012,]
[13,19,]   393   9.84206e-006   -3.65501e-039   5.41675e-039   [-0.000009,0.000014,]
[14,19,]   394   5.40292e-006   -4.13368e-039   5.28808e-039   [-0.000009,0.000016,]
[15,19,]   395   2.5127e-006   -4.70902e-039   5.55603e-039   [-0.000008,0.000018,]
[16,19,]   396   9.86991e-007   -5.36732e-039   6.04876e-039   [-0.000007,0.000019,]
[17,19,]   397   3.2484e-007   -6.16551e-039   6.67461e-039   [-0.000006,0.000021,]
[18,19,]   398   9.0151e-008   -7.07339e-039   7.40135e-039   [0.000003,0.000022,]
[19,19,]   399   2.19163e-008   -9.60293e-039   8.2209e-039   [0.000013,0.000023,]
