coordinates  index   rho      Q      V      velocities
[0,0,]   0   0.0528006   2.84856e-39   0   [0.000006,-0.000006,]
[1,0,]   1   0.0731676   2.47648e-39   0   [0.000007,-0.000006,]
[2,0,]   2   0.0663625   2.11288e-39   0   [0.000008,-0.000006,]
[3,0,]   3   0.0406947   -3.6772e-39   0   [0.000009,-0.000004,]
[4,0,]   4   0.014606   -1.16297e-38   0   [0.000010,-0.000002,]
[5,0,]   5   0.00115504   -2.27922e-38   0   [0.000005,-0.000016,]
[6,0,]   6   0.00201144   2.72744e-39   0   [0.000007,-0.000009,]
[7,0,]   7   0.0111915   6.7482e-39   0   [0.000011,-0.000004,]
[8,0,]   8   0.0213799   5.64923e-39   0   [0.000012,-0.000002,]
[9,0,]   9   0.0275625   5.1697e-39   0   [0.000012,-0.000001,]
[10,0,]   10   0.0285947   5.38585e-39   0   [0.000012,0.000001,]
[11,0,]   11   0.0222039   5.64134e-39   0   [0.000012,0.000003,]
[12,0,]   12   0.0116588   6.74559e-39   0   [0.000011,0.000004,]
[13,0,]   13   0.00211186   3.00323e-39   0   [0.000011,0.000008,]
[14,0,]   14   0.00110222   -2.36134e-38   0   [0.000008,0.000008,]
[15,0,]   15   0.0148218   -1.16051e-38   0   [0.000008,0.000009,]
[16,0,]   16   0.0415961   -3.73881e-39   0   [0.000008,0.000007,]
[17,0,]   17   0.0680101   2.11265e-39   0   [0.000007,0.000006,]
[18,0,]   18   0.0750738   2.47827e-39   0   [0.000007,0.000006,]
[19,0,]   19   0.0541972   2.852e-39   0   [0.000006,0.000006,]
[0,1,]   20   0.0732582   2.47384e-39   0   [0.000006,-0.000007,]
[1,1,]   21   0.0637029   2.71361e-39   0   [0.000007,-0.000007,]
[2,1,]   22   0.031708   2.7255e-39   0   [0.000009,-0.000005,]
[3,1,]   23   0.00495736   -1.98201e-38   0   [0.000010,-0.000008,]
[4,1,]   24   0.00201205   -4.94542e-38   0   [0.000005,-0.000012,]
[5,1,]   25   0.0214539   -1.81002e-40   0   [0.000008,-0.000007,]
[6,1,]   26   0.0498424   2.6494e-39   0   [0.000011,-0.000005,]
[7,1,]   27   0.0746647   2.65347e-39   0   [0.000012,-0.000004,]
[8,1,]   28   0.0905419   2.65179e-39   0   [0.000013,-0.000002,]
[9,1,]   29   0.097675   2.55722e-39   0   [0.000014,-0.000001,]
[10,1,]   30   0.100561   2.73964e-39   0   [0.000014,0.000001,]
[11,1,]   31   0.0932715   2.65756e-39   0   [0.000013,0.000003,]
[12,1,]   32   0.0770052   2.66101e-39   0   [0.000013,0.000004,]
[13,1,]   33   0.0515093   2.66428e-39   0   [0.000012,0.000005,]
[14,1,]   34   0.0222681   -7.61837e-41   0   [0.000013,0.000005,]
[15,1,]   35   0.00213595   -4.82296e-38   0   [0.000009,0.000008,]
[16,1,]   36   0.00498161   -2.03408e-38   0   [0.000005,0.000008,]
[17,1,]   37   0.0323487   2.72857e-39   0   [0.000006,0.000009,]
[18,1,]   38   0.0652136   2.71786e-39   0   [0.000007,0.000007,]
[19,1,]   39   0.0750863   2.47785e-39   0   [0.000006,0.000007,]
[0,2,]   40   0.0665122   2.11008e-39   0   [0.000006,-0.000007,]
[1,2,]   41   0.0317344   2.72496e-39   0   [0.000008,-0.000007,]
[2,2,]   42   0.00273999   -3.70976e-38   0   [0.000005,-0.000010,]
[3,2,]   43   0.00732979   -1.49109e-38   0   [0.000006,-0.000010,]
[4,2,]   44   0.0420764   2.63355e-39   0   [0.000009,-0.000010,]
[5,2,]   45   0.083021   2.6427e-39   0   [0.000011,-0.000007,]
[6,2,]   46   0.109919   2.64014e-39   0   [0.000013,-0.000006,]
[7,2,]   47   0.118514   2.63174e-39   0   [0.000014,-0.000005,]
[8,2,]   48   0.1162   2.62069e-39   0   [0.000015,-0.000003,]
[9,2,]   49   0.112323   2.54073e-39   0   [0.000015,-0.000001,]
[10,2,]   50   0.11498   2.68698e-39   0   [0.000015,0.000001,]
[11,2,]   51   0.119039   2.62437e-39   0   [0.000015,0.000003,]
[12,2,]   52   0.121575   2.63602e-39   0   [0.000014,0.000005,]
[13,2,]   53   0.112951   2.64476e-39   0   [0.000013,0.000006,]
[14,2,]   54   0.0854916   2.6478e-39   0   [0.000011,0.000007,]
[15,2,]   55   0.0434737   2.64069e-39   0   [0.000011,0.000005,]
[16,2,]   56   0.00765801   -1.45447e-38   0   [0.000010,0.000007,]
[17,2,]   57   0.00273425   -3.80131e-38   0   [0.000006,0.000010,]
[18,2,]   58   0.0323621   2.72935e-39   0   [0.000005,0.000009,]
[19,2,]   59   0.0680465   2.11237e-39   0   [0.000006,0.000008,]
[0,3,]   60   0.0408113   -3.67835e-39   0   [0.000007,-0.000008,]
[1,3,]   61   0.00495574   -1.98804e-38   0   [0.000005,-0.000008,]
[2,3,]   62   0.00734518   -1.48947e-38   0   [0.000005,-0.000012,]
[3,3,]   63   0.0500543   2.63413e-39   0   [0.000008,-0.000010,]
[4,3,]   64   0.0982148   2.63914e-39   0   [0.000010,-0.000009,]
[5,3,]   65   0.11878   2.63571e-39   0   [0.000012,-0.000008,]
[6,3,]   66   0.107   2.62291e-39   0   [0.000014,-0.000008,]
[7,3,]   67   0.0800485   2.60491e-39   0   [0.000015,-0.000006,]
[8,3,]   68   0.0561013   2.54169e-39   0   [0.000017,0.000006,]
[9,3,]   69   0.0435048   5.39996e-40   0   [0.000018,0.000002,]
[10,3,]   70   0.0440131   4.83366e-40   0   [0.000018,0.000006,]
[11,3,]   71   0.0569137   2.56543e-39   0   [0.000017,0.000017,]
[12,3,]   72   0.0815225   2.61044e-39   0   [0.000015,0.000007,]
[13,3,]   73   0.109348   2.62659e-39   0   [0.000014,0.000008,]
[14,3,]   74   0.121737   2.63988e-39   0   [0.000012,0.000008,]
[15,3,]   75   0.100928   2.64366e-39   0   [0.000010,0.000009,]
[16,3,]   76   0.0516185   2.63939e-39   0   [0.000010,0.000008,]
[17,3,]   77   0.0076658   -1.45373e-38   0   [0.000008,0.000007,]
[18,3,]   78   0.00498706   -2.03438e-38   0   [0.000005,0.000012,]
[19,3,]   79   0.0416404   -3.73898e-39   0   [0.000004,0.000009,]
[0,4,]   80   0.0146297   -1.16058e-38   0   [0.000008,-0.000009,]
[1,4,]   81   0.00202636   -4.93292e-38   0   [-0.000000,-0.000014,]
[2,4,]   82   0.0422252   2.63548e-39   0   [0.000005,-0.000011,]
[3,4,]   83   0.0983757   2.63944e-39   0   [0.000009,-0.000010,]
[4,4,]   84   0.118726   2.63565e-39   0   [0.000010,-0.000011,]
[5,4,]   85   0.0906722   2.62588e-39   0   [0.000012,-0.000011,]
[6,4,]   86   0.043579   2.57056e-39   0   [0.000015,0.000002,]
[7,4,]   87   0.0105559   -1.40648e-38   0   [0.000026,-0.000011,]
[8,4,]   88   0.000269267   -2.08406e-37   0   [-0.000020,-0.000164,]
[9,4,]   89   0.00116027   -7.78506e-38   0   [0.000011,-0.000032,]
[10,4,]   90   0.00131966   -7.18148e-38   0   [0.000028,0.000026,]
[11,4,]   91   0.000186557   -2.59029e-37   0   [-0.000027,0.000163,]
[12,4,]   92   0.0104149   -1.45997e-38   0   [0.000004,0.000010,]
[13,4,]   93   0.0440578   2.58162e-39   0   [0.000014,0.000025,]
[14,4,]   94   0.092398   2.62906e-39   0   [0.000013,0.000010,]
[15,4,]   95   0.121491   2.63937e-39   0   [0.000011,0.000011,]
[16,4,]   96   0.100988   2.64362e-39   0   [0.000009,0.000010,]
[17,4,]   97   0.0435316   2.63937e-39   0   [0.000010,0.000009,]
[18,4,]   98   0.00214776   -4.81016e-38   0   [0.000005,0.000010,]
[19,4,]   99   0.0148568   -1.16057e-38   0   [0.000002,0.000010,]
[0,5,]   100   0.00111982   -2.32042e-38   0   [-0.000008,-0.000016,]
[1,5,]   101   0.0216171   -1.43724e-40   0   [0.000004,-0.000013,]
[2,5,]   102   0.0834381   2.64369e-39   0   [0.000006,-0.000011,]
[3,5,]   103   0.119151   2.6363e-39   0   [0.000008,-0.000012,]
[4,5,]   104   0.0907912   2.62643e-39   0   [0.000010,-0.000013,]
[5,5,]   105   0.0313156   2.54927e-39   0   [0.000024,-0.000001,]
[6,5,]   106   0.000260385   -2.48359e-37   0   [-0.000100,-0.000163,]
[7,5,]   107   0.0194949   -7.86149e-39   0   [0.000006,-0.000014,]
[8,5,]   108   0.0636349   1.71505e-39   0   [0.000022,-0.000019,]
[9,5,]   109   0.095726   2.34658e-39   0   [0.000025,-0.000007,]
[10,5,]   110   0.0993583   2.58179e-39   0   [0.000026,-0.000000,]
[11,5,]   111   0.0662201   1.83813e-39   0   [0.000024,-0.000004,]
[12,5,]   112   0.0205181   -7.40449e-39   0   [0.000034,0.000011,]
[13,5,]   113   0.00019929   -2.91541e-37   0   [-0.000060,0.000108,]
[14,5,]   114   0.0315372   2.52337e-39   0   [-0.000002,0.000028,]
[15,5,]   115   0.0924482   2.62872e-39   0   [0.000010,0.000013,]
[16,5,]   116   0.121879   2.63978e-39   0   [0.000008,0.000012,]
[17,5,]   117   0.0856511   2.64765e-39   0   [0.000007,0.000011,]
[18,5,]   118   0.0223354   -8.90285e-41   0   [0.000007,0.000008,]
[19,5,]   119   0.00113135   -2.33143e-38   0   [0.000005,0.000010,]
[0,6,]   120   0.00201842   2.8315e-39   0   [-0.000002,-0.000015,]
[1,6,]   121   0.0502823   2.66005e-39   0   [0.000004,-0.000012,]
[2,6,]   122   0.110634   2.64128e-39   0   [0.000006,-0.000013,]
[3,6,]   123   0.107464   2.62404e-39   0   [0.000007,-0.000014,]
[4,6,]   124   0.0436377   2.5897e-39   0   [0.000021,-0.000015,]
[5,6,]   125   0.000236175   -2.62272e-37   0   [-0.000149,-0.000142,]
[6,6,]   126   0.0383363   5.18909e-40   0   [0.000003,-0.000030,]
[7,6,]   127   0.134831   2.36175e-39   0   [0.000022,-0.000016,]
[8,6,]   128   0.223471   2.30944e-39   0   [0.000028,-0.000012,]
[9,6,]   129   0.267395   2.19119e-39   0   [0.000032,-0.000005,]
[10,6,]   130   0.275058   2.36314e-39   0   [0.000033,0.000005,]
[11,6,]   131   0.230134   2.3094e-39   0   [0.000028,0.000012,]
[12,6,]   132   0.139302   2.36416e-39   0   [0.000022,0.000015,]
[13,6,]   133   0.0400141   7.45807e-40   0   [0.000031,0.000002,]
[14,6,]   134   0.000218761   -2.77389e-37   0   [-0.000060,0.000071,]
[15,6,]   135   0.0441034   2.55929e-39   0   [-0.000005,0.000016,]
[16,6,]   136   0.109534   2.62611e-39   0   [0.000007,0.000014,]
[17,6,]   137   0.113228   2.64473e-39   0   [0.000006,0.000013,]
[18,6,]   138   0.0516831   2.65532e-39   0   [0.000005,0.000012,]
[19,6,]   139   0.00215886   2.97007e-39   0   [0.000003,0.000010,]
[0,7,]   140   0.0113379   6.75866e-39   0   [0.000002,-0.000012,]
[1,7,]   141   0.0754345   2.65752e-39   0   [0.000004,-0.000013,]
[2,7,]   142   0.119453   2.63316e-39   0   [0.000004,-0.000014,]
[3,7,]   143   0.0804514   2.60823e-39   0   [0.000006,-0.000016,]
[4,7,]   144   0.0104967   -1.41527e-38   0   [0.000005,-0.000008,]
[5,7,]   145   0.0196473   -7.7828e-39   0   [0.000008,-0.000033,]
[6,7,]   146   0.135308   2.36278e-39   0   [0.000015,-0.000022,]
[7,7,]   147   0.268889   2.20158e-39   0   [0.000023,-0.000023,]
[8,7,]   148   0.331188   1.98893e-39   0   [0.000034,-0.000021,]
[9,7,]   149   0.331995   1.78526e-39   0   [0.000044,-0.000009,]
[10,7,]   150   0.339597   1.91783e-39   0   [0.000045,0.000009,]
[11,7,]   151   0.339142   1.98561e-39   0   [0.000034,0.000021,]
[12,7,]   152   0.276005   2.20103e-39   0   [0.000023,0.000023,]
[13,7,]   153   0.139547   2.36324e-39   0   [0.000016,0.000022,]
[14,7,]   154   0.0206511   -7.38151e-39   0   [0.000011,0.000005,]
[15,7,]   155   0.0104393   -1.46765e-38   0   [0.000007,0.000031,]
[16,7,]   156   0.0816976   2.6078e-39   0   [0.000005,0.000016,]
[17,7,]   157   0.121948   2.636e-39   0   [0.000005,0.000014,]
[18,7,]   158   0.0773111   2.65889e-39   0   [0.000003,0.000013,]
[19,7,]   159   0.0117513   6.71757e-39   0   [0.000002,0.000011,]
[0,8,]   160   0.0217072   5.64679e-39   0   [0.000001,-0.000012,]
[1,8,]   161   0.0916233   2.65452e-39   0   [0.000002,-0.000013,]
[2,8,]   162   0.117285   2.62224e-39   0   [0.000003,-0.000015,]
[3,8,]   163   0.0563889   2.5691e-39   0   [0.000014,-0.000017,]
[4,8,]   164   0.000215213   -2.37129e-37   0   [-0.000209,-0.000075,]
[5,8,]   165   0.0643842   1.77382e-39   0   [-0.000004,-0.000024,]
[6,8,]   166   0.225118   2.30913e-39   0   [0.000012,-0.000028,]
[7,8,]   167   0.332488   1.98781e-39   0   [0.000020,-0.000034,]
[8,8,]   168   0.299172   1.25814e-39   0   [0.000038,-0.000039,]
[9,8,]   169   0.21242   3.05485e-40   0   [0.000069,-0.000023,]
[10,8,]   170   0.216117   3.94445e-40   0   [0.000070,0.000023,]
[11,8,]   171   0.304874   1.2505e-39   0   [0.000039,0.000039,]
[12,8,]   172   0.339711   1.98519e-39   0   [0.000020,0.000034,]
[13,8,]   173   0.230882   2.30891e-39   0   [0.000012,0.000028,]
[14,8,]   174   0.0666086   1.82134e-39   0   [0.000020,0.000023,]
[15,8,]   175   0.000219839   -2.37454e-37   0   [-0.000031,0.000031,]
[16,8,]   176   0.0570493   2.53114e-39   0   [-0.000009,0.000017,]
[17,8,]   177   0.119479   2.62429e-39   0   [0.000003,0.000015,]
[18,8,]   178   0.0937085   2.65706e-39   0   [0.000002,0.000013,]
[19,8,]   179   0.0223566   5.63302e-39   0   [0.000002,0.000012,]
[0,9,]   180   0.0280451   5.28195e-39   0   [0.000000,-0.000012,]
[1,9,]   181   0.0990202   2.65172e-39   0   [0.000001,-0.000014,]
[2,9,]   182   0.113548   2.61663e-39   0   [0.000001,-0.000015,]
[3,9,]   183   0.0437329   5.22428e-40   0   [0.000004,-0.000018,]
[4,9,]   184   0.00122218   -7.52903e-38   0   [-0.000037,-0.000032,]
[5,9,]   185   0.0972915   2.47315e-39   0   [-0.000001,-0.000026,]
[6,9,]   186   0.270571   2.28399e-39   0   [0.000004,-0.000032,]
[7,9,]   187   0.3349   1.85925e-39   0   [0.000009,-0.000045,]
[8,9,]   188   0.213557   3.60863e-40   0   [0.000023,-0.000070,]
[9,9,]   189   0.0540346   -1.2081e-38   0   [0.000116,-0.000116,]
[10,9,]   190   0.0546161   -1.2057e-38   0   [0.000116,0.000116,]
[11,9,]   191   0.216599   3.48175e-40   0   [0.000023,0.000070,]
[12,9,]   192   0.340827   1.85497e-39   0   [0.000009,0.000045,]
[13,9,]   193   0.276413   2.28318e-39   0   [0.000005,0.000033,]
[14,9,]   194   0.100045   2.47161e-39   0   [0.000006,0.000026,]
[15,9,]   195   0.00137024   -7.08825e-38   0   [0.000000,0.000012,]
[16,9,]   196   0.0441166   4.19422e-40   0   [-0.000002,0.000018,]
[17,9,]   197   0.115486   2.61891e-39   0   [0.000001,0.000015,]
[18,9,]   198   0.101116   2.65462e-39   0   [0.000001,0.000014,]
[19,9,]   199   0.0288003   5.27376e-39   0   [0.000000,0.000012,]
[0,10,]   200   0.0280872   5.28109e-39   0   [-0.000001,-0.000012,]
[1,10,]   201   0.0991371   2.65164e-39   0   [-0.000001,-0.000014,]
[2,10,]   202   0.113672   2.61661e-39   0   [-0.000001,-0.000015,]
[3,10,]   203   0.0437667   5.0805e-40   0   [0.000001,-0.000018,]
[4,10,]   204   0.00125054   -7.43451e-38   0   [-0.000040,-0.000011,]
[5,10,]   205   0.0976021   2.46967e-39   0   [-0.000007,-0.000025,]
[6,10,]   206   0.271366   2.28401e-39   0   [-0.000005,-0.000032,]
[7,10,]   207   0.335978   1.85888e-39   0   [-0.000009,-0.000044,]
[8,10,]   208   0.214409   3.58644e-40   0   [-0.000023,-0.000069,]
[9,10,]   209   0.0543796   -1.2058e-38   0   [-0.000116,-0.000116,]
[10,10,]   210   0.0546198   -1.20753e-38   0   [-0.000116,0.000116,]
[11,10,]   211   0.216597   3.48068e-40   0   [-0.000023,0.000070,]
[12,10,]   212   0.340816   1.85489e-39   0   [-0.000009,0.000045,]
[13,10,]   213   0.276391   2.28321e-39   0   [-0.000005,0.000033,]
[14,10,]   214   0.10002   2.47522e-39   0   [0.000001,0.000026,]
[15,10,]   215   0.00135281   -7.13037e-38   0   [-0.000000,0.000031,]
[16,10,]   216   0.0441106   4.2487e-40   0   [-0.000005,0.000018,]
[17,10,]   217   0.115488   2.61915e-39   0   [-0.000001,0.000015,]
[18,10,]   218   0.101119   2.65494e-39   0   [-0.000001,0.000014,]
[19,10,]   219   0.0287968   5.27502e-39   0   [-0.000001,0.000012,]
[0,11,]   220   0.0218119   5.64242e-39   0   [-0.000002,-0.000012,]
[1,11,]   221   0.0919526   2.65413e-39   0   [-0.000002,-0.000013,]
[2,11,]   222   0.117676   2.62243e-39   0   [-0.000003,-0.000015,]
[3,11,]   223   0.0565332   2.53841e-39   0   [0.000006,-0.000017,]
[4,11,]   224   0.000243602   -2.22204e-37   0   [-0.000231,0.000039,]
[5,11,]   225   0.0650447   1.76698e-39   0   [-0.000019,-0.000022,]
[6,11,]   226   0.227114   2.30922e-39   0   [-0.000012,-0.000028,]
[7,11,]   227   0.335635   1.98697e-39   0   [-0.000021,-0.000034,]
[8,11,]   228   0.302514   1.25347e-39   0   [-0.000039,-0.000038,]
[9,11,]   229   0.215531   3.52166e-40   0   [-0.000070,-0.000023,]
[10,11,]   230   0.216134   3.50712e-40   0   [-0.000070,0.000023,]
[11,11,]   231   0.304875   1.25035e-39   0   [-0.000039,0.000039,]
[12,11,]   232   0.339692   1.98512e-39   0   [-0.000020,0.000034,]
[13,11,]   233   0.230835   2.30907e-39   0   [-0.000012,0.000028,]
[14,11,]   234   0.0665531   1.84963e-39   0   [0.000006,0.000024,]
[15,11,]   235   0.000182085   -2.63081e-37   0   [0.000031,0.000026,]
[16,11,]   236   0.0570377   2.56337e-39   0   [-0.000017,0.000017,]
[17,11,]   237   0.119485   2.6247e-39   0   [-0.000003,0.000015,]
[18,11,]   238   0.0937166   2.65819e-39   0   [-0.000002,0.000013,]
[19,11,]   239   0.0223446   5.63829e-39   0   [-0.000002,0.000012,]
[0,12,]   240   0.0114498   6.73482e-39   0   [-0.000004,-0.000011,]
[1,12,]   241   0.0759003   2.65609e-39   0   [-0.000004,-0.000012,]
[2,12,]   242   0.120142   2.63381e-39   0   [-0.000005,-0.000014,]
[3,12,]   243   0.0808457   2.60626e-39   0   [-0.000006,-0.000015,]
[4,12,]   244   0.0104982   -1.43718e-38   0   [-0.000011,-0.000026,]
[5,12,]   245   0.0200892   -7.6025e-39   0   [-0.000014,-0.000006,]
[6,12,]   246   0.137384   2.36258e-39   0   [-0.000017,-0.000022,]
[7,12,]   247   0.273059   2.20123e-39   0   [-0.000023,-0.000023,]
[8,12,]   248   0.336935   1.98607e-39   0   [-0.000034,-0.000020,]
[9,12,]   249   0.338863   1.85624e-39   0   [-0.000045,-0.000009,]
[10,12,]   250   0.339628   1.85601e-39   0   [-0.000045,0.000009,]
[11,12,]   251   0.339165   1.98552e-39   0   [-0.000034,0.000021,]
[12,12,]   252   0.276007   2.20103e-39   0   [-0.000023,0.000023,]
[13,12,]   253   0.139514   2.36424e-39   0   [-0.000015,0.000022,]
[14,12,]   254   0.0206015   -7.37603e-39   0   [-0.000010,0.000035,]
[15,12,]   255   0.0104044   -1.46491e-38   0   [-0.000008,0.000004,]
[16,12,]   256   0.0816919   2.6107e-39   0   [-0.000007,0.000016,]
[17,12,]   257   0.12196   2.63644e-39   0   [-0.000005,0.000014,]
[18,12,]   258   0.0773207   2.66155e-39   0   [-0.000004,0.000013,]
[19,12,]   259   0.0117287   6.7405e-39   0   [-0.000003,0.000012,]
[0,13,]   260   0.00208235   2.85114e-39   0   [-0.000010,-0.000007,]
[1,13,]   261   0.0507412   2.65236e-39   0   [-0.000005,-0.000011,]
[2,13,]   262   0.111567   2.64251e-39   0   [-0.000006,-0.000013,]
[3,13,]   263   0.108296   2.62465e-39   0   [-0.000008,-0.000014,]
[4,13,]   264   0.0438563   2.56595e-39   0   [0.000003,-0.000015,]
[5,13,]   265   0.000235125   -2.64882e-37   0   [-0.000195,0.000126,]
[6,13,]   266   0.0393195   6.57019e-40   0   [-0.000030,-0.000002,]
[7,13,]   267   0.137861   2.36366e-39   0   [-0.000022,-0.000015,]
[8,13,]   268   0.228759   2.30904e-39   0   [-0.000028,-0.000012,]
[9,13,]   269   0.274527   2.2834e-39   0   [-0.000033,-0.000004,]
[10,13,]   270   0.275095   2.28342e-39   0   [-0.000033,0.000005,]
[11,13,]   271   0.230183   2.30908e-39   0   [-0.000028,0.000012,]
[12,13,]   272   0.139337   2.36319e-39   0   [-0.000022,0.000016,]
[13,13,]   273   0.0400144   7.45655e-40   0   [-0.000001,0.000032,]
[14,13,]   274   0.000198359   -2.9244e-37   0   [0.000060,0.000070,]
[15,13,]   275   0.0440882   2.58086e-39   0   [-0.000025,0.000014,]
[16,13,]   276   0.109538   2.62677e-39   0   [-0.000007,0.000014,]
[17,13,]   277   0.113242   2.64508e-39   0   [-0.000006,0.000013,]
[18,13,]   278   0.0516894   2.66472e-39   0   [-0.000005,0.000012,]
[19,13,]   279   0.00212745   3.02366e-39   0   [-0.000003,0.000013,]
[0,14,]   280   0.00114325   -2.30568e-38   0   [-0.000018,-0.000004,]
[1,14,]   281   0.0219029   -1.33647e-40   0   [-0.000007,-0.000008,]
[2,14,]   282   0.0843932   2.64538e-39   0   [-0.000007,-0.000011,]
[3,14,]   283   0.120446   2.63793e-39   0   [-0.000009,-0.000012,]
[4,14,]   284   0.0916637   2.62747e-39   0   [-0.000011,-0.000012,]
[5,14,]   285   0.0314456   2.53773e-39   0   [-0.000000,-0.000025,]
[6,14,]   286   0.000211345   -2.81006e-37   0   [-0.000153,0.000165,]
[7,14,]   287   0.0202408   -7.52599e-39   0   [-0.000034,-0.000008,]
[8,14,]   288   0.065793   1.82524e-39   0   [-0.000024,0.000005,]
[9,14,]   289   0.099162   2.47443e-39   0   [-0.000026,0.000001,]
[10,14,]   290   0.0993889   2.47104e-39   0   [-0.000025,0.000007,]
[11,14,]   291   0.0662761   1.80986e-39   0   [-0.000023,0.000020,]
[12,14,]   292   0.0205681   -7.41e-39   0   [-0.000005,0.000013,]
[13,14,]   293   0.000219886   -2.76468e-37   0   [0.000059,0.000108,]
[14,14,]   294   0.0315374   2.52325e-39   0   [-0.000027,-0.000002,]
[15,14,]   295   0.0924479   2.62913e-39   0   [-0.000010,0.000013,]
[16,14,]   296   0.121888   2.64002e-39   0   [-0.000008,0.000012,]
[17,14,]   297   0.0856609   2.64804e-39   0   [-0.000007,0.000011,]
[18,14,]   298   0.0223358   -6.9152e-41   0   [-0.000004,0.000013,]
[19,14,]   299   0.00110012   -2.36555e-38   0   [0.000000,0.000012,]
[0,15,]   300   0.014736   -1.16223e-38   0   [-0.000002,-0.000010,]
[1,15,]   301   0.00208399   -4.8716e-38   0   [-0.000012,-0.000005,]
[2,15,]   302   0.0428685   2.63676e-39   0   [-0.000010,-0.000009,]
[3,15,]   303   0.0997752   2.64171e-39   0   [-0.000009,-0.000010,]
[4,15,]   304   0.120346   2.63781e-39   0   [-0.000011,-0.000010,]
[5,15,]   305   0.0917828   2.62807e-39   0   [-0.000013,-0.000010,]
[6,15,]   306   0.0439144   2.58592e-39   0   [-0.000015,-0.000022,]
[7,15,]   307   0.0104383   -1.446e-38   0   [-0.000007,-0.000005,]
[8,15,]   308   0.000191671   -2.54775e-37   0   [-0.000070,0.000194,]
[9,15,]   309   0.00131222   -7.24812e-38   0   [-0.000032,0.000025,]
[10,15,]   310   0.00133756   -7.17608e-38   0   [-0.000011,0.000026,]
[11,15,]   311   0.000224389   -2.34257e-37   0   [0.000021,0.000163,]
[12,15,]   312   0.0104498   -1.46266e-38   0   [-0.000028,0.000009,]
[13,15,]   313   0.0440734   2.55994e-39   0   [-0.000016,-0.000005,]
[14,15,]   314   0.0923989   2.62861e-39   0   [-0.000013,0.000010,]
[15,15,]   315   0.121492   2.63937e-39   0   [-0.000011,0.000011,]
[16,15,]   316   0.100993   2.64374e-39   0   [-0.000009,0.000010,]
[17,15,]   317   0.0435345   2.64085e-39   0   [-0.000005,0.000011,]
[18,15,]   318   0.00214363   -4.81586e-38   0   [-0.000004,0.000012,]
[19,15,]   319   0.0148388   -1.15982e-38   0   [-0.000009,0.000008,]
[0,16,]   320   0.0412016   -3.71336e-39   0   [-0.000004,-0.000009,]
[1,16,]   321   0.00497372   -2.011e-38   0   [-0.000008,-0.000010,]
[2,16,]   322   0.00751994   -1.46953e-38   0   [-0.000010,-0.000006,]
[3,16,]   323   0.0509709   2.63721e-39   0   [-0.000010,-0.000008,]
[4,16,]   324   0.0999361   2.64201e-39   0   [-0.000011,-0.000009,]
[5,16,]   325   0.120816   2.63851e-39   0   [-0.000012,-0.000008,]
[6,16,]   326   0.108758   2.62578e-39   0   [-0.000014,-0.000007,]
[7,16,]   327   0.0812482   2.60971e-39   0   [-0.000016,-0.000006,]
[8,16,]   328   0.0568203   2.56653e-39   0   [-0.000017,-0.000015,]
[9,16,]   329   0.0439943   4.54765e-40   0   [-0.000018,-0.000004,]
[10,16,]   330   0.04402   4.4327e-40   0   [-0.000018,-0.000002,]
[11,16,]   331   0.0569259   2.53346e-39   0   [-0.000017,-0.000008,]
[12,16,]   332   0.0815288   2.60753e-39   0   [-0.000015,0.000005,]
[13,16,]   333   0.109344   2.62592e-39   0   [-0.000014,0.000008,]
[14,16,]   334   0.121729   2.63964e-39   0   [-0.000012,0.000008,]
[15,16,]   335   0.100924   2.64355e-39   0   [-0.000010,0.000009,]
[16,16,]   336   0.0516188   2.63938e-39   0   [-0.000008,0.000010,]
[17,16,]   337   0.0076649   -1.4538e-38   0   [-0.000006,0.000011,]
[18,16,]   338   0.00498274   -2.03592e-38   0   [-0.000006,0.000007,]
[19,16,]   339   0.0416433   -3.73916e-39   0   [-0.000007,0.000008,]
[0,17,]   340   0.0672946   2.11345e-39   0   [-0.000006,-0.000008,]
[1,17,]   341   0.0320797   2.72764e-39   0   [-0.000005,-0.000009,]
[2,17,]   342   0.00273667   -3.7635e-38   0   [-0.000010,-0.000005,]
[3,17,]   343   0.00753532   -1.46798e-38   0   [-0.000012,-0.000005,]
[4,17,]   344   0.0430174   2.63869e-39   0   [-0.000011,-0.000005,]
[5,17,]   345   0.0848103   2.64635e-39   0   [-0.000011,-0.000007,]
[6,17,]   346   0.112282   2.64364e-39   0   [-0.000013,-0.000006,]
[7,17,]   347   0.121081   2.63524e-39   0   [-0.000014,-0.000004,]
[8,17,]   348   0.118759   2.62393e-39   0   [-0.000015,-0.000003,]
[9,17,]   349   0.114895   2.61835e-39   0   [-0.000015,-0.000001,]
[10,17,]   350   0.114981   2.61827e-39   0   [-0.000015,0.000001,]
[11,17,]   351   0.119033   2.62389e-39   0   [-0.000015,0.000003,]
[12,17,]   352   0.121564   2.63558e-39   0   [-0.000014,0.000005,]
[13,17,]   353   0.112938   2.64441e-39   0   [-0.000013,0.000006,]
[14,17,]   354   0.0854826   2.64741e-39   0   [-0.000011,0.000007,]
[15,17,]   355   0.0434713   2.63918e-39   0   [-0.000009,0.000010,]
[16,17,]   356   0.00765912   -1.45437e-38   0   [-0.000006,0.000009,]
[17,17,]   357   0.0027343   -3.80128e-38   0   [-0.000007,0.000008,]
[18,17,]   358   0.0323605   2.72863e-39   0   [-0.000009,0.000007,]
[19,17,]   359   0.068065   2.11176e-39   0   [-0.000006,0.000007,]
[0,18,]   360   0.0742615   2.47817e-39   0   [-0.000006,-0.000007,]
[1,18,]   361   0.0645881   2.71612e-39   0   [-0.000007,-0.000007,]
[2,18,]   362   0.032106   2.7271e-39   0   [-0.000007,-0.000008,]
[3,18,]   363   0.00497202   -2.017e-38   0   [-0.000008,-0.000005,]
[4,18,]   364   0.00209824   -4.85996e-38   0   [-0.000014,-0.000001,]
[5,18,]   365   0.0220661   -9.66446e-41   0   [-0.000013,-0.000004,]
[6,18,]   366   0.0511812   2.66296e-39   0   [-0.000012,-0.000005,]
[7,18,]   367   0.0766701   2.66012e-39   0   [-0.000013,-0.000004,]
[8,18,]   368   0.0930339   2.65694e-39   0   [-0.000013,-0.000002,]
[9,18,]   369   0.10048   2.65395e-39   0   [-0.000014,-0.000001,]
[10,18,]   370   0.100561   2.6538e-39   0   [-0.000014,0.000001,]
[11,18,]   371   0.0932643   2.65635e-39   0   [-0.000013,0.000002,]
[12,18,]   372   0.0769965   2.65832e-39   0   [-0.000013,0.000004,]
[13,18,]   373   0.0515036   2.65482e-39   0   [-0.000011,0.000005,]
[14,18,]   374   0.022268   -9.60441e-41   0   [-0.000008,0.000007,]
[15,18,]   375   0.00214021   -4.81704e-38   0   [-0.000007,0.000010,]
[16,18,]   376   0.00498603   -2.03254e-38   0   [-0.000010,0.000007,]
[17,18,]   377   0.0323506   2.72926e-39   0   [-0.000009,0.000005,]
[18,18,]   378   0.0652139   2.71786e-39   0   [-0.000007,0.000007,]
[19,18,]   379   0.0751045   2.47739e-39   0   [-0.000006,0.000007,]
[0,19,]   380   0.053619   2.85059e-39   0   [-0.000006,-0.000006,]
[1,19,]   381   0.0743524   2.47557e-39   0   [-0.000007,-0.000006,]
[2,19,]   382   0.0674445   2.11068e-39   0   [-0.000007,-0.000006,]
[3,19,]   383   0.0413182   -3.71444e-39   0   [-0.000008,-0.000007,]
[4,19,]   384   0.0147592   -1.15983e-38   0   [-0.000009,-0.000008,]
[5,19,]   385   0.00110741   -2.34849e-38   0   [-0.000015,0.000007,]
[6,19,]   386   0.00208874   2.95435e-39   0   [-0.000014,0.000001,]
[7,19,]   387   0.0115958   6.74567e-39   0   [-0.000012,-0.000002,]
[8,19,]   388   0.0221389   5.64044e-39   0   [-0.000012,-0.000002,]
[9,19,]   389   0.0285688   5.2769e-39   0   [-0.000012,-0.000000,]
[10,19,]   390   0.0285996   5.27592e-39   0   [-0.000012,0.000001,]
[11,19,]   391   0.0222165   5.63587e-39   0   [-0.000012,0.000002,]
[12,19,]   392   0.0116817   6.72239e-39   0   [-0.000011,0.000003,]
[13,19,]   393   0.00214341   2.94977e-39   0   [-0.000008,0.000008,]
[14,19,]   394   0.00113344   -2.3274e-38   0   [-0.000006,0.000013,]
[15,19,]   395   0.0148398   -1.16125e-38   0   [-0.000010,0.000002,]
[16,19,]   396   0.0415934   -3.73863e-39   0   [-0.000009,0.000004,]
[17,19,]   397   0.0679921   2.11325e-39   0   [-0.000008,0.000006,]
[18,19,]   398   0.0750563   2.47873e-39   0   [-0.000007,0.000006,]
[19,19,]   399   0.0541975   2.852e-39   0   [-0.000006,0.000006,]
