coordinates  index   rho      Q      V      velocities
[0,0,]   0   0.0025012   -4.98401e-44   0   [0.000006,-0.000006,]
[1,0,]   1   0.00250242   -4.80358e-43   0   [0.000007,-0.000006,]
[2,0,]   2   0.00250284   -2.32375e-42   0   [0.000007,-0.000006,]
[3,0,]   3   0.00250361   -2.45358e-42   0   [0.000008,-0.000006,]
[4,0,]   4   0.00250442   -2.85227e-42   0   [0.000009,-0.000005,]
[5,0,]   5   0.00250518   -3.05869e-42   0   [0.000010,-0.000005,]
[6,0,]   6   0.00250569   -3.07889e-42   0   [0.000011,-0.000004,]
[7,0,]   7   0.00250574   -2.80897e-42   0   [0.000011,-0.000003,]
[8,0,]   8   0.00250517   -2.12754e-42   0   [0.000012,-0.000002,]
[9,0,]   9   0.00250399   -1.02116e-42   0   [0.000012,-0.000001,]
[10,0,]   10   0.00250243   3.19989e-43   0   [0.000012,0.000001,]
[11,0,]   11   0.00250086   1.35238e-42   0   [0.000012,0.000002,]
[12,0,]   12   0.00249962   2.16985e-42   0   [0.000011,0.000003,]
[13,0,]   13   0.00249887   2.6038e-42   0   [0.000011,0.000004,]
[14,0,]   14   0.0024986   2.71418e-42   0   [0.000010,0.000005,]
[15,0,]   15   0.00249866   2.60122e-42   0   [0.000009,0.000005,]
[16,0,]   16   0.00249888   2.27451e-42   0   [0.000008,0.000006,]
[17,0,]   17   0.00249918   1.9199e-42   0   [0.000008,0.000006,]
[18,0,]   18   0.00249946   4.35628e-43   0   [0.000007,0.000006,]
[19,0,]   19   0.00250058   1.50823e-45   0   [0.000006,0.000006,]
[0,1,]   20   0.00249976   4.08235e-43   0   [0.000006,-0.000007,]
[1,1,]   21   0.00250087   -2.25192e-44   0   [0.000007,-0.000007,]
[2,1,]   22   0.00250079   -2.36344e-42   0   [0.000008,-0.000007,]
[3,1,]   23   0.0025011   -2.5025e-42   0   [0.000009,-0.000007,]
[4,1,]   24   0.00250149   -3.02831e-42   0   [0.000010,-0.000006,]
[5,1,]   25   0.00250197   -3.35233e-42   0   [0.000011,-0.000006,]
[6,1,]   26   0.00250244   -3.45911e-42   0   [0.000012,-0.000005,]
[7,1,]   27   0.00250277   -3.20129e-42   0   [0.000012,-0.000004,]
[8,1,]   28   0.00250278   -2.40583e-42   0   [0.000013,-0.000003,]
[9,1,]   29   0.00250243   -1.24237e-42   0   [0.000014,-0.000001,]
[10,1,]   30   0.00250186   3.9965e-43   0   [0.000014,0.000001,]
[11,1,]   31   0.00250123   1.52924e-42   0   [0.000013,0.000002,]
[12,1,]   32   0.00250077   2.49501e-42   0   [0.000013,0.000003,]
[13,1,]   33   0.00250055   2.96962e-42   0   [0.000012,0.000005,]
[14,1,]   34   0.00250049   3.03028e-42   0   [0.000011,0.000005,]
[15,1,]   35   0.00250051   2.81875e-42   0   [0.000010,0.000006,]
[16,1,]   36   0.00250052   2.36788e-42   0   [0.000009,0.000006,]
[17,1,]   37   0.00250052   1.93837e-42   0   [0.000008,0.000007,]
[18,1,]   38   0.00250049   8.75168e-45   0   [0.000007,0.000007,]
[19,1,]   39   0.00250166   -4.25179e-43   0   [0.000006,0.000007,]
[0,2,]   40   0.00249917   1.54388e-42   0   [0.000006,-0.000008,]
[1,2,]   41   0.00250052   1.47064e-42   0   [0.000007,-0.000008,]
[2,2,]   42   0.00250031   -1.0579e-42   0   [0.000008,-0.000008,]
[3,2,]   43   0.00250056   -7.64527e-43   0   [0.000009,-0.000008,]
[4,2,]   44   0.00250094   -1.01144e-42   0   [0.000010,-0.000008,]
[5,2,]   45   0.00250152   -1.18433e-42   0   [0.000011,-0.000007,]
[6,2,]   46   0.00250219   -1.47547e-42   0   [0.000013,-0.000006,]
[7,2,]   47   0.00250272   -1.72997e-42   0   [0.000014,-0.000005,]
[8,2,]   48   0.00250275   -2.25655e-42   0   [0.000015,-0.000003,]
[9,2,]   49   0.00250209   -1.37366e-42   0   [0.000015,-0.000001,]
[10,2,]   50   0.00250102   -2.81527e-42   0   [0.000015,0.000001,]
[11,2,]   51   0.00250016   -1.6404e-42   0   [0.000015,0.000003,]
[12,2,]   52   0.00249966   -1.47626e-42   0   [0.000014,0.000004,]
[13,2,]   53   0.00249962   -1.20103e-42   0   [0.000013,0.000006,]
[14,2,]   54   0.00249983   -9.70537e-43   0   [0.000011,0.000007,]
[15,2,]   55   0.00250007   -7.33066e-43   0   [0.000010,0.000007,]
[16,2,]   56   0.00250022   -6.35534e-43   0   [0.000009,0.000008,]
[17,2,]   57   0.00250031   -4.74641e-43   0   [0.000008,0.000008,]
[18,2,]   58   0.00250032   -2.32642e-42   0   [0.000007,0.000008,]
[19,2,]   59   0.00250189   -2.26369e-42   0   [0.000006,0.000007,]
[0,3,]   60   0.00249888   2.28043e-42   0   [0.000006,-0.000008,]
[1,3,]   61   0.00250052   2.3753e-42   0   [0.000006,-0.000009,]
[2,3,]   62   0.00250022   -6.26464e-43   0   [0.000008,-0.000009,]
[3,3,]   63   0.00250051   -1.24808e-43   0   [0.000009,-0.000009,]
[4,3,]   64   0.00250103   -2.59183e-43   0   [0.000010,-0.000009,]
[5,3,]   65   0.00250197   -3.05442e-43   0   [0.000012,-0.000009,]
[6,3,]   66   0.00250327   -3.47384e-43   0   [0.000014,-0.000008,]
[7,3,]   67   0.00250458   -1.06484e-42   0   [0.000015,-0.000006,]
[8,3,]   68   0.00250525   4.88008e-43   0   [0.000017,-0.000004,]
[9,3,]   69   0.00250328   -7.29471e-42   0   [0.000018,-0.000002,]
[10,3,]   70   0.00250229   3.96069e-42   0   [0.000018,0.000001,]
[11,3,]   71   0.00250009   -3.53075e-44   0   [0.000017,0.000003,]
[12,3,]   72   0.00249928   -4.18094e-43   0   [0.000016,0.000006,]
[13,3,]   73   0.00249943   -5.28953e-43   0   [0.000014,0.000007,]
[14,3,]   74   0.00249992   -3.40986e-43   0   [0.000012,0.000008,]
[15,3,]   75   0.00250033   -1.37672e-43   0   [0.000011,0.000009,]
[16,3,]   76   0.00250051   -1.35212e-43   0   [0.000009,0.000009,]
[17,3,]   77   0.00250056   -4.21402e-44   0   [0.000008,0.000009,]
[18,3,]   78   0.00250052   -2.46103e-42   0   [0.000007,0.000009,]
[19,3,]   79   0.00250242   -2.38748e-42   0   [0.000006,0.000008,]
[0,4,]   80   0.00249865   2.59529e-42   0   [0.000005,-0.000009,]
[1,4,]   81   0.00250051   2.81133e-42   0   [0.000006,-0.000010,]
[2,4,]   82   0.00250007   -7.42299e-43   0   [0.000007,-0.000010,]
[3,4,]   83   0.00250033   -1.49167e-43   0   [0.000009,-0.000011,]
[4,4,]   84   0.00250093   -3.63999e-43   0   [0.000010,-0.000011,]
[5,4,]   85   0.00250228   -3.59653e-43   0   [0.000012,-0.000011,]
[6,4,]   86   0.00250464   -6.32689e-43   0   [0.000015,-0.000010,]
[7,4,]   87   0.00250798   5.3442e-43   0   [0.000017,-0.000009,]
[8,4,]   88   0.00250998   -5.35351e-42   0   [0.000019,-0.000006,]
[9,4,]   89   0.0025095   -1.84621e-41   0   [0.000021,-0.000003,]
[10,4,]   90   0.0025015   -3.37949e-41   0   [0.000021,0.000001,]
[11,4,]   91   0.00249867   -7.1638e-42   0   [0.000020,0.000005,]
[12,4,]   92   0.00249828   -2.51616e-42   0   [0.000018,0.000007,]
[13,4,]   93   0.00249933   -1.26378e-42   0   [0.000015,0.000009,]
[14,4,]   94   0.00250038   -6.77321e-43   0   [0.000013,0.000010,]
[15,4,]   95   0.00250094   -3.49794e-43   0   [0.000011,0.000010,]
[16,4,]   96   0.00250104   -2.70355e-43   0   [0.000009,0.000010,]
[17,4,]   97   0.00250095   -1.26005e-43   0   [0.000008,0.000010,]
[18,4,]   98   0.00250077   -2.98688e-42   0   [0.000006,0.000010,]
[19,4,]   99   0.00250296   -2.79169e-42   0   [0.000005,0.000009,]
[0,5,]   100   0.0024986   2.71745e-42   0   [0.000005,-0.000010,]
[1,5,]   101   0.00250049   3.03438e-42   0   [0.000005,-0.000011,]
[2,5,]   102   0.00249983   -9.65439e-43   0   [0.000007,-0.000011,]
[3,5,]   103   0.00249992   -3.34623e-43   0   [0.000008,-0.000012,]
[4,5,]   104   0.00250038   -6.69535e-43   0   [0.000010,-0.000013,]
[5,5,]   105   0.00250189   -1.11411e-42   0   [0.000012,-0.000013,]
[6,5,]   106   0.00250554   1.16232e-42   0   [0.000016,-0.000013,]
[7,5,]   107   0.00251227   -8.21535e-42   0   [0.000019,-0.000012,]
[8,5,]   108   0.00252162   1.33252e-42   0   [0.000023,-0.000009,]
[9,5,]   109   0.00253852   -1.48426e-40   0   [0.000025,-0.000005,]
[10,5,]   110   0.00252329   3.39576e-41   0   [0.000025,0.000002,]
[11,5,]   111   0.00250069   5.94687e-42   0   [0.000024,0.000007,]
[12,5,]   112   0.00249789   -7.53315e-44   0   [0.000020,0.000010,]
[13,5,]   113   0.00250027   -5.2936e-43   0   [0.000017,0.000012,]
[14,5,]   114   0.00250189   -1.12347e-42   0   [0.000013,0.000012,]
[15,5,]   115   0.00250229   -3.42337e-43   0   [0.000011,0.000012,]
[16,5,]   116   0.00250197   -3.16169e-43   0   [0.000009,0.000012,]
[17,5,]   117   0.00250153   -1.17418e-43   0   [0.000007,0.000011,]
[18,5,]   118   0.0025011   -3.31773e-42   0   [0.000006,0.000011,]
[19,5,]   119   0.00250342   -3.01762e-42   0   [0.000005,0.000010,]
[0,6,]   120   0.00249887   2.60367e-42   0   [0.000004,-0.000011,]
[1,6,]   121   0.00250055   2.96946e-42   0   [0.000005,-0.000012,]
[2,6,]   122   0.00249962   -1.20134e-42   0   [0.000006,-0.000013,]
[3,6,]   123   0.00249943   -5.2921e-43   0   [0.000007,-0.000014,]
[4,6,]   124   0.00249933   -1.26409e-42   0   [0.000009,-0.000015,]
[5,6,]   125   0.00250027   -5.29705e-43   0   [0.000012,-0.000017,]
[6,6,]   126   0.0025024   -1.13368e-41   0   [0.000016,-0.000017,]
[7,6,]   127   0.00252074   9.17493e-42   0   [0.000021,-0.000017,]
[8,6,]   128   0.00252464   -2.36782e-40   0   [0.000027,-0.000014,]
[9,6,]   129   0.00272662   3.16714e-40   0   [0.000033,-0.000012,]
[10,6,]   130   0.00252449   -4.26589e-40   0   [0.000034,-0.000002,]
[11,6,]   131   0.00247813   -2.59374e-40   0   [0.000028,0.000009,]
[12,6,]   132   0.00249239   -5.48146e-41   0   [0.000023,0.000014,]
[13,6,]   133   0.0025024   -1.13364e-41   0   [0.000017,0.000016,]
[14,6,]   134   0.00250554   1.15139e-42   0   [0.000013,0.000016,]
[15,6,]   135   0.00250464   -6.1201e-43   0   [0.000010,0.000015,]
[16,6,]   136   0.00250327   -3.55788e-43   0   [0.000008,0.000014,]
[17,6,]   137   0.00250219   -2.20897e-43   0   [0.000006,0.000013,]
[18,6,]   138   0.00250142   -3.44107e-42   0   [0.000005,0.000012,]
[19,6,]   139   0.00250361   -3.07543e-42   0   [0.000004,0.000011,]
[0,7,]   140   0.00249962   2.16992e-42   0   [0.000003,-0.000011,]
[1,7,]   141   0.00250078   2.49508e-42   0   [0.000003,-0.000013,]
[2,7,]   142   0.00249966   -1.47637e-42   0   [0.000004,-0.000014,]
[3,7,]   143   0.00249928   -4.18016e-43   0   [0.000006,-0.000016,]
[4,7,]   144   0.00249828   -2.51606e-42   0   [0.000007,-0.000018,]
[5,7,]   145   0.00249789   -7.52028e-44   0   [0.000010,-0.000020,]
[6,7,]   146   0.00249239   -5.48145e-41   0   [0.000014,-0.000023,]
[7,7,]   147   0.00253615   -5.64019e-42   0   [0.000021,-0.000026,]
[8,7,]   148   0.00252937   -4.19265e-40   0   [0.000028,-0.000022,]
[9,7,]   149   0.0030564   1.33238e-39   0   [0.000040,-0.000042,]
[10,7,]   150   0.00273098   7.41013e-40   0   [0.000048,-0.000001,]
[11,7,]   151   0.00260748   3.7282e-40   0   [0.000040,0.000019,]
[12,7,]   152   0.00253615   -5.64036e-42   0   [0.000026,0.000021,]
[13,7,]   153   0.00252074   9.17528e-42   0   [0.000017,0.000021,]
[14,7,]   154   0.00251227   -8.22769e-42   0   [0.000012,0.000019,]
[15,7,]   155   0.00250799   5.58414e-43   0   [0.000009,0.000017,]
[16,7,]   156   0.00250458   -1.06858e-42   0   [0.000006,0.000015,]
[17,7,]   157   0.00250271   -3.01522e-43   0   [0.000005,0.000014,]
[18,7,]   158   0.00250158   -3.20984e-42   0   [0.000004,0.000012,]
[19,7,]   159   0.00250336   -2.85881e-42   0   [0.000003,0.000011,]
[0,8,]   160   0.00250086   1.35243e-42   0   [0.000002,-0.000012,]
[1,8,]   161   0.00250123   1.52926e-42   0   [0.000002,-0.000013,]
[2,8,]   162   0.00250016   -1.64066e-42   0   [0.000003,-0.000015,]
[3,8,]   163   0.00250009   -3.53396e-44   0   [0.000003,-0.000017,]
[4,8,]   164   0.00249867   -7.16384e-42   0   [0.000005,-0.000020,]
[5,8,]   165   0.00250069   5.94684e-42   0   [0.000007,-0.000024,]
[6,8,]   166   0.00247813   -2.59374e-40   0   [0.000009,-0.000028,]
[7,8,]   167   0.00260748   3.7282e-40   0   [0.000019,-0.000040,]
[8,8,]   168   0.00237512   -8.53637e-40   0   [0.000007,-0.000047,]
[9,8,]   169   0.00294871   3.79841e-39   0   [0.000061,-0.000074,]
[10,8,]   170   0.00212505   -5.5609e-40   0   [0.000102,-0.000028,]
[11,8,]   171   0.00237512   -8.53637e-40   0   [0.000047,0.000007,]
[12,8,]   172   0.00252937   -4.19265e-40   0   [0.000022,0.000028,]
[13,8,]   173   0.00252464   -2.36781e-40   0   [0.000014,0.000027,]
[14,8,]   174   0.00252162   1.31917e-42   0   [0.000009,0.000023,]
[15,8,]   175   0.00250999   -5.32663e-42   0   [0.000006,0.000019,]
[16,8,]   176   0.00250525   4.91162e-43   0   [0.000004,0.000017,]
[17,8,]   177   0.00250273   -6.93244e-43   0   [0.000003,0.000015,]
[18,8,]   178   0.00250148   -2.4466e-42   0   [0.000003,0.000013,]
[19,8,]   179   0.00250255   -2.23484e-42   0   [0.000002,0.000012,]
[0,9,]   180   0.00250243   3.20074e-43   0   [0.000001,-0.000012,]
[1,9,]   181   0.00250186   3.99695e-43   0   [0.000001,-0.000014,]
[2,9,]   182   0.00250102   -2.81554e-42   0   [0.000001,-0.000015,]
[3,9,]   183   0.00250229   3.96068e-42   0   [0.000001,-0.000018,]
[4,9,]   184   0.0025015   -3.37949e-41   0   [0.000001,-0.000021,]
[5,9,]   185   0.00252329   3.39577e-41   0   [0.000002,-0.000025,]
[6,9,]   186   0.00252449   -4.26589e-40   0   [-0.000002,-0.000034,]
[7,9,]   187   0.00273098   7.41013e-40   0   [-0.000001,-0.000048,]
[8,9,]   188   0.00212505   -5.5609e-40   0   [-0.000028,-0.000102,]
[9,9,]   189   0.00110869   -6.19704e-39   0   [0.000068,-0.000139,]
[10,9,]   190   0.00110869   -6.19704e-39   0   [0.000139,0.000068,]
[11,9,]   191   0.00294871   3.79841e-39   0   [0.000074,0.000061,]
[12,9,]   192   0.0030564   1.33238e-39   0   [0.000042,0.000040,]
[13,9,]   193   0.00272662   3.16714e-40   0   [0.000012,0.000033,]
[14,9,]   194   0.00253852   -1.48439e-40   0   [0.000005,0.000025,]
[15,9,]   195   0.00250951   -1.84333e-41   0   [0.000003,0.000021,]
[16,9,]   196   0.00250328   -7.2834e-42   0   [0.000002,0.000018,]
[17,9,]   197   0.00250207   2.61553e-43   0   [0.000001,0.000015,]
[18,9,]   198   0.00250104   -1.31198e-42   0   [0.000001,0.000014,]
[19,9,]   199   0.00250124   -1.17165e-42   0   [0.000001,0.000012,]
[0,10,]   200   0.002504   -1.02108e-42   0   [-0.000001,-0.000012,]
[1,10,]   201   0.00250243   -1.24233e-42   0   [-0.000001,-0.000014,]
[2,10,]   202   0.00250209   -1.37393e-42   0   [-0.000001,-0.000015,]
[3,10,]   203   0.00250328   -7.29472e-42   0   [-0.000002,-0.000018,]
[4,10,]   204   0.0025095   -1.84621e-41   0   [-0.000003,-0.000021,]
[5,10,]   205   0.00253852   -1.48426e-40   0   [-0.000005,-0.000025,]
[6,10,]   206   0.00272662   3.16714e-40   0   [-0.000012,-0.000033,]
[7,10,]   207   0.0030564   1.33238e-39   0   [-0.000042,-0.000040,]
[8,10,]   208   0.00294871   3.79841e-39   0   [-0.000074,-0.000061,]
[9,10,]   209   0.00110869   -6.19704e-39   0   [-0.000139,-0.000068,]
[10,10,]   210   0.00110869   -6.19704e-39   0   [-0.000068,0.000139,]
[11,10,]   211   0.00212505   -5.5609e-40   0   [0.000028,0.000102,]
[12,10,]   212   0.00273098   7.41013e-40   0   [0.000001,0.000048,]
[13,10,]   213   0.00252449   -4.26589e-40   0   [0.000002,0.000034,]
[14,10,]   214   0.00252329   3.39441e-41   0   [-0.000002,0.000025,]
[15,10,]   215   0.00250151   -3.37655e-41   0   [-0.000001,0.000021,]
[16,10,]   216   0.00250228   3.97994e-42   0   [-0.000001,0.000018,]
[17,10,]   217   0.00250099   -1.18551e-42   0   [-0.000001,0.000015,]
[18,10,]   218   0.00250046   3.14802e-43   0   [-0.000001,0.000014,]
[19,10,]   219   0.00249967   1.56718e-43   0   [-0.000000,0.000012,]
[0,11,]   220   0.00250517   -2.12749e-42   0   [-0.000002,-0.000012,]
[1,11,]   221   0.00250278   -2.4058e-42   0   [-0.000003,-0.000013,]
[2,11,]   222   0.00250275   -2.25677e-42   0   [-0.000003,-0.000015,]
[3,11,]   223   0.00250525   4.88022e-43   0   [-0.000004,-0.000017,]
[4,11,]   224   0.00250998   -5.3535e-42   0   [-0.000006,-0.000019,]
[5,11,]   225   0.00252162   1.33255e-42   0   [-0.000009,-0.000023,]
[6,11,]   226   0.00252464   -2.36782e-40   0   [-0.000014,-0.000027,]
[7,11,]   227   0.00252937   -4.19265e-40   0   [-0.000022,-0.000028,]
[8,11,]   228   0.00237512   -8.53637e-40   0   [-0.000047,-0.000007,]
[9,11,]   229   0.00212505   -5.5609e-40   0   [-0.000102,0.000028,]
[10,11,]   230   0.00294871   3.79841e-39   0   [-0.000061,0.000074,]
[11,11,]   231   0.00237512   -8.53637e-40   0   [-0.000007,0.000047,]
[12,11,]   232   0.00260748   3.7282e-40   0   [-0.000019,0.000040,]
[13,11,]   233   0.00247813   -2.59374e-40   0   [-0.000009,0.000028,]
[14,11,]   234   0.00250069   5.93416e-42   0   [-0.000007,0.000024,]
[15,11,]   235   0.00249868   -7.1356e-42   0   [-0.000005,0.000020,]
[16,11,]   236   0.00250009   -9.91304e-45   0   [-0.000003,0.000017,]
[17,11,]   237   0.00250013   -9.2053e-44   0   [-0.000003,0.000015,]
[18,11,]   238   0.00249989   1.44707e-42   0   [-0.000002,0.000013,]
[19,11,]   239   0.00249823   1.20979e-42   0   [-0.000002,0.000012,]
[0,12,]   240   0.00250574   -2.809e-42   0   [-0.000003,-0.000011,]
[1,12,]   241   0.00250277   -3.20135e-42   0   [-0.000004,-0.000012,]
[2,12,]   242   0.00250272   -1.73021e-42   0   [-0.000005,-0.000014,]
[3,12,]   243   0.00250458   -1.06492e-42   0   [-0.000006,-0.000015,]
[4,12,]   244   0.00250798   5.34311e-43   0   [-0.000009,-0.000017,]
[5,12,]   245   0.00251227   -8.21547e-42   0   [-0.000012,-0.000019,]
[6,12,]   246   0.00252074   9.17478e-42   0   [-0.000017,-0.000021,]
[7,12,]   247   0.00253615   -5.64036e-42   0   [-0.000026,-0.000021,]
[8,12,]   248   0.00260748   3.72819e-40   0   [-0.000040,-0.000019,]
[9,12,]   249   0.00273098   7.41013e-40   0   [-0.000048,0.000001,]
[10,12,]   250   0.0030564   1.33238e-39   0   [-0.000040,0.000042,]
[11,12,]   251   0.00252937   -4.19265e-40   0   [-0.000028,0.000022,]
[12,12,]   252   0.00253615   -5.64053e-42   0   [-0.000021,0.000026,]
[13,12,]   253   0.00249239   -5.48148e-41   0   [-0.000014,0.000023,]
[14,12,]   254   0.00249789   -8.67312e-44   0   [-0.000010,0.000020,]
[15,12,]   255   0.00249829   -2.49049e-42   0   [-0.000007,0.000018,]
[16,12,]   256   0.00249928   -3.89327e-43   0   [-0.000006,0.000016,]
[17,12,]   257   0.00249962   -6.90746e-44   0   [-0.000004,0.000014,]
[18,12,]   258   0.00249955   2.43036e-42   0   [-0.000003,0.000013,]
[19,12,]   259   0.00249722   2.07067e-42   0   [-0.000003,0.000011,]
[0,13,]   260   0.00250569   -3.07899e-42   0   [-0.000004,-0.000011,]
[1,13,]   261   0.00250244   -3.45922e-42   0   [-0.000005,-0.000012,]
[2,13,]   262   0.00250219   -1.4757e-42   0   [-0.000006,-0.000013,]
[3,13,]   263   0.00250327   -3.47534e-43   0   [-0.000008,-0.000014,]
[4,13,]   264   0.00250464   -6.3287e-43   0   [-0.000010,-0.000015,]
[5,13,]   265   0.00250554   1.16213e-42   0   [-0.000013,-0.000016,]
[6,13,]   266   0.0025024   -1.1337e-41   0   [-0.000017,-0.000016,]
[7,13,]   267   0.00249239   -5.48146e-41   0   [-0.000023,-0.000014,]
[8,13,]   268   0.00247813   -2.59374e-40   0   [-0.000028,-0.000009,]
[9,13,]   269   0.00252449   -4.26589e-40   0   [-0.000034,0.000002,]
[10,13,]   270   0.00272662   3.16714e-40   0   [-0.000033,0.000012,]
[11,13,]   271   0.00252464   -2.36781e-40   0   [-0.000027,0.000014,]
[12,13,]   272   0.00252074   9.17513e-42   0   [-0.000021,0.000017,]
[13,13,]   273   0.0025024   -1.13366e-41   0   [-0.000016,0.000017,]
[14,13,]   274   0.00250027   -5.39229e-43   0   [-0.000012,0.000017,]
[15,13,]   275   0.00249934   -1.24147e-42   0   [-0.000009,0.000015,]
[16,13,]   276   0.00249943   -4.99711e-43   0   [-0.000007,0.000014,]
[17,13,]   277   0.00249959   2.96577e-44   0   [-0.000006,0.000013,]
[18,13,]   278   0.00249947   2.92892e-42   0   [-0.000005,0.000012,]
[19,13,]   279   0.00249677   2.55367e-42   0   [-0.000004,0.000011,]
[0,14,]   280   0.00250518   -3.0616e-42   0   [-0.000005,-0.000010,]
[1,14,]   281   0.00250197   -3.35595e-42   0   [-0.000006,-0.000011,]
[2,14,]   282   0.00250152   -1.18887e-42   0   [-0.000007,-0.000011,]
[3,14,]   283   0.00250197   -3.1102e-43   0   [-0.000009,-0.000012,]
[4,14,]   284   0.00250228   -3.66514e-43   0   [-0.000011,-0.000012,]
[5,14,]   285   0.00250189   -1.12243e-42   0   [-0.000013,-0.000012,]
[6,14,]   286   0.00250027   -5.39576e-43   0   [-0.000017,-0.000012,]
[7,14,]   287   0.00249789   -8.66054e-44   0   [-0.000020,-0.000010,]
[8,14,]   288   0.00250069   5.93413e-42   0   [-0.000024,-0.000007,]
[9,14,]   289   0.00252329   3.39441e-41   0   [-0.000025,-0.000002,]
[10,14,]   290   0.00253852   -1.48439e-40   0   [-0.000025,0.000005,]
[11,14,]   291   0.00252162   1.31919e-42   0   [-0.000023,0.000009,]
[12,14,]   292   0.00251227   -8.22781e-42   0   [-0.000019,0.000012,]
[13,14,]   293   0.00250554   1.15119e-42   0   [-0.000016,0.000013,]
[14,14,]   294   0.00250189   -1.13178e-42   0   [-0.000012,0.000013,]
[15,14,]   295   0.00250039   -6.58611e-43   0   [-0.000010,0.000013,]
[16,14,]   296   0.00249992   -3.13567e-43   0   [-0.000008,0.000012,]
[17,14,]   297   0.0024998   7.27211e-44   0   [-0.000007,0.000011,]
[18,14,]   298   0.00249957   3.01192e-42   0   [-0.000005,0.000011,]
[19,14,]   299   0.00249681   2.70519e-42   0   [-0.000005,0.000010,]
[0,15,]   300   0.00250442   -2.8462e-42   0   [-0.000005,-0.000009,]
[1,15,]   301   0.00250149   -3.02054e-42   0   [-0.000006,-0.000010,]
[2,15,]   302   0.00250095   -1.00161e-42   0   [-0.000008,-0.000010,]
[3,15,]   303   0.00250104   -2.46879e-43   0   [-0.000009,-0.000010,]
[4,15,]   304   0.00250094   -3.48703e-43   0   [-0.000011,-0.000010,]
[5,15,]   305   0.00250039   -6.50824e-43   0   [-0.000013,-0.000010,]
[6,15,]   306   0.00249934   -1.24177e-42   0   [-0.000015,-0.000009,]
[7,15,]   307   0.00249829   -2.49038e-42   0   [-0.000018,-0.000007,]
[8,15,]   308   0.00249868   -7.13563e-42   0   [-0.000020,-0.000005,]
[9,15,]   309   0.00250151   -3.37655e-41   0   [-0.000021,-0.000001,]
[10,15,]   310   0.00250951   -1.84333e-41   0   [-0.000021,0.000003,]
[11,15,]   311   0.00250999   -5.32661e-42   0   [-0.000019,0.000006,]
[12,15,]   312   0.00250799   5.58311e-43   0   [-0.000017,0.000009,]
[13,15,]   313   0.00250464   -6.12188e-43   0   [-0.000015,0.000010,]
[14,15,]   314   0.00250229   -3.49197e-43   0   [-0.000012,0.000011,]
[15,15,]   315   0.00250094   -3.34498e-43   0   [-0.000010,0.000011,]
[16,15,]   316   0.00250033   -1.13456e-43   0   [-0.000009,0.000011,]
[17,15,]   317   0.00250005   1.30621e-43   0   [-0.000007,0.000010,]
[18,15,]   318   0.00249975   2.81669e-42   0   [-0.000006,0.000010,]
[19,15,]   319   0.00249718   2.61949e-42   0   [-0.000005,0.000009,]
[0,16,]   320   0.0025036   -2.4425e-42   0   [-0.000006,-0.000008,]
[1,16,]   321   0.0025011   -2.48876e-42   0   [-0.000007,-0.000009,]
[2,16,]   322   0.00250056   -7.47643e-43   0   [-0.000008,-0.000009,]
[3,16,]   323   0.00250051   -1.04311e-43   0   [-0.000009,-0.000009,]
[4,16,]   324   0.00250033   -1.2495e-43   0   [-0.000011,-0.000009,]
[5,16,]   325   0.00249992   -3.07204e-43   0   [-0.000012,-0.000008,]
[6,16,]   326   0.00249943   -4.99964e-43   0   [-0.000014,-0.000007,]
[7,16,]   327   0.00249928   -3.89243e-43   0   [-0.000016,-0.000006,]
[8,16,]   328   0.00250009   -9.93704e-45   0   [-0.000017,-0.000003,]
[9,16,]   329   0.00250228   3.97994e-42   0   [-0.000018,-0.000001,]
[10,16,]   330   0.00250328   -7.2834e-42   0   [-0.000018,0.000002,]
[11,16,]   331   0.00250525   4.91179e-43   0   [-0.000017,0.000004,]
[12,16,]   332   0.00250458   -1.06866e-42   0   [-0.000015,0.000006,]
[13,16,]   333   0.00250327   -3.55939e-43   0   [-0.000014,0.000008,]
[14,16,]   334   0.00250197   -3.21749e-43   0   [-0.000012,0.000009,]
[15,16,]   335   0.00250104   -2.5805e-43   0   [-0.000010,0.000009,]
[16,16,]   336   0.00250051   -1.14714e-43   0   [-0.000009,0.000009,]
[17,16,]   337   0.0025002   6.77046e-44   0   [-0.000008,0.000009,]
[18,16,]   338   0.0024999   2.37549e-42   0   [-0.000006,0.000009,]
[19,16,]   339   0.00249768   2.30694e-42   0   [-0.000006,0.000008,]
[0,17,]   340   0.00250283   -1.96243e-42   0   [-0.000006,-0.000007,]
[1,17,]   341   0.00250078   -1.90982e-42   0   [-0.000007,-0.000008,]
[2,17,]   342   0.00250029   -4.9099e-43   0   [-0.000008,-0.000008,]
[3,17,]   343   0.0025002   7.67473e-44   0   [-0.000009,-0.000008,]
[4,17,]   344   0.00250004   1.21384e-43   0   [-0.000010,-0.000007,]
[5,17,]   345   0.0024998   7.78612e-44   0   [-0.000011,-0.000007,]
[6,17,]   346   0.00249959   2.94529e-44   0   [-0.000013,-0.000006,]
[7,17,]   347   0.00249962   -6.90069e-44   0   [-0.000014,-0.000004,]
[8,17,]   348   0.00250013   -9.20722e-44   0   [-0.000015,-0.000003,]
[9,17,]   349   0.00250099   -1.18551e-42   0   [-0.000015,-0.000001,]
[10,17,]   350   0.00250207   2.61553e-43   0   [-0.000015,0.000001,]
[11,17,]   351   0.00250273   -6.9323e-43   0   [-0.000015,0.000003,]
[12,17,]   352   0.00250271   -3.01589e-43   0   [-0.000014,0.000005,]
[13,17,]   353   0.00250219   -2.21019e-43   0   [-0.000013,0.000006,]
[14,17,]   354   0.00250153   -1.21917e-43   0   [-0.000011,0.000007,]
[15,17,]   355   0.00250095   -1.16182e-43   0   [-0.000010,0.000008,]
[16,17,]   356   0.00250056   -2.52852e-44   0   [-0.000009,0.000008,]
[17,17,]   357   0.00250029   9.22602e-44   0   [-0.000008,0.000008,]
[18,17,]   358   0.00250002   1.94988e-42   0   [-0.000007,0.000008,]
[19,17,]   359   0.00249821   1.95577e-42   0   [-0.000006,0.000008,]
[0,18,]   360   0.0025021   -4.63231e-43   0   [-0.000006,-0.000007,]
[1,18,]   361   0.00250047   -9.7651e-45   0   [-0.000007,-0.000007,]
[2,18,]   362   0.00250002   1.48237e-42   0   [-0.000008,-0.000007,]
[3,18,]   363   0.0024999   2.38287e-42   0   [-0.000009,-0.000006,]
[4,18,]   364   0.00249975   2.8093e-42   0   [-0.000010,-0.000006,]
[5,18,]   365   0.00249957   3.01604e-42   0   [-0.000011,-0.000005,]
[6,18,]   366   0.00249947   2.92876e-42   0   [-0.000012,-0.000005,]
[7,18,]   367   0.00249955   2.43042e-42   0   [-0.000013,-0.000003,]
[8,18,]   368   0.00249989   1.44705e-42   0   [-0.000013,-0.000002,]
[9,18,]   369   0.00250046   3.14803e-43   0   [-0.000014,-0.000001,]
[10,18,]   370   0.00250104   -1.31198e-42   0   [-0.000014,0.000001,]
[11,18,]   371   0.00250148   -2.44659e-42   0   [-0.000013,0.000003,]
[12,18,]   372   0.00250158   -3.20989e-42   0   [-0.000012,0.000004,]
[13,18,]   373   0.00250142   -3.44116e-42   0   [-0.000012,0.000005,]
[14,18,]   374   0.0025011   -3.32133e-42   0   [-0.000011,0.000006,]
[15,18,]   375   0.00250077   -2.97908e-42   0   [-0.000010,0.000006,]
[16,18,]   376   0.00250051   -2.44732e-42   0   [-0.000009,0.000007,]
[17,18,]   377   0.00250031   -1.87258e-42   0   [-0.000008,0.000007,]
[18,18,]   378   0.00250009   2.16379e-44   0   [-0.000007,0.000007,]
[19,18,]   379   0.00249868   4.71164e-43   0   [-0.000006,0.000007,]
[0,19,]   380   0.00250057   -1.20059e-44   0   [-0.000006,-0.000006,]
[1,19,]   381   0.00249898   4.41742e-43   0   [-0.000007,-0.000006,]
[2,19,]   382   0.0024982   1.58205e-42   0   [-0.000008,-0.000006,]
[3,19,]   383   0.00249768   2.31276e-42   0   [-0.000008,-0.000006,]
[4,19,]   384   0.00249717   2.61366e-42   0   [-0.000009,-0.000005,]
[5,19,]   385   0.00249681   2.70848e-42   0   [-0.000010,-0.000005,]
[6,19,]   386   0.00249677   2.55354e-42   0   [-0.000011,-0.000004,]
[7,19,]   387   0.00249722   2.07072e-42   0   [-0.000011,-0.000003,]
[8,19,]   388   0.00249823   1.20978e-42   0   [-0.000012,-0.000002,]
[9,19,]   389   0.00249967   1.56719e-43   0   [-0.000012,-0.000000,]
[10,19,]   390   0.00250124   -1.17165e-42   0   [-0.000012,0.000001,]
[11,19,]   391   0.00250255   -2.23483e-42   0   [-0.000012,0.000002,]
[12,19,]   392   0.00250336   -2.85885e-42   0   [-0.000011,0.000003,]
[13,19,]   393   0.00250361   -3.07551e-42   0   [-0.000011,0.000004,]
[14,19,]   394   0.00250342   -3.02051e-42   0   [-0.000010,0.000005,]
[15,19,]   395   0.00250296   -2.78553e-42   0   [-0.000009,0.000005,]
[16,19,]   396   0.00250242   -2.37639e-42   0   [-0.000008,0.000006,]
[17,19,]   397   0.00250187   -1.90028e-42   0   [-0.000007,0.000006,]
[18,19,]   398   0.00250134   -4.09964e-43   0   [-0.000007,0.000006,]
[19,19,]   399   0.00249996   3.93281e-44   0   [-0.000006,0.000006,]
