coordinates  index   rho      Q      V      velocities
[0,0,]   0   0.00253281   1.42338e-40   0   [0.000007,-0.000006,]
[1,0,]   1   0.00256706   4.7125e-41   0   [0.000008,-0.000006,]
[2,0,]   2   0.00253104   -1.83965e-40   0   [0.000007,-0.000007,]
[3,0,]   3   0.00264955   2.72515e-40   0   [0.000009,-0.000005,]
[4,0,]   4   0.00252163   -2.7059e-40   0   [0.000006,-0.000007,]
[5,0,]   5   0.00271927   7.17771e-40   0   [0.000011,-0.000003,]
[6,0,]   6   0.00240296   -8.04023e-40   0   [0.000010,-0.000006,]
[7,0,]   7   0.00263239   2.00284e-40   0   [0.000014,0.000001,]
[8,0,]   8   0.00248517   -7.21652e-40   0   [0.000013,-0.000005,]
[9,0,]   9   0.00263953   2.39326e-40   0   [0.000008,0.000001,]
[10,0,]   10   0.00240059   -5.45887e-40   0   [0.000014,-0.000001,]
[11,0,]   11   0.00250861   1.98561e-40   0   [0.000010,0.000001,]
[12,0,]   12   0.00234934   -2.79443e-40   0   [0.000011,0.000004,]
[13,0,]   13   0.00230604   -2.01722e-40   0   [0.000008,0.000003,]
[14,0,]   14   0.00242444   4.03881e-40   0   [0.000010,0.000006,]
[15,0,]   15   0.00243903   2.09015e-40   0   [0.000011,0.000004,]
[16,0,]   16   0.00253358   3.13472e-40   0   [0.000010,0.000007,]
[17,0,]   17   0.00249338   1.06512e-42   0   [0.000009,0.000005,]
[18,0,]   18   0.00252787   7.8938e-41   0   [0.000007,0.000007,]
[19,0,]   19   0.00251469   1.41772e-40   0   [0.000006,0.000007,]
[0,1,]   20   0.00253833   7.94917e-41   0   [0.000007,-0.000007,]
[1,1,]   21   0.00254281   -1.52869e-41   0   [0.000007,-0.000007,]
[2,1,]   22   0.00252932   -1.06331e-40   0   [0.000007,-0.000007,]
[3,1,]   23   0.00260503   1.9093e-40   0   [0.000008,-0.000009,]
[4,1,]   24   0.00250658   -9.97233e-41   0   [0.000007,-0.000007,]
[5,1,]   25   0.00258802   5.16988e-40   0   [0.000012,-0.000006,]
[6,1,]   26   0.00234695   -6.77501e-40   0   [0.000012,-0.000002,]
[7,1,]   27   0.00253529   -2.88193e-41   0   [0.000015,0.000001,]
[8,1,]   28   0.00254389   -4.85232e-40   0   [0.000013,-0.000004,]
[9,1,]   29   0.00266445   1.16739e-40   0   [0.000010,0.000000,]
[10,1,]   30   0.00249214   -4.77637e-40   0   [0.000014,0.000004,]
[11,1,]   31   0.00262346   2.26182e-40   0   [0.000012,0.000002,]
[12,1,]   32   0.00245453   -2.61444e-40   0   [0.000011,0.000008,]
[13,1,]   33   0.00239483   -1.82291e-40   0   [0.000009,0.000009,]
[14,1,]   34   0.00248715   2.94907e-40   0   [0.000011,0.000010,]
[15,1,]   35   0.00255883   3.54256e-40   0   [0.000012,0.000007,]
[16,1,]   36   0.00258611   2.27772e-40   0   [0.000011,0.000007,]
[17,1,]   37   0.00254631   6.38884e-41   0   [0.000009,0.000007,]
[18,1,]   38   0.00252947   -1.58762e-41   0   [0.000008,0.000007,]
[19,1,]   39   0.00254342   4.64396e-41   0   [0.000006,0.000008,]
[0,2,]   40   0.00249588   -5.34004e-42   0   [0.000005,-0.000009,]
[1,2,]   41   0.00254935   5.54513e-41   0   [0.000007,-0.000009,]
[2,2,]   42   0.00252713   -6.81038e-41   0   [0.000005,-0.000009,]
[3,2,]   43   0.00257346   3.89661e-40   0   [0.000008,-0.000011,]
[4,2,]   44   0.00239641   -1.09177e-40   0   [0.000009,-0.000006,]
[5,2,]   45   0.00235454   -3.68392e-40   0   [0.000016,-0.000003,]
[6,2,]   46   0.00239263   -9.17664e-40   0   [0.000017,0.000000,]
[7,2,]   47   0.00264763   -6.23639e-40   0   [0.000013,-0.000002,]
[8,2,]   48   0.00290913   2.19757e-40   0   [0.000012,-0.000011,]
[9,2,]   49   0.00288919   1.87402e-41   0   [0.000017,-0.000006,]
[10,2,]   50   0.00267892   -7.72885e-40   0   [0.000016,0.000001,]
[11,2,]   51   0.00285478   3.5008e-40   0   [0.000014,-0.000003,]
[12,2,]   52   0.00266961   -3.61482e-40   0   [0.000018,0.000003,]
[13,2,]   53   0.00247743   -5.68011e-40   0   [0.000009,0.000011,]
[14,2,]   54   0.00233437   -5.95036e-40   0   [0.000008,0.000013,]
[15,2,]   55   0.00242967   4.89239e-41   0   [0.000009,0.000007,]
[16,2,]   56   0.00251371   9.06049e-41   0   [0.000010,0.000005,]
[17,2,]   57   0.00252349   -5.79773e-41   0   [0.000009,0.000005,]
[18,2,]   58   0.00251351   -1.02245e-40   0   [0.000007,0.000007,]
[19,2,]   59   0.00250287   -1.7721e-40   0   [0.000007,0.000007,]
[0,3,]   60   0.00253334   3.12212e-40   0   [0.000007,-0.000010,]
[1,3,]   61   0.00258573   2.26172e-40   0   [0.000007,-0.000011,]
[2,3,]   62   0.00251305   8.77874e-41   0   [0.000005,-0.000010,]
[3,3,]   63   0.00244188   2.13963e-40   0   [0.000011,-0.000010,]
[4,3,]   64   0.00224387   -8.2925e-40   0   [0.000015,-0.000003,]
[5,3,]   65   0.00233125   -1.56511e-39   0   [0.000018,0.000001,]
[6,3,]   66   0.00297984   2.29327e-41   0   [0.000013,-0.000014,]
[7,3,]   67   0.00334957   5.78909e-40   0   [0.000004,-0.000019,]
[8,3,]   68   0.0033826   7.16741e-40   0   [0.000009,-0.000022,]
[9,3,]   69   0.00330934   7.07064e-40   0   [0.000022,-0.000018,]
[10,3,]   70   0.00319046   1.99931e-40   0   [0.000018,-0.000012,]
[11,3,]   71   0.00313711   1.34639e-40   0   [0.000015,-0.000008,]
[12,3,]   72   0.00324738   8.83376e-40   0   [0.000026,-0.000006,]
[13,3,]   73   0.00300376   1.84619e-40   0   [0.000019,0.000002,]
[14,3,]   74   0.00240437   -1.33068e-39   0   [0.000006,0.000017,]
[15,3,]   75   0.00227861   -7.80947e-40   0   [0.000004,0.000015,]
[16,3,]   76   0.00244268   2.17672e-40   0   [0.000009,0.000011,]
[17,3,]   77   0.00256863   4.03492e-40   0   [0.000011,0.000008,]
[18,3,]   78   0.00258296   1.87573e-40   0   [0.000009,0.000008,]
[19,3,]   79   0.00260962   2.66743e-40   0   [0.000005,0.000009,]
[0,4,]   80   0.00243727   2.05414e-40   0   [0.000004,-0.000011,]
[1,4,]   81   0.00255653   3.49944e-40   0   [0.000007,-0.000012,]
[2,4,]   82   0.00242696   4.40282e-41   0   [0.000007,-0.000009,]
[3,4,]   83   0.00227533   -7.88965e-40   0   [0.000016,-0.000004,]
[4,4,]   84   0.00242675   -1.11659e-39   0   [0.000019,-0.000003,]
[5,4,]   85   0.0030285   -4.38681e-40   0   [0.000006,-0.000015,]
[6,4,]   86   0.00397827   1.86676e-39   0   [-0.000002,-0.000034,]
[7,4,]   87   0.00382042   1.43838e-39   0   [0.000005,-0.000036,]
[8,4,]   88   0.00318912   1.04652e-40   0   [0.000013,-0.000024,]
[9,4,]   89   0.00303028   9.24798e-41   0   [0.000027,-0.000026,]
[10,4,]   90   0.00345642   1.69084e-39   0   [0.000026,-0.000026,]
[11,4,]   91   0.00312528   1.31834e-40   0   [0.000020,-0.000009,]
[12,4,]   92   0.0032731   2.75461e-40   0   [0.000028,-0.000013,]
[13,4,]   93   0.00381608   1.81619e-39   0   [0.000031,-0.000014,]
[14,4,]   94   0.00313277   3.2629e-41   0   [0.000022,0.000004,]
[15,4,]   95   0.0024302   -1.11004e-39   0   [0.000003,0.000019,]
[16,4,]   96   0.00224469   -8.2293e-40   0   [0.000003,0.000015,]
[17,4,]   97   0.00239077   -9.25928e-41   0   [0.000006,0.000009,]
[18,4,]   98   0.00248287   -8.76822e-41   0   [0.000007,0.000007,]
[19,4,]   99   0.00247877   -2.52861e-40   0   [0.000008,0.000006,]
[0,5,]   100   0.00242409   4.0586e-40   0   [0.000006,-0.000010,]
[1,5,]   101   0.0024867   2.97289e-40   0   [0.000010,-0.000011,]
[2,5,]   102   0.00233372   -5.92661e-40   0   [0.000013,-0.000008,]
[3,5,]   103   0.00240351   -1.32785e-39   0   [0.000017,-0.000006,]
[4,5,]   104   0.00313136   3.44402e-41   0   [0.000004,-0.000022,]
[5,5,]   105   0.00402765   1.9786e-39   0   [-0.000012,-0.000039,]
[6,5,]   106   0.00379139   1.25667e-39   0   [-0.000008,-0.000039,]
[7,5,]   107   0.00305267   5.76403e-40   0   [0.000013,-0.000028,]
[8,5,]   108   0.00249033   -6.54031e-41   0   [0.000019,-0.000026,]
[9,5,]   109   0.0021685   -8.45181e-40   0   [0.000021,-0.000005,]
[10,5,]   110   0.00264636   1.19595e-39   0   [0.000035,-0.000024,]
[11,5,]   111   0.00253986   -5.06757e-41   0   [0.000028,-0.000012,]
[12,5,]   112   0.00266231   -9.01419e-40   0   [0.000021,-0.000001,]
[13,5,]   113   0.00368784   1.42907e-39   0   [0.000036,-0.000012,]
[14,5,]   114   0.00402966   1.97678e-39   0   [0.000039,-0.000012,]
[15,5,]   115   0.00303264   -4.32611e-40   0   [0.000015,0.000006,]
[16,5,]   116   0.00233136   -1.55879e-39   0   [-0.000001,0.000018,]
[17,5,]   117   0.002346   -3.48634e-40   0   [0.000003,0.000016,]
[18,5,]   118   0.00255266   5.07481e-40   0   [0.000006,0.000012,]
[19,5,]   119   0.002655   7.02943e-40   0   [0.000004,0.000011,]
[0,6,]   120   0.00230568   -2.0252e-40   0   [0.000003,-0.000008,]
[1,6,]   121   0.00239439   -1.83188e-40   0   [0.000009,-0.000009,]
[2,6,]   122   0.00247691   -5.6885e-40   0   [0.000011,-0.000009,]
[3,6,]   123   0.00300307   1.83717e-40   0   [0.000002,-0.000019,]
[4,6,]   124   0.00381516   1.81567e-39   0   [-0.000014,-0.000031,]
[5,6,]   125   0.00368667   1.42771e-39   0   [-0.000012,-0.000035,]
[6,6,]   126   0.0026865   -3.70676e-40   0   [0.000008,-0.000019,]
[7,6,]   127   0.00180618   -2.28717e-39   0   [0.000017,-0.000012,]
[8,6,]   128   0.00175203   6.4204e-40   0   [0.000036,-0.000030,]
[9,6,]   129   0.00131936   -1.87752e-39   0   [0.000030,-0.000000,]
[10,6,]   130   0.00159487   2.73729e-40   0   [0.000020,0.000002,]
[11,6,]   131   0.00185434   2.40212e-40   0   [0.000044,0.000004,]
[12,6,]   132   0.0020862   -1.03665e-40   0   [0.000028,0.000015,]
[13,6,]   133   0.00268744   -3.70031e-40   0   [0.000019,0.000008,]
[14,6,]   134   0.00379349   1.25418e-39   0   [0.000039,-0.000008,]
[15,6,]   135   0.00398415   1.87267e-39   0   [0.000033,-0.000002,]
[16,6,]   136   0.0029795   2.97744e-41   0   [0.000013,0.000013,]
[17,6,]   137   0.00238194   -9.00236e-40   0   [-0.000000,0.000017,]
[18,6,]   138   0.002314   -6.61312e-40   0   [0.000003,0.000012,]
[19,6,]   139   0.00234425   -7.82677e-40   0   [0.000007,0.000010,]
[0,7,]   140   0.00234954   -2.78365e-40   0   [0.000004,-0.000011,]
[1,7,]   141   0.00245479   -2.60158e-40   0   [0.000008,-0.000011,]
[2,7,]   142   0.00266993   -3.6013e-40   0   [0.000003,-0.000018,]
[3,7,]   143   0.0032479   8.85085e-40   0   [-0.000006,-0.000026,]
[4,7,]   144   0.00327382   2.77634e-40   0   [-0.000013,-0.000028,]
[5,7,]   145   0.00266328   -8.9706e-40   0   [-0.000001,-0.000021,]
[6,7,]   146   0.00208685   -1.0071e-40   0   [0.000015,-0.000028,]
[7,7,]   147   0.0013677   -1.50153e-39   0   [0.000001,-0.000024,]
[8,7,]   148   0.00117654   1.12956e-39   0   [0.000031,-0.000025,]
[9,7,]   149   0.000789882   -1.82618e-39   0   [0.000055,-0.000036,]
[10,7,]   150   0.000735744   -3.26858e-39   0   [0.000041,-0.000016,]
[11,7,]   151   0.00119339   1.25608e-39   0   [0.000041,0.000017,]
[12,7,]   152   0.00136719   -1.50579e-39   0   [0.000024,0.000001,]
[13,7,]   153   0.00180718   -2.28443e-39   0   [0.000012,0.000017,]
[14,7,]   154   0.00305469   5.72279e-40   0   [0.000028,0.000013,]
[15,7,]   155   0.00382779   1.44868e-39   0   [0.000036,0.000004,]
[16,7,]   156   0.00334816   5.85243e-40   0   [0.000018,0.000004,]
[17,7,]   157   0.00263113   -6.12408e-40   0   [0.000002,0.000013,]
[18,7,]   158   0.00248819   -4.49313e-41   0   [-0.000001,0.000015,]
[19,7,]   159   0.00255049   1.76773e-40   0   [0.000001,0.000014,]
[0,8,]   160   0.00250856   1.98146e-40   0   [0.000001,-0.000010,]
[1,8,]   161   0.0026234   2.2567e-40   0   [0.000002,-0.000012,]
[2,8,]   162   0.00285469   3.4946e-40   0   [-0.000003,-0.000014,]
[3,8,]   163   0.00313695   1.33646e-40   0   [-0.000008,-0.000015,]
[4,8,]   164   0.00312507   1.30551e-40   0   [-0.000009,-0.000020,]
[5,8,]   165   0.00253969   -5.24889e-41   0   [-0.000012,-0.000028,]
[6,8,]   166   0.00185424   2.38635e-40   0   [0.000004,-0.000044,]
[7,8,]   167   0.0011934   1.25486e-39   0   [0.000017,-0.000041,]
[8,8,]   168   0.000571716   -4.26881e-39   0   [0.000021,-0.000058,]
[9,8,]   169   0.000532675   1.42071e-39   0   [0.000046,0.000000,]
[10,8,]   170   0.000417701   -2.04777e-39   0   [0.000081,0.000050,]
[11,8,]   171   0.000571715   -4.26654e-39   0   [0.000058,0.000021,]
[12,8,]   172   0.00117599   1.12403e-39   0   [0.000025,0.000031,]
[13,8,]   173   0.00175302   6.43087e-40   0   [0.000030,0.000036,]
[14,8,]   174   0.00249236   -7.01665e-41   0   [0.000026,0.000019,]
[15,8,]   175   0.00319672   1.17793e-40   0   [0.000024,0.000013,]
[16,8,]   176   0.00338221   7.28842e-40   0   [0.000021,0.000009,]
[17,8,]   177   0.00289169   2.38659e-40   0   [0.000011,0.000012,]
[18,8,]   178   0.00249931   -4.72201e-40   0   [0.000004,0.000013,]
[19,8,]   179   0.00240994   -7.09007e-40   0   [0.000006,0.000013,]
[0,9,]   180   0.00240066   -5.45559e-40   0   [-0.000001,-0.000014,]
[1,9,]   181   0.00249223   -4.77235e-40   0   [0.000004,-0.000014,]
[2,9,]   182   0.00267902   -7.72361e-40   0   [0.000001,-0.000016,]
[3,9,]   183   0.0031906   2.00585e-40   0   [-0.000012,-0.000018,]
[4,9,]   184   0.00345658   1.69151e-39   0   [-0.000026,-0.000026,]
[5,9,]   185   0.00264651   1.19687e-39   0   [-0.000024,-0.000035,]
[6,9,]   186   0.00159499   2.74868e-40   0   [0.000002,-0.000020,]
[7,9,]   187   0.000735825   -3.26684e-39   0   [-0.000016,-0.000041,]
[8,9,]   188   0.000417748   -2.04631e-39   0   [0.000050,-0.000081,]
[9,9,]   189   0.000210071   -6.11889e-39   0   [0.000172,-0.000072,]
[10,9,]   190   0.00021004   -6.12079e-39   0   [0.000072,0.000172,]
[11,9,]   191   0.000532693   1.42265e-39   0   [-0.000000,0.000046,]
[12,9,]   192   0.000789628   -1.83096e-39   0   [0.000036,0.000055,]
[13,9,]   193   0.00132045   -1.87494e-39   0   [0.000000,0.000030,]
[14,9,]   194   0.00217064   -8.50169e-40   0   [0.000005,0.000021,]
[15,9,]   195   0.00303795   1.09343e-40   0   [0.000026,0.000027,]
[16,9,]   196   0.00330684   7.16087e-40   0   [0.000018,0.000022,]
[17,9,]   197   0.00286769   3.13548e-41   0   [0.000006,0.000017,]
[18,9,]   198   0.00261048   1.06771e-40   0   [0.000000,0.000010,]
[19,9,]   199   0.00255056   2.24978e-40   0   [0.000000,0.000008,]
[0,10,]   200   0.00263944   2.3902e-40   0   [0.000001,-0.000008,]
[1,10,]   201   0.00266433   1.16333e-40   0   [0.000000,-0.000010,]
[2,10,]   202   0.00288903   1.81745e-41   0   [-0.000006,-0.000017,]
[3,10,]   203   0.00330913   7.06397e-40   0   [-0.000018,-0.000022,]
[4,10,]   204   0.00303001   9.16452e-41   0   [-0.000026,-0.000027,]
[5,10,]   205   0.00216821   -8.46521e-40   0   [-0.000005,-0.000021,]
[6,10,]   206   0.00131911   -1.87932e-39   0   [-0.000000,-0.000030,]
[7,10,]   207   0.00078967   -1.82917e-39   0   [-0.000036,-0.000055,]
[8,10,]   208   0.000532561   1.41878e-39   0   [0.000000,-0.000046,]
[9,10,]   209   0.000210069   -6.11782e-39   0   [-0.000072,-0.000172,]
[10,10,]   210   0.000210039   -6.11972e-39   0   [-0.000172,0.000072,]
[11,10,]   211   0.000417688   -2.04706e-39   0   [-0.000050,0.000081,]
[12,10,]   212   0.000735489   -3.27592e-39   0   [0.000016,0.000041,]
[13,10,]   213   0.00159637   2.75824e-40   0   [-0.000002,0.000020,]
[14,10,]   214   0.00264924   1.19364e-39   0   [0.000024,0.000035,]
[15,10,]   215   0.00346312   1.7007e-39   0   [0.000026,0.000026,]
[16,10,]   216   0.00318647   2.07885e-40   0   [0.000011,0.000018,]
[17,10,]   217   0.00265801   -7.59716e-40   0   [-0.000000,0.000016,]
[18,10,]   218   0.00244338   -4.69367e-40   0   [-0.000004,0.000014,]
[19,10,]   219   0.00232182   -5.36248e-40   0   [0.000002,0.000014,]
[0,11,]   220   0.0024852   -7.21537e-40   0   [-0.000005,-0.000013,]
[1,11,]   221   0.00254395   -4.85068e-40   0   [-0.000004,-0.000013,]
[2,11,]   222   0.00290924   2.20045e-40   0   [-0.000011,-0.000012,]
[3,11,]   223   0.00338279   7.17211e-40   0   [-0.000022,-0.000009,]
[4,11,]   224   0.00318932   1.05355e-40   0   [-0.000024,-0.000013,]
[5,11,]   225   0.00249048   -6.44729e-41   0   [-0.000026,-0.000019,]
[6,11,]   226   0.00175215   6.42991e-40   0   [-0.000030,-0.000036,]
[7,11,]   227   0.00117668   1.13137e-39   0   [-0.000025,-0.000031,]
[8,11,]   228   0.000571746   -4.26719e-39   0   [-0.000058,-0.000021,]
[9,11,]   229   0.000417735   -2.04559e-39   0   [-0.000081,-0.000050,]
[10,11,]   230   0.000532579   1.42072e-39   0   [-0.000046,-0.000000,]
[11,11,]   231   0.000571745   -4.26492e-39   0   [-0.000021,0.000058,]
[12,11,]   232   0.00119321   1.25125e-39   0   [-0.000017,0.000041,]
[13,11,]   233   0.00185625   2.43436e-40   0   [-0.000004,0.000044,]
[14,11,]   234   0.00254263   -5.32324e-41   0   [0.000012,0.000028,]
[15,11,]   235   0.00313137   1.46345e-40   0   [0.000009,0.000020,]
[16,11,]   236   0.00313191   1.4226e-40   0   [0.000008,0.000015,]
[17,11,]   237   0.00283134   3.64269e-40   0   [0.000003,0.000014,]
[18,11,]   238   0.00256942   2.20939e-40   0   [-0.000001,0.000012,]
[19,11,]   239   0.00242269   1.86958e-40   0   [0.000000,0.000010,]
[0,12,]   240   0.00263242   1.9943e-40   0   [0.000001,-0.000014,]
[1,12,]   241   0.00253534   -2.98839e-41   0   [0.000001,-0.000015,]
[2,12,]   242   0.00264773   -6.24831e-40   0   [-0.000002,-0.000013,]
[3,12,]   243   0.00334967   5.77507e-40   0   [-0.000019,-0.000004,]
[4,12,]   244   0.00382039   1.43642e-39   0   [-0.000036,-0.000005,]
[5,12,]   245   0.0030525   5.73263e-40   0   [-0.000028,-0.000013,]
[6,12,]   246   0.00180607   -2.29116e-39   0   [-0.000012,-0.000017,]
[7,12,]   247   0.00136764   -1.50534e-39   0   [-0.000024,-0.000001,]
[8,12,]   248   0.00119322   1.25004e-39   0   [-0.000041,-0.000017,]
[9,12,]   249   0.00073557   -3.27418e-39   0   [-0.000041,0.000016,]
[10,12,]   250   0.000789417   -1.83394e-39   0   [-0.000055,0.000036,]
[11,12,]   251   0.00117613   1.12584e-39   0   [-0.000031,0.000025,]
[12,12,]   252   0.00136713   -1.5096e-39   0   [-0.000001,0.000024,]
[13,12,]   253   0.00208818   -1.01526e-40   0   [-0.000015,0.000028,]
[14,12,]   254   0.00266505   -9.02601e-40   0   [0.000001,0.000021,]
[15,12,]   255   0.00327833   2.88796e-40   0   [0.000013,0.000028,]
[16,12,]   256   0.00324121   8.90798e-40   0   [0.000005,0.000026,]
[17,12,]   257   0.00264783   -3.4945e-40   0   [-0.000003,0.000018,]
[18,12,]   258   0.00240699   -2.58053e-40   0   [-0.000008,0.000011,]
[19,12,]   259   0.00227494   -2.74547e-40   0   [-0.000002,0.000011,]
[0,13,]   260   0.00240368   -8.0319e-40   0   [-0.000006,-0.000010,]
[1,13,]   261   0.00234784   -6.76407e-40   0   [-0.000002,-0.000012,]
[2,13,]   262   0.00239375   -9.16219e-40   0   [0.000000,-0.000017,]
[3,13,]   263   0.00298139   2.44088e-41   0   [-0.000014,-0.000013,]
[4,13,]   264   0.00398055   1.86829e-39   0   [-0.000034,0.000002,]
[5,13,]   265   0.00379413   1.25916e-39   0   [-0.000039,0.000008,]
[6,13,]   266   0.00268889   -3.6759e-40   0   [-0.000019,-0.000008,]
[7,13,]   267   0.00208883   -9.8572e-41   0   [-0.000028,-0.000015,]
[8,13,]   268   0.00185616   2.41859e-40   0   [-0.000044,-0.000004,]
[9,13,]   269   0.00159649   2.76963e-40   0   [-0.000020,-0.000002,]
[10,13,]   270   0.0013202   -1.87673e-39   0   [-0.000030,0.000000,]
[11,13,]   271   0.00175314   6.44037e-40   0   [-0.000036,0.000030,]
[12,13,]   272   0.00180707   -2.28842e-39   0   [-0.000017,0.000012,]
[13,13,]   273   0.00268984   -3.66947e-40   0   [-0.000008,0.000019,]
[14,13,]   274   0.00369088   1.42866e-39   0   [0.000012,0.000035,]
[15,13,]   275   0.00381966   1.82481e-39   0   [0.000014,0.000031,]
[16,13,]   276   0.00299651   1.87108e-40   0   [-0.000002,0.000019,]
[17,13,]   277   0.00245731   -5.58482e-40   0   [-0.000011,0.000009,]
[18,13,]   278   0.00234989   -1.89452e-40   0   [-0.000009,0.000009,]
[19,13,]   279   0.00223597   -2.16158e-40   0   [-0.000001,0.000008,]
[0,14,]   280   0.00272012   7.17309e-40   0   [-0.000003,-0.000011,]
[1,14,]   281   0.00258901   5.164e-40   0   [-0.000006,-0.000012,]
[2,14,]   282   0.00235567   -3.68934e-40   0   [-0.000003,-0.000016,]
[3,14,]   283   0.00233251   -1.56565e-39   0   [0.000001,-0.000018,]
[4,14,]   284   0.00303013   -4.39449e-40   0   [-0.000015,-0.000006,]
[5,14,]   285   0.00403015   1.97809e-39   0   [-0.000039,0.000012,]
[6,14,]   286   0.0036897   1.4273e-39   0   [-0.000035,0.000012,]
[7,14,]   287   0.00266601   -8.98246e-40   0   [-0.000021,0.000001,]
[8,14,]   288   0.00254245   -5.50435e-41   0   [-0.000028,0.000012,]
[9,14,]   289   0.0026494   1.19456e-39   0   [-0.000035,0.000024,]
[10,14,]   290   0.00217035   -8.51508e-40   0   [-0.000021,0.000005,]
[11,14,]   291   0.00249251   -6.92364e-41   0   [-0.000019,0.000026,]
[12,14,]   292   0.00305451   5.6914e-40   0   [-0.000013,0.000028,]
[13,14,]   293   0.00379623   1.25668e-39   0   [0.000008,0.000039,]
[14,14,]   294   0.00403216   1.97627e-39   0   [0.000012,0.000039,]
[15,14,]   295   0.0031345   3.85084e-41   0   [-0.000004,0.000022,]
[16,14,]   296   0.00239876   -1.32799e-39   0   [-0.000017,0.000006,]
[17,14,]   297   0.0023182   -5.82776e-40   0   [-0.000013,0.000008,]
[18,14,]   298   0.00244916   2.99697e-40   0   [-0.000009,0.000011,]
[19,14,]   299   0.00236628   4.15023e-40   0   [-0.000005,0.000010,]
[0,15,]   300   0.00252282   -2.66928e-40   0   [-0.000007,-0.000006,]
[1,15,]   301   0.002508   -9.49235e-41   0   [-0.000007,-0.000007,]
[2,15,]   302   0.00239811   -1.02741e-40   0   [-0.000006,-0.000009,]
[3,15,]   303   0.00224569   -8.20715e-40   0   [-0.000003,-0.000015,]
[4,15,]   304   0.00242837   -1.10864e-39   0   [-0.000003,-0.000019,]
[5,15,]   305   0.00313309   4.0314e-41   0   [-0.000022,-0.000004,]
[6,15,]   306   0.00381875   1.8243e-39   0   [-0.000031,0.000014,]
[7,15,]   307   0.00327905   2.90962e-40   0   [-0.000028,0.000013,]
[8,15,]   308   0.00313116   1.45065e-40   0   [-0.000020,0.000009,]
[9,15,]   309   0.00346328   1.70137e-39   0   [-0.000026,0.000026,]
[10,15,]   310   0.00303769   1.0851e-40   0   [-0.000027,0.000026,]
[11,15,]   311   0.00319692   1.18497e-40   0   [-0.000013,0.000024,]
[12,15,]   312   0.00382776   1.44671e-39   0   [-0.000004,0.000036,]
[13,15,]   313   0.00398643   1.87419e-39   0   [0.000002,0.000033,]
[14,15,]   314   0.00303427   -4.33391e-40   0   [-0.000006,0.000015,]
[15,15,]   315   0.00243182   -1.1021e-39   0   [-0.000019,0.000003,]
[16,15,]   316   0.00227431   -7.77125e-40   0   [-0.000016,0.000004,]
[17,15,]   317   0.00241576   5.9782e-41   0   [-0.000007,0.000009,]
[18,15,]   318   0.0025259   3.54338e-40   0   [-0.000007,0.000012,]
[19,15,]   319   0.00238937   2.07358e-40   0   [-0.000003,0.000011,]
[0,16,]   320   0.00264802   2.74283e-40   0   [-0.000005,-0.000009,]
[1,16,]   321   0.00260285   1.92864e-40   0   [-0.000009,-0.000008,]
[2,16,]   322   0.00257071   3.92435e-40   0   [-0.000011,-0.000008,]
[3,16,]   323   0.00243857   2.18012e-40   0   [-0.000010,-0.000011,]
[4,16,]   324   0.00227105   -7.85086e-40   0   [-0.000004,-0.000016,]
[5,16,]   325   0.00239789   -1.32518e-39   0   [-0.000006,-0.000017,]
[6,16,]   326   0.00299582   1.8622e-40   0   [-0.000019,-0.000002,]
[7,16,]   327   0.00324172   8.92497e-40   0   [-0.000026,0.000005,]
[8,16,]   328   0.00313174   1.41271e-40   0   [-0.000015,0.000008,]
[9,16,]   329   0.00318661   2.08538e-40   0   [-0.000018,0.000011,]
[10,16,]   330   0.00330663   7.15421e-40   0   [-0.000022,0.000018,]
[11,16,]   331   0.00338239   7.29314e-40   0   [-0.000009,0.000021,]
[12,16,]   332   0.00334826   5.83835e-40   0   [-0.000004,0.000018,]
[13,16,]   333   0.00298105   3.12584e-41   0   [-0.000013,0.000013,]
[14,16,]   334   0.00233263   -1.55935e-39   0   [-0.000018,-0.000001,]
[15,16,]   335   0.00224653   -8.14339e-40   0   [-0.000015,0.000003,]
[16,16,]   336   0.00243938   2.21737e-40   0   [-0.000011,0.000009,]
[17,16,]   337   0.00250242   9.99105e-41   0   [-0.000005,0.000010,]
[18,16,]   338   0.00255988   2.30021e-40   0   [-0.000007,0.000011,]
[19,16,]   339   0.00249426   3.19554e-40   0   [-0.000006,0.000010,]
[0,17,]   340   0.00252536   -1.79716e-40   0   [-0.000007,-0.000007,]
[1,17,]   341   0.00252201   -1.00805e-40   0   [-0.000007,-0.000007,]
[2,17,]   342   0.00251787   -6.13565e-41   0   [-0.000009,-0.000005,]
[3,17,]   343   0.00250172   9.69648e-41   0   [-0.000010,-0.000005,]
[4,17,]   344   0.00241307   5.49813e-41   0   [-0.000009,-0.000007,]
[5,17,]   345   0.00231755   -5.80454e-40   0   [-0.000008,-0.000013,]
[6,17,]   346   0.00245681   -5.5928e-40   0   [-0.000009,-0.000011,]
[7,17,]   347   0.00264814   -3.48119e-40   0   [-0.000018,-0.000003,]
[8,17,]   348   0.00283125   3.63658e-40   0   [-0.000014,0.000003,]
[9,17,]   349   0.00265811   -7.59197e-40   0   [-0.000016,-0.000000,]
[10,17,]   350   0.00286754   3.07873e-41   0   [-0.000017,0.000006,]
[11,17,]   351   0.00289181   2.38948e-40   0   [-0.000012,0.000011,]
[12,17,]   352   0.00263122   -6.13617e-40   0   [-0.000013,0.000002,]
[13,17,]   353   0.00238306   -8.98773e-40   0   [-0.000017,-0.000000,]
[14,17,]   354   0.00234712   -3.49221e-40   0   [-0.000016,0.000003,]
[15,17,]   355   0.00239248   -8.60856e-41   0   [-0.000009,0.000006,]
[16,17,]   356   0.00256586   4.06193e-40   0   [-0.000008,0.000011,]
[17,17,]   357   0.00251426   -5.12231e-41   0   [-0.000005,0.000009,]
[18,17,]   358   0.00252499   6.31506e-41   0   [-0.000007,0.000009,]
[19,17,]   359   0.00246145   5.57745e-44   0   [-0.000005,0.000009,]
[0,18,]   360   0.00255373   4.77871e-41   0   [-0.000006,-0.000008,]
[1,18,]   361   0.00252588   -1.53064e-41   0   [-0.000007,-0.000007,]
[2,18,]   362   0.00252799   5.49866e-41   0   [-0.000009,-0.000007,]
[3,18,]   363   0.00255942   2.28312e-40   0   [-0.000011,-0.000007,]
[4,18,]   364   0.00252365   3.50194e-40   0   [-0.000012,-0.000007,]
[5,18,]   365   0.00244869   3.01983e-40   0   [-0.000011,-0.000009,]
[6,18,]   366   0.00234948   -1.90267e-40   0   [-0.000009,-0.000009,]
[7,18,]   367   0.00240724   -2.56813e-40   0   [-0.000011,-0.000008,]
[8,18,]   368   0.00256937   2.20449e-40   0   [-0.000012,-0.000001,]
[9,18,]   369   0.00244346   -4.68978e-40   0   [-0.000014,-0.000004,]
[10,18,]   370   0.00261036   1.06363e-40   0   [-0.000010,0.000000,]
[11,18,]   371   0.00249937   -4.72026e-40   0   [-0.000013,0.000004,]
[12,18,]   372   0.00248824   -4.60332e-41   0   [-0.000015,-0.000001,]
[13,18,]   373   0.0023149   -6.60158e-40   0   [-0.000012,0.000003,]
[14,18,]   374   0.00255363   5.0682e-40   0   [-0.000012,0.000006,]
[15,18,]   375   0.0024843   -8.26866e-41   0   [-0.000007,0.000007,]
[16,18,]   376   0.00258075   1.89467e-40   0   [-0.000008,0.000009,]
[17,18,]   377   0.00250626   -9.63781e-41   0   [-0.000007,0.000007,]
[18,18,]   378   0.00251267   -1.58837e-41   0   [-0.000007,0.000007,]
[19,18,]   379   0.00250261   8.03376e-41   0   [-0.000006,0.000007,]
[0,19,]   380   0.00251233   1.44282e-40   0   [-0.000006,-0.000007,]
[1,19,]   381   0.00251258   8.0751e-41   0   [-0.000007,-0.000006,]
[2,19,]   382   0.00246375   -5.90995e-42   0   [-0.000009,-0.000005,]
[3,19,]   383   0.00249384   3.18146e-40   0   [-0.000010,-0.000006,]
[4,19,]   384   0.00238766   2.04064e-40   0   [-0.000011,-0.000003,]
[5,19,]   385   0.0023659   4.16857e-40   0   [-0.000010,-0.000005,]
[6,19,]   386   0.00223565   -2.16812e-40   0   [-0.000008,-0.000001,]
[7,19,]   387   0.00227513   -2.73549e-40   0   [-0.000011,-0.000002,]
[8,19,]   388   0.00242265   1.86581e-40   0   [-0.000010,0.000000,]
[9,19,]   389   0.00232188   -5.35943e-40   0   [-0.000014,0.000002,]
[10,19,]   390   0.00255047   2.24668e-40   0   [-0.000008,0.000000,]
[11,19,]   391   0.00240998   -7.08874e-40   0   [-0.000013,0.000006,]
[12,19,]   392   0.00255052   1.75865e-40   0   [-0.000014,0.000001,]
[13,19,]   393   0.00234498   -7.81726e-40   0   [-0.000010,0.000007,]
[14,19,]   394   0.0026558   7.02396e-40   0   [-0.000011,0.000004,]
[15,19,]   395   0.00247992   -2.48897e-40   0   [-0.000006,0.000008,]
[16,19,]   396   0.0026079   2.6842e-40   0   [-0.000009,0.000005,]
[17,19,]   397   0.00249707   -1.72569e-40   0   [-0.000007,0.000007,]
[18,19,]   398   0.00252996   4.69035e-41   0   [-0.000008,0.000006,]
[19,19,]   399   0.00249453   1.43644e-40   0   [-0.000007,0.000006,]
