coordinates  index   rho      Q      V      velocities
[0,0,]   0   0.00251005   -4.14861e-43   0   [0.000006,-0.000006,]
[1,0,]   1   0.00251398   -1.64386e-42   0   [0.000007,-0.000006,]
[2,0,]   2   0.00251585   -7.44856e-42   0   [0.000007,-0.000006,]
[3,0,]   3   0.00251955   -7.37036e-42   0   [0.000008,-0.000006,]
[4,0,]   4   0.00252338   -8.96479e-42   0   [0.000009,-0.000005,]
[5,0,]   5   0.0025285   -1.09358e-41   0   [0.000010,-0.000005,]
[6,0,]   6   0.00253164   -6.93281e-42   0   [0.000011,-0.000004,]
[7,0,]   7   0.00253701   -6.21152e-42   0   [0.000011,-0.000003,]
[8,0,]   8   0.00253119   1.03725e-41   0   [0.000012,-0.000002,]
[9,0,]   9   0.00253426   -5.91753e-42   0   [0.000012,-0.000000,]
[10,0,]   10   0.00251901   2.62954e-42   0   [0.000012,0.000001,]
[11,0,]   11   0.00251573   2.89225e-41   0   [0.000012,0.000002,]
[12,0,]   12   0.00251101   2.23089e-41   0   [0.000012,0.000003,]
[13,0,]   13   0.00250706   1.37506e-41   0   [0.000011,0.000004,]
[14,0,]   14   0.00250436   7.02653e-42   0   [0.000010,0.000005,]
[15,0,]   15   0.00250255   6.60972e-42   0   [0.000009,0.000005,]
[16,0,]   16   0.00250171   5.1984e-42   0   [0.000008,0.000006,]
[17,0,]   17   0.00250156   4.5602e-42   0   [0.000008,0.000006,]
[18,0,]   18   0.00250206   1.19891e-42   0   [0.000007,0.000006,]
[19,0,]   19   0.00250491   7.13598e-44   0   [0.000006,0.000006,]
[0,1,]   20   0.00250467   9.26054e-43   0   [0.000006,-0.000007,]
[1,1,]   21   0.00250763   -3.05371e-43   0   [0.000007,-0.000007,]
[2,1,]   22   0.00250743   -7.38779e-42   0   [0.000008,-0.000007,]
[3,1,]   23   0.00250899   -7.92474e-42   0   [0.000008,-0.000007,]
[4,1,]   24   0.00251113   -8.29532e-42   0   [0.000009,-0.000007,]
[5,1,]   25   0.00251398   -1.56856e-41   0   [0.000010,-0.000006,]
[6,1,]   26   0.00251874   1.49399e-43   0   [0.000011,-0.000005,]
[7,1,]   27   0.00251986   -1.95839e-41   0   [0.000012,-0.000004,]
[8,1,]   28   0.00252085   2.85437e-41   0   [0.000013,-0.000003,]
[9,1,]   29   0.00251572   -3.3414e-41   0   [0.000013,-0.000001,]
[10,1,]   30   0.00251496   1.59244e-41   0   [0.000013,0.000000,]
[11,1,]   31   0.00251518   2.84165e-41   0   [0.000013,0.000002,]
[12,1,]   32   0.00251438   2.60766e-41   0   [0.000013,0.000003,]
[13,1,]   33   0.00251124   1.53128e-41   0   [0.000012,0.000004,]
[14,1,]   34   0.00250805   5.97856e-42   0   [0.000011,0.000005,]
[15,1,]   35   0.00250661   7.74193e-42   0   [0.000010,0.000006,]
[16,1,]   36   0.0025052   5.12958e-42   0   [0.000009,0.000006,]
[17,1,]   37   0.00250454   4.70977e-42   0   [0.000008,0.000007,]
[18,1,]   38   0.0025044   3.78263e-44   0   [0.000007,0.000007,]
[19,1,]   39   0.00250757   -1.08846e-42   0   [0.000006,0.000007,]
[0,2,]   40   0.00250169   1.71798e-42   0   [0.000006,-0.000008,]
[1,2,]   41   0.0025047   1.19555e-42   0   [0.000007,-0.000008,]
[2,2,]   42   0.00250333   -8.36463e-42   0   [0.000008,-0.000008,]
[3,2,]   43   0.00250437   -5.76026e-42   0   [0.000009,-0.000008,]
[4,2,]   44   0.00250501   -1.60359e-41   0   [0.000010,-0.000008,]
[5,2,]   45   0.00251049   6.90732e-43   0   [0.000011,-0.000007,]
[6,2,]   46   0.00250936   -2.0611e-41   0   [0.000012,-0.000007,]
[7,2,]   47   0.00251905   4.41094e-41   0   [0.000014,-0.000006,]
[8,2,]   48   0.00249315   -7.57153e-41   0   [0.000015,-0.000004,]
[9,2,]   49   0.00252038   -2.33314e-41   0   [0.000015,-0.000002,]
[10,2,]   50   0.00249684   -9.08633e-41   0   [0.000016,0.000001,]
[11,2,]   51   0.00249229   -5.22167e-41   0   [0.000015,0.000002,]
[12,2,]   52   0.00249865   -1.73411e-41   0   [0.000014,0.000004,]
[13,2,]   53   0.00250287   -2.00793e-41   0   [0.000013,0.000005,]
[14,2,]   54   0.00250509   -7.04794e-42   0   [0.000012,0.000006,]
[15,2,]   55   0.00250427   -9.22629e-42   0   [0.000010,0.000007,]
[16,2,]   56   0.00250374   -3.16414e-42   0   [0.000009,0.000007,]
[17,2,]   57   0.00250312   -3.98532e-42   0   [0.000008,0.000008,]
[18,2,]   58   0.00250339   -6.97329e-42   0   [0.000007,0.000008,]
[19,2,]   59   0.0025078   -6.86774e-42   0   [0.000006,0.000007,]
[0,3,]   60   0.00250168   5.18354e-42   0   [0.000006,-0.000008,]
[1,3,]   61   0.00250516   5.10176e-42   0   [0.000006,-0.000009,]
[2,3,]   62   0.00250368   -3.22059e-42   0   [0.000007,-0.000009,]
[3,3,]   63   0.00250488   -5.63043e-42   0   [0.000008,-0.000009,]
[4,3,]   64   0.00250721   3.64186e-42   0   [0.000010,-0.000009,]
[5,3,]   65   0.00251306   5.35618e-42   0   [0.000011,-0.000009,]
[6,3,]   66   0.00250614   3.41904e-41   0   [0.000013,-0.000008,]
[7,3,]   67   0.00251749   5.89521e-42   0   [0.000015,-0.000008,]
[8,3,]   68   0.00247443   -2.58056e-40   0   [0.000017,-0.000002,]
[9,3,]   69   0.00259575   2.92575e-41   0   [0.000018,-0.000004,]
[10,3,]   70   0.00253431   -1.92017e-40   0   [0.000017,0.000001,]
[11,3,]   71   0.00250121   -9.69065e-41   0   [0.000016,0.000005,]
[12,3,]   72   0.00249926   4.6314e-41   0   [0.000016,0.000006,]
[13,3,]   73   0.00251301   1.0877e-40   0   [0.000015,0.000007,]
[14,3,]   74   0.00251095   2.96445e-41   0   [0.000013,0.000008,]
[15,3,]   75   0.00250922   1.62937e-41   0   [0.000011,0.000008,]
[16,3,]   76   0.00250495   -5.52568e-42   0   [0.000009,0.000008,]
[17,3,]   77   0.00250409   -3.73232e-43   0   [0.000008,0.000009,]
[18,3,]   78   0.00250398   -7.38875e-42   0   [0.000007,0.000008,]
[19,3,]   79   0.00250955   -6.63446e-42   0   [0.000006,0.000008,]
[0,4,]   80   0.00250238   6.22976e-42   0   [0.000005,-0.000009,]
[1,4,]   81   0.00250639   7.27343e-42   0   [0.000006,-0.000010,]
[2,4,]   82   0.002504   -9.80941e-42   0   [0.000007,-0.000010,]
[3,4,]   83   0.00250889   1.55832e-41   0   [0.000008,-0.000011,]
[4,4,]   84   0.00250291   -2.5034e-41   0   [0.000010,-0.000011,]
[5,4,]   85   0.00252399   1.38065e-40   0   [0.000012,-0.000012,]
[6,4,]   86   0.00245684   -2.38666e-40   0   [0.000014,-0.000009,]
[7,4,]   87   0.00256592   9.21651e-41   0   [0.000020,-0.000010,]
[8,4,]   88   0.00250231   -9.09047e-40   0   [0.000019,-0.000002,]
[9,4,]   89   0.00283673   4.28473e-40   0   [0.000019,-0.000011,]
[10,4,]   90   0.00270632   -1.46904e-40   0   [0.000025,-0.000003,]
[11,4,]   91   0.00255886   -4.4789e-40   0   [0.000020,0.000003,]
[12,4,]   92   0.00244654   -4.29491e-40   0   [0.000016,0.000007,]
[13,4,]   93   0.00244982   -2.23499e-40   0   [0.000014,0.000008,]
[14,4,]   94   0.00249214   -5.81838e-42   0   [0.000013,0.000009,]
[15,4,]   95   0.00250331   -2.41545e-41   0   [0.000011,0.000010,]
[16,4,]   96   0.00250729   3.82798e-42   0   [0.000009,0.000010,]
[17,4,]   97   0.00250462   -9.49737e-42   0   [0.000008,0.000010,]
[18,4,]   98   0.00250495   -7.70133e-42   0   [0.000007,0.000009,]
[19,4,]   99   0.00251106   -8.24225e-42   0   [0.000006,0.000009,]
[0,5,]   100   0.00250437   7.25526e-42   0   [0.000005,-0.000010,]
[1,5,]   101   0.00250806   6.26259e-42   0   [0.000005,-0.000011,]
[2,5,]   102   0.00250509   -6.69454e-42   0   [0.000006,-0.000012,]
[3,5,]   103   0.00251096   3.00757e-41   0   [0.000008,-0.000013,]
[4,5,]   104   0.00249214   -5.29474e-42   0   [0.000009,-0.000013,]
[5,5,]   105   0.0025095   8.39668e-41   0   [0.000013,-0.000015,]
[6,5,]   106   0.00242544   -6.37435e-40   0   [0.000015,-0.000008,]
[7,5,]   107   0.0027134   -1.73612e-40   0   [0.000022,-0.000016,]
[8,5,]   108   0.00290339   -3.35101e-40   0   [0.000016,-0.000014,]
[9,5,]   109   0.00317094   1.10343e-39   0   [0.000018,-0.000024,]
[10,5,]   110   0.00304189   6.02081e-40   0   [0.000032,-0.000015,]
[11,5,]   111   0.00297631   2.83242e-40   0   [0.000027,-0.000002,]
[12,5,]   112   0.0026273   -5.14131e-40   0   [0.000020,0.000012,]
[13,5,]   113   0.00252819   -1.34052e-41   0   [0.000016,0.000016,]
[14,5,]   114   0.0025095   8.33553e-41   0   [0.000015,0.000013,]
[15,5,]   115   0.00252447   1.39092e-40   0   [0.000012,0.000012,]
[16,5,]   116   0.00251314   5.67102e-42   0   [0.000009,0.000011,]
[17,5,]   117   0.00250994   8.46223e-42   0   [0.000007,0.000011,]
[18,5,]   118   0.00250646   -1.50972e-41   0   [0.000006,0.000010,]
[19,5,]   119   0.00251357   -1.03295e-41   0   [0.000005,0.000010,]
[0,6,]   120   0.00250705   1.37184e-41   0   [0.000004,-0.000011,]
[1,6,]   121   0.00251123   1.52728e-41   0   [0.000004,-0.000012,]
[2,6,]   122   0.00250286   -2.0129e-41   0   [0.000005,-0.000013,]
[3,6,]   123   0.00251299   1.08712e-40   0   [0.000007,-0.000015,]
[4,6,]   124   0.0024498   -2.2357e-40   0   [0.000008,-0.000014,]
[5,6,]   125   0.00252816   -1.34814e-41   0   [0.000016,-0.000016,]
[6,6,]   126   0.00253883   -1.10065e-39   0   [0.000012,-0.000015,]
[7,6,]   127   0.00314227   4.12801e-40   0   [0.000014,-0.000029,]
[8,6,]   128   0.00360793   2.28832e-39   0   [0.000012,-0.000044,]
[9,6,]   129   0.00278437   7.97628e-41   0   [0.000019,-0.000032,]
[10,6,]   130   0.0027336   2.07128e-40   0   [0.000047,-0.000025,]
[11,6,]   131   0.0034451   2.20357e-39   0   [0.000046,-0.000020,]
[12,6,]   132   0.0030302   2.17356e-40   0   [0.000035,0.000001,]
[13,6,]   133   0.00253885   -1.10056e-39   0   [0.000015,0.000012,]
[14,6,]   134   0.00242546   -6.38142e-40   0   [0.000008,0.000015,]
[15,6,]   135   0.0024574   -2.37342e-40   0   [0.000009,0.000014,]
[16,6,]   136   0.00250623   3.46704e-41   0   [0.000008,0.000013,]
[17,6,]   137   0.00250859   -1.16335e-41   0   [0.000007,0.000012,]
[18,6,]   138   0.00250977   7.00058e-43   0   [0.000005,0.000011,]
[19,6,]   139   0.00251398   -6.57599e-42   0   [0.000004,0.000011,]
[0,7,]   140   0.00251101   2.23355e-41   0   [0.000003,-0.000012,]
[1,7,]   141   0.00251439   2.61096e-41   0   [0.000003,-0.000013,]
[2,7,]   142   0.00249866   -1.73002e-41   0   [0.000004,-0.000014,]
[3,7,]   143   0.00249927   4.63648e-41   0   [0.000006,-0.000016,]
[4,7,]   144   0.00244656   -4.29429e-40   0   [0.000007,-0.000016,]
[5,7,]   145   0.00262732   -5.14057e-40   0   [0.000012,-0.000020,]
[6,7,]   146   0.00303022   2.17422e-40   0   [0.000001,-0.000035,]
[7,7,]   147   0.00335121   1.44589e-39   0   [-0.000007,-0.000050,]
[8,7,]   148   0.00302928   2.598e-39   0   [0.000013,-0.000067,]
[9,7,]   149   0.00174038   -1.15785e-39   0   [0.000039,-0.000028,]
[10,7,]   150   0.0016602   -4.06684e-40   0   [0.000047,0.000022,]
[11,7,]   151   0.00267321   1.46707e-39   0   [0.000053,-0.000020,]
[12,7,]   152   0.00335119   1.44581e-39   0   [0.000050,-0.000007,]
[13,7,]   153   0.00314231   4.12857e-40   0   [0.000029,0.000014,]
[14,7,]   154   0.00271342   -1.74332e-40   0   [0.000016,0.000022,]
[15,7,]   155   0.00256655   9.35625e-41   0   [0.000010,0.000020,]
[16,7,]   156   0.00251755   6.5951e-42   0   [0.000008,0.000015,]
[17,7,]   157   0.002518   5.41407e-41   0   [0.000006,0.000014,]
[18,7,]   158   0.00250948   -1.93174e-41   0   [0.000005,0.000012,]
[19,7,]   159   0.00251677   -6.29591e-42   0   [0.000003,0.000011,]
[0,8,]   160   0.00251573   2.89133e-41   0   [0.000002,-0.000012,]
[1,8,]   161   0.00251518   2.84048e-41   0   [0.000002,-0.000013,]
[2,8,]   162   0.00249229   -5.22318e-41   0   [0.000002,-0.000015,]
[3,8,]   163   0.00250121   -9.69252e-41   0   [0.000005,-0.000016,]
[4,8,]   164   0.00255886   -4.47912e-40   0   [0.000003,-0.000020,]
[5,8,]   165   0.00297631   2.83218e-40   0   [-0.000002,-0.000027,]
[6,8,]   166   0.0034451   2.20355e-39   0   [-0.000020,-0.000046,]
[7,8,]   167   0.00267321   1.46704e-39   0   [-0.000020,-0.000053,]
[8,8,]   168   0.00137307   -7.82076e-40   0   [0.000030,-0.000013,]
[9,8,]   169   0.000688191   -2.17574e-39   0   [0.000115,-0.000027,]
[10,8,]   170   0.000399701   -1.20848e-38   0   [0.000063,0.000017,]
[11,8,]   171   0.00137308   -7.81995e-40   0   [0.000013,0.000030,]
[12,8,]   172   0.00302925   2.5979e-39   0   [0.000067,0.000013,]
[13,8,]   173   0.00360797   2.28835e-39   0   [0.000044,0.000012,]
[14,8,]   174   0.00290344   -3.35767e-40   0   [0.000014,0.000016,]
[15,8,]   175   0.00250299   -9.07279e-40   0   [0.000002,0.000019,]
[16,8,]   176   0.00247443   -2.57218e-40   0   [0.000002,0.000017,]
[17,8,]   177   0.0024918   -6.49526e-41   0   [0.000004,0.000015,]
[18,8,]   178   0.00250927   2.86656e-41   0   [0.000003,0.000013,]
[19,8,]   179   0.00250894   9.86283e-42   0   [0.000003,0.000012,]
[0,9,]   180   0.00251901   2.63211e-42   0   [0.000001,-0.000012,]
[1,9,]   181   0.00251496   1.59276e-41   0   [0.000000,-0.000013,]
[2,9,]   182   0.00249684   -9.08598e-41   0   [0.000001,-0.000016,]
[3,9,]   183   0.00253431   -1.92013e-40   0   [0.000001,-0.000017,]
[4,9,]   184   0.00270633   -1.46898e-40   0   [-0.000003,-0.000025,]
[5,9,]   185   0.00304189   6.02088e-40   0   [-0.000015,-0.000032,]
[6,9,]   186   0.0027336   2.07139e-40   0   [-0.000025,-0.000047,]
[7,9,]   187   0.00166021   -4.06666e-40   0   [0.000022,-0.000047,]
[8,9,]   188   0.000399701   -1.20847e-38   0   [0.000017,-0.000063,]
[9,9,]   189   0.000240855   -5.97287e-39   0   [0.000079,-0.000113,]
[10,9,]   190   0.000240855   -5.97291e-39   0   [0.000113,0.000079,]
[11,9,]   191   0.000688193   -2.17564e-39   0   [0.000027,0.000115,]
[12,9,]   192   0.00174035   -1.15801e-39   0   [0.000028,0.000039,]
[13,9,]   193   0.00278441   7.98235e-41   0   [0.000032,0.000019,]
[14,9,]   194   0.003171   1.10272e-39   0   [0.000024,0.000018,]
[15,9,]   195   0.00283747   4.30016e-40   0   [0.000011,0.000019,]
[16,9,]   196   0.0025957   3.03147e-41   0   [0.000004,0.000018,]
[17,9,]   197   0.00251871   -1.23842e-41   0   [0.000002,0.000015,]
[18,9,]   198   0.00250333   -3.39616e-41   0   [0.000002,0.000013,]
[19,9,]   199   0.00251084   -7.04911e-42   0   [0.000001,0.000012,]
[0,10,]   200   0.00253426   -5.91852e-42   0   [-0.000000,-0.000012,]
[1,10,]   201   0.00251572   -3.34154e-41   0   [-0.000001,-0.000013,]
[2,10,]   202   0.00252038   -2.33337e-41   0   [-0.000002,-0.000015,]
[3,10,]   203   0.00259575   2.92551e-41   0   [-0.000004,-0.000018,]
[4,10,]   204   0.00283673   4.2847e-40   0   [-0.000011,-0.000019,]
[5,10,]   205   0.00317094   1.10343e-39   0   [-0.000024,-0.000018,]
[6,10,]   206   0.00278436   7.97555e-41   0   [-0.000032,-0.000019,]
[7,10,]   207   0.00174037   -1.15786e-39   0   [-0.000028,-0.000039,]
[8,10,]   208   0.00068819   -2.17576e-39   0   [-0.000027,-0.000115,]
[9,10,]   209   0.000240855   -5.97289e-39   0   [-0.000113,-0.000079,]
[10,10,]   210   0.000240854   -5.97293e-39   0   [-0.000079,0.000113,]
[11,10,]   211   0.000399701   -1.20847e-38   0   [-0.000017,0.000063,]
[12,10,]   212   0.00166018   -4.06857e-40   0   [-0.000022,0.000047,]
[13,10,]   213   0.00273365   2.07195e-40   0   [0.000025,0.000047,]
[14,10,]   214   0.00304198   6.01431e-40   0   [0.000015,0.000032,]
[15,10,]   215   0.00270705   -1.4515e-40   0   [0.000003,0.000025,]
[16,10,]   216   0.00253417   -1.90956e-40   0   [-0.000002,0.000017,]
[17,10,]   217   0.00249497   -8.01465e-41   0   [-0.000001,0.000016,]
[18,10,]   218   0.00250241   1.55131e-41   0   [-0.000000,0.000013,]
[19,10,]   219   0.00249568   1.6933e-42   0   [0.000000,0.000012,]
[0,11,]   220   0.00253119   1.03763e-41   0   [-0.000002,-0.000012,]
[1,11,]   221   0.00252085   2.85483e-41   0   [-0.000003,-0.000013,]
[2,11,]   222   0.00249315   -7.57099e-41   0   [-0.000004,-0.000015,]
[3,11,]   223   0.00247443   -2.5805e-40   0   [-0.000002,-0.000017,]
[4,11,]   224   0.00250231   -9.0904e-40   0   [-0.000002,-0.000019,]
[5,11,]   225   0.00290339   -3.35093e-40   0   [-0.000014,-0.000016,]
[6,11,]   226   0.00360793   2.28833e-39   0   [-0.000044,-0.000012,]
[7,11,]   227   0.00302928   2.59802e-39   0   [-0.000067,-0.000013,]
[8,11,]   228   0.00137307   -7.82018e-40   0   [-0.000013,-0.000030,]
[9,11,]   229   0.000399701   -1.20847e-38   0   [-0.000063,-0.000017,]
[10,11,]   230   0.000688192   -2.17566e-39   0   [-0.000115,0.000027,]
[11,11,]   231   0.00137308   -7.81937e-40   0   [-0.000030,0.000013,]
[12,11,]   232   0.00267318   1.46695e-39   0   [0.000020,0.000053,]
[13,11,]   233   0.00344517   2.20359e-39   0   [0.000020,0.000046,]
[14,11,]   234   0.00297641   2.82639e-40   0   [0.000002,0.000027,]
[15,11,]   235   0.00255954   -4.46048e-40   0   [-0.000003,0.000020,]
[16,11,]   236   0.00250102   -9.58629e-41   0   [-0.000005,0.000016,]
[17,11,]   237   0.00249033   -4.20232e-41   0   [-0.000002,0.000015,]
[18,11,]   238   0.00250294   2.76482e-41   0   [-0.000002,0.000013,]
[19,11,]   239   0.00249331   2.76931e-41   0   [-0.000001,0.000012,]
[0,12,]   240   0.00253701   -6.23535e-42   0   [-0.000003,-0.000011,]
[1,12,]   241   0.00251986   -1.96144e-41   0   [-0.000004,-0.000012,]
[2,12,]   242   0.00251905   4.40702e-41   0   [-0.000006,-0.000014,]
[3,12,]   243   0.00251749   5.84654e-42   0   [-0.000008,-0.000015,]
[4,12,]   244   0.00256591   9.21053e-41   0   [-0.000010,-0.000020,]
[5,12,]   245   0.00271339   -1.73682e-40   0   [-0.000016,-0.000022,]
[6,12,]   246   0.00314226   4.12726e-40   0   [-0.000029,-0.000014,]
[7,12,]   247   0.0033512   1.4458e-39   0   [-0.000050,0.000007,]
[8,12,]   248   0.00267318   1.46692e-39   0   [-0.000053,0.000020,]
[9,12,]   249   0.00166018   -4.06838e-40   0   [-0.000047,-0.000022,]
[10,12,]   250   0.00174035   -1.15803e-39   0   [-0.000039,0.000028,]
[11,12,]   251   0.00302925   2.59792e-39   0   [-0.000013,0.000067,]
[12,12,]   252   0.00335117   1.44573e-39   0   [0.000007,0.000050,]
[13,12,]   253   0.00303026   2.17394e-40   0   [-0.000001,0.000035,]
[14,12,]   254   0.0026274   -5.147e-40   0   [-0.000012,0.000020,]
[15,12,]   255   0.00244717   -4.27693e-40   0   [-0.000007,0.000016,]
[16,12,]   256   0.00249904   4.73133e-41   0   [-0.000006,0.000016,]
[17,12,]   257   0.00249673   -8.06725e-42   0   [-0.000004,0.000014,]
[18,12,]   258   0.00250305   2.5423e-41   0   [-0.000003,0.000013,]
[19,12,]   259   0.00249053   2.14818e-41   0   [-0.000002,0.000012,]
[0,13,]   260   0.00253165   -6.93459e-42   0   [-0.000004,-0.000011,]
[1,13,]   261   0.00251875   1.49091e-43   0   [-0.000005,-0.000011,]
[2,13,]   262   0.00250939   -2.06093e-41   0   [-0.000007,-0.000012,]
[3,13,]   263   0.00250617   3.41933e-41   0   [-0.000008,-0.000013,]
[4,13,]   264   0.00245688   -2.38655e-40   0   [-0.000009,-0.000014,]
[5,13,]   265   0.00242549   -6.37411e-40   0   [-0.000008,-0.000015,]
[6,13,]   266   0.00253888   -1.1006e-39   0   [-0.000015,-0.000012,]
[7,13,]   267   0.00303028   2.1746e-40   0   [-0.000035,-0.000001,]
[8,13,]   268   0.00344516   2.20357e-39   0   [-0.000046,0.000020,]
[9,13,]   269   0.00273365   2.07205e-40   0   [-0.000047,0.000025,]
[10,13,]   270   0.00278441   7.98162e-41   0   [-0.000019,0.000032,]
[11,13,]   271   0.00360797   2.28836e-39   0   [-0.000012,0.000044,]
[12,13,]   272   0.00314229   4.12781e-40   0   [-0.000014,0.000029,]
[13,13,]   273   0.00253891   -1.10051e-39   0   [-0.000012,0.000015,]
[14,13,]   274   0.00252828   -1.39219e-41   0   [-0.000016,0.000016,]
[15,13,]   275   0.00245037   -2.21928e-40   0   [-0.000008,0.000014,]
[16,13,]   276   0.00251279   1.09682e-40   0   [-0.000007,0.000015,]
[17,13,]   277   0.00250111   -1.19098e-41   0   [-0.000005,0.000013,]
[18,13,]   278   0.00250116   1.46978e-41   0   [-0.000004,0.000012,]
[19,13,]   279   0.00248903   1.30932e-41   0   [-0.000003,0.000011,]
[0,14,]   280   0.00252854   -1.10811e-41   0   [-0.000005,-0.000010,]
[1,14,]   281   0.00251402   -1.58687e-41   0   [-0.000006,-0.000010,]
[2,14,]   282   0.00251054   4.59407e-43   0   [-0.000007,-0.000011,]
[3,14,]   283   0.00251312   5.07249e-42   0   [-0.000009,-0.000011,]
[4,14,]   284   0.00252406   1.37715e-40   0   [-0.000012,-0.000012,]
[5,14,]   285   0.00250958   8.35421e-41   0   [-0.000015,-0.000013,]
[6,14,]   286   0.00252826   -1.39982e-41   0   [-0.000016,-0.000016,]
[7,14,]   287   0.00262742   -5.14626e-40   0   [-0.000020,-0.000012,]
[8,14,]   288   0.00297641   2.82614e-40   0   [-0.000027,0.000002,]
[9,14,]   289   0.00304198   6.01438e-40   0   [-0.000032,0.000015,]
[10,14,]   290   0.003171   1.10271e-39   0   [-0.000018,0.000024,]
[11,14,]   291   0.00290344   -3.35758e-40   0   [-0.000016,0.000014,]
[12,14,]   292   0.00271341   -1.74402e-40   0   [-0.000022,0.000016,]
[13,14,]   293   0.0024255   -6.38118e-40   0   [-0.000015,0.000008,]
[14,14,]   294   0.00250958   8.29306e-41   0   [-0.000013,0.000015,]
[15,14,]   295   0.00249262   -4.52441e-42   0   [-0.000009,0.000013,]
[16,14,]   296   0.00251075   3.04381e-41   0   [-0.000008,0.000013,]
[17,14,]   297   0.00250356   -3.11035e-44   0   [-0.000006,0.000012,]
[18,14,]   298   0.0024994   5.52159e-42   0   [-0.000005,0.000011,]
[19,14,]   299   0.002489   6.67271e-42   0   [-0.000004,0.000010,]
[0,15,]   300   0.00252355   -8.54965e-42   0   [-0.000005,-0.000009,]
[1,15,]   301   0.00251134   -7.75768e-42   0   [-0.000007,-0.000009,]
[2,15,]   302   0.00250527   -1.53473e-41   0   [-0.000008,-0.000010,]
[3,15,]   303   0.00250753   4.50122e-42   0   [-0.000009,-0.000010,]
[4,15,]   304   0.0025033   -2.39659e-41   0   [-0.000011,-0.000010,]
[5,15,]   305   0.00249262   -4.00072e-42   0   [-0.000013,-0.000009,]
[6,15,]   306   0.00245035   -2.21999e-40   0   [-0.000014,-0.000008,]
[7,15,]   307   0.00244718   -4.27631e-40   0   [-0.000016,-0.000007,]
[8,15,]   308   0.00255954   -4.4607e-40   0   [-0.000020,-0.000003,]
[9,15,]   309   0.00270705   -1.45144e-40   0   [-0.000025,0.000003,]
[10,15,]   310   0.00283747   4.30013e-40   0   [-0.000019,0.000011,]
[11,15,]   311   0.00250299   -9.07271e-40   0   [-0.000019,0.000002,]
[12,15,]   312   0.00256654   9.35028e-41   0   [-0.000020,0.000010,]
[13,15,]   313   0.00245744   -2.37331e-40   0   [-0.000014,0.000009,]
[14,15,]   314   0.00252454   1.38741e-40   0   [-0.000012,0.000012,]
[15,15,]   315   0.00250371   -2.30866e-41   0   [-0.000010,0.000011,]
[16,15,]   316   0.00250905   1.69753e-41   0   [-0.000008,0.000011,]
[17,15,]   317   0.00250298   -3.34302e-42   0   [-0.000007,0.000010,]
[18,15,]   318   0.00249939   7.43852e-42   0   [-0.000006,0.000010,]
[19,15,]   319   0.00248978   6.46409e-42   0   [-0.000005,0.000009,]
[0,16,]   320   0.00251949   -7.04866e-42   0   [-0.000006,-0.000008,]
[1,16,]   321   0.00250891   -7.53698e-42   0   [-0.000007,-0.000008,]
[2,16,]   322   0.00250427   -5.29181e-42   0   [-0.000008,-0.000009,]
[3,16,]   323   0.00250475   -5.05997e-42   0   [-0.000009,-0.000009,]
[4,16,]   324   0.00250872   1.6265e-41   0   [-0.000011,-0.000008,]
[5,16,]   325   0.00251076   3.08693e-41   0   [-0.000013,-0.000008,]
[6,16,]   326   0.00251277   1.09623e-40   0   [-0.000015,-0.000007,]
[7,16,]   327   0.00249905   4.73642e-41   0   [-0.000016,-0.000006,]
[8,16,]   328   0.00250101   -9.58815e-41   0   [-0.000016,-0.000005,]
[9,16,]   329   0.00253417   -1.90951e-40   0   [-0.000017,-0.000002,]
[10,16,]   330   0.0025957   3.03124e-41   0   [-0.000018,0.000004,]
[11,16,]   331   0.00247443   -2.57211e-40   0   [-0.000017,0.000002,]
[12,16,]   332   0.00251755   6.5465e-42   0   [-0.000015,0.000008,]
[13,16,]   333   0.00250625   3.46734e-41   0   [-0.000013,0.000008,]
[14,16,]   334   0.0025132   5.38723e-42   0   [-0.000011,0.000009,]
[15,16,]   335   0.00250761   4.68724e-42   0   [-0.000010,0.000009,]
[16,16,]   336   0.00250482   -4.95516e-42   0   [-0.000009,0.000009,]
[17,16,]   337   0.00250269   1.67815e-42   0   [-0.000007,0.000009,]
[18,16,]   338   0.0024993   4.96636e-42   0   [-0.000006,0.000009,]
[19,16,]   339   0.00249129   5.23445e-42   0   [-0.000005,0.000008,]
[0,17,]   340   0.00251532   -4.99162e-42   0   [-0.000006,-0.000007,]
[1,17,]   341   0.00250675   -4.2688e-42   0   [-0.000007,-0.000008,]
[2,17,]   342   0.00250249   -4.43025e-42   0   [-0.000008,-0.000008,]
[3,17,]   343   0.00250263   1.62055e-42   0   [-0.000009,-0.000007,]
[4,17,]   344   0.00250272   -3.92429e-42   0   [-0.000010,-0.000007,]
[5,17,]   345   0.00250356   3.2229e-43   0   [-0.000012,-0.000006,]
[6,17,]   346   0.0025011   -1.19593e-41   0   [-0.000013,-0.000005,]
[7,17,]   347   0.00249674   -8.02614e-42   0   [-0.000014,-0.000004,]
[8,17,]   348   0.00249033   -4.2038e-41   0   [-0.000015,-0.000002,]
[9,17,]   349   0.00249497   -8.01426e-41   0   [-0.000016,-0.000001,]
[10,17,]   350   0.00251871   -1.23861e-41   0   [-0.000015,0.000002,]
[11,17,]   351   0.00249179   -6.49469e-41   0   [-0.000015,0.000004,]
[12,17,]   352   0.002518   5.41019e-41   0   [-0.000014,0.000006,]
[13,17,]   353   0.00250861   -1.16316e-41   0   [-0.000012,0.000007,]
[14,17,]   354   0.00250999   8.23101e-42   0   [-0.000011,0.000007,]
[15,17,]   355   0.00250488   -8.80794e-42   0   [-0.000010,0.000008,]
[16,17,]   356   0.00250399   9.50875e-44   0   [-0.000009,0.000008,]
[17,17,]   357   0.00250228   -5.23356e-44   0   [-0.000008,0.000008,]
[18,17,]   358   0.00249977   4.61461e-42   0   [-0.000007,0.000008,]
[19,17,]   359   0.00249315   4.64977e-42   0   [-0.000006,0.000008,]
[0,18,]   360   0.00251096   -1.57327e-42   0   [-0.000006,-0.000007,]
[1,18,]   361   0.00250381   -3.36574e-43   0   [-0.000007,-0.000007,]
[2,18,]   362   0.00249994   1.12154e-42   0   [-0.000008,-0.000007,]
[3,18,]   363   0.00249926   4.92834e-42   0   [-0.000009,-0.000006,]
[4,18,]   364   0.00249917   6.97474e-42   0   [-0.000010,-0.000006,]
[5,18,]   365   0.0024994   5.80368e-42   0   [-0.000011,-0.000005,]
[6,18,]   366   0.00250114   1.46586e-41   0   [-0.000012,-0.000004,]
[7,18,]   367   0.00250305   2.54556e-41   0   [-0.000013,-0.000003,]
[8,18,]   368   0.00250294   2.76365e-41   0   [-0.000013,-0.000002,]
[9,18,]   369   0.00250241   1.55162e-41   0   [-0.000013,-0.000000,]
[10,18,]   370   0.00250333   -3.39631e-41   0   [-0.000013,0.000002,]
[11,18,]   371   0.00250927   2.86702e-41   0   [-0.000013,0.000003,]
[12,18,]   372   0.00250947   -1.93481e-41   0   [-0.000012,0.000005,]
[13,18,]   373   0.00250979   7.00256e-43   0   [-0.000011,0.000005,]
[14,18,]   374   0.00250649   -1.52819e-41   0   [-0.000010,0.000006,]
[15,18,]   375   0.00250516   -7.1603e-42   0   [-0.000009,0.000007,]
[16,18,]   376   0.0025039   -7.00618e-42   0   [-0.000008,0.000007,]
[17,18,]   377   0.00250272   -3.83033e-42   0   [-0.000008,0.000007,]
[18,18,]   378   0.00250059   1.35425e-44   0   [-0.000007,0.000007,]
[19,18,]   379   0.00249532   1.35313e-42   0   [-0.000006,0.000007,]
[0,19,]   380   0.00250463   -2.03413e-43   0   [-0.000006,-0.000006,]
[1,19,]   381   0.00249788   1.03673e-42   0   [-0.000007,-0.000006,]
[2,19,]   382   0.00249328   1.87357e-42   0   [-0.000008,-0.000006,]
[3,19,]   383   0.00249125   5.2027e-42   0   [-0.000008,-0.000005,]
[4,19,]   384   0.00248961   6.098e-42   0   [-0.000009,-0.000005,]
[5,19,]   385   0.002489   6.89648e-42   0   [-0.000010,-0.000004,]
[6,19,]   386   0.00248902   1.3063e-41   0   [-0.000011,-0.000003,]
[7,19,]   387   0.00249054   2.15075e-41   0   [-0.000012,-0.000002,]
[8,19,]   388   0.00249331   2.7684e-41   0   [-0.000012,-0.000001,]
[9,19,]   389   0.00249568   1.69564e-42   0   [-0.000012,0.000000,]
[10,19,]   390   0.00251084   -7.05027e-42   0   [-0.000012,0.000001,]
[11,19,]   391   0.00250894   9.86662e-42   0   [-0.000012,0.000003,]
[12,19,]   392   0.00251677   -6.32028e-42   0   [-0.000011,0.000003,]
[13,19,]   393   0.00251399   -6.57659e-42   0   [-0.000011,0.000004,]
[14,19,]   394   0.0025136   -1.04777e-41   0   [-0.000010,0.000005,]
[15,19,]   395   0.00251123   -7.8154e-42   0   [-0.000009,0.000006,]
[16,19,]   396   0.00250949   -6.32056e-42   0   [-0.000008,0.000006,]
[17,19,]   397   0.00250727   -4.35349e-42   0   [-0.000007,0.000006,]
[18,19,]   398   0.00250452   -1.05685e-42   0   [-0.000007,0.000006,]
[19,19,]   399   0.00249952   2.80548e-43   0   [-0.000006,0.000006,]
