coordinates  index   rho      Q      V      velocities
[0,0,]   0   0.00251913   1.79569e-42   0   [0.000006,-0.000006,]
[1,0,]   1   0.00252564   -2.36347e-42   0   [0.000007,-0.000006,]
[2,0,]   2   0.00252854   -1.1059e-41   0   [0.000007,-0.000006,]
[3,0,]   3   0.00253723   -1.19992e-41   0   [0.000008,-0.000006,]
[4,0,]   4   0.00253895   -2.62949e-41   0   [0.000009,-0.000005,]
[5,0,]   5   0.00256398   1.41398e-41   0   [0.000010,-0.000004,]
[6,0,]   6   0.00254648   -1.59679e-41   0   [0.000010,-0.000004,]
[7,0,]   7   0.00259125   1.19256e-40   0   [0.000011,-0.000002,]
[8,0,]   8   0.00251716   -1.45091e-40   0   [0.000012,-0.000002,]
[9,0,]   9   0.0025826   8.5169e-41   0   [0.000012,0.000000,]
[10,0,]   10   0.00251828   -8.00493e-41   0   [0.000012,0.000000,]
[11,0,]   11   0.00250636   5.90606e-42   0   [0.000011,0.000002,]
[12,0,]   12   0.00250247   8.962e-41   0   [0.000011,0.000003,]
[13,0,]   13   0.00250431   1.00125e-40   0   [0.000011,0.000004,]
[14,0,]   14   0.00251321   6.65594e-41   0   [0.000010,0.000005,]
[15,0,]   15   0.00250587   2.19725e-41   0   [0.000010,0.000005,]
[16,0,]   16   0.00250652   1.10886e-41   0   [0.000009,0.000006,]
[17,0,]   17   0.00250382   5.11584e-42   0   [0.000008,0.000006,]
[18,0,]   18   0.00250553   1.88981e-42   0   [0.000007,0.000006,]
[19,0,]   19   0.00250934   2.67268e-42   0   [0.000006,0.000006,]
[0,1,]   20   0.00251072   1.40938e-42   0   [0.000006,-0.000007,]
[1,1,]   21   0.00251482   -2.75755e-42   0   [0.000007,-0.000007,]
[2,1,]   22   0.00251564   -6.53769e-42   0   [0.000008,-0.000007,]
[3,1,]   23   0.00251846   -2.32589e-41   0   [0.000008,-0.000007,]
[4,1,]   24   0.0025236   -7.46098e-42   0   [0.000009,-0.000007,]
[5,1,]   25   0.0025363   -1.28018e-41   0   [0.000010,-0.000007,]
[6,1,]   26   0.00252908   3.01501e-41   0   [0.000011,-0.000005,]
[7,1,]   27   0.00254546   6.7205e-41   0   [0.000012,-0.000005,]
[8,1,]   28   0.00248797   -1.32122e-40   0   [0.000013,-0.000001,]
[9,1,]   29   0.0025578   6.53012e-41   0   [0.000014,-0.000002,]
[10,1,]   30   0.00251532   -5.87888e-41   0   [0.000013,0.000001,]
[11,1,]   31   0.00250741   -3.38898e-42   0   [0.000013,0.000003,]
[12,1,]   32   0.00251517   8.54314e-41   0   [0.000013,0.000004,]
[13,1,]   33   0.00253198   1.33578e-40   0   [0.000012,0.000005,]
[14,1,]   34   0.00252769   5.0968e-41   0   [0.000011,0.000005,]
[15,1,]   35   0.00251986   3.31266e-41   0   [0.000010,0.000006,]
[16,1,]   36   0.0025108   -1.5809e-42   0   [0.000009,0.000006,]
[17,1,]   37   0.0025088   8.5714e-42   0   [0.000008,0.000007,]
[18,1,]   38   0.00250839   -2.14201e-42   0   [0.000007,0.000007,]
[19,1,]   39   0.00251338   -1.35621e-42   0   [0.000006,0.000007,]
[0,2,]   40   0.00250444   3.73626e-43   0   [0.000006,-0.000008,]
[1,2,]   41   0.00250957   2.72054e-42   0   [0.000007,-0.000008,]
[2,2,]   42   0.00250614   -3.21253e-41   0   [0.000007,-0.000008,]
[3,2,]   43   0.00251661   1.41276e-41   0   [0.000009,-0.000008,]
[4,2,]   44   0.00250694   -6.07492e-41   0   [0.000009,-0.000008,]
[5,2,]   45   0.00253927   1.62873e-40   0   [0.000011,-0.000009,]
[6,2,]   46   0.00246358   -1.41395e-40   0   [0.000012,-0.000006,]
[7,2,]   47   0.00251814   1.0466e-40   0   [0.000015,-0.000006,]
[8,2,]   48   0.00244029   -5.57318e-40   0   [0.000015,0.000001,]
[9,2,]   49   0.0025914   6.50475e-41   0   [0.000014,-0.000004,]
[10,2,]   50   0.00252643   -2.56028e-40   0   [0.000017,0.000001,]
[11,2,]   51   0.0024956   -2.4269e-40   0   [0.000014,0.000003,]
[12,2,]   52   0.00244892   -2.02379e-40   0   [0.000013,0.000005,]
[13,2,]   53   0.0024704   -7.15014e-41   0   [0.000013,0.000004,]
[14,2,]   54   0.00250357   1.08236e-41   0   [0.000012,0.000005,]
[15,2,]   55   0.00250778   -4.81872e-41   0   [0.000010,0.000006,]
[16,2,]   56   0.00250934   -1.20561e-41   0   [0.000009,0.000007,]
[17,2,]   57   0.00250516   -2.48822e-41   0   [0.000008,0.000007,]
[18,2,]   58   0.00250761   -5.75154e-42   0   [0.000007,0.000008,]
[19,2,]   59   0.00251313   -9.94294e-42   0   [0.000006,0.000007,]
[0,3,]   60   0.00250642   1.08038e-41   0   [0.000006,-0.000009,]
[1,3,]   61   0.00251065   -1.98316e-42   0   [0.000006,-0.000009,]
[2,3,]   62   0.00250913   -1.26494e-41   0   [0.000007,-0.000009,]
[3,3,]   63   0.00252329   3.90031e-41   0   [0.000008,-0.000010,]
[4,3,]   64   0.00249833   1.89394e-41   0   [0.000009,-0.000009,]
[5,3,]   65   0.00251548   2.06947e-40   0   [0.000012,-0.000011,]
[6,3,]   66   0.00238394   -4.93255e-40   0   [0.000014,-0.000003,]
[7,3,]   67   0.00253788   -1.84961e-40   0   [0.000019,-0.000007,]
[8,3,]   68   0.00261542   -6.45236e-40   0   [0.000016,-0.000002,]
[9,3,]   69   0.00279239   2.22063e-40   0   [0.000014,-0.000008,]
[10,3,]   70   0.00271943   -6.39966e-42   0   [0.000020,-0.000001,]
[11,3,]   71   0.00270255   -4.97824e-41   0   [0.000017,0.000002,]
[12,3,]   72   0.0024777   -5.74625e-40   0   [0.000013,0.000010,]
[13,3,]   73   0.00245555   -8.96362e-41   0   [0.000012,0.000011,]
[14,3,]   74   0.00249972   1.66801e-40   0   [0.000013,0.000009,]
[15,3,]   75   0.00253805   2.26636e-40   0   [0.000012,0.000009,]
[16,3,]   76   0.00252356   3.98484e-41   0   [0.000010,0.000008,]
[17,3,]   77   0.00251535   2.30185e-41   0   [0.000008,0.000009,]
[18,3,]   78   0.00250847   -2.23053e-41   0   [0.000007,0.000008,]
[19,3,]   79   0.00251798   -1.07274e-41   0   [0.000006,0.000008,]
[0,4,]   80   0.00250527   2.07377e-41   0   [0.000005,-0.000010,]
[1,4,]   81   0.00251913   3.1626e-41   0   [0.000006,-0.000010,]
[2,4,]   82   0.00250687   -5.00708e-41   0   [0.000006,-0.000010,]
[3,4,]   83   0.00253692   2.24438e-40   0   [0.000009,-0.000012,]
[4,4,]   84   0.00243266   -1.77473e-40   0   [0.000008,-0.000010,]
[5,4,]   85   0.00247183   5.58706e-41   0   [0.000017,-0.000010,]
[6,4,]   86   0.00240901   -1.12453e-39   0   [0.000016,-0.000003,]
[7,4,]   87   0.00279716   -4.57794e-40   0   [0.000016,-0.000012,]
[8,4,]   88   0.00328919   9.03218e-40   0   [0.000015,-0.000020,]
[9,4,]   89   0.00305307   1.89579e-40   0   [0.000016,-0.000016,]
[10,4,]   90   0.00286809   -3.50047e-40   0   [0.000026,-0.000011,]
[11,4,]   91   0.00319084   9.59727e-40   0   [0.000025,-0.000011,]
[12,4,]   92   0.00278426   -4.03492e-40   0   [0.000023,0.000004,]
[13,4,]   93   0.00244679   -8.60443e-40   0   [0.000012,0.000011,]
[14,4,]   94   0.00236723   -5.06725e-40   0   [0.000009,0.000011,]
[15,4,]   95   0.00243399   -1.746e-40   0   [0.000010,0.000008,]
[16,4,]   96   0.00249865   2.0164e-41   0   [0.000009,0.000009,]
[17,4,]   97   0.00250525   -5.01143e-41   0   [0.000008,0.000009,]
[18,4,]   98   0.00251128   -6.03323e-42   0   [0.000007,0.000009,]
[19,4,]   99   0.00251528   -2.45574e-41   0   [0.000006,0.000009,]
[0,5,]   100   0.00251318   6.72955e-41   0   [0.000005,-0.000010,]
[1,5,]   101   0.00252765   5.18689e-41   0   [0.000005,-0.000011,]
[2,5,]   102   0.00250353   1.19384e-41   0   [0.000005,-0.000012,]
[3,5,]   103   0.00249966   1.68171e-40   0   [0.000009,-0.000013,]
[4,5,]   104   0.00236714   -5.05115e-40   0   [0.000011,-0.000009,]
[5,5,]   105   0.00248571   -8.2504e-40   0   [0.000019,-0.000010,]
[6,5,]   106   0.00290932   -4.06122e-40   0   [0.000012,-0.000018,]
[7,5,]   107   0.00344673   7.08373e-40   0   [0.000003,-0.000029,]
[8,5,]   108   0.0037989   2.14831e-39   0   [0.000011,-0.000042,]
[9,5,]   109   0.00308612   4.30108e-40   0   [0.000023,-0.000029,]
[10,5,]   110   0.0028515   9.03988e-41   0   [0.000026,-0.000009,]
[11,5,]   111   0.0034529   1.70171e-39   0   [0.000033,-0.000020,]
[12,5,]   112   0.00346021   1.13208e-39   0   [0.000036,-0.000011,]
[13,5,]   113   0.00290083   -4.99173e-40   0   [0.000019,0.000008,]
[14,5,]   114   0.00248585   -8.26914e-40   0   [0.000010,0.000019,]
[15,5,]   115   0.00247343   5.93215e-41   0   [0.000010,0.000017,]
[16,5,]   116   0.00251582   2.087e-40   0   [0.000011,0.000012,]
[17,5,]   117   0.00253699   1.75568e-40   0   [0.000009,0.000011,]
[18,5,]   118   0.0025211   -1.18981e-41   0   [0.000007,0.000010,]
[19,5,]   119   0.00253489   1.48594e-41   0   [0.000005,0.000010,]
[0,6,]   120   0.00250425   9.99583e-41   0   [0.000004,-0.000011,]
[1,6,]   121   0.0025319   1.3338e-40   0   [0.000005,-0.000012,]
[2,6,]   122   0.00247031   -7.17452e-41   0   [0.000004,-0.000013,]
[3,6,]   123   0.00245544   -8.99189e-41   0   [0.000011,-0.000012,]
[4,6,]   124   0.00244666   -8.60772e-40   0   [0.000011,-0.000012,]
[5,6,]   125   0.00290068   -4.99459e-40   0   [0.000008,-0.000019,]
[6,6,]   126   0.00380612   2.02026e-39   0   [-0.000004,-0.000041,]
[7,6,]   127   0.00354744   1.54046e-39   0   [-0.000008,-0.000047,]
[8,6,]   128   0.00283386   8.97449e-40   0   [0.000015,-0.000033,]
[9,6,]   129   0.00230474   6.13061e-40   0   [0.000050,-0.000034,]
[10,6,]   130   0.00201943   -7.65714e-40   0   [0.000037,-0.000014,]
[11,6,]   131   0.00249524   -5.64505e-42   0   [0.000023,-0.000011,]
[12,6,]   132   0.00348066   1.64973e-39   0   [0.000050,-0.000017,]
[13,6,]   133   0.00380633   2.02044e-39   0   [0.000041,-0.000004,]
[14,6,]   134   0.00290959   -4.07583e-40   0   [0.000018,0.000012,]
[15,6,]   135   0.00241073   -1.12045e-39   0   [0.000003,0.000016,]
[16,6,]   136   0.00238419   -4.90957e-40   0   [0.000003,0.000014,]
[17,6,]   137   0.00246058   -1.27055e-40   0   [0.000006,0.000012,]
[18,6,]   138   0.00251114   3.21128e-41   0   [0.000005,0.000011,]
[19,6,]   139   0.00251254   -1.41159e-41   0   [0.000005,0.000010,]
[0,7,]   140   0.00250251   8.98028e-41   0   [0.000003,-0.000011,]
[1,7,]   141   0.00251523   8.56556e-41   0   [0.000004,-0.000013,]
[2,7,]   142   0.00244898   -2.02101e-40   0   [0.000005,-0.000013,]
[3,7,]   143   0.00247778   -5.74281e-40   0   [0.000010,-0.000013,]
[4,7,]   144   0.00278435   -4.03141e-40   0   [0.000004,-0.000023,]
[5,7,]   145   0.00346034   1.13243e-39   0   [-0.000011,-0.000036,]
[6,7,]   146   0.00348084   1.65022e-39   0   [-0.000017,-0.000050,]
[7,7,]   147   0.00245749   8.21115e-40   0   [0.000009,-0.000042,]
[8,7,]   148   0.00128921   -3.85983e-39   0   [0.000024,-0.000013,]
[9,7,]   149   0.00112117   -1.30787e-40   0   [0.000045,-0.000004,]
[10,7,]   150   0.00115805   -1.25703e-39   0   [0.000051,-0.000008,]
[11,7,]   151   0.0013808   -2.45636e-39   0   [0.000029,0.000026,]
[12,7,]   152   0.0024573   8.20383e-40   0   [0.000042,0.000009,]
[13,7,]   153   0.00354766   1.54063e-39   0   [0.000047,-0.000008,]
[14,7,]   154   0.00344705   7.06638e-40   0   [0.000029,0.000003,]
[15,7,]   155   0.00279921   -4.53402e-40   0   [0.000012,0.000016,]
[16,7,]   156   0.00253803   -1.81825e-40   0   [0.000007,0.000019,]
[17,7,]   157   0.00251417   1.20893e-40   0   [0.000006,0.000015,]
[18,7,]   158   0.00252422   6.72794e-41   0   [0.000005,0.000012,]
[19,7,]   159   0.00255145   1.18422e-40   0   [0.000003,0.000011,]
[0,8,]   160   0.00250635   5.83467e-42   0   [0.000002,-0.000011,]
[1,8,]   161   0.0025074   -3.47832e-42   0   [0.000003,-0.000013,]
[2,8,]   162   0.00249559   -2.42799e-40   0   [0.000003,-0.000014,]
[3,8,]   163   0.00270254   -4.99061e-41   0   [0.000002,-0.000017,]
[4,8,]   164   0.00319082   9.59593e-40   0   [-0.000011,-0.000025,]
[5,8,]   165   0.00345287   1.70154e-39   0   [-0.000020,-0.000033,]
[6,8,]   166   0.0024952   -5.97312e-42   0   [-0.000011,-0.000023,]
[7,8,]   167   0.00138076   -2.45698e-39   0   [0.000026,-0.000029,]
[8,8,]   168   0.000902221   5.74282e-40   0   [0.000050,-0.000037,]
[9,8,]   169   0.000279212   -1.42538e-38   0   [0.000063,-0.000020,]
[10,8,]   170   0.000758893   3.2401e-39   0   [0.000074,0.000011,]
[11,8,]   171   0.000902233   5.74788e-40   0   [0.000037,0.000050,]
[12,8,]   172   0.00128904   -3.86141e-39   0   [0.000013,0.000024,]
[13,8,]   173   0.00283414   8.97924e-40   0   [0.000033,0.000015,]
[14,8,]   174   0.00379934   2.1468e-39   0   [0.000042,0.000011,]
[15,8,]   175   0.0032914   9.0656e-40   0   [0.000020,0.000015,]
[16,8,]   176   0.00261519   -6.42362e-40   0   [0.000002,0.000016,]
[17,8,]   177   0.00243523   -5.42032e-40   0   [-0.000001,0.000015,]
[18,8,]   178   0.00246493   -1.31462e-40   0   [0.000001,0.000013,]
[19,8,]   179   0.0024749   -1.45303e-40   0   [0.000003,0.000012,]
[0,9,]   180   0.00251829   -8.00202e-41   0   [0.000000,-0.000012,]
[1,9,]   181   0.00251532   -5.87526e-41   0   [0.000001,-0.000013,]
[2,9,]   182   0.00252644   -2.55984e-40   0   [0.000001,-0.000017,]
[3,9,]   183   0.00271944   -6.34588e-42   0   [-0.000001,-0.000020,]
[4,9,]   184   0.00286811   -3.49971e-40   0   [-0.000011,-0.000026,]
[5,9,]   185   0.00285152   9.05077e-41   0   [-0.000009,-0.000026,]
[6,9,]   186   0.00201944   -7.65571e-40   0   [-0.000014,-0.000037,]
[7,9,]   187   0.00115806   -1.2568e-39   0   [-0.000008,-0.000051,]
[8,9,]   188   0.000758897   3.24028e-39   0   [0.000011,-0.000074,]
[9,9,]   189   0.000218782   -6.05569e-39   0   [0.000103,-0.000131,]
[10,9,]   190   0.000218784   -6.05558e-39   0   [0.000131,0.000103,]
[11,9,]   191   0.000279217   -1.42528e-38   0   [0.000020,0.000063,]
[12,9,]   192   0.00112102   -1.32228e-40   0   [0.000004,0.000045,]
[13,9,]   193   0.002305   6.13454e-40   0   [0.000034,0.000050,]
[14,9,]   194   0.00308653   4.28064e-40   0   [0.000029,0.000023,]
[15,9,]   195   0.00305551   1.94702e-40   0   [0.000016,0.000016,]
[16,9,]   196   0.00279205   2.25993e-40   0   [0.000008,0.000014,]
[17,9,]   197   0.00258534   8.10039e-41   0   [0.000004,0.000014,]
[18,9,]   198   0.00253245   6.39264e-41   0   [0.000002,0.000014,]
[19,9,]   199   0.00253703   8.21392e-41   0   [0.000001,0.000012,]
[0,10,]   200   0.0025826   8.51494e-41   0   [0.000000,-0.000012,]
[1,10,]   201   0.00255779   6.52753e-41   0   [-0.000002,-0.000014,]
[2,10,]   202   0.00259139   6.50141e-41   0   [-0.000004,-0.000014,]
[3,10,]   203   0.00279237   2.2202e-40   0   [-0.000008,-0.000014,]
[4,10,]   204   0.00305304   1.89514e-40   0   [-0.000016,-0.000016,]
[5,10,]   205   0.0030861   4.30021e-40   0   [-0.000029,-0.000023,]
[6,10,]   206   0.00230471   6.12956e-40   0   [-0.000034,-0.000050,]
[7,10,]   207   0.00112115   -1.30893e-40   0   [-0.000004,-0.000045,]
[8,10,]   208   0.000279197   -1.42546e-38   0   [-0.000020,-0.000063,]
[9,10,]   209   0.000218774   -6.0561e-39   0   [-0.000131,-0.000103,]
[10,10,]   210   0.000218776   -6.056e-39   0   [-0.000103,0.000131,]
[11,10,]   211   0.000758899   3.24058e-39   0   [-0.000011,0.000074,]
[12,10,]   212   0.00115794   -1.2582e-39   0   [0.000008,0.000051,]
[13,10,]   213   0.00201974   -7.65046e-40   0   [0.000014,0.000037,]
[14,10,]   214   0.00285199   8.85919e-41   0   [0.000009,0.000026,]
[15,10,]   215   0.00287041   -3.4449e-40   0   [0.000011,0.000026,]
[16,10,]   216   0.00271872   -2.8682e-42   0   [0.000001,0.000020,]
[17,10,]   217   0.0025199   -2.41232e-40   0   [-0.000001,0.000017,]
[18,10,]   218   0.00249037   -5.81441e-41   0   [-0.000001,0.000013,]
[19,10,]   219   0.0024744   -7.94985e-41   0   [0.000001,0.000012,]
[0,11,]   220   0.00251716   -1.45071e-40   0   [-0.000002,-0.000012,]
[1,11,]   221   0.00248796   -1.32097e-40   0   [-0.000001,-0.000013,]
[2,11,]   222   0.00244028   -5.57286e-40   0   [0.000001,-0.000015,]
[3,11,]   223   0.00261542   -6.45202e-40   0   [-0.000002,-0.000016,]
[4,11,]   224   0.0032892   9.03266e-40   0   [-0.000020,-0.000015,]
[5,11,]   225   0.00379891   2.14838e-39   0   [-0.000042,-0.000011,]
[6,11,]   226   0.00283387   8.97611e-40   0   [-0.000033,-0.000015,]
[7,11,]   227   0.00128921   -3.85953e-39   0   [-0.000013,-0.000024,]
[8,11,]   228   0.000902219   5.74653e-40   0   [-0.000037,-0.000050,]
[9,11,]   229   0.000758903   3.24076e-39   0   [-0.000074,-0.000011,]
[10,11,]   230   0.000279203   -1.42536e-38   0   [-0.000063,0.000020,]
[11,11,]   231   0.000902231   5.75159e-40   0   [-0.000050,0.000037,]
[12,11,]   232   0.00138068   -2.45773e-39   0   [-0.000026,0.000029,]
[13,11,]   233   0.00249562   -5.0872e-42   0   [0.000011,0.000024,]
[14,11,]   234   0.0034535   1.70025e-39   0   [0.000020,0.000033,]
[15,11,]   235   0.00319302   9.64198e-40   0   [0.000011,0.000025,]
[16,11,]   236   0.00270141   -4.68671e-41   0   [-0.000002,0.000017,]
[17,11,]   237   0.00248873   -2.28872e-40   0   [-0.000003,0.000014,]
[18,11,]   238   0.00248247   -5.53736e-42   0   [-0.000003,0.000013,]
[19,11,]   239   0.00246324   2.18529e-42   0   [-0.000001,0.000011,]
[0,12,]   240   0.00259124   1.19103e-40   0   [-0.000002,-0.000011,]
[1,12,]   241   0.00254545   6.70089e-41   0   [-0.000005,-0.000012,]
[2,12,]   242   0.00251812   1.04404e-40   0   [-0.000006,-0.000015,]
[3,12,]   243   0.00253786   -1.85272e-40   0   [-0.000007,-0.000019,]
[4,12,]   244   0.00279713   -4.58152e-40   0   [-0.000012,-0.000016,]
[5,12,]   245   0.00344669   7.07988e-40   0   [-0.000029,-0.000003,]
[6,12,]   246   0.00354735   1.53994e-39   0   [-0.000047,0.000008,]
[7,12,]   247   0.00245735   8.20299e-40   0   [-0.000042,-0.000009,]
[8,12,]   248   0.00138064   -2.45835e-39   0   [-0.000029,-0.000026,]
[9,12,]   249   0.00115795   -1.25797e-39   0   [-0.000051,0.000008,]
[10,12,]   250   0.001121   -1.32334e-40   0   [-0.000045,0.000004,]
[11,12,]   251   0.00128905   -3.8611e-39   0   [-0.000024,0.000013,]
[12,12,]   252   0.00245716   8.19567e-40   0   [-0.000009,0.000042,]
[13,12,]   253   0.00348112   1.65005e-39   0   [0.000017,0.000050,]
[14,12,]   254   0.00346084   1.131e-39   0   [0.000011,0.000036,]
[15,12,]   255   0.00278604   -3.9881e-40   0   [-0.000004,0.000023,]
[16,12,]   256   0.00247648   -5.72079e-40   0   [-0.000010,0.000013,]
[17,12,]   257   0.00244245   -1.8911e-40   0   [-0.000005,0.000013,]
[18,12,]   258   0.00249212   8.50927e-41   0   [-0.000004,0.000013,]
[19,12,]   259   0.0024633   8.96136e-41   0   [-0.000002,0.000011,]
[0,13,]   260   0.00254658   -1.59225e-41   0   [-0.000004,-0.000010,]
[1,13,]   261   0.00252921   3.02226e-41   0   [-0.000005,-0.000011,]
[2,13,]   262   0.00246375   -1.4127e-40   0   [-0.000006,-0.000012,]
[3,13,]   263   0.00238415   -4.93072e-40   0   [-0.000003,-0.000014,]
[4,13,]   264   0.00240928   -1.12421e-39   0   [-0.000003,-0.000016,]
[5,13,]   265   0.00290967   -4.05793e-40   0   [-0.000018,-0.000012,]
[6,13,]   266   0.00380657   2.02048e-39   0   [-0.000041,0.000004,]
[7,13,]   267   0.0034813   1.65054e-39   0   [-0.000050,0.000017,]
[8,13,]   268   0.00249558   -5.4152e-42   0   [-0.000024,0.000011,]
[9,13,]   269   0.00201976   -7.64904e-40   0   [-0.000037,0.000014,]
[10,13,]   270   0.00230497   6.13349e-40   0   [-0.000050,0.000034,]
[11,13,]   271   0.00283415   8.98086e-40   0   [-0.000015,0.000033,]
[12,13,]   272   0.00354756   1.54011e-39   0   [0.000008,0.000047,]
[13,13,]   273   0.00380678   2.02066e-39   0   [0.000004,0.000041,]
[14,13,]   274   0.00290135   -5.00214e-40   0   [-0.000008,0.000019,]
[15,13,]   275   0.00244834   -8.55455e-40   0   [-0.000011,0.000012,]
[16,13,]   276   0.00245441   -8.71487e-41   0   [-0.000011,0.000012,]
[17,13,]   277   0.00246445   -5.97059e-41   0   [-0.000004,0.000013,]
[18,13,]   278   0.00251116   1.32764e-40   0   [-0.000005,0.000012,]
[19,13,]   279   0.0024694   9.89671e-41   0   [-0.000003,0.000011,]
[0,14,]   280   0.00256415   1.37883e-41   0   [-0.000004,-0.000010,]
[1,14,]   281   0.00253651   -1.3248e-41   0   [-0.000007,-0.000010,]
[2,14,]   282   0.00253953   1.62291e-40   0   [-0.000009,-0.000011,]
[3,14,]   283   0.00251579   2.06232e-40   0   [-0.000011,-0.000012,]
[4,14,]   284   0.0024722   5.49602e-41   0   [-0.000010,-0.000017,]
[5,14,]   285   0.00248614   -8.26046e-40   0   [-0.000010,-0.000019,]
[6,14,]   286   0.0029012   -5.005e-40   0   [-0.000019,-0.000008,]
[7,14,]   287   0.00346096   1.13135e-39   0   [-0.000036,0.000011,]
[8,14,]   288   0.00345347   1.70009e-39   0   [-0.000033,0.000020,]
[9,14,]   289   0.00285201   8.87009e-41   0   [-0.000026,0.000009,]
[10,14,]   290   0.0030865   4.27978e-40   0   [-0.000023,0.000029,]
[11,14,]   291   0.00379935   2.14687e-39   0   [-0.000011,0.000042,]
[12,14,]   292   0.00344701   7.06254e-40   0   [-0.000003,0.000029,]
[13,14,]   293   0.00290994   -4.07254e-40   0   [-0.000012,0.000018,]
[14,14,]   294   0.00248628   -8.27919e-40   0   [-0.000019,0.000010,]
[15,14,]   295   0.00236861   -5.02196e-40   0   [-0.000011,0.000009,]
[16,14,]   296   0.0024987   1.68912e-40   0   [-0.000009,0.000013,]
[17,14,]   297   0.00249841   2.11304e-41   0   [-0.000005,0.000012,]
[18,14,]   298   0.00250986   5.04314e-41   0   [-0.000005,0.000011,]
[19,14,]   299   0.00248357   6.66609e-41   0   [-0.000004,0.000010,]
[0,15,]   300   0.00253947   -2.49284e-41   0   [-0.000005,-0.000009,]
[1,15,]   301   0.00252425   -5.68273e-42   0   [-0.000007,-0.000009,]
[2,15,]   302   0.00250775   -5.84495e-41   0   [-0.000008,-0.000009,]
[3,15,]   303   0.00249933   2.17984e-41   0   [-0.000009,-0.000009,]
[4,15,]   304   0.00243385   -1.73841e-40   0   [-0.000010,-0.000008,]
[5,15,]   305   0.00236852   -5.00585e-40   0   [-0.000009,-0.000011,]
[6,15,]   306   0.00244821   -8.55784e-40   0   [-0.000012,-0.000011,]
[7,15,]   307   0.00278613   -3.98459e-40   0   [-0.000023,-0.000004,]
[8,15,]   308   0.003193   9.64065e-40   0   [-0.000025,0.000011,]
[9,15,]   309   0.00287043   -3.44415e-40   0   [-0.000026,0.000011,]
[10,15,]   310   0.00305549   1.94638e-40   0   [-0.000016,0.000016,]
[11,15,]   311   0.00329141   9.06609e-40   0   [-0.000015,0.000020,]
[12,15,]   312   0.00279919   -4.5376e-40   0   [-0.000016,0.000012,]
[13,15,]   313   0.002411   -1.12014e-39   0   [-0.000016,0.000003,]
[14,15,]   314   0.0024738   5.84112e-41   0   [-0.000017,0.000010,]
[15,15,]   315   0.00243518   -1.7097e-40   0   [-0.000008,0.000010,]
[16,15,]   316   0.00253718   2.28383e-40   0   [-0.000009,0.000012,]
[17,15,]   317   0.00250344   -3.9556e-41   0   [-0.000006,0.000011,]
[18,15,]   318   0.00250491   3.24817e-41   0   [-0.000006,0.000010,]
[19,15,]   319   0.00248114   2.15472e-41   0   [-0.000005,0.000010,]
[0,16,]   320   0.00253693   -1.11977e-41   0   [-0.000006,-0.000008,]
[1,16,]   321   0.00251804   -2.23135e-41   0   [-0.000007,-0.000008,]
[2,16,]   322   0.00251606   1.52789e-41   0   [-0.000008,-0.000009,]
[3,16,]   323   0.00252258   4.03724e-41   0   [-0.000010,-0.000008,]
[4,16,]   324   0.00253606   2.26189e-40   0   [-0.000012,-0.000009,]
[5,16,]   325   0.00249864   1.70281e-40   0   [-0.000013,-0.000009,]
[6,16,]   326   0.0024543   -8.74305e-41   0   [-0.000012,-0.000011,]
[7,16,]   327   0.00247655   -5.71736e-40   0   [-0.000013,-0.000010,]
[8,16,]   328   0.0027014   -4.69904e-41   0   [-0.000017,-0.000002,]
[9,16,]   329   0.00271873   -2.81428e-42   0   [-0.000020,0.000001,]
[10,16,]   330   0.00279204   2.25951e-40   0   [-0.000014,0.000008,]
[11,16,]   331   0.00261519   -6.42328e-40   0   [-0.000016,0.000002,]
[12,16,]   332   0.00253801   -1.82136e-40   0   [-0.000019,0.000007,]
[13,16,]   333   0.0023844   -4.90773e-40   0   [-0.000014,0.000003,]
[14,16,]   334   0.00251614   2.07983e-40   0   [-0.000012,0.000011,]
[15,16,]   335   0.00249965   2.30251e-41   0   [-0.000009,0.000009,]
[16,16,]   336   0.00252285   4.12198e-41   0   [-0.000008,0.000010,]
[17,16,]   337   0.00250582   -4.75748e-42   0   [-0.000007,0.000009,]
[18,16,]   338   0.00249859   -1.98292e-42   0   [-0.000006,0.000009,]
[19,16,]   339   0.00248637   1.11523e-41   0   [-0.000005,0.000009,]
[0,17,]   340   0.00252677   -7.35541e-42   0   [-0.000006,-0.000007,]
[1,17,]   341   0.00251337   -1.81136e-42   0   [-0.000007,-0.000008,]
[2,17,]   342   0.00250332   -2.61441e-41   0   [-0.000008,-0.000007,]
[3,17,]   343   0.0025056   -5.36941e-42   0   [-0.000009,-0.000007,]
[4,17,]   344   0.00250253   -4.14252e-41   0   [-0.000011,-0.000006,]
[5,17,]   345   0.00249836   2.22418e-41   0   [-0.000012,-0.000005,]
[6,17,]   346   0.00246436   -5.99469e-41   0   [-0.000013,-0.000004,]
[7,17,]   347   0.00244251   -1.88834e-40   0   [-0.000013,-0.000005,]
[8,17,]   348   0.00248872   -2.28981e-40   0   [-0.000014,-0.000003,]
[9,17,]   349   0.00251991   -2.41188e-40   0   [-0.000017,-0.000001,]
[10,17,]   350   0.00258532   8.09706e-41   0   [-0.000014,0.000004,]
[11,17,]   351   0.00243523   -5.41999e-40   0   [-0.000015,-0.000001,]
[12,17,]   352   0.00251415   1.20636e-40   0   [-0.000015,0.000006,]
[13,17,]   353   0.00246075   -1.2693e-40   0   [-0.000012,0.000006,]
[14,17,]   354   0.00253725   1.74984e-40   0   [-0.000011,0.000009,]
[15,17,]   355   0.00250606   -4.78071e-41   0   [-0.000009,0.000008,]
[16,17,]   356   0.00251479   2.41594e-41   0   [-0.000009,0.000008,]
[17,17,]   357   0.00250235   -1.8904e-41   0   [-0.000007,0.000008,]
[18,17,]   358   0.00249893   8.25946e-42   0   [-0.000007,0.000008,]
[19,17,]   359   0.00248752   5.10209e-42   0   [-0.000006,0.000008,]
[0,18,]   360   0.0025194   -2.26886e-42   0   [-0.000006,-0.000007,]
[1,18,]   361   0.0025069   -2.90366e-42   0   [-0.000007,-0.000007,]
[2,18,]   362   0.0024997   2.49445e-42   0   [-0.000008,-0.000007,]
[3,18,]   363   0.00249843   -2.42705e-42   0   [-0.000009,-0.000006,]
[4,18,]   364   0.00250418   3.10118e-41   0   [-0.000010,-0.000006,]
[5,18,]   365   0.00250982   5.13159e-41   0   [-0.000011,-0.000005,]
[6,18,]   366   0.00251109   1.32575e-40   0   [-0.000012,-0.000005,]
[7,18,]   367   0.00249217   8.53126e-41   0   [-0.000013,-0.000004,]
[8,18,]   368   0.00248247   -5.62513e-42   0   [-0.000013,-0.000003,]
[9,18,]   369   0.00249038   -5.81086e-41   0   [-0.000013,-0.000001,]
[10,18,]   370   0.00253244   6.39003e-41   0   [-0.000014,0.000002,]
[11,18,]   371   0.00246493   -1.31436e-40   0   [-0.000013,0.000001,]
[12,18,]   372   0.0025242   6.70804e-41   0   [-0.000012,0.000005,]
[13,18,]   373   0.00251128   3.21903e-41   0   [-0.000011,0.000005,]
[14,18,]   374   0.00252131   -1.23567e-41   0   [-0.000010,0.000007,]
[15,18,]   375   0.00251193   -4.22793e-42   0   [-0.000009,0.000007,]
[16,18,]   376   0.00250804   -2.13767e-41   0   [-0.000008,0.000007,]
[17,18,]   377   0.00250536   -9.25202e-43   0   [-0.000008,0.000007,]
[18,18,]   378   0.00250049   -2.27087e-42   0   [-0.000007,0.000007,]
[19,18,]   379   0.00249249   2.08246e-42   0   [-0.000006,0.000007,]
[0,19,]   380   0.00250862   2.1327e-42   0   [-0.000006,-0.000006,]
[1,19,]   381   0.00249753   1.5071e-42   0   [-0.000007,-0.000006,]
[2,19,]   382   0.00248813   5.42076e-43   0   [-0.000008,-0.000006,]
[3,19,]   383   0.00248623   1.08051e-41   0   [-0.000009,-0.000005,]
[4,19,]   384   0.00248057   2.03827e-41   0   [-0.000010,-0.000005,]
[5,19,]   385   0.00248354   6.73658e-41   0   [-0.000010,-0.000004,]
[6,19,]   386   0.00246934   9.88183e-41   0   [-0.000011,-0.000003,]
[7,19,]   387   0.00246333   8.97874e-41   0   [-0.000011,-0.000002,]
[8,19,]   388   0.00246323   2.11708e-42   0   [-0.000011,-0.000001,]
[9,19,]   389   0.00247441   -7.94709e-41   0   [-0.000012,0.000001,]
[10,19,]   390   0.00253702   8.21191e-41   0   [-0.000012,0.000001,]
[11,19,]   391   0.0024749   -1.45282e-40   0   [-0.000012,0.000003,]
[12,19,]   392   0.00255143   1.18264e-40   0   [-0.000011,0.000003,]
[13,19,]   393   0.00251264   -1.40589e-41   0   [-0.000010,0.000005,]
[14,19,]   394   0.00253506   1.449e-41   0   [-0.000010,0.000005,]
[15,19,]   395   0.0025158   -2.3129e-41   0   [-0.000009,0.000006,]
[16,19,]   396   0.00251765   -9.95762e-42   0   [-0.000008,0.000006,]
[17,19,]   397   0.00251134   -6.07873e-42   0   [-0.000007,0.000006,]
[18,19,]   398   0.00250707   -1.34962e-42   0   [-0.000007,0.000006,]
[19,19,]   399   0.00249891   2.99956e-42   0   [-0.000006,0.000006,]
