coordinates  index   rho      Q      V    velocities 
[0,0,]   0   7.99165e-008   -8.27922e-039   8.22087e-039   [0.000023,0.000009,]
[1,0,]   1   1.93211e-007   -6.73226e-039   7.40106e-039   [-0.000011,0.000008,]
[2,0,]   2   6.33846e-007   -5.53413e-039   6.67234e-039   [0.000003,0.000008,]
[3,0,]   3   1.90737e-006   -4.57834e-039   6.03471e-039   [0.000005,0.000008,]
[4,0,]   4   4.76284e-006   -3.97836e-039   5.48817e-039   [0.000008,0.000008,]
[5,0,]   5   9.96982e-006   -3.48149e-039   5.03272e-039   [0.000008,0.000009,]
[6,0,]   6   1.75301e-005   -3.10481e-039   4.66836e-039   [0.000009,0.000010,]
[7,0,]   7   2.60444e-005   -2.84623e-039   4.39509e-039   [0.000011,0.000011,]
[8,0,]   8   3.29096e-005   -2.72055e-039   4.21291e-039   [0.000012,0.000013,]
[9,0,]   9   3.56715e-005   -2.73726e-039   4.12182e-039   [0.000013,0.000014,]
[10,0,]   10   3.34895e-005   -2.87626e-039   4.12182e-039   [0.000013,0.000016,]
[11,0,]   11   2.7485e-005   -3.09728e-039   4.21291e-039   [0.000014,0.000018,]
[12,0,]   12   1.98315e-005   -3.37812e-039   4.39509e-039   [0.000013,0.000020,]
[13,0,]   13   1.25613e-005   -3.7105e-039   4.66836e-039   [0.000013,0.000021,]
[14,0,]   14   6.93679e-006   -4.10764e-039   5.03272e-039   [0.000012,0.000022,]
[15,0,]   15   3.30661e-006   -4.58481e-039   5.48817e-039   [0.000011,0.000022,]
[16,0,]   16   1.3466e-006   -5.14029e-039   6.03471e-039   [0.000010,0.000023,]
[17,0,]   17   4.60349e-007   -5.89503e-039   6.67234e-039   [0.000011,0.000023,]
[18,0,]   18   1.34854e-007   -7.19416e-039   7.40106e-039   [0.000023,0.000023,]
[19,0,]   19   4.78623e-008   -8.99071e-039   8.22087e-039   [0.000033,0.000023,]
[0,1,]   20   1.68314e-007   -7.14205e-039   7.40106e-039   [0.000022,-0.000027,]
[1,1,]   21   4.14783e-007   -5.51028e-039   6.58125e-039   [-0.000009,-0.000026,]
[2,1,]   22   1.37859e-006   -4.36211e-039   5.85253e-039   [0.000004,-0.000026,]
[3,1,]   23   4.20184e-006   -3.45224e-039   5.2149e-039   [0.000007,-0.000025,]
[4,1,]   24   1.06627e-005   -2.88108e-039   4.66836e-039   [0.000010,-0.000023,]
[5,1,]   25   2.2787e-005   -2.39808e-039   4.21291e-039   [0.000011,-0.000022,]
[6,1,]   26   4.10949e-005   -2.02282e-039   3.84855e-039   [0.000012,-0.000020,]
[7,1,]   27   6.28737e-005   -1.74976e-039   3.57528e-039   [0.000013,-0.000018,]
[8,1,]   28   8.20519e-005   -1.58461e-039   3.3931e-039   [0.000014,-0.000015,]
[9,1,]   29   9.18614e-005   -1.53336e-039   3.30201e-039   [0.000015,-0.000012,]
[10,1,]   30   8.87087e-005   -1.58828e-039   3.30201e-039   [0.000015,-0.000009,]
[11,1,]   31   7.42634e-005   -1.72725e-039   3.3931e-039   [0.000014,-0.000007,]
[12,1,]   32   5.40232e-005   -1.94562e-039   3.57528e-039   [0.000013,-0.000006,]
[13,1,]   33   3.41173e-005   -2.23553e-039   3.84855e-039   [0.000012,-0.000005,]
[14,1,]   34   1.86224e-005   -2.60556e-039   4.21291e-039   [0.000011,-0.000005,]
[15,1,]   35   8.72879e-006   -3.06275e-039   4.66836e-039   [0.000010,-0.000005,]
[16,1,]   36   3.48769e-006   -3.60127e-039   5.2149e-039   [0.000009,-0.000006,]
[17,1,]   37   1.16911e-006   -4.34226e-039   5.85253e-039   [0.000010,-0.000007,]
[18,1,]   38   3.35912e-007   -5.63139e-039   6.58125e-039   [0.000022,-0.000008,]
[19,1,]   39   1.17385e-007   -7.55627e-039   7.40106e-039   [0.000033,-0.000009,]
[0,2,]   40   5.20645e-007   -5.64532e-039   6.67234e-039   [0.000021,-0.000017,]
[1,2,]   41   1.28508e-006   -4.10766e-039   5.85253e-039   [-0.000009,-0.000016,]
[2,2,]   42   4.18461e-006   -3.05558e-039   5.12381e-039   [0.000004,-0.000016,]
[3,2,]   43   1.25185e-005   -2.20382e-039   4.48618e-039   [0.000008,-0.000016,]
[4,2,]   44   3.13269e-005   -1.66363e-039   3.93964e-039   [0.000010,-0.000016,]
[5,2,]   45   6.62006e-005   -1.2081e-039   3.48419e-039   [0.000012,-0.000015,]
[6,2,]   46   0.000118306   -8.70114e-040   3.11983e-039   [0.000014,-0.000014,]
[7,2,]   47   0.000180047   -6.37016e-040   2.84656e-039   [0.000016,-0.000012,]
[8,2,]   48   0.000235139   -5.14026e-040   2.66438e-039   [0.000017,-0.000010,]
[9,2,]   49   0.000265566   -4.88952e-040   2.57329e-039   [0.000018,-0.000007,]
[10,2,]   50   0.000260368   -5.6599e-040   2.57329e-039   [0.000018,-0.000003,]
[11,2,]   51   0.000221948   -7.37469e-040   2.66438e-039   [0.000017,-0.000000,]
[12,2,]   52   0.00016464   -9.73502e-040   2.84656e-039   [0.000015,0.000002,]
[13,2,]   53   0.000105961   -1.27642e-039   3.11983e-039   [0.000013,0.000004,]
[14,2,]   54   5.88961e-005   -1.63882e-039   3.48419e-039   [0.000012,0.000005,]
[15,2,]   55   2.80794e-005   -2.07594e-039   3.93964e-039   [0.000010,0.000006,]
[16,2,]   56   1.13965e-005   -2.58551e-039   4.48618e-039   [0.000009,0.000006,]
[17,2,]   57   3.87553e-006   -3.29172e-039   5.12381e-039   [0.000010,0.000006,]
[18,2,]   58   1.12774e-006   -4.51944e-039   5.85253e-039   [0.000021,0.000005,]
[19,2,]   59   3.91745e-007   -6.37785e-039   6.67234e-039   [0.000031,0.000003,]
[0,3,]   60   1.44064e-006   -4.81202e-039   6.03471e-039   [0.000019,-0.000014,]
[1,3,]   61   3.5575e-006   -3.38735e-039   5.2149e-039   [-0.000008,-0.000012,]
[2,3,]   62   1.12942e-005   -2.41695e-039   4.48618e-039   [0.000004,-0.000012,]
[3,3,]   63   3.292e-005   -1.61427e-039   3.84855e-039   [0.000007,-0.000013,]
[4,3,]   64   8.05294e-005   -1.09139e-039   3.30201e-039   [0.000010,-0.000013,]
[5,3,]   65   0.000166628   -6.4478e-040   2.84656e-039   [0.000012,-0.000013,]
[6,3,]   66   0.000292169   -3.08101e-040   2.4822e-039   [0.000015,-0.000012,]
[7,3,]   67   0.000438173   -7.57445e-041   2.20893e-039   [0.000018,-0.000011,]
[8,3,]   68   0.000569096   7.47639e-041   2.02675e-039   [0.000020,-0.000008,]
[9,3,]   69   0.00064697   1.42459e-040   1.93566e-039   [0.000022,-0.000005,]
[10,3,]   70   0.000646548   1.19694e-040   1.93566e-039   [0.000022,-0.000002,]
[11,3,]   71   0.000566773   5.10266e-042   2.02675e-039   [0.000020,0.000002,]
[12,3,]   72   0.000433874   -2.07226e-040   2.20893e-039   [0.000018,0.000005,]
[13,3,]   73   0.000288352   -4.86826e-040   2.4822e-039   [0.000015,0.000007,]
[14,3,]   74   0.000165122   -8.40471e-040   2.84656e-039   [0.000012,0.000008,]
[15,3,]   75   8.08843e-005   -1.26299e-039   3.30201e-039   [0.000010,0.000008,]
[16,3,]   76   3.36207e-005   -1.75864e-039   3.84855e-039   [0.000009,0.000008,]
[17,3,]   77   1.16769e-005   -2.44628e-039   4.48618e-039   [0.000009,0.000008,]
[18,3,]   78   3.45964e-006   -3.62437e-039   5.2149e-039   [0.000020,0.000007,]
[19,3,]   79   1.19368e-006   -5.41157e-039   6.03471e-039   [0.000029,0.000005,]
[0,4,]   80   3.37293e-006   -4.34362e-039   5.48817e-039   [0.000018,-0.000011,]
[1,4,]   81   8.39093e-006   -3.01076e-039   4.66836e-039   [-0.000008,-0.000010,]
[2,4,]   82   2.60525e-005   -2.10186e-039   3.93964e-039   [0.000004,-0.000010,]
[3,4,]   83   7.38772e-005   -1.33747e-039   3.30201e-039   [0.000007,-0.000010,]
[4,4,]   84   0.000175742   -8.29148e-040   2.75547e-039   [0.000010,-0.000010,]
[5,4,]   85   0.000353222   -3.8308e-040   2.30002e-039   [0.000013,-0.000010,]
[6,4,]   86   0.000601073   -5.14843e-041   1.93566e-039   [0.000016,-0.000010,]
[7,4,]   87   0.000877534   2.02301e-040   1.66239e-039   [0.000019,-0.000009,]
[8,4,]   88   0.00111745   3.66911e-040   1.48021e-039   [0.000023,-0.000006,]
[9,4,]   89   0.00126519   5.02786e-040   1.38912e-039   [0.000025,-0.000003,]
[10,4,]   90   0.00128394   5.50963e-040   1.38912e-039   [0.000026,0.000001,]
[11,4,]   91   0.00115962   4.59871e-040   1.48021e-039   [0.000024,0.000005,]
[12,4,]   92   0.000924565   2.93785e-040   1.66239e-039   [0.000020,0.000008,]
[13,4,]   93   0.00064033   2.09287e-041   1.93566e-039   [0.000016,0.000010,]
[14,4,]   94   0.000381048   -3.18176e-040   2.30002e-039   [0.000013,0.000010,]
[15,4,]   95   0.000192875   -7.39575e-040   2.75547e-039   [0.000010,0.000011,]
[16,4,]   96   8.23994e-005   -1.23055e-039   3.30201e-039   [0.000009,0.000010,]
[17,4,]   97   2.92806e-005   -1.91128e-039   3.93964e-039   [0.000009,0.000010,]
[18,4,]   98   8.83792e-006   -3.04554e-039   4.66836e-039   [0.000019,0.000009,]
[19,4,]   99   3.02135e-006   -4.76056e-039   5.48817e-039   [0.000027,0.000007,]
[0,5,]   100   6.9301e-006   -3.93002e-039   5.03272e-039   [0.000018,-0.000009,]
[1,5,]   101   1.75464e-005   -2.63658e-039   4.21291e-039   [-0.000007,-0.000008,]
[2,5,]   102   5.36078e-005   -1.75707e-039   3.48419e-039   [0.000004,-0.000008,]
[3,5,]   103   0.000148002   -1.01616e-039   2.84656e-039   [0.000007,-0.000008,]
[4,5,]   104   0.000340947   -5.12018e-040   2.30002e-039   [0.000010,-0.000009,]
[5,5,]   105   0.000659174   -7.97741e-041   1.84457e-039   [0.000013,-0.000009,]
[6,5,]   106   0.00107345   2.61271e-040   1.48021e-039   [0.000017,-0.000009,]
[7,5,]   107   0.00149253   4.95027e-040   1.20694e-039   [0.000021,-0.000008,]
[8,5,]   108   0.00181948   7.00289e-040   1.02476e-039   [0.000026,-0.000005,]
[9,5,]   109   0.00199382   7.71708e-040   9.33673e-040   [0.000029,-0.000001,]
[10,5,]   110   0.00202893   8.73179e-040   9.33673e-040   [0.000030,0.000004,]
[11,5,]   111   0.00190109   8.23454e-040   1.02476e-039   [0.000027,0.000009,]
[12,5,]   112   0.00159804   6.62669e-040   1.20694e-039   [0.000022,0.000011,]
[13,5,]   113   0.00117129   4.40149e-040   1.48021e-039   [0.000017,0.000013,]
[14,5,]   114   0.000732067   1.11206e-040   1.84457e-039   [0.000013,0.000013,]
[15,5,]   115   0.000385852   -2.91839e-040   2.30002e-039   [0.000010,0.000013,]
[16,5,]   116   0.000170101   -7.80039e-040   2.84656e-039   [0.000008,0.000012,]
[17,5,]   117   6.19626e-005   -1.45186e-039   3.48419e-039   [0.000008,0.000011,]
[18,5,]   118   1.90571e-005   -2.54005e-039   4.21291e-039   [0.000017,0.000010,]
[19,5,]   119   6.43093e-006   -4.18666e-039   5.03272e-039   [0.000025,0.000008,]
[0,6,]   120   1.25806e-005   -3.54248e-039   4.66836e-039   [0.000018,-0.000009,]
[1,6,]   121   3.26482e-005   -2.23264e-039   3.84855e-039   [-0.000006,-0.000007,]
[2,6,]   122   9.87249e-005   -1.35092e-039   3.11983e-039   [0.000003,-0.000008,]
[3,6,]   123   0.000265889   -6.09216e-040   2.4822e-039   [0.000006,-0.000008,]
[4,6,]   124   0.000591035   -1.16034e-040   1.93566e-039   [0.000009,-0.000009,]
[5,6,]   125   0.0010897   3.16105e-040   1.48021e-039   [0.000013,-0.000010,]
[6,6,]   126   0.00166688   6.21374e-040   1.11585e-039   [0.000017,-0.000010,]
[7,6,]   127   0.00214905   8.68982e-040   8.42583e-040   [0.000023,-0.000009,]
[8,6,]   128   0.00240233   9.7397e-040   6.60403e-040   [0.000030,-0.000007,]
[9,6,]   129   0.00246956   1.03343e-039   5.69313e-040   [0.000035,0.000000,]
[10,6,]   130   0.00246465   9.67623e-040   5.69313e-040   [0.000036,0.000008,]
[11,6,]   131   0.00244541   1.00011e-039   6.60403e-040   [0.000032,0.000014,]
[12,6,]   132   0.0022401   9.51175e-040   8.42583e-040   [0.000024,0.000017,]
[13,6,]   133   0.0017717   7.23566e-040   1.11585e-039   [0.000017,0.000017,]
[14,6,]   134   0.00117967   4.42917e-040   1.48021e-039   [0.000012,0.000016,]
[15,6,]   135   0.000651512   4.68418e-041   1.93566e-039   [0.000009,0.000015,]
[16,6,]   136   0.000297346   -4.26755e-040   2.4822e-039   [0.000007,0.000014,]
[17,6,]   137   0.000111093   -1.09315e-039   3.11983e-039   [0.000007,0.000013,]
[18,6,]   138   3.47867e-005   -2.13113e-039   3.84855e-039   [0.000015,0.000011,]
[19,6,]   139   1.15357e-005   -3.71869e-039   4.66836e-039   [0.000022,0.000009,]
[0,7,]   140   1.99333e-005   -3.22702e-039   4.39509e-039   [0.000018,-0.000009,]
[1,7,]   141   5.29068e-005   -1.88064e-039   3.57528e-039   [-0.000006,-0.000008,]
[2,7,]   142   0.0001588   -9.73841e-040   2.84656e-039   [0.000003,-0.000009,]
[3,7,]   143   0.000417755   -2.37021e-040   2.20893e-039   [0.000005,-0.000010,]
[4,7,]   144   0.000895542   2.62106e-040   1.66239e-039   [0.000008,-0.000012,]
[5,7,]   145   0.00156179   6.49087e-040   1.20694e-039   [0.000011,-0.000014,]
[6,7,]   146   0.00221102   9.70766e-040   8.42583e-040   [0.000016,-0.000016,]
[7,7,]   147   0.00253582   1.07399e-039   5.69313e-040   [0.000024,-0.000017,]
[8,7,]   148   0.00245278   1.04147e-039   3.87133e-040   [0.000036,-0.000013,]
[9,7,]   149   0.00221404   7.46689e-040   2.96043e-040   [0.000046,-0.000004,]
[10,7,]   150   0.00216423   7.37641e-040   2.96043e-040   [0.000046,0.000017,]
[11,7,]   151   0.00241328   9.28994e-040   3.87133e-040   [0.000036,0.000024,]
[12,7,]   152   0.00254268   1.01633e-039   5.69313e-040   [0.000024,0.000024,]
[13,7,]   153   0.00225402   9.40731e-040   8.42583e-040   [0.000016,0.000022,]
[14,7,]   154   0.00161762   6.65751e-040   1.20694e-039   [0.000011,0.000020,]
[15,7,]   155   0.000940646   3.05423e-040   1.66239e-039   [0.000007,0.000017,]
[16,7,]   156   0.00044409   -1.69605e-040   2.20893e-039   [0.000006,0.000016,]
[17,7,]   157   0.000169898   -8.24732e-040   2.84656e-039   [0.000006,0.000014,]
[18,7,]   158   5.40154e-005   -1.81587e-039   3.57528e-039   [0.000013,0.000012,]
[19,7,]   159   1.75208e-005   -3.36139e-039   4.39509e-039   [0.000020,0.000010,]
[0,8,]   160   2.72909e-005   -3.0201e-039   4.21291e-039   [0.000018,-0.000010,]
[1,8,]   161   7.32025e-005   -1.66067e-039   3.3931e-039   [-0.000006,-0.000010,]
[2,8,]   162   0.000218096   -7.35998e-040   2.66438e-039   [0.000001,-0.000011,]
[3,8,]   163   0.000562481   5.54569e-042   2.02675e-039   [0.000004,-0.000013,]
[4,8,]   164   0.00116606   4.81961e-040   1.48021e-039   [0.000006,-0.000016,]
[5,8,]   165   0.00192877   8.68879e-040   1.02476e-039   [0.000008,-0.000019,]
[6,8,]   166   0.00249038   1.06379e-039   6.60403e-040   [0.000013,-0.000024,]
[7,8,]   167   0.00246632   1.02438e-039   3.87133e-040   [0.000023,-0.000030,]
[8,8,]   168   0.00186862   3.21446e-040   2.04953e-040   [0.000038,-0.000030,]
[9,8,]   169   0.00134811   1.44258e-040   1.13863e-040   [0.000072,-0.000018,]
[10,8,]   170   0.00119985   -1.4351e-039   1.13863e-040   [0.000072,0.000027,]
[11,8,]   171   0.00181701   1.78209e-040   2.04953e-040   [0.000035,0.000040,]
[12,8,]   172   0.00243762   9.56291e-040   3.87133e-040   [0.000019,0.000035,]
[13,8,]   173   0.00248528   1.02507e-039   6.60403e-040   [0.000012,0.000028,]
[14,8,]   174   0.0019359   8.40575e-040   1.02476e-039   [0.000007,0.000023,]
[15,8,]   175   0.00117836   4.59258e-040   1.48021e-039   [0.000005,0.000020,]
[16,8,]   176   0.000572701   5.54325e-043   2.02675e-039   [0.000004,0.000017,]
[17,8,]   177   0.000223091   -6.55449e-040   2.66438e-039   [0.000004,0.000015,]
[18,8,]   178   7.16776e-005   -1.59835e-039   3.3931e-039   [0.000011,0.000013,]
[19,8,]   179   2.26486e-005   -3.12857e-039   4.21291e-039   [0.000018,0.000011,]
[0,9,]   180   3.23517e-005   -2.91979e-039   4.12182e-039   [0.000017,-0.000011,]
[1,9,]   181   8.6218e-005   -1.58774e-039   3.30201e-039   [-0.000007,-0.000012,]
[2,9,]   182   0.000255329   -6.36225e-040   2.57329e-039   [-0.000000,-0.000014,]
[3,9,]   183   0.00064976   9.14016e-041   1.93566e-039   [0.000001,-0.000016,]
[4,9,]   184   0.00132016   5.87968e-040   1.38912e-039   [0.000002,-0.000019,]
[5,9,]   185   0.00210206   9.37364e-040   9.33673e-040   [0.000003,-0.000023,]
[6,9,]   186   0.00253168   1.00601e-039   5.69313e-040   [0.000006,-0.000031,]
[7,9,]   187   0.00219261   7.38126e-040   2.96043e-040   [0.000014,-0.000042,]
[8,9,]   188   0.00120613   -1.45931e-039   1.13863e-040   [0.000026,-0.000069,]
[9,9,]   189   0.000444312   -8.27231e-039   2.27725e-041   [0.000113,-0.000111,]
[10,9,]   190   0.000434111   -8.52918e-039   2.27725e-041   [0.000113,0.000115,]
[11,9,]   191   0.00130501   -1.65784e-041   1.13863e-040   [0.000023,0.000073,]
[12,9,]   192   0.0021949   7.00671e-040   2.96043e-040   [0.000009,0.000045,]
[13,9,]   193   0.00251906   1.05937e-039   5.69313e-040   [0.000004,0.000032,]
[14,9,]   194   0.00207357   8.63393e-040   9.33673e-040   [0.000003,0.000025,]
[15,9,]   195   0.00130512   5.53876e-040   1.38912e-039   [0.000002,0.000021,]
[16,9,]   196   0.000644427   7.70489e-041   1.93566e-039   [0.000001,0.000018,]
[17,9,]   197   0.00025335   -5.75776e-040   2.57329e-039   [0.000002,0.000016,]
[18,9,]   198   8.1672e-005   -1.48608e-039   3.30201e-039   [0.000009,0.000013,]
[19,9,]   199   2.5089e-005   -3.03433e-039   4.12182e-039   [0.000016,0.000012,]
[0,10,]   200   3.33667e-005   -2.90841e-039   4.12182e-039   [0.000016,-0.000011,]
[1,10,]   201   8.71262e-005   -1.62099e-039   3.30201e-039   [-0.000009,-0.000013,]
[2,10,]   202   0.00025721   -6.49138e-040   2.57329e-039   [-0.000003,-0.000015,]
[3,10,]   203   0.000652811   7.83604e-041   1.93566e-039   [-0.000002,-0.000017,]
[4,10,]   204   0.00132131   5.59243e-040   1.38912e-039   [-0.000002,-0.000020,]
[5,10,]   205   0.00209621   8.66124e-040   9.33673e-040   [-0.000002,-0.000025,]
[6,10,]   206   0.00253947   1.05439e-039   5.69313e-040   [-0.000003,-0.000031,]
[7,10,]   207   0.00220254   6.68953e-040   2.96043e-040   [-0.000009,-0.000045,]
[8,10,]   208   0.00130246   -5.66829e-041   1.13863e-040   [-0.000021,-0.000072,]
[9,10,]   209   0.000424415   -8.77297e-039   2.27725e-041   [-0.000114,-0.000114,]
[10,10,]   210   0.000424927   -8.66897e-039   2.27725e-041   [-0.000114,0.000114,]
[11,10,]   211   0.00117555   -1.49025e-039   1.13863e-040   [-0.000025,0.000072,]
[12,10,]   212   0.00214681   7.1517e-040   2.96043e-040   [-0.000014,0.000044,]
[13,10,]   213   0.00248112   9.7745e-040   5.69313e-040   [-0.000005,0.000033,]
[14,10,]   214   0.00206017   9.0162e-040   9.33673e-040   [-0.000003,0.000026,]
[15,10,]   215   0.00129441   5.51233e-040   1.38912e-039   [-0.000002,0.000021,]
[16,10,]   216   0.000637424   5.95569e-041   1.93566e-039   [-0.000001,0.000018,]
[17,10,]   217   0.000249964   -5.92588e-040   2.57329e-039   [-0.000000,0.000016,]
[18,10,]   218   8.02322e-005   -1.48009e-039   3.30201e-039   [0.000008,0.000014,]
[19,10,]   219   2.39852e-005   -3.07715e-039   4.12182e-039   [0.000015,0.000013,]
[0,11,]   220   2.99374e-005   -2.99451e-039   4.21291e-039   [0.000015,-0.000011,]
[1,11,]   221   7.59681e-005   -1.7449e-039   3.3931e-039   [-0.000011,-0.000013,]
[2,11,]   222   0.000224802   -7.44514e-040   2.66438e-039   [-0.000005,-0.000015,]
[3,11,]   223   0.000575746   -1.115e-041   2.02675e-039   [-0.000004,-0.000017,]
[4,11,]   224   0.00118336   4.52488e-040   1.48021e-039   [-0.000005,-0.000019,]
[5,11,]   225   0.00194036   8.3475e-040   1.02476e-039   [-0.000007,-0.000023,]
[6,11,]   226   0.00248361   1.01603e-039   6.60403e-040   [-0.000012,-0.000028,]
[7,11,]   227   0.00242785   9.48941e-040   3.87133e-040   [-0.000019,-0.000035,]
[8,11,]   228   0.00180045   1.71151e-040   2.04953e-040   [-0.000034,-0.000038,]
[9,11,]   229   0.00117196   -1.49403e-039   1.13863e-040   [-0.000072,-0.000026,]
[10,11,]   230   0.00129668   -2.07419e-042   1.13863e-040   [-0.000072,0.000022,]
[11,11,]   231   0.0018015   1.86059e-040   2.04953e-040   [-0.000038,0.000034,]
[12,11,]   232   0.00239695   9.31724e-040   3.87133e-040   [-0.000022,0.000034,]
[13,11,]   233   0.0024358   9.92875e-040   6.60403e-040   [-0.000012,0.000028,]
[14,11,]   234   0.00189455   8.05879e-040   1.02476e-039   [-0.000008,0.000023,]
[15,11,]   235   0.0011492   4.26238e-040   1.48021e-039   [-0.000006,0.000020,]
[16,11,]   236   0.000555492   -3.92863e-041   2.02675e-039   [-0.000004,0.000017,]
[17,11,]   237   0.000214757   -7.05536e-040   2.66438e-039   [-0.000002,0.000015,]
[18,11,]   238   6.81619e-005   -1.57316e-039   3.3931e-039   [0.000007,0.000013,]
[19,11,]   239   1.9908e-005   -3.24594e-039   4.21291e-039   [0.000015,0.000013,]
[0,12,]   240   2.32133e-005   -3.19258e-039   4.39509e-039   [0.000014,-0.000010,]
[1,12,]   241   5.71013e-005   -1.96111e-039   3.57528e-039   [-0.000013,-0.000012,]
[2,12,]   242   0.000170406   -9.15557e-040   2.84656e-039   [-0.000006,-0.000014,]
[3,12,]   243   0.000444327   -1.78693e-040   2.20893e-039   [-0.000006,-0.000016,]
[4,12,]   244   0.000939789   3.0178e-040   1.66239e-039   [-0.000007,-0.000017,]
[5,12,]   245   0.0016123   6.61611e-040   1.20694e-039   [-0.000010,-0.000020,]
[6,12,]   246   0.00224031   9.32468e-040   8.42583e-040   [-0.000015,-0.000022,]
[7,12,]   247   0.00252342   1.00826e-039   5.69313e-040   [-0.000023,-0.000023,]
[8,12,]   248   0.00239513   9.32173e-040   3.87133e-040   [-0.000034,-0.000022,]
[9,12,]   249   0.00214118   7.08252e-040   2.96043e-040   [-0.000044,-0.000014,]
[10,12,]   250   0.00218633   7.03237e-040   2.96043e-040   [-0.000045,0.000009,]
[11,12,]   251   0.00242342   9.5862e-040   3.87133e-040   [-0.000035,0.000019,]
[12,12,]   252   0.00252301   1.01206e-039   5.69313e-040   [-0.000023,0.000023,]
[13,12,]   253   0.00221756   9.32379e-040   8.42583e-040   [-0.000016,0.000022,]
[14,12,]   254   0.00157736   6.29658e-040   1.20694e-039   [-0.000011,0.000020,]
[15,12,]   255   0.000909559   2.59184e-040   1.66239e-039   [-0.000008,0.000017,]
[16,12,]   256   0.000425412   -2.2467e-040   2.20893e-039   [-0.000006,0.000016,]
[17,12,]   257   0.000160708   -8.96212e-040   2.84656e-039   [-0.000004,0.000014,]
[18,12,]   258   5.0103e-005   -1.7719e-039   3.57528e-039   [0.000006,0.000013,]
[19,12,]   259   1.43992e-005   -3.53647e-039   4.39509e-039   [0.000016,0.000014,]
[0,13,]   260   1.54113e-005   -3.50323e-039   4.66836e-039   [0.000013,-0.000009,]
[1,13,]   261   3.67976e-005   -2.27189e-039   3.84855e-039   [-0.000015,-0.000011,]
[2,13,]   262   0.000111197   -1.18177e-039   3.11983e-039   [-0.000008,-0.000013,]
[3,13,]   263   0.000296828   -4.288e-040   2.4822e-039   [-0.000008,-0.000014,]
[4,13,]   264   0.000649011   4.87258e-041   1.93566e-039   [-0.000009,-0.000015,]
[5,13,]   265   0.00117128   4.39798e-040   1.48021e-039   [-0.000012,-0.000016,]
[6,13,]   266   0.0017534   7.07993e-040   1.11585e-039   [-0.000016,-0.000017,]
[7,13,]   267   0.0022176   9.32558e-040   8.42583e-040   [-0.000022,-0.000016,]
[8,13,]   268   0.0024352   9.95053e-040   6.60403e-040   [-0.000028,-0.000012,]
[9,13,]   269   0.00247906   9.83718e-040   5.69313e-040   [-0.000033,-0.000005,]
[10,13,]   270   0.00251353   1.06292e-039   5.69313e-040   [-0.000032,0.000003,]
[11,13,]   271   0.002475   1.02771e-039   6.60403e-040   [-0.000028,0.000012,]
[12,13,]   272   0.00223842   9.37957e-040   8.42583e-040   [-0.000022,0.000015,]
[13,13,]   273   0.00175319   7.09956e-040   1.11585e-039   [-0.000017,0.000016,]
[14,13,]   274   0.00115535   4.19088e-040   1.48021e-039   [-0.000013,0.000016,]
[15,13,]   275   0.000630693   6.06112e-042   1.93566e-039   [-0.000010,0.000015,]
[16,13,]   276   0.00028414   -4.77861e-040   2.4822e-039   [-0.000007,0.000014,]
[17,13,]   277   0.00010427   -1.17452e-039   3.11983e-039   [-0.000005,0.000013,]
[18,13,]   278   3.18152e-005   -2.06519e-039   3.84855e-039   [0.000006,0.000012,]
[19,13,]   279   9.06624e-006   -3.92936e-039   4.66836e-039   [0.000017,0.000013,]
[0,14,]   280   8.69137e-006   -3.92183e-039   5.03272e-039   [0.000012,-0.000008,]
[1,14,]   281   2.02057e-005   -2.67873e-039   4.21291e-039   [-0.000017,-0.000010,]
[2,14,]   282   6.19819e-005   -1.54024e-039   3.48419e-039   [-0.000009,-0.000011,]
[3,14,]   283   0.000169661   -7.76806e-040   2.84656e-039   [-0.000008,-0.000012,]
[4,14,]   284   0.000383801   -2.85522e-040   2.30002e-039   [-0.000010,-0.000013,]
[5,14,]   285   0.000725059   1.08689e-040   1.84457e-039   [-0.000012,-0.000013,]
[6,14,]   286   0.00115533   4.18636e-040   1.48021e-039   [-0.000016,-0.000013,]
[7,14,]   287   0.00157733   6.29783e-040   1.20694e-039   [-0.000020,-0.000011,]
[8,14,]   288   0.00189437   8.06997e-040   1.02476e-039   [-0.000023,-0.000008,]
[9,14,]   289   0.00205936   9.03614e-040   9.33673e-040   [-0.000026,-0.000003,]
[10,14,]   290   0.00207134   8.67529e-040   9.33673e-040   [-0.000025,0.000003,]
[11,14,]   291   0.00193121   8.45233e-040   1.02476e-039   [-0.000023,0.000007,]
[12,14,]   292   0.0016102   6.68752e-040   1.20694e-039   [-0.000020,0.000010,]
[13,14,]   293   0.00117105   4.42434e-040   1.48021e-039   [-0.000016,0.000012,]
[14,14,]   294   0.000725086   1.08976e-040   1.84457e-039   [-0.000013,0.000012,]
[15,14,]   295   0.000377278   -3.12912e-040   2.30002e-039   [-0.000011,0.000012,]
[16,14,]   296   0.000163715   -8.16814e-040   2.84656e-039   [-0.000008,0.000012,]
[17,14,]   297   5.83073e-005   -1.53027e-039   3.48419e-039   [-0.000006,0.000011,]
[18,14,]   298   1.73875e-005   -2.45069e-039   4.21291e-039   [0.000007,0.000011,]
[19,14,]   299   4.94849e-006   -4.41117e-039   5.03272e-039   [0.000019,0.000012,]
[0,15,]   300   4.1369e-006   -4.44604e-039   5.48817e-039   [0.000012,-0.000007,]
[1,15,]   301   9.40019e-006   -3.18316e-039   4.66836e-039   [-0.000019,-0.000009,]
[2,15,]   302   2.92969e-005   -2.00019e-039   3.93964e-039   [-0.000010,-0.000010,]
[3,15,]   303   8.22084e-005   -1.22237e-039   3.30201e-039   [-0.000009,-0.000010,]
[4,15,]   304   0.000191871   -7.26702e-040   2.75547e-039   [-0.000010,-0.000011,]
[5,15,]   305   0.000377262   -3.12373e-040   2.30002e-039   [-0.000012,-0.000011,]
[6,15,]   306   0.000630679   6.00293e-042   1.93566e-039   [-0.000015,-0.000010,]
[7,15,]   307   0.000909554   2.59311e-040   1.66239e-039   [-0.000017,-0.000008,]
[8,15,]   308   0.00114917   4.26726e-040   1.48021e-039   [-0.000020,-0.000006,]
[9,15,]   309   0.00129426   5.52792e-040   1.38912e-039   [-0.000021,-0.000002,]
[10,15,]   310   0.00130455   5.56741e-040   1.38912e-039   [-0.000021,0.000002,]
[11,15,]   311   0.00117704   4.63799e-040   1.48021e-039   [-0.000020,0.000005,]
[12,15,]   312   0.000938476   3.11353e-040   1.66239e-039   [-0.000017,0.000007,]
[13,15,]   313   0.000649028   5.36533e-041   1.93566e-039   [-0.000015,0.000009,]
[14,15,]   314   0.000383934   -2.83566e-040   2.30002e-039   [-0.000013,0.000010,]
[15,15,]   315   0.000191939   -7.25864e-040   2.75547e-039   [-0.000011,0.000010,]
[16,15,]   316   8.05808e-005   -1.23742e-039   3.30201e-039   [-0.000008,0.000010,]
[17,15,]   317   2.78987e-005   -1.97056e-039   3.93964e-039   [-0.000006,0.000010,]
[18,15,]   318   8.13732e-006   -2.92447e-039   4.66836e-039   [0.000007,0.000010,]
[19,15,]   319   2.32535e-006   -4.97306e-039   5.48817e-039   [0.000021,0.000011,]
[0,16,]   320   1.65552e-006   -5.04424e-039   6.03471e-039   [0.000011,-0.000006,]
[1,16,]   321   3.6909e-006   -3.75639e-039   5.2149e-039   [-0.000020,-0.000008,]
[2,16,]   322   1.16872e-005   -2.53155e-039   4.48618e-039   [-0.000010,-0.000008,]
[3,16,]   323   3.35652e-005   -1.74182e-039   3.84855e-039   [-0.000009,-0.000008,]
[4,16,]   324   8.05547e-005   -1.23804e-039   3.30201e-039   [-0.000010,-0.000008,]
[5,16,]   325   0.000163712   -8.16109e-040   2.84656e-039   [-0.000012,-0.000008,]
[6,16,]   326   0.000284137   -4.77837e-040   2.4822e-039   [-0.000014,-0.000007,]
[7,16,]   327   0.000425412   -2.24626e-040   2.20893e-039   [-0.000016,-0.000006,]
[8,16,]   328   0.000555491   -3.91174e-041   2.02675e-039   [-0.000017,-0.000004,]
[9,16,]   329   0.000637405   6.01148e-041   1.93566e-039   [-0.000018,-0.000001,]
[10,16,]   330   0.000644342   7.85888e-041   1.93566e-039   [-0.000018,0.000001,]
[11,16,]   331   0.000572476   3.62473e-042   2.02675e-039   [-0.000017,0.000004,]
[12,16,]   332   0.0004437   -1.6462e-040   2.20893e-039   [-0.000016,0.000006,]
[13,16,]   333   0.0002969   -4.19617e-040   2.4822e-039   [-0.000014,0.000007,]
[14,16,]   334   0.00016977   -7.7114e-040   2.84656e-039   [-0.000012,0.000008,]
[15,16,]   335   8.22628e-005   -1.21824e-039   3.30201e-039   [-0.000010,0.000009,]
[16,16,]   336   3.3586e-005   -1.73811e-039   3.84855e-039   [-0.000008,0.000009,]
[17,16,]   337   1.13417e-005   -2.4851e-039   4.48618e-039   [-0.000006,0.000009,]
[18,16,]   338   3.24183e-006   -3.47522e-039   5.2149e-039   [0.000008,0.000009,]
[19,16,]   339   9.33363e-007   -5.60173e-039   6.03471e-039   [0.000022,0.000011,]
[0,17,]   340   5.47241e-007   -5.87926e-039   6.67234e-039   [0.000011,-0.000004,]
[1,17,]   341   1.20064e-006   -4.56638e-039   5.85253e-039   [-0.000021,-0.000006,]
[2,17,]   342   3.86177e-006   -3.29759e-039   5.12381e-039   [-0.000010,-0.000006,]
[3,17,]   343   1.1335e-005   -2.48876e-039   4.48618e-039   [-0.000009,-0.000006,]
[4,17,]   344   2.78902e-005   -1.97124e-039   3.93964e-039   [-0.000010,-0.000006,]
[5,17,]   345   5.8307e-005   -1.52959e-039   3.48419e-039   [-0.000011,-0.000006,]
[6,17,]   346   0.000104269   -1.17451e-039   3.11983e-039   [-0.000013,-0.000005,]
[7,17,]   347   0.000160708   -8.96193e-040   2.84656e-039   [-0.000014,-0.000004,]
[8,17,]   348   0.000214757   -7.05504e-040   2.66438e-039   [-0.000015,-0.000002,]
[9,17,]   349   0.000249965   -5.92378e-040   2.57329e-039   [-0.000016,-0.000000,]
[10,17,]   350   0.000253345   -5.75145e-040   2.57329e-039   [-0.000016,0.000002,]
[11,17,]   351   0.000223072   -6.53959e-040   2.66438e-039   [-0.000015,0.000004,]
[12,17,]   352   0.00016986   -8.21928e-040   2.84656e-039   [-0.000014,0.000006,]
[13,17,]   353   0.000111047   -1.08879e-039   3.11983e-039   [-0.000013,0.000007,]
[14,17,]   354   6.1931e-005   -1.44652e-039   3.48419e-039   [-0.000011,0.000008,]
[15,17,]   355   2.9275e-005   -1.90379e-039   3.93964e-039   [-0.000010,0.000009,]
[16,17,]   356   1.16783e-005   -2.43156e-039   4.48618e-039   [-0.000008,0.000009,]
[17,17,]   357   3.85883e-006   -3.19398e-039   5.12381e-039   [-0.000006,0.000010,]
[18,17,]   358   1.08309e-006   -4.22318e-039   5.85253e-039   [0.000009,0.000010,]
[19,17,]   359   3.14853e-007   -6.41547e-039   6.67234e-039   [0.000024,0.000012,]
[0,18,]   360   1.53645e-007   -7.00877e-039   7.40106e-039   [0.000011,0.000011,]
[1,18,]   361   3.32501e-007   -5.66374e-039   6.58125e-039   [-0.000022,0.000010,]
[2,18,]   362   1.08391e-006   -4.33067e-039   5.85253e-039   [-0.000011,0.000009,]
[3,18,]   363   3.23992e-006   -3.47894e-039   5.2149e-039   [-0.000009,0.000008,]
[4,18,]   364   8.13486e-006   -2.92524e-039   4.66836e-039   [-0.000010,0.000007,]
[5,18,]   365   1.73874e-005   -2.45003e-039   4.21291e-039   [-0.000011,0.000007,]
[6,18,]   366   3.18151e-005   -2.06519e-039   3.84855e-039   [-0.000012,0.000006,]
[7,18,]   367   5.01031e-005   -1.77189e-039   3.57528e-039   [-0.000013,0.000006,]
[8,18,]   368   6.81621e-005   -1.57318e-039   3.3931e-039   [-0.000013,0.000007,]
[9,18,]   369   8.02326e-005   -1.48007e-039   3.30201e-039   [-0.000014,0.000008,]
[10,18,]   370   8.16727e-005   -1.48592e-039   3.30201e-039   [-0.000013,0.000009,]
[11,18,]   371   7.16779e-005   -1.59784e-039   3.3931e-039   [-0.000013,0.000011,]
[12,18,]   372   5.40147e-005   -1.81476e-039   3.57528e-039   [-0.000012,0.000013,]
[13,18,]   373   3.47856e-005   -2.12926e-039   3.84855e-039   [-0.000011,0.000015,]
[14,18,]   374   1.90568e-005   -2.53799e-039   4.21291e-039   [-0.000010,0.000017,]
[15,18,]   375   8.84054e-006   -3.04186e-039   4.66836e-039   [-0.000009,0.000019,]
[16,18,]   376   3.46129e-006   -3.61328e-039   5.2149e-039   [-0.000008,0.000020,]
[17,18,]   377   1.12292e-006   -4.42117e-039   5.85253e-039   [-0.000006,0.000021,]
[18,18,]   378   3.10176e-007   -5.51795e-039   6.58125e-039   [0.000010,0.000022,]
[19,18,]   379   9.11038e-008   -7.77911e-039   7.40106e-039   [0.000026,0.000023,]
[0,19,]   380   4.59958e-008   -9.12396e-039   8.22087e-039   [0.000011,0.000026,]
[1,19,]   381   9.78192e-008   -7.91464e-039   7.40106e-039   [-0.000024,0.000026,]
[2,19,]   382   3.15139e-007   -6.52515e-039   6.67234e-039   [-0.000012,0.000024,]
[3,19,]   383   9.32819e-007   -5.60564e-039   6.03471e-039   [-0.000011,0.000022,]
[4,19,]   384   2.32463e-006   -4.97387e-039   5.48817e-039   [-0.000011,0.000021,]
[5,19,]   385   4.9485e-006   -4.41047e-039   5.03272e-039   [-0.000012,0.000019,]
[6,19,]   386   9.06623e-006   -3.92935e-039   4.66836e-039   [-0.000013,0.000017,]
[7,19,]   387   1.43993e-005   -3.53646e-039   4.39509e-039   [-0.000014,0.000016,]
[8,19,]   388   1.9908e-005   -3.24595e-039   4.21291e-039   [-0.000013,0.000015,]
[9,19,]   389   2.39854e-005   -3.07712e-039   4.12182e-039   [-0.000013,0.000015,]
[10,19,]   390   2.50893e-005   -3.03407e-039   4.12182e-039   [-0.000012,0.000016,]
[11,19,]   391   2.26489e-005   -3.12768e-039   4.21291e-039   [-0.000011,0.000018,]
[12,19,]   392   1.75209e-005   -3.35937e-039   4.39509e-039   [-0.000010,0.000020,]
[13,19,]   393   1.15358e-005   -3.71524e-039   4.66836e-039   [-0.000009,0.000022,]
[14,19,]   394   6.43114e-006   -4.18256e-039   5.03272e-039   [-0.000008,0.000025,]
[15,19,]   395   3.02239e-006   -4.75487e-039   5.48817e-039   [-0.000007,0.000027,]
[16,19,]   396   1.19427e-006   -5.39895e-039   6.03471e-039   [-0.000006,0.000029,]
[17,19,]   397   3.90024e-007   -6.27776e-039   6.67234e-039   [-0.000004,0.000031,]
[18,19,]   398   1.08237e-007   -7.45749e-039   7.40106e-039   [0.000011,0.000033,]
[19,19,]   399   3.22525e-008   -9.62376e-039   8.22087e-039   [0.000026,0.000034,]
