coordinates  index   rho      Q      V    velocities 
[0,0,]   0   3.34485e-008   -9.1443e-039   8.22087e-039   [0.000016,0.000002,]
[1,0,]   1   1.1797e-007   -6.83191e-039   7.40106e-039   [-0.000005,0.000001,]
[2,0,]   2   4.13786e-007   -5.8029e-039   6.67234e-039   [0.000005,0.000001,]
[3,0,]   3   1.24583e-006   -4.9741e-039   6.03471e-039   [0.000007,0.000001,]
[4,0,]   4   3.12616e-006   -4.3669e-039   5.48817e-039   [0.000008,0.000001,]
[5,0,]   5   6.60181e-006   -3.8592e-039   5.03272e-039   [0.000009,0.000002,]
[6,0,]   6   1.17865e-005   -3.45128e-039   4.66836e-039   [0.000010,0.000003,]
[7,0,]   7   1.78843e-005   -3.14428e-039   4.39509e-039   [0.000011,0.000004,]
[8,0,]   8   2.31946e-005   -2.94698e-039   4.21291e-039   [0.000012,0.000005,]
[9,0,]   9   2.58649e-005   -2.86687e-039   4.12182e-039   [0.000012,0.000007,]
[10,0,]   10   2.4935e-005   -2.90495e-039   4.12182e-039   [0.000013,0.000009,]
[11,0,]   11   2.08573e-005   -3.05753e-039   4.21291e-039   [0.000013,0.000011,]
[12,0,]   12   1.51485e-005   -3.31958e-039   4.39509e-039   [0.000013,0.000012,]
[13,0,]   13   9.53036e-006   -3.68449e-039   4.66836e-039   [0.000012,0.000014,]
[14,0,]   14   5.17026e-006   -4.14552e-039   5.03272e-039   [0.000011,0.000014,]
[15,0,]   15   2.40551e-006   -4.69662e-039   5.48817e-039   [0.000011,0.000015,]
[16,0,]   16   9.54629e-007   -5.32512e-039   6.03471e-039   [0.000010,0.000015,]
[17,0,]   17   3.19916e-007   -6.08742e-039   6.67234e-039   [0.000009,0.000016,]
[18,0,]   18   9.10266e-008   -7.20459e-039   7.40106e-039   [0.000017,0.000016,]
[19,0,]   19   2.67639e-008   -9.39325e-039   8.22087e-039   [0.000025,0.000016,]
[0,1,]   20   1.00164e-007   -7.22377e-039   7.40106e-039   [0.000015,-0.000021,]
[1,1,]   21   3.57648e-007   -4.95015e-039   6.58125e-039   [-0.000004,-0.000020,]
[2,1,]   22   1.25299e-006   -4.0401e-039   5.85253e-039   [0.000007,-0.000020,]
[3,1,]   23   3.77595e-006   -3.29419e-039   5.2149e-039   [0.000008,-0.000019,]
[4,1,]   24   9.51816e-006   -2.74974e-039   4.66836e-039   [0.000010,-0.000019,]
[5,1,]   25   2.02625e-005   -2.29642e-039   4.21291e-039   [0.000011,-0.000017,]
[6,1,]   26   3.65914e-005   -1.93654e-039   3.84855e-039   [0.000012,-0.000016,]
[7,1,]   27   5.63527e-005   -1.66595e-039   3.57528e-039   [0.000013,-0.000014,]
[8,1,]   28   7.44121e-005   -1.48504e-039   3.3931e-039   [0.000014,-0.000011,]
[9,1,]   29   8.46717e-005   -1.39464e-039   3.30201e-039   [0.000015,-0.000008,]
[10,1,]   30   8.33391e-005   -1.3942e-039   3.30201e-039   [0.000015,-0.000006,]
[11,1,]   31   7.10776e-005   -1.48289e-039   3.3931e-039   [0.000014,-0.000004,]
[12,1,]   32   5.24846e-005   -1.66139e-039   3.57528e-039   [0.000013,-0.000002,]
[13,1,]   33   3.34495e-005   -1.93028e-039   3.84855e-039   [0.000012,-0.000001,]
[14,1,]   34   1.83154e-005   -2.2905e-039   4.21291e-039   [0.000011,-0.000001,]
[15,1,]   35   8.57244e-006   -2.74311e-039   4.66836e-039   [0.000010,-0.000001,]
[16,1,]   36   3.413e-006   -3.28079e-039   5.2149e-039   [0.000009,-0.000001,]
[17,1,]   37   1.14503e-006   -3.96129e-039   5.85253e-039   [0.000008,-0.000002,]
[18,1,]   38   3.25567e-007   -4.989e-039   6.58125e-039   [0.000016,-0.000003,]
[19,1,]   39   9.43497e-008   -7.19382e-039   7.40106e-039   [0.000024,-0.000004,]
[0,2,]   40   3.42066e-007   -5.93172e-039   6.67234e-039   [0.000014,-0.000014,]
[1,2,]   41   1.20524e-006   -3.78776e-039   5.85253e-039   [-0.000004,-0.000014,]
[2,2,]   42   4.13689e-006   -2.93474e-039   5.12381e-039   [0.000006,-0.000014,]
[3,2,]   43   1.22554e-005   -2.22269e-039   4.48618e-039   [0.000008,-0.000015,]
[4,2,]   44   3.04463e-005   -1.70449e-039   3.93964e-039   [0.000010,-0.000015,]
[5,2,]   45   6.3928e-005   -1.28201e-039   3.48419e-039   [0.000012,-0.000014,]
[6,2,]   46   0.000113938   -9.59579e-040   3.11983e-039   [0.000013,-0.000013,]
[7,2,]   47   0.000173501   -7.30173e-040   2.84656e-039   [0.000015,-0.000011,]
[8,2,]   48   0.00022738   -5.90575e-040   2.66438e-039   [0.000017,-0.000009,]
[9,2,]   49   0.000258193   -5.38067e-040   2.57329e-039   [0.000018,-0.000006,]
[10,2,]   50   0.000255213   -5.69883e-040   2.57329e-039   [0.000018,-0.000002,]
[11,2,]   51   0.000219948   -6.83535e-040   2.66438e-039   [0.000017,0.000001,]
[12,2,]   52   0.000164969   -8.76129e-040   2.84656e-039   [0.000015,0.000004,]
[13,2,]   53   0.000107161   -1.14826e-039   3.11983e-039   [0.000013,0.000005,]
[14,2,]   54   5.98979e-005   -1.50161e-039   3.48419e-039   [0.000012,0.000006,]
[15,2,]   55   2.86147e-005   -1.94039e-039   3.93964e-039   [0.000010,0.000007,]
[16,2,]   56   1.16128e-005   -2.46091e-039   4.48618e-039   [0.000009,0.000007,]
[17,2,]   57   3.96438e-006   -3.12063e-039   5.12381e-039   [0.000008,0.000007,]
[18,2,]   58   1.14445e-006   -4.11402e-039   5.85253e-039   [0.000015,0.000007,]
[19,2,]   59   3.32585e-007   -6.21392e-039   6.67234e-039   [0.000022,0.000006,]
[0,3,]   60   9.96999e-007   -5.11388e-039   6.03471e-039   [0.000012,-0.000013,]
[1,3,]   61   3.44394e-006   -3.14394e-039   5.2149e-039   [-0.000004,-0.000013,]
[2,3,]   62   1.15308e-005   -2.3531e-039   4.48618e-039   [0.000006,-0.000014,]
[3,3,]   63   3.34427e-005   -1.66586e-039   3.84855e-039   [0.000008,-0.000014,]
[4,3,]   64   8.15544e-005   -1.14734e-039   3.30201e-039   [0.000010,-0.000014,]
[5,3,]   65   0.000168168   -7.15964e-040   2.84656e-039   [0.000012,-0.000014,]
[6,3,]   66   0.000294405   -3.821e-040   2.4822e-039   [0.000015,-0.000013,]
[7,3,]   67   0.000441151   -1.39721e-040   2.20893e-039   [0.000017,-0.000012,]
[8,3,]   68   0.000571633   1.63997e-041   2.02675e-039   [0.000020,-0.000009,]
[9,3,]   69   0.000646879   8.61135e-041   1.93566e-039   [0.000021,-0.000005,]
[10,3,]   70   0.000643386   6.83247e-041   1.93566e-039   [0.000021,-0.000001,]
[11,3,]   71   0.000563266   -3.21408e-041   2.02675e-039   [0.000020,0.000002,]
[12,3,]   72   0.000432332   -2.16075e-040   2.20893e-039   [0.000017,0.000005,]
[13,3,]   73   0.00028859   -4.78126e-040   2.4822e-039   [0.000015,0.000007,]
[14,3,]   74   0.000165913   -8.20432e-040   2.84656e-039   [0.000012,0.000008,]
[15,3,]   75   8.14084e-005   -1.2473e-039   3.30201e-039   [0.000010,0.000009,]
[16,3,]   76   3.38395e-005   -1.75716e-039   3.84855e-039   [0.000009,0.000009,]
[17,3,]   77   1.1797e-005   -2.40565e-039   4.48618e-039   [0.000008,0.000009,]
[18,3,]   78   3.46655e-006   -3.3736e-039   5.2149e-039   [0.000015,0.000008,]
[19,3,]   79   1.01035e-006   -5.37556e-039   6.03471e-039   [0.000021,0.000007,]
[0,4,]   80   2.45257e-006   -4.52052e-039   5.48817e-039   [0.000011,-0.000011,]
[1,4,]   81   8.33469e-006   -2.72089e-039   4.66836e-039   [-0.000004,-0.000011,]
[2,4,]   82   2.72408e-005   -1.9818e-039   3.93964e-039   [0.000005,-0.000011,]
[3,4,]   83   7.71404e-005   -1.31389e-039   3.30201e-039   [0.000007,-0.000012,]
[4,4,]   84   0.000183651   -7.90044e-040   2.75547e-039   [0.000010,-0.000012,]
[5,4,]   85   0.000368968   -3.44251e-040   2.30002e-039   [0.000013,-0.000012,]
[6,4,]   86   0.000628069   6.24998e-042   1.93566e-039   [0.000016,-0.000012,]
[7,4,]   87   0.000915431   2.67641e-040   1.66239e-039   [0.000020,-0.000010,]
[8,4,]   88   0.00115972   4.41477e-040   1.48021e-039   [0.000023,-0.000007,]
[9,4,]   89   0.00129846   5.3751e-040   1.38912e-039   [0.000025,-0.000003,]
[10,4,]   90   0.00129844   5.40077e-040   1.38912e-039   [0.000026,0.000001,]
[11,4,]   91   0.00116074   4.44788e-040   1.48021e-039   [0.000023,0.000005,]
[12,4,]   92   0.000920595   2.7455e-040   1.66239e-039   [0.000020,0.000008,]
[13,4,]   93   0.00063793   2.31739e-041   1.93566e-039   [0.000016,0.000010,]
[14,4,]   94   0.000380417   -3.08151e-040   2.30002e-039   [0.000013,0.000010,]
[15,4,]   95   0.000192856   -7.26051e-040   2.75547e-039   [0.000010,0.000011,]
[16,4,]   96   8.24151e-005   -1.22919e-039   3.30201e-039   [0.000009,0.000010,]
[17,4,]   97   2.94014e-005   -1.87044e-039   3.93964e-039   [0.000008,0.000010,]
[18,4,]   98   8.80258e-006   -2.81387e-039   4.66836e-039   [0.000014,0.000010,]
[19,4,]   99   2.56886e-006   -4.71727e-039   5.48817e-039   [0.000019,0.000008,]
[0,5,]   100   5.20813e-006   -4.01495e-039   5.03272e-039   [0.000010,-0.000009,]
[1,5,]   101   1.75877e-005   -2.33151e-039   4.21291e-039   [-0.000004,-0.000008,]
[2,5,]   102   5.63411e-005   -1.61386e-039   3.48419e-039   [0.000004,-0.000009,]
[3,5,]   103   0.000155462   -9.56117e-040   2.84656e-039   [0.000007,-0.000009,]
[4,5,]   104   0.000358689   -4.3261e-040   2.30002e-039   [0.000010,-0.000009,]
[5,5,]   105   0.000693606   1.20463e-041   1.84457e-039   [0.000013,-0.000010,]
[6,5,]   106   0.00112874   3.6004e-040   1.48021e-039   [0.000017,-0.000009,]
[7,5,]   107   0.00156643   6.12227e-040   1.20694e-039   [0.000022,-0.000008,]
[8,5,]   108   0.00189714   7.84305e-040   1.02476e-039   [0.000027,-0.000005,]
[9,5,]   109   0.00206489   8.76582e-040   9.33673e-040   [0.000030,-0.000001,]
[10,5,]   110   0.00206827   8.81041e-040   9.33673e-040   [0.000030,0.000004,]
[11,5,]   111   0.00190858   8.03896e-040   1.02476e-039   [0.000027,0.000009,]
[12,5,]   112   0.00159049   6.49139e-040   1.20694e-039   [0.000022,0.000011,]
[13,5,]   113   0.00116279   4.25431e-040   1.48021e-039   [0.000017,0.000013,]
[14,5,]   114   0.000727733   1.12704e-040   1.84457e-039   [0.000013,0.000013,]
[15,5,]   115   0.000383995   -2.91461e-040   2.30002e-039   [0.000010,0.000013,]
[16,5,]   116   0.00016938   -7.86748e-040   2.84656e-039   [0.000008,0.000012,]
[17,5,]   117   6.19527e-005   -1.42058e-039   3.48419e-039   [0.000007,0.000011,]
[18,5,]   118   1.89094e-005   -2.33626e-039   4.21291e-039   [0.000012,0.000011,]
[19,5,]   119   5.51229e-006   -4.1412e-039   5.03272e-039   [0.000017,0.000009,]
[0,6,]   120   9.60194e-006   -3.58351e-039   4.66836e-039   [0.000010,-0.000008,]
[1,6,]   121   3.25111e-005   -1.95241e-039   3.84855e-039   [-0.000004,-0.000007,]
[2,6,]   122   0.000102566   -1.22179e-039   3.11983e-039   [0.000004,-0.000007,]
[3,6,]   123   0.000275517   -5.66653e-040   2.4822e-039   [0.000006,-0.000008,]
[4,6,]   124   0.00061217   -5.51352e-041   1.93566e-039   [0.000009,-0.000009,]
[5,6,]   125   0.00112555   3.67415e-040   1.48021e-039   [0.000013,-0.000009,]
[6,6,]   126   0.00171638   6.77846e-040   1.11585e-039   [0.000017,-0.000010,]
[7,6,]   127   0.00220279   8.93375e-040   8.42583e-040   [0.000023,-0.000009,]
[8,6,]   128   0.00245559   9.95978e-040   6.60403e-040   [0.000030,-0.000007,]
[9,6,]   129   0.00251701   1.06328e-039   5.69313e-040   [0.000036,-0.000000,]
[10,6,]   130   0.00251865   1.08944e-039   5.69313e-040   [0.000036,0.000007,]
[11,6,]   131   0.00245681   9.9181e-040   6.60403e-040   [0.000031,0.000014,]
[12,6,]   132   0.00222353   9.01709e-040   8.42583e-040   [0.000024,0.000017,]
[13,6,]   133   0.00175621   7.14895e-040   1.11585e-039   [0.000017,0.000017,]
[14,6,]   134   0.0011702   4.36232e-040   1.48021e-039   [0.000013,0.000016,]
[15,6,]   135   0.000647219   4.85693e-041   1.93566e-039   [0.000009,0.000015,]
[16,6,]   136   0.000295525   -4.37871e-040   2.4822e-039   [0.000007,0.000014,]
[17,6,]   137   0.000110892   -1.06504e-039   3.11983e-039   [0.000006,0.000013,]
[18,6,]   138   3.44882e-005   -1.95041e-039   3.84855e-039   [0.000011,0.000012,]
[19,6,]   139   1.00108e-005   -3.6634e-039   4.66836e-039   [0.000015,0.000009,]
[0,7,]   140   1.53041e-005   -3.24303e-039   4.39509e-039   [0.000011,-0.000009,]
[1,7,]   141   5.2003e-005   -1.63785e-039   3.57528e-039   [-0.000003,-0.000008,]
[2,7,]   142   0.000162066   -8.78037e-040   2.84656e-039   [0.000003,-0.000008,]
[3,7,]   143   0.000424273   -2.25919e-040   2.20893e-039   [0.000005,-0.000009,]
[4,7,]   144   0.000906291   2.67638e-040   1.66239e-039   [0.000008,-0.000011,]
[5,7,]   145   0.0015737   6.50847e-040   1.20694e-039   [0.000011,-0.000013,]
[6,7,]   146   0.00221241   9.14735e-040   8.42583e-040   [0.000016,-0.000015,]
[7,7,]   147   0.00253054   1.02161e-039   5.69313e-040   [0.000024,-0.000017,]
[8,7,]   148   0.00244725   1.03856e-039   3.87133e-040   [0.000036,-0.000014,]
[9,7,]   149   0.00218636   7.35493e-040   2.96043e-040   [0.000046,-0.000004,]
[10,7,]   150   0.00216901   7.77124e-040   2.96043e-040   [0.000047,0.000013,]
[11,7,]   151   0.00241897   9.49801e-040   3.87133e-040   [0.000036,0.000023,]
[12,7,]   152   0.00252976   9.98449e-040   5.69313e-040   [0.000024,0.000024,]
[13,7,]   153   0.00223333   9.1159e-040   8.42583e-040   [0.000016,0.000022,]
[14,7,]   154   0.00160511   6.65222e-040   1.20694e-039   [0.000011,0.000020,]
[15,7,]   155   0.000934204   2.99101e-040   1.66239e-039   [0.000008,0.000017,]
[16,7,]   156   0.000441461   -1.8013e-040   2.20893e-039   [0.000006,0.000016,]
[17,7,]   157   0.000169652   -8.01515e-040   2.84656e-039   [0.000005,0.000014,]
[18,7,]   158   5.36447e-005   -1.65521e-039   3.57528e-039   [0.000009,0.000012,]
[19,7,]   159   1.54449e-005   -3.2917e-039   4.39509e-039   [0.000013,0.000010,]
[0,8,]   160   2.10134e-005   -3.01084e-039   4.21291e-039   [0.000011,-0.000010,]
[1,8,]   161   7.11646e-005   -1.44251e-039   3.3931e-039   [-0.000003,-0.000010,]
[2,8,]   162   0.000219534   -6.56269e-040   2.66438e-039   [0.000002,-0.000011,]
[3,8,]   163   0.000562643   -8.60131e-042   2.02675e-039   [0.000004,-0.000013,]
[4,8,]   164   0.00116205   4.67055e-040   1.48021e-039   [0.000005,-0.000015,]
[5,8,]   165   0.00191485   8.26545e-040   1.02476e-039   [0.000008,-0.000019,]
[6,8,]   166   0.00246934   1.01677e-039   6.60403e-040   [0.000012,-0.000024,]
[7,8,]   167   0.00243625   9.80996e-040   3.87133e-040   [0.000021,-0.000030,]
[8,8,]   168   0.00183566   4.39008e-040   2.04953e-040   [0.000040,-0.000034,]
[9,8,]   169   0.00123815   -4.45766e-040   1.13863e-040   [0.000070,-0.000013,]
[10,8,]   170   0.00117192   -1.22692e-039   1.13863e-040   [0.000070,0.000032,]
[11,8,]   171   0.00181843   3.9841e-040   2.04953e-040   [0.000039,0.000041,]
[12,8,]   172   0.00243679   1.01126e-039   3.87133e-040   [0.000020,0.000035,]
[13,8,]   173   0.00247075   1.00153e-039   6.60403e-040   [0.000012,0.000028,]
[14,8,]   174   0.0019235   8.14824e-040   1.02476e-039   [0.000008,0.000023,]
[15,8,]   175   0.00117278   4.59933e-040   1.48021e-039   [0.000005,0.000020,]
[16,8,]   176   0.000570412   -1.16966e-041   2.02675e-039   [0.000004,0.000017,]
[17,8,]   177   0.000223349   -6.30088e-040   2.66438e-039   [0.000003,0.000015,]
[18,8,]   178   7.14958e-005   -1.45208e-039   3.3931e-039   [0.000007,0.000013,]
[19,8,]   179   2.03301e-005   -3.03804e-039   4.21291e-039   [0.000011,0.000011,]
[0,9,]   180   2.48837e-005   -2.89394e-039   4.12182e-039   [0.000010,-0.000011,]
[1,9,]   181   8.32717e-005   -1.37161e-039   3.30201e-039   [-0.000004,-0.000012,]
[2,9,]   182   0.000255145   -5.63374e-040   2.57329e-039   [0.000001,-0.000013,]
[3,9,]   183   0.000645689   7.79785e-041   1.93566e-039   [0.000001,-0.000016,]
[4,9,]   184   0.00130777   5.55068e-040   1.38912e-039   [0.000002,-0.000019,]
[5,9,]   185   0.00208477   8.9572e-040   9.33673e-040   [0.000003,-0.000023,]
[6,9,]   186   0.00253394   1.09741e-039   5.69313e-040   [0.000005,-0.000030,]
[7,9,]   187   0.00217705   7.80158e-040   2.96043e-040   [0.000010,-0.000042,]
[8,9,]   188   0.00117522   -1.2255e-039   1.13863e-040   [0.000031,-0.000067,]
[9,9,]   189   0.000379567   -9.49462e-039   2.27725e-041   [0.000122,-0.000108,]
[10,9,]   190   0.000376824   -9.56781e-039   2.27725e-041   [0.000109,0.000124,]
[11,9,]   191   0.00122558   -4.85621e-040   1.13863e-040   [0.000016,0.000070,]
[12,9,]   192   0.0021744   7.17621e-040   2.96043e-040   [0.000008,0.000045,]
[13,9,]   193   0.0025191   1.06132e-039   5.69313e-040   [0.000004,0.000032,]
[14,9,]   194   0.00207569   8.87885e-040   9.33673e-040   [0.000003,0.000025,]
[15,9,]   195   0.00130302   5.42045e-040   1.38912e-039   [0.000002,0.000021,]
[16,9,]   196   0.000644   6.66153e-041   1.93566e-039   [0.000001,0.000018,]
[17,9,]   197   0.000254671   -5.50393e-040   2.57329e-039   [0.000001,0.000015,]
[18,9,]   198   8.20044e-005   -1.34308e-039   3.30201e-039   [0.000006,0.000014,]
[19,9,]   199   2.29374e-005   -2.91412e-039   4.12182e-039   [0.000010,0.000012,]
[0,10,]   200   2.54709e-005   -2.89475e-039   4.12182e-039   [0.000009,-0.000011,]
[1,10,]   201   8.38037e-005   -1.40193e-039   3.30201e-039   [-0.000006,-0.000013,]
[2,10,]   202   0.000256479   -5.71075e-040   2.57329e-039   [-0.000001,-0.000015,]
[3,10,]   203   0.00064824   7.02992e-041   1.93566e-039   [-0.000001,-0.000017,]
[4,10,]   204   0.00131081   5.44904e-040   1.38912e-039   [-0.000002,-0.000020,]
[5,10,]   205   0.0020863   8.88622e-040   9.33673e-040   [-0.000003,-0.000025,]
[6,10,]   206   0.00252928   1.0594e-039   5.69313e-040   [-0.000004,-0.000031,]
[7,10,]   207   0.00218029   7.10927e-040   2.96043e-040   [-0.000008,-0.000044,]
[8,10,]   208   0.00122662   -4.95615e-040   1.13863e-040   [-0.000016,-0.000069,]
[9,10,]   209   0.000374627   -9.63834e-039   2.27725e-041   [-0.000109,-0.000122,]
[10,10,]   210   0.00037453   -9.61119e-039   2.27725e-041   [-0.000123,0.000110,]
[11,10,]   211   0.00116506   -1.23472e-039   1.13863e-040   [-0.000030,0.000069,]
[12,10,]   212   0.0021601   7.72841e-040   2.96043e-040   [-0.000010,0.000045,]
[13,10,]   213   0.00251385   1.08655e-039   5.69313e-040   [-0.000005,0.000033,]
[14,10,]   214   0.00206713   8.79243e-040   9.33673e-040   [-0.000003,0.000026,]
[15,10,]   215   0.00129608   5.34406e-040   1.38912e-039   [-0.000002,0.000021,]
[16,10,]   216   0.000639714   5.55447e-041   1.93566e-039   [-0.000001,0.000018,]
[17,10,]   217   0.000252653   -5.61304e-040   2.57329e-039   [-0.000001,0.000015,]
[18,10,]   218   8.12144e-005   -1.32942e-039   3.30201e-039   [0.000004,0.000014,]
[19,10,]   219   2.22768e-005   -2.92633e-039   4.12182e-039   [0.000009,0.000012,]
[0,11,]   220   2.25242e-005   -3.01483e-039   4.21291e-039   [0.000008,-0.000011,]
[1,11,]   221   7.2816e-005   -1.51869e-039   3.3931e-039   [-0.000007,-0.000013,]
[2,11,]   222   0.000224099   -6.60255e-040   2.66438e-039   [-0.000003,-0.000015,]
[3,11,]   223   0.000572095   -1.65466e-041   2.02675e-039   [-0.000004,-0.000017,]
[4,11,]   224   0.00117571   4.55809e-040   1.48021e-039   [-0.000005,-0.000019,]
[5,11,]   225   0.00192703   8.11082e-040   1.02476e-039   [-0.000007,-0.000023,]
[6,11,]   226   0.00247315   9.98039e-040   6.60403e-040   [-0.000012,-0.000028,]
[7,11,]   227   0.00243659   1.00892e-039   3.87133e-040   [-0.000020,-0.000034,]
[8,11,]   228   0.00181525   3.99572e-040   2.04953e-040   [-0.000038,-0.000039,]
[9,11,]   229   0.00116463   -1.23597e-039   1.13863e-040   [-0.000069,-0.000031,]
[10,11,]   230   0.00122394   -4.80799e-040   1.13863e-040   [-0.000070,0.000016,]
[11,11,]   231   0.00181464   4.03794e-040   2.04953e-040   [-0.000039,0.000038,]
[12,11,]   232   0.00241287   9.52182e-040   3.87133e-040   [-0.000021,0.000034,]
[13,11,]   233   0.00244973   9.88713e-040   6.60403e-040   [-0.000012,0.000028,]
[14,11,]   234   0.00190219   7.967e-040   1.02476e-039   [-0.000008,0.000023,]
[15,11,]   235   0.00115579   4.36251e-040   1.48021e-039   [-0.000006,0.000020,]
[16,11,]   236   0.000560113   -3.83291e-041   2.02675e-039   [-0.000004,0.000017,]
[17,11,]   237   0.000218421   -6.6112e-040   2.66438e-039   [-0.000003,0.000015,]
[18,11,]   238   6.95545e-005   -1.41111e-039   3.3931e-039   [0.000003,0.000013,]
[19,11,]   239   1.86807e-005   -3.07405e-039   4.21291e-039   [0.000008,0.000013,]
[0,12,]   240   1.71381e-005   -3.25381e-039   4.39509e-039   [0.000007,-0.000010,]
[1,12,]   241   5.45497e-005   -1.72233e-039   3.57528e-039   [-0.000009,-0.000012,]
[2,12,]   242   0.000169844   -8.32476e-040   2.84656e-039   [-0.000005,-0.000014,]
[3,12,]   243   0.000441828   -1.84444e-040   2.20893e-039   [-0.000006,-0.000015,]
[4,12,]   244   0.000934679   2.96048e-040   1.66239e-039   [-0.000008,-0.000017,]
[5,12,]   245   0.00160505   6.62995e-040   1.20694e-039   [-0.000011,-0.000020,]
[6,12,]   246   0.0022316   9.09819e-040   8.42583e-040   [-0.000015,-0.000022,]
[7,12,]   247   0.00252585   9.98005e-040   5.69313e-040   [-0.000023,-0.000023,]
[8,12,]   248   0.002413   9.51722e-040   3.87133e-040   [-0.000034,-0.000021,]
[9,12,]   249   0.0021596   7.7282e-040   2.96043e-040   [-0.000044,-0.000010,]
[10,12,]   250   0.00217315   7.18944e-040   2.96043e-040   [-0.000044,0.000008,]
[11,12,]   251   0.00243417   1.01351e-039   3.87133e-040   [-0.000034,0.000020,]
[12,12,]   252   0.00252514   9.99472e-040   5.69313e-040   [-0.000023,0.000023,]
[13,12,]   253   0.00221728   8.9918e-040   8.42583e-040   [-0.000016,0.000022,]
[14,12,]   254   0.00158454   6.43289e-040   1.20694e-039   [-0.000011,0.000020,]
[15,12,]   255   0.000916635   2.69262e-040   1.66239e-039   [-0.000008,0.000017,]
[16,12,]   256   0.000430432   -2.16194e-040   2.20893e-039   [-0.000006,0.000016,]
[17,12,]   257   0.000164235   -8.46448e-040   2.84656e-039   [-0.000005,0.000014,]
[18,12,]   258   5.14768e-005   -1.58774e-039   3.57528e-039   [0.000002,0.000013,]
[19,12,]   259   1.35414e-005   -3.34967e-039   4.39509e-039   [0.000008,0.000013,]
[0,13,]   260   1.11548e-005   -3.60634e-039   4.66836e-039   [0.000006,-0.000009,]
[1,13,]   261   3.50671e-005   -2.0167e-039   3.84855e-039   [-0.000011,-0.000012,]
[2,13,]   262   0.000110918   -1.09457e-039   3.11983e-039   [-0.000006,-0.000013,]
[3,13,]   263   0.000295516   -4.39365e-040   2.4822e-039   [-0.000007,-0.000014,]
[4,13,]   264   0.000646975   4.81743e-041   1.93566e-039   [-0.000009,-0.000015,]
[5,13,]   265   0.00116898   4.35896e-040   1.48021e-039   [-0.000012,-0.000016,]
[6,13,]   266   0.00175275   7.13203e-040   1.11585e-039   [-0.000016,-0.000017,]
[7,13,]   267   0.00221743   8.9871e-040   8.42583e-040   [-0.000022,-0.000016,]
[8,13,]   268   0.00244974   9.88726e-040   6.60403e-040   [-0.000028,-0.000012,]
[9,13,]   269   0.00251361   1.08708e-039   5.69313e-040   [-0.000033,-0.000005,]
[10,13,]   270   0.00251838   1.06227e-039   5.69313e-040   [-0.000032,0.000004,]
[11,13,]   271   0.00246915   1.00268e-039   6.60403e-040   [-0.000028,0.000012,]
[12,13,]   272   0.00223052   9.12321e-040   8.42583e-040   [-0.000022,0.000015,]
[13,13,]   273   0.00175255   7.14181e-040   1.11585e-039   [-0.000017,0.000016,]
[14,13,]   274   0.0011595   4.23617e-040   1.48021e-039   [-0.000013,0.000016,]
[15,13,]   275   0.000635962   2.27133e-041   1.93566e-039   [-0.000010,0.000015,]
[16,13,]   276   0.000287783   -4.74251e-040   2.4822e-039   [-0.000007,0.000014,]
[17,13,]   277   0.000106878   -1.11618e-039   3.11983e-039   [-0.000006,0.000013,]
[18,13,]   278   3.28338e-005   -1.85736e-039   3.84855e-039   [0.000001,0.000012,]
[19,13,]   279   8.4756e-006   -3.73933e-039   4.66836e-039   [0.000008,0.000012,]
[0,14,]   280   6.17609e-006   -4.06418e-039   5.03272e-039   [0.000005,-0.000009,]
[1,14,]   281   1.92386e-005   -2.40314e-039   4.21291e-039   [-0.000012,-0.000011,]
[2,14,]   282   6.19501e-005   -1.44962e-039   3.48419e-039   [-0.000007,-0.000011,]
[3,14,]   283   0.000169329   -7.86309e-040   2.84656e-039   [-0.000008,-0.000012,]
[4,14,]   284   0.000383713   -2.90045e-040   2.30002e-039   [-0.000010,-0.000013,]
[5,14,]   285   0.000726571   1.13559e-040   1.84457e-039   [-0.000013,-0.000013,]
[6,14,]   286   0.00115953   4.23317e-040   1.48021e-039   [-0.000016,-0.000013,]
[7,14,]   287   0.00158456   6.43151e-040   1.20694e-039   [-0.000020,-0.000011,]
[8,14,]   288   0.00190218   7.96744e-040   1.02476e-039   [-0.000023,-0.000008,]
[9,14,]   289   0.00206703   8.79515e-040   9.33673e-040   [-0.000026,-0.000003,]
[10,14,]   290   0.00207539   8.8848e-040   9.33673e-040   [-0.000025,0.000003,]
[11,14,]   291   0.00192283   8.15772e-040   1.02476e-039   [-0.000023,0.000007,]
[12,14,]   292   0.00160396   6.66319e-040   1.20694e-039   [-0.000020,0.000011,]
[13,14,]   293   0.00116879   4.37294e-040   1.48021e-039   [-0.000016,0.000012,]
[14,14,]   294   0.000726553   1.13943e-040   1.84457e-039   [-0.000013,0.000013,]
[15,14,]   295   0.000379768   -3.05696e-040   2.30002e-039   [-0.000010,0.000012,]
[16,14,]   296   0.000165676   -8.15353e-040   2.84656e-039   [-0.000008,0.000012,]
[17,14,]   297   5.98074e-005   -1.46975e-039   3.48419e-039   [-0.000007,0.000011,]
[18,14,]   298   1.7976e-005   -2.21853e-039   4.21291e-039   [0.000001,0.000011,]
[19,14,]   299   4.56672e-006   -4.22867e-039   5.03272e-039   [0.000009,0.000011,]
[0,15,]   300   2.89543e-006   -4.62068e-039   5.48817e-039   [0.000005,-0.000008,]
[1,15,]   301   8.96351e-006   -2.88248e-039   4.66836e-039   [-0.000014,-0.000010,]
[2,15,]   302   2.93994e-005   -1.8999e-039   3.93964e-039   [-0.000008,-0.000010,]
[3,15,]   303   8.23893e-005   -1.22773e-039   3.30201e-039   [-0.000009,-0.000010,]
[4,15,]   304   0.000192708   -7.23409e-040   2.75547e-039   [-0.000010,-0.000011,]
[5,15,]   305   0.000379769   -3.05722e-040   2.30002e-039   [-0.000012,-0.000010,]
[6,15,]   306   0.000635963   2.2645e-041   1.93566e-039   [-0.000015,-0.000010,]
[7,15,]   307   0.000916636   2.69232e-040   1.66239e-039   [-0.000017,-0.000008,]
[8,15,]   308   0.00115579   4.36286e-040   1.48021e-039   [-0.000020,-0.000006,]
[9,15,]   309   0.00129606   5.34567e-040   1.38912e-039   [-0.000021,-0.000002,]
[10,15,]   310   0.00130295   5.42424e-040   1.38912e-039   [-0.000021,0.000002,]
[11,15,]   311   0.0011726   4.60637e-040   1.48021e-039   [-0.000020,0.000005,]
[12,15,]   312   0.000933901   3.00212e-040   1.66239e-039   [-0.000017,0.000008,]
[13,15,]   313   0.000646865   5.01469e-041   1.93566e-039   [-0.000015,0.000009,]
[14,15,]   314   0.000383715   -2.89379e-040   2.30002e-039   [-0.000013,0.000010,]
[15,15,]   315   0.000192715   -7.23224e-040   2.75547e-039   [-0.000011,0.000010,]
[16,15,]   316   8.13621e-005   -1.24296e-039   3.30201e-039   [-0.000009,0.000010,]
[17,15,]   317   2.85884e-005   -1.90946e-039   3.93964e-039   [-0.000007,0.000010,]
[18,15,]   318   8.40839e-006   -2.67115e-039   4.66836e-039   [0.000002,0.000010,]
[19,15,]   319   2.10924e-006   -4.80684e-039   5.48817e-039   [0.000010,0.000011,]
[0,16,]   320   1.14551e-006   -5.25939e-039   6.03471e-039   [0.000004,-0.000007,]
[1,16,]   321   3.53299e-006   -3.44338e-039   5.2149e-039   [-0.000015,-0.000008,]
[2,16,]   322   1.17966e-005   -2.435e-039   4.48618e-039   [-0.000008,-0.000009,]
[3,16,]   323   3.38318e-005   -1.75439e-039   3.84855e-039   [-0.000009,-0.000009,]
[4,16,]   324   8.13593e-005   -1.24303e-039   3.30201e-039   [-0.000010,-0.000009,]
[5,16,]   325   0.000165675   -8.15291e-040   2.84656e-039   [-0.000012,-0.000008,]
[6,16,]   326   0.000287783   -4.74261e-040   2.4822e-039   [-0.000014,-0.000007,]
[7,16,]   327   0.000430432   -2.16195e-040   2.20893e-039   [-0.000016,-0.000006,]
[8,16,]   328   0.000560112   -3.83095e-041   2.02675e-039   [-0.000017,-0.000004,]
[9,16,]   329   0.00063971   5.56197e-041   1.93566e-039   [-0.000018,-0.000001,]
[10,16,]   330   0.000643987   6.68102e-041   1.93566e-039   [-0.000018,0.000001,]
[11,16,]   331   0.00057038   -1.1282e-041   2.02675e-039   [-0.000017,0.000004,]
[12,16,]   332   0.000441409   -1.79382e-040   2.20893e-039   [-0.000016,0.000006,]
[13,16,]   333   0.000295467   -4.36704e-040   2.4822e-039   [-0.000014,0.000007,]
[14,16,]   334   0.000169336   -7.8523e-040   2.84656e-039   [-0.000012,0.000008,]
[15,16,]   335   8.23957e-005   -1.22728e-039   3.30201e-039   [-0.000010,0.000009,]
[16,16,]   336   3.38344e-005   -1.75412e-039   3.84855e-039   [-0.000009,0.000009,]
[17,16,]   337   1.1605e-005   -2.43057e-039   4.48618e-039   [-0.000007,0.000009,]
[18,16,]   338   3.34501e-006   -3.20781e-039   5.2149e-039   [0.000002,0.000009,]
[19,16,]   339   8.31213e-007   -5.45929e-039   6.03471e-039   [0.000011,0.000010,]
[0,17,]   340   3.78911e-007   -6.05012e-039   6.67234e-039   [0.000004,-0.000006,]
[1,17,]   341   1.16654e-006   -4.1569e-039   5.85253e-039   [-0.000016,-0.000007,]
[2,17,]   342   3.9618e-006   -3.12274e-039   5.12381e-039   [-0.000008,-0.000007,]
[3,17,]   343   1.16041e-005   -2.4308e-039   4.48618e-039   [-0.000009,-0.000007,]
[4,17,]   344   2.85875e-005   -1.90951e-039   3.93964e-039   [-0.000010,-0.000007,]
[5,17,]   345   5.98074e-005   -1.46968e-039   3.48419e-039   [-0.000011,-0.000007,]
[6,17,]   346   0.000106878   -1.11618e-039   3.11983e-039   [-0.000013,-0.000006,]
[7,17,]   347   0.000164234   -8.46446e-040   2.84656e-039   [-0.000014,-0.000005,]
[8,17,]   348   0.000218421   -6.61112e-040   2.66438e-039   [-0.000015,-0.000003,]
[9,17,]   349   0.000252652   -5.61276e-040   2.57329e-039   [-0.000015,-0.000001,]
[10,17,]   350   0.00025467   -5.50313e-040   2.57329e-039   [-0.000015,0.000001,]
[11,17,]   351   0.000223346   -6.29902e-040   2.66438e-039   [-0.000015,0.000003,]
[12,17,]   352   0.000169646   -8.01154e-040   2.84656e-039   [-0.000014,0.000005,]
[13,17,]   353   0.000110886   -1.06446e-039   3.11983e-039   [-0.000013,0.000006,]
[14,17,]   354   6.19483e-005   -1.41986e-039   3.48419e-039   [-0.000011,0.000007,]
[15,17,]   355   2.94002e-005   -1.86951e-039   3.93964e-039   [-0.000010,0.000008,]
[16,17,]   356   1.17971e-005   -2.40358e-039   4.48618e-039   [-0.000009,0.000008,]
[17,17,]   357   3.96202e-006   -3.09027e-039   5.12381e-039   [-0.000007,0.000008,]
[18,17,]   358   1.12131e-006   -3.88663e-039   5.85253e-039   [0.000003,0.000008,]
[19,17,]   359   2.76793e-007   -6.2424e-039   6.67234e-039   [0.000012,0.000009,]
[0,18,]   360   1.05707e-007   -6.97246e-039   7.40106e-039   [0.000004,0.000004,]
[1,18,]   361   3.25152e-007   -4.98855e-039   6.58125e-039   [-0.000016,0.000003,]
[2,18,]   362   1.12123e-006   -3.92019e-039   5.85253e-039   [-0.000009,0.000003,]
[3,18,]   363   3.34475e-006   -3.20805e-039   5.2149e-039   [-0.000009,0.000002,]
[4,18,]   364   8.40811e-006   -2.67121e-039   4.66836e-039   [-0.000010,0.000002,]
[5,18,]   365   1.7976e-005   -2.21845e-039   4.21291e-039   [-0.000011,0.000001,]
[6,18,]   366   3.28338e-005   -1.85736e-039   3.84855e-039   [-0.000012,0.000001,]
[7,18,]   367   5.14768e-005   -1.58774e-039   3.57528e-039   [-0.000013,0.000002,]
[8,18,]   368   6.95544e-005   -1.41111e-039   3.3931e-039   [-0.000013,0.000003,]
[9,18,]   369   8.12143e-005   -1.32941e-039   3.30201e-039   [-0.000014,0.000004,]
[10,18,]   370   8.20043e-005   -1.34306e-039   3.30201e-039   [-0.000014,0.000006,]
[11,18,]   371   7.14956e-005   -1.45201e-039   3.3931e-039   [-0.000013,0.000007,]
[12,18,]   372   5.36444e-005   -1.65508e-039   3.57528e-039   [-0.000012,0.000009,]
[13,18,]   373   3.44878e-005   -1.95019e-039   3.84855e-039   [-0.000012,0.000011,]
[14,18,]   374   1.89091e-005   -2.33603e-039   4.21291e-039   [-0.000011,0.000012,]
[15,18,]   375   8.80273e-006   -2.8135e-039   4.66836e-039   [-0.000010,0.000014,]
[16,18,]   376   3.46675e-006   -3.37201e-039   5.2149e-039   [-0.000008,0.000015,]
[17,18,]   377   1.14379e-006   -4.08308e-039   5.85253e-039   [-0.000007,0.000015,]
[18,18,]   378   3.18579e-007   -4.91183e-039   6.58125e-039   [0.000003,0.000016,]
[19,18,]   379   7.83018e-008   -7.37828e-039   7.40106e-039   [0.000013,0.000017,]
[0,19,]   380   2.64168e-008   -9.41695e-039   8.22087e-039   [0.000004,0.000015,]
[1,19,]   381   8.00072e-008   -7.45332e-039   7.40106e-039   [-0.000018,0.000013,]
[2,19,]   382   2.76782e-007   -6.27758e-039   6.67234e-039   [-0.000010,0.000012,]
[3,19,]   383   8.31149e-007   -5.45957e-039   6.03471e-039   [-0.000010,0.000011,]
[4,19,]   384   2.10917e-006   -4.8069e-039   5.48817e-039   [-0.000011,0.000010,]
[5,19,]   385   4.56672e-006   -4.22859e-039   5.03272e-039   [-0.000011,0.000009,]
[6,19,]   386   8.4756e-006   -3.73933e-039   4.66836e-039   [-0.000012,0.000008,]
[7,19,]   387   1.35414e-005   -3.34967e-039   4.39509e-039   [-0.000013,0.000008,]
[8,19,]   388   1.86807e-005   -3.07404e-039   4.21291e-039   [-0.000013,0.000008,]
[9,19,]   389   2.22768e-005   -2.92632e-039   4.12182e-039   [-0.000012,0.000009,]
[10,19,]   390   2.29374e-005   -2.91407e-039   4.12182e-039   [-0.000012,0.000010,]
[11,19,]   391   2.03301e-005   -3.03792e-039   4.21291e-039   [-0.000011,0.000011,]
[12,19,]   392   1.54448e-005   -3.29144e-039   4.39509e-039   [-0.000010,0.000013,]
[13,19,]   393   1.00108e-005   -3.66297e-039   4.66836e-039   [-0.000009,0.000015,]
[14,19,]   394   5.51228e-006   -4.1407e-039   5.03272e-039   [-0.000009,0.000017,]
[15,19,]   395   2.56893e-006   -4.7166e-039   5.48817e-039   [-0.000008,0.000019,]
[16,19,]   396   1.01042e-006   -5.37367e-039   6.03471e-039   [-0.000007,0.000021,]
[17,19,]   397   3.3238e-007   -6.1817e-039   6.67234e-039   [-0.000006,0.000022,]
[18,19,]   398   9.22336e-008   -7.1193e-039   7.40106e-039   [0.000004,0.000024,]
[19,19,]   399   2.29058e-008   -9.60962e-039   8.22087e-039   [0.000015,0.000025,]
