coordinates  index   rho      Q      V    velocities 
[0,0,]   0   3.68688e-008   -9.07e-039   8.22087e-039   [0.000016,0.000003,]
[1,0,]   1   1.24766e-007   -6.83353e-039   7.40106e-039   [-0.000005,0.000002,]
[2,0,]   2   4.35327e-007   -5.77563e-039   6.67234e-039   [0.000005,0.000002,]
[3,0,]   3   1.31104e-006   -4.93165e-039   6.03471e-039   [0.000007,0.000002,]
[4,0,]   4   3.28691e-006   -4.32618e-039   5.48817e-039   [0.000008,0.000002,]
[5,0,]   5   6.9306e-006   -3.82058e-039   5.03272e-039   [0.000009,0.000003,]
[6,0,]   6   1.23442e-005   -3.41634e-039   4.66836e-039   [0.000010,0.000003,]
[7,0,]   7   1.86708e-005   -3.11472e-039   4.39509e-039   [0.000011,0.000005,]
[8,0,]   8   2.41188e-005   -2.92581e-039   4.21291e-039   [0.000012,0.000006,]
[9,0,]   9   2.67772e-005   -2.85747e-039   4.12182e-039   [0.000012,0.000008,]
[10,0,]   10   2.57065e-005   -2.90793e-039   4.12182e-039   [0.000013,0.000010,]
[11,0,]   11   2.14356e-005   -3.06911e-039   4.21291e-039   [0.000013,0.000012,]
[12,0,]   12   1.55464e-005   -3.33363e-039   4.39509e-039   [0.000013,0.000013,]
[13,0,]   13   9.78434e-006   -3.6953e-039   4.66836e-039   [0.000012,0.000015,]
[14,0,]   14   5.31766e-006   -4.14993e-039   5.03272e-039   [0.000011,0.000015,]
[15,0,]   15   2.4808e-006   -4.69385e-039   5.48817e-039   [0.000011,0.000016,]
[16,0,]   16   9.87555e-007   -5.31454e-039   6.03471e-039   [0.000010,0.000016,]
[17,0,]   17   3.31752e-007   -6.07692e-039   6.67234e-039   [0.000010,0.000017,]
[18,0,]   18   9.46987e-008   -7.22208e-039   7.40106e-039   [0.000018,0.000017,]
[19,0,]   19   2.85542e-008   -9.35797e-039   8.22087e-039   [0.000026,0.000017,]
[0,1,]   20   1.05659e-007   -7.24501e-039   7.40106e-039   [0.000016,-0.000022,]
[1,1,]   21   3.62846e-007   -5.02552e-039   6.58125e-039   [-0.000004,-0.000021,]
[2,1,]   22   1.26686e-006   -4.08147e-039   5.85253e-039   [0.000006,-0.000021,]
[3,1,]   23   3.82469e-006   -3.31688e-039   5.2149e-039   [0.000008,-0.000020,]
[4,1,]   24   9.64847e-006   -2.76966e-039   4.66836e-039   [0.000010,-0.000019,]
[5,1,]   25   2.05467e-005   -2.31283e-039   4.21291e-039   [0.000011,-0.000018,]
[6,1,]   26   3.70933e-005   -1.95046e-039   3.84855e-039   [0.000012,-0.000016,]
[7,1,]   27   5.70692e-005   -1.6786e-039   3.57528e-039   [0.000013,-0.000014,]
[8,1,]   28   7.52309e-005   -1.49864e-039   3.3931e-039   [0.000014,-0.000012,]
[9,1,]   29   8.54088e-005   -1.41192e-039   3.30201e-039   [0.000015,-0.000009,]
[10,1,]   30   8.385e-005   -1.4168e-039   3.30201e-039   [0.000015,-0.000006,]
[11,1,]   31   7.13425e-005   -1.5104e-039   3.3931e-039   [0.000014,-0.000004,]
[12,1,]   32   5.25824e-005   -1.6925e-039   3.57528e-039   [0.000013,-0.000003,]
[13,1,]   33   3.34735e-005   -1.96347e-039   3.84855e-039   [0.000012,-0.000002,]
[14,1,]   34   1.83201e-005   -2.32501e-039   4.21291e-039   [0.000011,-0.000002,]
[15,1,]   35   8.57524e-006   -2.77882e-039   4.66836e-039   [0.000010,-0.000002,]
[16,1,]   36   3.41545e-006   -3.31676e-039   5.2149e-039   [0.000009,-0.000002,]
[17,1,]   37   1.14563e-006   -4.00483e-039   5.85253e-039   [0.000009,-0.000003,]
[18,1,]   38   3.25988e-007   -5.0675e-039   6.58125e-039   [0.000017,-0.000003,]
[19,1,]   39   9.67018e-008   -7.24237e-039   7.40106e-039   [0.000025,-0.000005,]
[0,2,]   40   3.57674e-007   -5.91058e-039   6.67234e-039   [0.000015,-0.000014,]
[1,2,]   41   1.21354e-006   -3.82108e-039   5.85253e-039   [-0.000005,-0.000014,]
[2,2,]   42   4.14933e-006   -2.94014e-039   5.12381e-039   [0.000006,-0.000014,]
[3,2,]   43   1.23112e-005   -2.21201e-039   4.48618e-039   [0.000008,-0.000015,]
[4,2,]   44   3.06116e-005   -1.69122e-039   3.93964e-039   [0.000010,-0.000015,]
[5,2,]   45   6.43164e-005   -1.26515e-039   3.48419e-039   [0.000012,-0.000014,]
[6,2,]   46   0.000114645   -9.41113e-040   3.11983e-039   [0.000014,-0.000013,]
[7,2,]   47   0.000174511   -7.12243e-040   2.84656e-039   [0.000015,-0.000011,]
[8,2,]   48   0.000228516   -5.75927e-040   2.66438e-039   [0.000017,-0.000009,]
[9,2,]   49   0.000259189   -5.29047e-040   2.57329e-039   [0.000018,-0.000006,]
[10,2,]   50   0.000255843   -5.68002e-040   2.57329e-039   [0.000018,-0.000002,]
[11,2,]   51   0.000220158   -6.88836e-040   2.66438e-039   [0.000017,0.000001,]
[12,2,]   52   0.000164898   -8.86569e-040   2.84656e-039   [0.000015,0.000004,]
[13,2,]   53   0.000107   -1.16161e-039   3.11983e-039   [0.000013,0.000005,]
[14,2,]   54   5.97719e-005   -1.51569e-039   3.48419e-039   [0.000012,0.000006,]
[15,2,]   55   2.85502e-005   -1.954e-039   3.93964e-039   [0.000010,0.000007,]
[16,2,]   56   1.15885e-005   -2.47262e-039   4.48618e-039   [0.000009,0.000007,]
[17,2,]   57   3.95462e-006   -3.13735e-039   5.12381e-039   [0.000008,0.000007,]
[18,2,]   58   1.14233e-006   -4.16137e-039   5.85253e-039   [0.000016,0.000007,]
[19,2,]   59   3.39349e-007   -6.23418e-039   6.67234e-039   [0.000024,0.000006,]
[0,3,]   60   1.03708e-006   -5.08501e-039   6.03471e-039   [0.000013,-0.000013,]
[1,3,]   61   3.45462e-006   -3.16874e-039   5.2149e-039   [-0.000005,-0.000013,]
[2,3,]   62   1.15144e-005   -2.35459e-039   4.48618e-039   [0.000006,-0.000014,]
[3,3,]   63   3.34209e-005   -1.65489e-039   3.84855e-039   [0.000008,-0.000014,]
[4,3,]   64   8.15312e-005   -1.13589e-039   3.30201e-039   [0.000010,-0.000014,]
[5,3,]   65   0.00016818   -7.02708e-040   2.84656e-039   [0.000012,-0.000014,]
[6,3,]   66   0.000294447   -3.68933e-040   2.4822e-039   [0.000015,-0.000013,]
[7,3,]   67   0.000441177   -1.28361e-040   2.20893e-039   [0.000017,-0.000011,]
[8,3,]   68   0.000571693   2.57296e-041   2.02675e-039   [0.000020,-0.000009,]
[9,3,]   69   0.000647158   9.38904e-041   1.93566e-039   [0.000021,-0.000005,]
[10,3,]   70   0.00064388   7.42092e-041   1.93566e-039   [0.000021,-0.000001,]
[11,3,]   71   0.000563714   -2.80259e-041   2.02675e-039   [0.000020,0.000002,]
[12,3,]   72   0.000432516   -2.14949e-040   2.20893e-039   [0.000017,0.000005,]
[13,3,]   73   0.000288555   -4.7919e-040   2.4822e-039   [0.000015,0.000007,]
[14,3,]   74   0.000165823   -8.22418e-040   2.84656e-039   [0.000012,0.000008,]
[15,3,]   75   8.13558e-005   -1.24862e-039   3.30201e-039   [0.000010,0.000009,]
[16,3,]   76   3.38239e-005   -1.75607e-039   3.84855e-039   [0.000009,0.000009,]
[17,3,]   77   1.17878e-005   -2.40866e-039   4.48618e-039   [0.000008,0.000009,]
[18,3,]   78   3.46614e-006   -3.4042e-039   5.2149e-039   [0.000015,0.000008,]
[19,3,]   79   1.0313e-006   -5.38192e-039   6.03471e-039   [0.000022,0.000007,]
[0,4,]   80   2.5369e-006   -4.50191e-039   5.48817e-039   [0.000012,-0.000011,]
[1,4,]   81   8.33077e-006   -2.75247e-039   4.66836e-039   [-0.000005,-0.000011,]
[2,4,]   82   2.70963e-005   -1.99344e-039   3.93964e-039   [0.000005,-0.000011,]
[3,4,]   83   7.67422e-005   -1.31642e-039   3.30201e-039   [0.000007,-0.000012,]
[4,4,]   84   0.000182681   -7.94521e-040   2.75547e-039   [0.000010,-0.000012,]
[5,4,]   85   0.000367031   -3.48888e-040   2.30002e-039   [0.000013,-0.000012,]
[6,4,]   86   0.000624756   -3.08526e-043   1.93566e-039   [0.000016,-0.000011,]
[7,4,]   87   0.000910759   2.59269e-040   1.66239e-039   [0.000020,-0.000010,]
[8,4,]   88   0.0011546   4.32077e-040   1.48021e-039   [0.000023,-0.000007,]
[9,4,]   89   0.00129468   5.329e-040   1.38912e-039   [0.000025,-0.000003,]
[10,4,]   90   0.00129698   5.40941e-040   1.38912e-039   [0.000026,0.000001,]
[11,4,]   91   0.00116077   4.46385e-040   1.48021e-039   [0.000023,0.000005,]
[12,4,]   92   0.000921103   2.7651e-040   1.66239e-039   [0.000020,0.000008,]
[13,4,]   93   0.000638214   2.30072e-041   1.93566e-039   [0.000016,0.000010,]
[14,4,]   94   0.000380486   -3.09604e-040   2.30002e-039   [0.000013,0.000010,]
[15,4,]   95   0.000192872   -7.27596e-040   2.75547e-039   [0.000010,0.000011,]
[16,4,]   96   8.24339e-005   -1.22873e-039   3.30201e-039   [0.000009,0.000010,]
[17,4,]   97   2.93983e-005   -1.87399e-039   3.93964e-039   [0.000008,0.000010,]
[18,4,]   98   8.80735e-006   -2.84254e-039   4.66836e-039   [0.000014,0.000010,]
[19,4,]   99   2.61989e-006   -4.72503e-039   5.48817e-039   [0.000020,0.000008,]
[0,5,]   100   5.36558e-006   -4.00534e-039   5.03272e-039   [0.000011,-0.000009,]
[1,5,]   101   1.75559e-005   -2.36543e-039   4.21291e-039   [-0.000004,-0.000008,]
[2,5,]   102   5.59783e-005   -1.63021e-039   3.48419e-039   [0.000004,-0.000008,]
[3,5,]   103   0.000154455   -9.65103e-040   2.84656e-039   [0.000007,-0.000009,]
[4,5,]   104   0.00035628   -4.44277e-040   2.30002e-039   [0.000010,-0.000009,]
[5,5,]   105   0.000688948   -5.15994e-043   1.84457e-039   [0.000013,-0.000010,]
[6,5,]   106   0.00112127   3.46204e-040   1.48021e-039   [0.000017,-0.000009,]
[7,5,]   107   0.00155666   5.96707e-040   1.20694e-039   [0.000022,-0.000008,]
[8,5,]   108   0.00188717   7.71451e-040   1.02476e-039   [0.000026,-0.000005,]
[9,5,]   109   0.00205689   8.66791e-040   9.33673e-040   [0.000030,-0.000001,]
[10,5,]   110   0.00206443   8.79239e-040   9.33673e-040   [0.000030,0.000004,]
[11,5,]   111   0.0019082   8.05799e-040   1.02476e-039   [0.000027,0.000009,]
[12,5,]   112   0.00159151   6.50698e-040   1.20694e-039   [0.000022,0.000011,]
[13,5,]   113   0.00116375   4.26802e-040   1.48021e-039   [0.000017,0.000013,]
[14,5,]   114   0.000728226   1.12501e-040   1.84457e-039   [0.000013,0.000013,]
[15,5,]   115   0.000384231   -2.91742e-040   2.30002e-039   [0.000010,0.000013,]
[16,5,]   116   0.000169502   -7.85449e-040   2.84656e-039   [0.000008,0.000012,]
[17,5,]   117   6.19751e-005   -1.42319e-039   3.48419e-039   [0.000007,0.000011,]
[18,5,]   118   1.89275e-005   -2.36135e-039   4.21291e-039   [0.000013,0.000011,]
[19,5,]   119   5.61453e-006   -4.14914e-039   5.03272e-039   [0.000018,0.000009,]
[0,6,]   120   9.87053e-006   -3.58041e-039   4.66836e-039   [0.000011,-0.000008,]
[1,6,]   121   3.24804e-005   -1.98315e-039   3.84855e-039   [-0.000004,-0.000007,]
[2,6,]   122   0.000102058   -1.23598e-039   3.11983e-039   [0.000004,-0.000007,]
[3,6,]   123   0.000274218   -5.72921e-040   2.4822e-039   [0.000006,-0.000008,]
[4,6,]   124   0.000609282   -6.32688e-041   1.93566e-039   [0.000009,-0.000009,]
[5,6,]   125   0.00112055   3.60049e-040   1.48021e-039   [0.000013,-0.000009,]
[6,6,]   126   0.00170941   6.69767e-040   1.11585e-039   [0.000017,-0.000010,]
[7,6,]   127   0.00219539   8.88646e-040   8.42583e-040   [0.000023,-0.000009,]
[8,6,]   128   0.00244914   9.92944e-040   6.60403e-040   [0.000030,-0.000007,]
[9,6,]   129   0.00251122   1.05856e-039   5.69313e-040   [0.000036,-0.000000,]
[10,6,]   130   0.00251494   1.08745e-039   5.69313e-040   [0.000036,0.000008,]
[11,6,]   131   0.00245671   9.94229e-040   6.60403e-040   [0.000031,0.000014,]
[12,6,]   132   0.00222553   9.05633e-040   8.42583e-040   [0.000024,0.000017,]
[13,6,]   133   0.0017579   7.15275e-040   1.11585e-039   [0.000017,0.000017,]
[14,6,]   134   0.00117126   4.36697e-040   1.48021e-039   [0.000013,0.000016,]
[15,6,]   135   0.000647774   4.87443e-041   1.93566e-039   [0.000009,0.000015,]
[16,6,]   136   0.000295805   -4.36076e-040   2.4822e-039   [0.000007,0.000014,]
[17,6,]   137   0.000110953   -1.06714e-039   3.11983e-039   [0.000006,0.000013,]
[18,6,]   138   3.45248e-005   -1.97226e-039   3.84855e-039   [0.000011,0.000012,]
[19,6,]   139   1.01783e-005   -3.67211e-039   4.66836e-039   [0.000016,0.000009,]
[0,7,]   140   1.57151e-005   -3.24557e-039   4.39509e-039   [0.000012,-0.000009,]
[1,7,]   141   5.20451e-005   -1.66378e-039   3.57528e-039   [-0.000003,-0.000008,]
[2,7,]   142   0.000161664   -8.87318e-040   2.84656e-039   [0.000003,-0.000008,]
[3,7,]   143   0.000423473   -2.2641e-040   2.20893e-039   [0.000005,-0.000009,]
[4,7,]   144   0.000904856   2.67005e-040   1.66239e-039   [0.000008,-0.000011,]
[5,7,]   145   0.00157193   6.50738e-040   1.20694e-039   [0.000011,-0.000013,]
[6,7,]   146   0.00221163   9.19533e-040   8.42583e-040   [0.000016,-0.000015,]
[7,7,]   147   0.00253111   1.0274e-039   5.69313e-040   [0.000024,-0.000017,]
[8,7,]   148   0.00244982   1.05084e-039   3.87133e-040   [0.000036,-0.000014,]
[9,7,]   149   0.0021871   7.23529e-040   2.96043e-040   [0.000046,-0.000003,]
[10,7,]   150   0.00216679   7.71081e-040   2.96043e-040   [0.000047,0.000013,]
[11,7,]   151   0.00241862   9.48338e-040   3.87133e-040   [0.000036,0.000023,]
[12,7,]   152   0.00253172   1.00003e-039   5.69313e-040   [0.000024,0.000024,]
[13,7,]   153   0.00223567   9.14041e-040   8.42583e-040   [0.000016,0.000022,]
[14,7,]   154   0.00160653   6.65342e-040   1.20694e-039   [0.000011,0.000020,]
[15,7,]   155   0.000935013   2.99839e-040   1.66239e-039   [0.000008,0.000017,]
[16,7,]   156   0.000441863   -1.7825e-040   2.20893e-039   [0.000006,0.000016,]
[17,7,]   157   0.000169733   -8.03258e-040   2.84656e-039   [0.000005,0.000014,]
[18,7,]   158   5.36904e-005   -1.67409e-039   3.57528e-039   [0.000010,0.000012,]
[19,7,]   159   1.56685e-005   -3.30158e-039   4.39509e-039   [0.000014,0.000010,]
[0,8,]   160   2.15684e-005   -3.01796e-039   4.21291e-039   [0.000012,-0.000010,]
[1,8,]   161   7.13235e-005   -1.46593e-039   3.3931e-039   [-0.000004,-0.000010,]
[2,8,]   162   0.0002194   -6.62966e-040   2.66438e-039   [0.000002,-0.000011,]
[3,8,]   163   0.000562737   -5.8654e-042   2.02675e-039   [0.000004,-0.000013,]
[4,8,]   164   0.00116266   4.69249e-040   1.48021e-039   [0.000006,-0.000015,]
[5,8,]   165   0.00191667   8.31105e-040   1.02476e-039   [0.000008,-0.000019,]
[6,8,]   166   0.00247252   1.02354e-039   6.60403e-040   [0.000012,-0.000024,]
[7,8,]   167   0.00243972   9.8696e-040   3.87133e-040   [0.000022,-0.000030,]
[8,8,]   168   0.00184004   4.34891e-040   2.04953e-040   [0.000040,-0.000034,]
[9,8,]   169   0.00125074   -3.80966e-040   1.13863e-040   [0.000071,-0.000013,]
[10,8,]   170   0.00117097   -1.31696e-039   1.13863e-040   [0.000070,0.000032,]
[11,8,]   171   0.00181873   3.81946e-040   2.04953e-040   [0.000039,0.000041,]
[12,8,]   172   0.00243871   1.01648e-039   3.87133e-040   [0.000020,0.000035,]
[13,8,]   173   0.00247263   1.00408e-039   6.60403e-040   [0.000012,0.000028,]
[14,8,]   174   0.00192482   8.16218e-040   1.02476e-039   [0.000008,0.000023,]
[15,8,]   175   0.00117349   4.59888e-040   1.48021e-039   [0.000005,0.000020,]
[16,8,]   176   0.000570775   -9.87613e-042   2.02675e-039   [0.000004,0.000017,]
[17,8,]   177   0.000223379   -6.32e-040   2.66438e-039   [0.000003,0.000015,]
[18,8,]   178   7.15194e-005   -1.46863e-039   3.3931e-039   [0.000008,0.000013,]
[19,8,]   179   2.05727e-005   -3.04968e-039   4.21291e-039   [0.000012,0.000011,]
[0,9,]   180   2.55505e-005   -2.903e-039   4.12182e-039   [0.000011,-0.000011,]
[1,9,]   181   8.35228e-005   -1.3954e-039   3.30201e-039   [-0.000005,-0.000012,]
[2,9,]   182   0.000255211   -5.69905e-040   2.57329e-039   [0.000001,-0.000013,]
[3,9,]   183   0.000646318   7.98993e-041   1.93566e-039   [0.000001,-0.000016,]
[4,9,]   184   0.00130949   5.58745e-040   1.38912e-039   [0.000002,-0.000019,]
[5,9,]   185   0.00208743   8.99464e-040   9.33673e-040   [0.000003,-0.000023,]
[6,9,]   186   0.00253593   1.09821e-039   5.69313e-040   [0.000005,-0.000030,]
[7,9,]   187   0.00217686   7.73385e-040   2.96043e-040   [0.000011,-0.000042,]
[8,9,]   188   0.00117455   -1.31828e-039   1.13863e-040   [0.000030,-0.000067,]
[9,9,]   189   0.0003916   -9.19178e-039   2.27725e-041   [0.000122,-0.000108,]
[10,9,]   190   0.000388078   -9.28391e-039   2.27725e-041   [0.000110,0.000123,]
[11,9,]   191   0.0012345   -4.35937e-040   1.13863e-040   [0.000017,0.000071,]
[12,9,]   192   0.00217349   7.00091e-040   2.96043e-040   [0.000008,0.000045,]
[13,9,]   193   0.00251835   1.05916e-039   5.69313e-040   [0.000004,0.000032,]
[14,9,]   194   0.00207579   8.87607e-040   9.33673e-040   [0.000003,0.000025,]
[15,9,]   195   0.00130337   5.43352e-040   1.38912e-039   [0.000002,0.000021,]
[16,9,]   196   0.000644126   6.80043e-041   1.93566e-039   [0.000001,0.000018,]
[17,9,]   197   0.000254562   -5.52792e-040   2.57329e-039   [0.000001,0.000015,]
[18,9,]   198   8.19668e-005   -1.35836e-039   3.30201e-039   [0.000006,0.000013,]
[19,9,]   199   2.31513e-005   -2.92823e-039   4.12182e-039   [0.000011,0.000012,]
[0,10,]   200   2.61889e-005   -2.90244e-039   4.12182e-039   [0.000010,-0.000011,]
[1,10,]   201   8.40933e-005   -1.42718e-039   3.30201e-039   [-0.000006,-0.000013,]
[2,10,]   202   0.000256607   -5.78414e-040   2.57329e-039   [-0.000001,-0.000015,]
[3,10,]   203   0.00064893   7.15448e-041   1.93566e-039   [-0.000001,-0.000017,]
[4,10,]   204   0.00131231   5.46349e-040   1.38912e-039   [-0.000002,-0.000020,]
[5,10,]   205   0.00208812   8.88443e-040   9.33673e-040   [-0.000003,-0.000025,]
[6,10,]   206   0.00253025   1.05708e-039   5.69313e-040   [-0.000004,-0.000031,]
[7,10,]   207   0.00218019   6.91629e-040   2.96043e-040   [-0.000008,-0.000044,]
[8,10,]   208   0.00123532   -4.4921e-040   1.13863e-040   [-0.000016,-0.000069,]
[9,10,]   209   0.000384915   -9.38056e-039   2.27725e-041   [-0.000110,-0.000121,]
[10,10,]   210   0.000384903   -9.34216e-039   2.27725e-041   [-0.000122,0.000110,]
[11,10,]   211   0.00116175   -1.33135e-039   1.13863e-040   [-0.000030,0.000069,]
[12,10,]   212   0.00215607   7.63771e-040   2.96043e-040   [-0.000010,0.000044,]
[13,10,]   213   0.00251178   1.08517e-039   5.69313e-040   [-0.000005,0.000033,]
[14,10,]   214   0.00206657   8.80515e-040   9.33673e-040   [-0.000003,0.000026,]
[15,10,]   215   0.00129589   5.35802e-040   1.38912e-039   [-0.000002,0.000021,]
[16,10,]   216   0.000639461   5.57344e-041   1.93566e-039   [-0.000001,0.000018,]
[17,10,]   217   0.000252365   -5.64548e-040   2.57329e-039   [-0.000001,0.000015,]
[18,10,]   218   8.10999e-005   -1.34452e-039   3.30201e-039   [0.000004,0.000014,]
[19,10,]   219   2.24325e-005   -2.94305e-039   4.12182e-039   [0.000009,0.000013,]
[0,11,]   220   2.32108e-005   -3.01891e-039   4.21291e-039   [0.000009,-0.000011,]
[1,11,]   221   7.3096e-005   -1.54568e-039   3.3931e-039   [-0.000008,-0.000013,]
[2,11,]   222   0.000224227   -6.67852e-040   2.66438e-039   [-0.000003,-0.000015,]
[3,11,]   223   0.000572656   -1.55043e-041   2.02675e-039   [-0.000004,-0.000017,]
[4,11,]   224   0.00117675   4.55252e-040   1.48021e-039   [-0.000005,-0.000019,]
[5,11,]   225   0.00192865   8.12021e-040   1.02476e-039   [-0.000007,-0.000023,]
[6,11,]   226   0.00247492   1e-039   6.60403e-040   [-0.000012,-0.000028,]
[7,11,]   227   0.00243774   1.01374e-039   3.87133e-040   [-0.000020,-0.000034,]
[8,11,]   228   0.00181407   3.82816e-040   2.04953e-040   [-0.000038,-0.000039,]
[9,11,]   229   0.00116106   -1.33255e-039   1.13863e-040   [-0.000069,-0.000030,]
[10,11,]   230   0.00123205   -4.30338e-040   1.13863e-040   [-0.000070,0.000017,]
[11,11,]   231   0.00181343   3.88023e-040   2.04953e-040   [-0.000039,0.000038,]
[12,11,]   232   0.00241089   9.50807e-040   3.87133e-040   [-0.000021,0.000034,]
[13,11,]   233   0.00244866   9.90112e-040   6.60403e-040   [-0.000012,0.000028,]
[14,11,]   234   0.00190125   7.96651e-040   1.02476e-039   [-0.000008,0.000023,]
[15,11,]   235   0.00115495   4.346e-040   1.48021e-039   [-0.000006,0.000020,]
[16,11,]   236   0.000559571   -3.84594e-041   2.02675e-039   [-0.000004,0.000017,]
[17,11,]   237   0.000218012   -6.65589e-040   2.66438e-039   [-0.000003,0.000015,]
[18,11,]   238   6.93901e-005   -1.42689e-039   3.3931e-039   [0.000003,0.000013,]
[19,11,]   239   1.87796e-005   -3.09295e-039   4.21291e-039   [0.000009,0.000013,]
[0,12,]   240   1.77085e-005   -3.25355e-039   4.39509e-039   [0.000008,-0.000010,]
[1,12,]   241   5.47799e-005   -1.75149e-039   3.57528e-039   [-0.000010,-0.000012,]
[2,12,]   242   0.00016995   -8.3988e-040   2.84656e-039   [-0.000005,-0.000014,]
[3,12,]   243   0.000442241   -1.82997e-040   2.20893e-039   [-0.000006,-0.000015,]
[4,12,]   244   0.000935398   2.96638e-040   1.66239e-039   [-0.000008,-0.000017,]
[5,12,]   245   0.001606   6.62857e-040   1.20694e-039   [-0.000011,-0.000020,]
[6,12,]   246   0.00223275   9.11674e-040   8.42583e-040   [-0.000015,-0.000022,]
[7,12,]   247   0.00252614   9.99127e-040   5.69313e-040   [-0.000023,-0.000023,]
[8,12,]   248   0.00241095   9.5036e-040   3.87133e-040   [-0.000034,-0.000021,]
[9,12,]   249   0.00215521   7.63625e-040   2.96043e-040   [-0.000044,-0.000010,]
[10,12,]   250   0.00217153   7.01745e-040   2.96043e-040   [-0.000045,0.000008,]
[11,12,]   251   0.00243488   1.01925e-039   3.87133e-040   [-0.000034,0.000020,]
[12,12,]   252   0.00252534   1.00085e-039   5.69313e-040   [-0.000023,0.000023,]
[13,12,]   253   0.00221716   9.0126e-040   8.42583e-040   [-0.000016,0.000022,]
[14,12,]   254   0.00158358   6.41458e-040   1.20694e-039   [-0.000011,0.000020,]
[15,12,]   255   0.000915739   2.67697e-040   1.66239e-039   [-0.000008,0.000017,]
[16,12,]   256   0.000429848   -2.169e-040   2.20893e-039   [-0.000006,0.000016,]
[17,12,]   257   0.000163832   -8.51803e-040   2.84656e-039   [-0.000005,0.000014,]
[18,12,]   258   5.13133e-005   -1.60526e-039   3.57528e-039   [0.000002,0.000013,]
[19,12,]   259   1.36022e-005   -3.37039e-039   4.39509e-039   [0.000009,0.000013,]
[0,13,]   260   1.15582e-005   -3.60169e-039   4.66836e-039   [0.000007,-0.000009,]
[1,13,]   261   3.52241e-005   -2.04858e-039   3.84855e-039   [-0.000011,-0.000012,]
[2,13,]   262   0.000110981   -1.10213e-039   3.11983e-039   [-0.000007,-0.000013,]
[3,13,]   263   0.000295756   -4.37432e-040   2.4822e-039   [-0.000007,-0.000014,]
[4,13,]   264   0.000647319   4.86939e-041   1.93566e-039   [-0.000009,-0.000015,]
[5,13,]   265   0.00116929   4.36161e-040   1.48021e-039   [-0.000012,-0.000016,]
[6,13,]   266   0.00175277   7.12215e-040   1.11585e-039   [-0.000016,-0.000017,]
[7,13,]   267   0.00221733   9.00748e-040   8.42583e-040   [-0.000022,-0.000016,]
[8,13,]   268   0.00244863   9.90236e-040   6.60403e-040   [-0.000028,-0.000012,]
[9,13,]   269   0.00251138   1.08605e-039   5.69313e-040   [-0.000033,-0.000005,]
[10,13,]   270   0.00251722   1.06053e-039   5.69313e-040   [-0.000032,0.000004,]
[11,13,]   271   0.00247019   1.00556e-039   6.60403e-040   [-0.000028,0.000012,]
[12,13,]   272   0.0022315   9.1463e-040   8.42583e-040   [-0.000022,0.000015,]
[13,13,]   273   0.00175255   7.13357e-040   1.11585e-039   [-0.000017,0.000016,]
[14,13,]   274   0.00115897   4.22955e-040   1.48021e-039   [-0.000013,0.000016,]
[15,13,]   275   0.00063534   2.10203e-041   1.93566e-039   [-0.000010,0.000015,]
[16,13,]   276   0.00028736   -4.74756e-040   2.4822e-039   [-0.000007,0.000014,]
[17,13,]   277   0.000106579   -1.12238e-039   3.11983e-039   [-0.000006,0.000013,]
[18,13,]   278   3.27114e-005   -1.87713e-039   3.84855e-039   [0.000002,0.000012,]
[19,13,]   279   8.51513e-006   -3.76102e-039   4.66836e-039   [0.000010,0.000012,]
[0,14,]   280   6.41588e-006   -4.05539e-039   5.03272e-039   [0.000006,-0.000008,]
[1,14,]   281   1.93256e-005   -2.4382e-039   4.21291e-039   [-0.000013,-0.000011,]
[2,14,]   282   6.19709e-005   -1.45765e-039   3.48419e-039   [-0.000007,-0.000011,]
[3,14,]   283   0.000169417   -7.84448e-040   2.84656e-039   [-0.000008,-0.000012,]
[4,14,]   284   0.000383775   -2.89588e-040   2.30002e-039   [-0.000010,-0.000013,]
[5,14,]   285   0.000726428   1.13197e-040   1.84457e-039   [-0.000013,-0.000013,]
[6,14,]   286   0.001159   4.22611e-040   1.48021e-039   [-0.000016,-0.000013,]
[7,14,]   287   0.0015836   6.4132e-040   1.20694e-039   [-0.000020,-0.000011,]
[8,14,]   288   0.00190123   7.96764e-040   1.02476e-039   [-0.000023,-0.000008,]
[9,14,]   289   0.00206641   8.8096e-040   9.33673e-040   [-0.000026,-0.000003,]
[10,14,]   290   0.00207532   8.88525e-040   9.33673e-040   [-0.000025,0.000003,]
[11,14,]   291   0.00192377   8.17585e-040   1.02476e-039   [-0.000023,0.000007,]
[12,14,]   292   0.00160475   6.66741e-040   1.20694e-039   [-0.000020,0.000011,]
[13,14,]   293   0.00116908   4.37771e-040   1.48021e-039   [-0.000016,0.000012,]
[14,14,]   294   0.00072641   1.13619e-040   1.84457e-039   [-0.000013,0.000013,]
[15,14,]   295   0.000379487   -3.06674e-040   2.30002e-039   [-0.000010,0.000012,]
[16,14,]   296   0.000165455   -8.15464e-040   2.84656e-039   [-0.000008,0.000012,]
[17,14,]   297   5.96362e-005   -1.47631e-039   3.48419e-039   [-0.000007,0.000011,]
[18,14,]   298   1.79047e-005   -2.24075e-039   4.21291e-039   [0.000002,0.000011,]
[19,14,]   299   4.5929e-006   -4.25033e-039   5.03272e-039   [0.000010,0.000012,]
[0,15,]   300   3.01433e-006   -4.60837e-039   5.48817e-039   [0.000005,-0.000008,]
[1,15,]   301   9.00204e-006   -2.92112e-039   4.66836e-039   [-0.000014,-0.000010,]
[2,15,]   302   2.93957e-005   -1.90895e-039   3.93964e-039   [-0.000008,-0.000010,]
[3,15,]   303   8.2392e-005   -1.22641e-039   3.30201e-039   [-0.000009,-0.000010,]
[4,15,]   304   0.000192635   -7.23738e-040   2.75547e-039   [-0.000010,-0.000011,]
[5,15,]   305   0.000379487   -3.0668e-040   2.30002e-039   [-0.000012,-0.000010,]
[6,15,]   306   0.00063534   2.09455e-041   1.93566e-039   [-0.000015,-0.000010,]
[7,15,]   307   0.000915739   2.67674e-040   1.66239e-039   [-0.000017,-0.000008,]
[8,15,]   308   0.00115494   4.34671e-040   1.48021e-039   [-0.000020,-0.000006,]
[9,15,]   309   0.00129585   5.36069e-040   1.38912e-039   [-0.000021,-0.000002,]
[10,15,]   310   0.00130325   5.43955e-040   1.38912e-039   [-0.000021,0.000002,]
[11,15,]   311   0.0011732   4.60968e-040   1.48021e-039   [-0.000020,0.000005,]
[12,15,]   312   0.000934523   3.01475e-040   1.66239e-039   [-0.000017,0.000008,]
[13,15,]   313   0.000647204   5.09835e-041   1.93566e-039   [-0.000015,0.000009,]
[14,15,]   314   0.000383782   -2.88809e-040   2.30002e-039   [-0.000013,0.000010,]
[15,15,]   315   0.000192645   -7.23514e-040   2.75547e-039   [-0.000011,0.000010,]
[16,15,]   316   8.12806e-005   -1.24229e-039   3.30201e-039   [-0.000009,0.000010,]
[17,15,]   317   2.85115e-005   -1.91601e-039   3.93964e-039   [-0.000007,0.000010,]
[18,15,]   318   8.37549e-006   -2.69572e-039   4.66836e-039   [0.000002,0.000010,]
[19,15,]   319   2.12501e-006   -4.82757e-039   5.48817e-039   [0.000012,0.000011,]
[0,16,]   320   1.19459e-006   -5.24222e-039   6.03471e-039   [0.000005,-0.000007,]
[1,16,]   321   3.54652e-006   -3.48374e-039   5.2149e-039   [-0.000016,-0.000008,]
[2,16,]   322   1.17874e-005   -2.44336e-039   4.48618e-039   [-0.000008,-0.000009,]
[3,16,]   323   3.38113e-005   -1.75197e-039   3.84855e-039   [-0.000009,-0.000009,]
[4,16,]   324   8.12765e-005   -1.24238e-039   3.30201e-039   [-0.000010,-0.000009,]
[5,16,]   325   0.000165454   -8.15369e-040   2.84656e-039   [-0.000012,-0.000008,]
[6,16,]   326   0.00028736   -4.74764e-040   2.4822e-039   [-0.000014,-0.000007,]
[7,16,]   327   0.000429847   -2.16897e-040   2.20893e-039   [-0.000016,-0.000006,]
[8,16,]   328   0.00055957   -3.84239e-041   2.02675e-039   [-0.000017,-0.000004,]
[9,16,]   329   0.000639455   5.58591e-041   1.93566e-039   [-0.000018,-0.000001,]
[10,16,]   330   0.000644104   6.83221e-041   1.93566e-039   [-0.000018,0.000001,]
[11,16,]   331   0.000570723   -9.21135e-042   2.02675e-039   [-0.000017,0.000004,]
[12,16,]   332   0.000441777   -1.77073e-040   2.20893e-039   [-0.000016,0.000006,]
[13,16,]   333   0.000295708   -4.34263e-040   2.4822e-039   [-0.000014,0.000007,]
[14,16,]   334   0.000169429   -7.83091e-040   2.84656e-039   [-0.000012,0.000008,]
[15,16,]   335   8.24012e-005   -1.22577e-039   3.30201e-039   [-0.000010,0.000009,]
[16,16,]   336   3.3815e-005   -1.75154e-039   3.84855e-039   [-0.000009,0.000009,]
[17,16,]   337   1.15774e-005   -2.43575e-039   4.48618e-039   [-0.000007,0.000009,]
[18,16,]   338   3.33278e-006   -3.2334e-039   5.2149e-039   [0.000003,0.000009,]
[19,16,]   339   8.39188e-007   -5.47741e-039   6.03471e-039   [0.000013,0.000010,]
[0,17,]   340   3.9521e-007   -6.03829e-039   6.67234e-039   [0.000005,-0.000006,]
[1,17,]   341   1.16889e-006   -4.20863e-039   5.85253e-039   [-0.000016,-0.000007,]
[2,17,]   342   3.9512e-006   -3.13978e-039   5.12381e-039   [-0.000009,-0.000007,]
[3,17,]   343   1.15762e-005   -2.43614e-039   4.48618e-039   [-0.000009,-0.000007,]
[4,17,]   344   2.85102e-005   -1.91609e-039   3.93964e-039   [-0.000010,-0.000007,]
[5,17,]   345   5.96362e-005   -1.47621e-039   3.48419e-039   [-0.000011,-0.000007,]
[6,17,]   346   0.000106579   -1.12238e-039   3.11983e-039   [-0.000013,-0.000006,]
[7,17,]   347   0.000163832   -8.51799e-040   2.84656e-039   [-0.000014,-0.000005,]
[8,17,]   348   0.000218012   -6.65576e-040   2.66438e-039   [-0.000015,-0.000003,]
[9,17,]   349   0.000252365   -5.645e-040   2.57329e-039   [-0.000015,-0.000001,]
[10,17,]   350   0.00025456   -5.52658e-040   2.57329e-039   [-0.000015,0.000001,]
[11,17,]   351   0.000223373   -6.31692e-040   2.66438e-039   [-0.000015,0.000003,]
[12,17,]   352   0.000169724   -8.02665e-040   2.84656e-039   [-0.000014,0.000005,]
[13,17,]   353   0.000110943   -1.06619e-039   3.11983e-039   [-0.000013,0.000006,]
[14,17,]   354   6.19676e-005   -1.422e-039   3.48419e-039   [-0.000011,0.000007,]
[15,17,]   355   2.9396e-005   -1.87248e-039   3.93964e-039   [-0.000010,0.000008,]
[16,17,]   356   1.17878e-005   -2.40564e-039   4.48618e-039   [-0.000009,0.000008,]
[17,17,]   357   3.95137e-006   -3.10078e-039   5.12381e-039   [-0.000007,0.000008,]
[18,17,]   358   1.1168e-006   -3.92015e-039   5.85253e-039   [0.000003,0.000008,]
[19,17,]   359   2.79873e-007   -6.26469e-039   6.67234e-039   [0.000014,0.000010,]
[0,18,]   360   1.10324e-007   -6.98306e-039   7.40106e-039   [0.000005,0.000005,]
[1,18,]   361   3.25414e-007   -5.06795e-039   6.58125e-039   [-0.000017,0.000004,]
[2,18,]   362   1.11674e-006   -3.96052e-039   5.85253e-039   [-0.000009,0.000003,]
[3,18,]   363   3.33242e-006   -3.2338e-039   5.2149e-039   [-0.000009,0.000003,]
[4,18,]   364   8.3751e-006   -2.69581e-039   4.66836e-039   [-0.000010,0.000002,]
[5,18,]   365   1.79047e-005   -2.24065e-039   4.21291e-039   [-0.000011,0.000002,]
[6,18,]   366   3.27114e-005   -1.87713e-039   3.84855e-039   [-0.000012,0.000002,]
[7,18,]   367   5.13133e-005   -1.60525e-039   3.57528e-039   [-0.000013,0.000002,]
[8,18,]   368   6.93901e-005   -1.42689e-039   3.3931e-039   [-0.000013,0.000003,]
[9,18,]   369   8.10999e-005   -1.3445e-039   3.30201e-039   [-0.000014,0.000004,]
[10,18,]   370   8.19667e-005   -1.35832e-039   3.30201e-039   [-0.000013,0.000006,]
[11,18,]   371   7.1519e-005   -1.46852e-039   3.3931e-039   [-0.000013,0.000008,]
[12,18,]   372   5.36898e-005   -1.67387e-039   3.57528e-039   [-0.000012,0.000010,]
[13,18,]   373   3.45241e-005   -1.9719e-039   3.84855e-039   [-0.000012,0.000011,]
[14,18,]   374   1.89271e-005   -2.36096e-039   4.21291e-039   [-0.000011,0.000013,]
[15,18,]   375   8.80755e-006   -2.84192e-039   4.66836e-039   [-0.000010,0.000014,]
[16,18,]   376   3.46641e-006   -3.40196e-039   5.2149e-039   [-0.000008,0.000015,]
[17,18,]   377   1.14142e-006   -4.12422e-039   5.85253e-039   [-0.000007,0.000016,]
[18,18,]   378   3.17481e-007   -4.98046e-039   6.58125e-039   [0.000004,0.000017,]
[19,18,]   379   7.93614e-008   -7.43318e-039   7.40106e-039   [0.000015,0.000018,]
[0,19,]   380   2.81031e-008   -9.38925e-039   8.22087e-039   [0.000005,0.000016,]
[1,19,]   381   8.14485e-008   -7.51809e-039   7.40106e-039   [-0.000019,0.000015,]
[2,19,]   382   2.79868e-007   -6.30688e-039   6.67234e-039   [-0.000010,0.000014,]
[3,19,]   383   8.39098e-007   -5.47787e-039   6.03471e-039   [-0.000010,0.000013,]
[4,19,]   384   2.12491e-006   -4.82767e-039   5.48817e-039   [-0.000011,0.000012,]
[5,19,]   385   4.59291e-006   -4.25022e-039   5.03272e-039   [-0.000012,0.000010,]
[6,19,]   386   8.51513e-006   -3.76102e-039   4.66836e-039   [-0.000012,0.000010,]
[7,19,]   387   1.36022e-005   -3.37038e-039   4.39509e-039   [-0.000013,0.000009,]
[8,19,]   388   1.87796e-005   -3.09294e-039   4.21291e-039   [-0.000013,0.000009,]
[9,19,]   389   2.24325e-005   -2.94303e-039   4.12182e-039   [-0.000013,0.000009,]
[10,19,]   390   2.31513e-005   -2.92815e-039   4.12182e-039   [-0.000012,0.000011,]
[11,19,]   391   2.05727e-005   -3.04948e-039   4.21291e-039   [-0.000011,0.000012,]
[12,19,]   392   1.56685e-005   -3.30115e-039   4.39509e-039   [-0.000010,0.000014,]
[13,19,]   393   1.01782e-005   -3.67139e-039   4.66836e-039   [-0.000009,0.000016,]
[14,19,]   394   5.61449e-006   -4.14827e-039   5.03272e-039   [-0.000009,0.000018,]
[15,19,]   395   2.62e-006   -4.72391e-039   5.48817e-039   [-0.000008,0.000020,]
[16,19,]   396   1.03139e-006   -5.37921e-039   6.03471e-039   [-0.000007,0.000022,]
[17,19,]   397   3.39065e-007   -6.19554e-039   6.67234e-039   [-0.000006,0.000024,]
[18,19,]   398   9.40731e-008   -7.15911e-039   7.40106e-039   [0.000005,0.000025,]
[19,19,]   399   2.3806e-008   -9.61517e-039   8.22087e-039   [0.000016,0.000026,]
