coordinates  index   rho      Q      V    velocities 
[0,0,]   0   7.54692e-008   -8.34724e-039   8.22087e-039   [0.000022,0.000009,]
[1,0,]   1   1.86996e-007   -6.74765e-039   7.40106e-039   [-0.000010,0.000008,]
[2,0,]   2   6.1702e-007   -5.55372e-039   6.67234e-039   [0.000003,0.000008,]
[3,0,]   3   1.85727e-006   -4.6056e-039   6.03471e-039   [0.000006,0.000008,]
[4,0,]   4   4.63843e-006   -4.00578e-039   5.48817e-039   [0.000008,0.000008,]
[5,0,]   5   9.71227e-006   -3.50883e-039   5.03272e-039   [0.000009,0.000009,]
[6,0,]   6   1.70888e-005   -3.13036e-039   4.66836e-039   [0.000009,0.000009,]
[7,0,]   7   2.54135e-005   -2.86873e-039   4.39509e-039   [0.000011,0.000011,]
[8,0,]   8   3.21508e-005   -2.7387e-039   4.21291e-039   [0.000012,0.000012,]
[9,0,]   9   3.48921e-005   -2.74978e-039   4.12182e-039   [0.000013,0.000014,]
[10,0,]   10   3.27943e-005   -2.88287e-039   4.12182e-039   [0.000013,0.000016,]
[11,0,]   11   2.69352e-005   -3.09987e-039   4.21291e-039   [0.000013,0.000018,]
[12,0,]   12   1.94374e-005   -3.37957e-039   4.39509e-039   [0.000013,0.000019,]
[13,0,]   13   1.2305e-005   -3.71418e-039   4.66836e-039   [0.000013,0.000020,]
[14,0,]   14   6.78736e-006   -4.11585e-039   5.03272e-039   [0.000012,0.000021,]
[15,0,]   15   3.23052e-006   -4.59847e-039   5.48817e-039   [0.000011,0.000022,]
[16,0,]   16   1.31362e-006   -5.15889e-039   6.03471e-039   [0.000010,0.000022,]
[17,0,]   17   4.48546e-007   -5.91469e-039   6.67234e-039   [0.000011,0.000023,]
[18,0,]   18   1.3114e-007   -7.20611e-039   7.40106e-039   [0.000023,0.000023,]
[19,0,]   19   4.60665e-008   -9.0236e-039   8.22087e-039   [0.000033,0.000023,]
[0,1,]   20   1.62287e-007   -7.1645e-039   7.40106e-039   [0.000022,-0.000027,]
[1,1,]   21   4.10024e-007   -5.48306e-039   6.58125e-039   [-0.000009,-0.000026,]
[2,1,]   22   1.36971e-006   -4.3443e-039   5.85253e-039   [0.000005,-0.000025,]
[3,1,]   23   4.17326e-006   -3.44479e-039   5.2149e-039   [0.000007,-0.000024,]
[4,1,]   24   1.05856e-005   -2.87566e-039   4.66836e-039   [0.000010,-0.000023,]
[5,1,]   25   2.26152e-005   -2.39463e-039   4.21291e-039   [0.000011,-0.000022,]
[6,1,]   26   4.07856e-005   -2.02008e-039   3.84855e-039   [0.000012,-0.000020,]
[7,1,]   27   6.24196e-005   -1.74669e-039   3.57528e-039   [0.000013,-0.000017,]
[8,1,]   28   8.15065e-005   -1.58014e-039   3.3931e-039   [0.000014,-0.000015,]
[9,1,]   29   9.13251e-005   -1.52603e-039   3.30201e-039   [0.000015,-0.000012,]
[10,1,]   30   8.82802e-005   -1.57688e-039   3.30201e-039   [0.000015,-0.000009,]
[11,1,]   31   7.39823e-005   -1.71214e-039   3.3931e-039   [0.000014,-0.000007,]
[12,1,]   32   5.38666e-005   -1.92737e-039   3.57528e-039   [0.000013,-0.000005,]
[13,1,]   33   3.40368e-005   -2.21585e-039   3.84855e-039   [0.000012,-0.000005,]
[14,1,]   34   1.85812e-005   -2.58551e-039   4.21291e-039   [0.000011,-0.000005,]
[15,1,]   35   8.70813e-006   -3.04306e-039   4.66836e-039   [0.000010,-0.000005,]
[16,1,]   36   3.47856e-006   -3.58179e-039   5.2149e-039   [0.000009,-0.000006,]
[17,1,]   37   1.166e-006   -4.31955e-039   5.85253e-039   [0.000010,-0.000007,]
[18,1,]   38   3.34678e-007   -5.5953e-039   6.58125e-039   [0.000022,-0.000008,]
[19,1,]   39   1.15672e-007   -7.53924e-039   7.40106e-039   [0.000032,-0.000009,]
[0,2,]   40   5.05967e-007   -5.6698e-039   6.67234e-039   [0.000021,-0.000017,]
[1,2,]   41   1.27898e-006   -4.08693e-039   5.85253e-039   [-0.000009,-0.000016,]
[2,2,]   42   4.18479e-006   -3.04327e-039   5.12381e-039   [0.000005,-0.000016,]
[3,2,]   43   1.2515e-005   -2.20042e-039   4.48618e-039   [0.000008,-0.000016,]
[4,2,]   44   3.1304e-005   -1.66169e-039   3.93964e-039   [0.000010,-0.000016,]
[5,2,]   45   6.61219e-005   -1.2084e-039   3.48419e-039   [0.000012,-0.000015,]
[6,2,]   46   0.000118136   -8.71387e-040   3.11983e-039   [0.000014,-0.000014,]
[7,2,]   47   0.000179767   -6.38986e-040   2.84656e-039   [0.000016,-0.000012,]
[8,2,]   48   0.000234776   -5.15501e-040   2.66438e-039   [0.000017,-0.000010,]
[9,2,]   49   0.000265173   -4.90083e-040   2.57329e-039   [0.000018,-0.000007,]
[10,2,]   50   0.000260049   -5.65366e-040   2.57329e-039   [0.000018,-0.000003,]
[11,2,]   51   0.000221798   -7.33483e-040   2.66438e-039   [0.000017,-0.000000,]
[12,2,]   52   0.000164633   -9.66865e-040   2.84656e-039   [0.000015,0.000003,]
[13,2,]   53   0.00010602   -1.26735e-039   3.11983e-039   [0.000013,0.000004,]
[14,2,]   54   5.89519e-005   -1.62896e-039   3.48419e-039   [0.000012,0.000005,]
[15,2,]   55   2.81112e-005   -2.06599e-039   3.93964e-039   [0.000010,0.000006,]
[16,2,]   56   1.14104e-005   -2.57586e-039   4.48618e-039   [0.000009,0.000006,]
[17,2,]   57   3.88127e-006   -3.27901e-039   5.12381e-039   [0.000010,0.000006,]
[18,2,]   58   1.12855e-006   -4.4942e-039   5.85253e-039   [0.000021,0.000005,]
[19,2,]   59   3.87861e-007   -6.36871e-039   6.67234e-039   [0.000031,0.000004,]
[0,3,]   60   1.40512e-006   -4.83509e-039   6.03471e-039   [0.000019,-0.000014,]
[1,3,]   61   3.54799e-006   -3.37142e-039   5.2149e-039   [-0.000008,-0.000012,]
[2,3,]   62   1.13148e-005   -2.40968e-039   4.48618e-039   [0.000004,-0.000012,]
[3,3,]   63   3.29753e-005   -1.61482e-039   3.84855e-039   [0.000007,-0.000013,]
[4,3,]   64   8.06485e-005   -1.09239e-039   3.30201e-039   [0.000010,-0.000013,]
[5,3,]   65   0.000166835   -6.46655e-040   2.84656e-039   [0.000012,-0.000013,]
[6,3,]   66   0.000292488   -3.1032e-040   2.4822e-039   [0.000015,-0.000012,]
[7,3,]   67   0.000438586   -7.75286e-041   2.20893e-039   [0.000018,-0.000011,]
[8,3,]   68   0.000569479   7.25722e-041   2.02675e-039   [0.000020,-0.000008,]
[9,3,]   69   0.000647152   1.39921e-040   1.93566e-039   [0.000022,-0.000005,]
[10,3,]   70   0.000646437   1.16333e-040   1.93566e-039   [0.000022,-0.000002,]
[11,3,]   71   0.000566579   2.66214e-042   2.02675e-039   [0.000020,0.000002,]
[12,3,]   72   0.000433779   -2.07636e-040   2.20893e-039   [0.000018,0.000005,]
[13,3,]   73   0.000288362   -4.86236e-040   2.4822e-039   [0.000015,0.000007,]
[14,3,]   74   0.000165174   -8.38841e-040   2.84656e-039   [0.000012,0.000008,]
[15,3,]   75   8.09235e-005   -1.26154e-039   3.30201e-039   [0.000010,0.000008,]
[16,3,]   76   3.3641e-005   -1.75754e-039   3.84855e-039   [0.000009,0.000008,]
[17,3,]   77   1.16873e-005   -2.44253e-039   4.48618e-039   [0.000009,0.000008,]
[18,3,]   78   3.4601e-006   -3.60938e-039   5.2149e-039   [0.000020,0.000008,]
[19,3,]   79   1.18173e-006   -5.41084e-039   6.03471e-039   [0.000029,0.000006,]
[0,4,]   80   3.29981e-006   -4.35737e-039   5.48817e-039   [0.000018,-0.000011,]
[1,4,]   81   8.37993e-006   -2.99245e-039   4.66836e-039   [-0.000008,-0.000010,]
[2,4,]   82   2.61254e-005   -2.09281e-039   3.93964e-039   [0.000004,-0.000010,]
[3,4,]   83   7.40809e-005   -1.33569e-039   3.30201e-039   [0.000007,-0.000010,]
[4,4,]   84   0.000176231   -8.26547e-040   2.75547e-039   [0.000010,-0.000011,]
[5,4,]   85   0.00035419   -3.8066e-040   2.30002e-039   [0.000013,-0.000011,]
[6,4,]   86   0.000602733   -4.75866e-041   1.93566e-039   [0.000016,-0.000010,]
[7,4,]   87   0.000879839   2.06042e-040   1.66239e-039   [0.000019,-0.000009,]
[8,4,]   88   0.00112006   3.7107e-040   1.48021e-039   [0.000023,-0.000006,]
[9,4,]   89   0.0012674   5.04727e-040   1.38912e-039   [0.000025,-0.000003,]
[10,4,]   90   0.00128506   5.5046e-040   1.38912e-039   [0.000026,0.000001,]
[11,4,]   91   0.00115981   4.58706e-040   1.48021e-039   [0.000024,0.000005,]
[12,4,]   92   0.000924336   2.92309e-040   1.66239e-039   [0.000020,0.000008,]
[13,4,]   93   0.000640177   2.1158e-041   1.93566e-039   [0.000016,0.000010,]
[14,4,]   94   0.000381003   -3.17722e-040   2.30002e-039   [0.000013,0.000010,]
[15,4,]   95   0.000192881   -7.38658e-040   2.75547e-039   [0.000010,0.000011,]
[16,4,]   96   8.24125e-005   -1.23003e-039   3.30201e-039   [0.000009,0.000010,]
[17,4,]   97   2.92942e-005   -1.90796e-039   3.93964e-039   [0.000009,0.000010,]
[18,4,]   98   8.83543e-006   -3.03206e-039   4.66836e-039   [0.000018,0.000009,]
[19,4,]   99   2.99139e-006   -4.75979e-039   5.48817e-039   [0.000027,0.000007,]
[0,5,]   100   6.79276e-006   -3.93731e-039   5.03272e-039   [0.000017,-0.000009,]
[1,5,]   101   1.75312e-005   -2.6174e-039   4.21291e-039   [-0.000007,-0.000008,]
[2,5,]   102   5.37604e-005   -1.74758e-039   3.48419e-039   [0.000004,-0.000008,]
[3,5,]   103   0.000148418   -1.01312e-039   2.84656e-039   [0.000007,-0.000008,]
[4,5,]   104   0.000341922   -5.08189e-040   2.30002e-039   [0.000010,-0.000009,]
[5,5,]   105   0.000661067   -7.47694e-041   1.84457e-039   [0.000013,-0.000009,]
[6,5,]   106   0.00107647   2.66227e-040   1.48021e-039   [0.000017,-0.000009,]
[7,5,]   107   0.00149666   5.01439e-040   1.20694e-039   [0.000021,-0.000008,]
[8,5,]   108   0.00182397   7.0374e-040   1.02476e-039   [0.000026,-0.000005,]
[9,5,]   109   0.00199846   7.7977e-040   9.33673e-040   [0.000029,-0.000001,]
[10,5,]   110   0.00203189   8.73364e-040   9.33673e-040   [0.000030,0.000004,]
[11,5,]   111   0.0019019   8.21889e-040   1.02476e-039   [0.000027,0.000009,]
[12,5,]   112   0.00159764   6.61575e-040   1.20694e-039   [0.000022,0.000011,]
[13,5,]   113   0.00117072   4.3899e-040   1.48021e-039   [0.000017,0.000013,]
[14,5,]   114   0.000731774   1.11317e-040   1.84457e-039   [0.000013,0.000013,]
[15,5,]   115   0.000385739   -2.92002e-040   2.30002e-039   [0.000010,0.000013,]
[16,5,]   116   0.000170076   -7.80111e-040   2.84656e-039   [0.000008,0.000012,]
[17,5,]   117   6.19725e-005   -1.44932e-039   3.48419e-039   [0.000008,0.000011,]
[18,5,]   118   1.90468e-005   -2.52816e-039   4.21291e-039   [0.000017,0.000010,]
[19,5,]   119   6.36918e-006   -4.1857e-039   5.03272e-039   [0.000024,0.000008,]
[0,6,]   120   1.23406e-005   -3.54747e-039   4.66836e-039   [0.000017,-0.000009,]
[1,6,]   121   3.26084e-005   -2.21474e-039   3.84855e-039   [-0.000006,-0.000007,]
[2,6,]   122   9.89402e-005   -1.342e-039   3.11983e-039   [0.000004,-0.000008,]
[3,6,]   123   0.000266427   -6.06997e-040   2.4822e-039   [0.000006,-0.000008,]
[4,6,]   124   0.000592189   -1.12576e-040   1.93566e-039   [0.000009,-0.000009,]
[5,6,]   125   0.00109159   3.18658e-040   1.48021e-039   [0.000013,-0.000010,]
[6,6,]   126   0.00166944   6.2397e-040   1.11585e-039   [0.000017,-0.000010,]
[7,6,]   127   0.00215194   8.6935e-040   8.42583e-040   [0.000023,-0.000009,]
[8,6,]   128   0.00240586   9.76462e-040   6.60403e-040   [0.000030,-0.000007,]
[9,6,]   129   0.00247214   1.03299e-039   5.69313e-040   [0.000035,0.000000,]
[10,6,]   130   0.00246943   9.81922e-040   5.69313e-040   [0.000036,0.000008,]
[11,6,]   131   0.00244705   1.0017e-039   6.60403e-040   [0.000032,0.000014,]
[12,6,]   132   0.00223921   9.47438e-040   8.42583e-040   [0.000024,0.000017,]
[13,6,]   133   0.00177062   7.22405e-040   1.11585e-039   [0.000017,0.000017,]
[14,6,]   134   0.001179   4.42147e-040   1.48021e-039   [0.000012,0.000016,]
[15,6,]   135   0.000651258   4.71916e-041   1.93566e-039   [0.000009,0.000015,]
[16,6,]   136   0.000297265   -4.27134e-040   2.4822e-039   [0.000007,0.000014,]
[17,6,]   137   0.000111099   -1.09068e-039   3.11983e-039   [0.000007,0.000013,]
[18,6,]   138   3.47662e-005   -2.12037e-039   3.84855e-039   [0.000015,0.000011,]
[19,6,]   139   1.14318e-005   -3.71687e-039   4.66836e-039   [0.000022,0.000009,]
[0,7,]   140   1.9556e-005   -3.23156e-039   4.39509e-039   [0.000018,-0.000009,]
[1,7,]   141   5.28049e-005   -1.86473e-039   3.57528e-039   [-0.000006,-0.000008,]
[2,7,]   142   0.000158996   -9.66608e-040   2.84656e-039   [0.000003,-0.000009,]
[3,7,]   143   0.000418166   -2.3566e-040   2.20893e-039   [0.000005,-0.000010,]
[4,7,]   144   0.000896145   2.6238e-040   1.66239e-039   [0.000008,-0.000012,]
[5,7,]   145   0.00156237   6.48983e-040   1.20694e-039   [0.000011,-0.000014,]
[6,7,]   146   0.00221093   9.66625e-040   8.42583e-040   [0.000016,-0.000016,]
[7,7,]   147   0.00253549   1.07051e-039   5.69313e-040   [0.000024,-0.000017,]
[8,7,]   148   0.00245358   1.04896e-039   3.87133e-040   [0.000036,-0.000013,]
[9,7,]   149   0.00221093   7.37367e-040   2.96043e-040   [0.000046,-0.000004,]
[10,7,]   150   0.00216359   7.40379e-040   2.96043e-040   [0.000046,0.000016,]
[11,7,]   151   0.00241356   9.30508e-040   3.87133e-040   [0.000036,0.000024,]
[12,7,]   152   0.00254207   1.01483e-039   5.69313e-040   [0.000024,0.000024,]
[13,7,]   153   0.00225266   9.38168e-040   8.42583e-040   [0.000016,0.000022,]
[14,7,]   154   0.00161678   6.65685e-040   1.20694e-039   [0.000011,0.000020,]
[15,7,]   155   0.00094025   3.04976e-040   1.66239e-039   [0.000007,0.000017,]
[16,7,]   156   0.000443974   -1.69817e-040   2.20893e-039   [0.000006,0.000016,]
[17,7,]   157   0.000169909   -8.22731e-040   2.84656e-039   [0.000006,0.000014,]
[18,7,]   158   5.39899e-005   -1.80597e-039   3.57528e-039   [0.000013,0.000012,]
[19,7,]   159   1.73768e-005   -3.35834e-039   4.39509e-039   [0.000019,0.000010,]
[0,8,]   160   2.6777e-005   -3.02377e-039   4.21291e-039   [0.000018,-0.000010,]
[1,8,]   161   7.30152e-005   -1.64645e-039   3.3931e-039   [-0.000006,-0.000010,]
[2,8,]   162   0.0002182   -7.2939e-040   2.66438e-039   [0.000001,-0.000011,]
[3,8,]   163   0.000562558   5.29937e-042   2.02675e-039   [0.000004,-0.000013,]
[4,8,]   164   0.00116588   4.81081e-040   1.48021e-039   [0.000006,-0.000016,]
[5,8,]   165   0.00192801   8.65769e-040   1.02476e-039   [0.000008,-0.000019,]
[6,8,]   166   0.00248965   1.0627e-039   6.60403e-040   [0.000013,-0.000024,]
[7,8,]   167   0.00246414   1.02179e-039   3.87133e-040   [0.000023,-0.000030,]
[8,8,]   168   0.00186608   3.28536e-040   2.04953e-040   [0.000039,-0.000030,]
[9,8,]   169   0.00134199   1.17002e-040   1.13863e-040   [0.000072,-0.000017,]
[10,8,]   170   0.00119532   -1.46232e-039   1.13863e-040   [0.000072,0.000027,]
[11,8,]   171   0.0018166   1.91214e-040   2.04953e-040   [0.000036,0.000040,]
[12,8,]   172   0.00243861   9.6717e-040   3.87133e-040   [0.000020,0.000035,]
[13,8,]   173   0.00248468   1.02487e-039   6.60403e-040   [0.000012,0.000028,]
[14,8,]   174   0.00193505   8.37963e-040   1.02476e-039   [0.000007,0.000023,]
[15,8,]   175   0.00117802   4.59098e-040   1.48021e-039   [0.000005,0.000020,]
[16,8,]   176   0.000572606   -1.49701e-044   2.02675e-039   [0.000004,0.000017,]
[17,8,]   177   0.000223139   -6.53198e-040   2.66438e-039   [0.000004,0.000015,]
[18,8,]   178   7.16639e-005   -1.58897e-039   3.3931e-039   [0.000011,0.000013,]
[19,8,]   179   2.24838e-005   -3.12378e-039   4.21291e-039   [0.000017,0.000011,]
[0,9,]   180   3.17436e-005   -2.92238e-039   4.12182e-039   [0.000017,-0.000011,]
[1,9,]   181   8.59622e-005   -1.57389e-039   3.30201e-039   [-0.000007,-0.000012,]
[2,9,]   182   0.000255331   -6.3046e-040   2.57329e-039   [-0.000000,-0.000014,]
[3,9,]   183   0.000649581   9.05752e-041   1.93566e-039   [0.000001,-0.000016,]
[4,9,]   184   0.00131956   5.86127e-040   1.38912e-039   [0.000002,-0.000019,]
[5,9,]   185   0.00210132   9.34287e-040   9.33673e-040   [0.000003,-0.000023,]
[6,9,]   186   0.00253295   1.01787e-039   5.69313e-040   [0.000006,-0.000031,]
[7,9,]   187   0.00219044   7.40625e-040   2.96043e-040   [0.000014,-0.000042,]
[8,9,]   188   0.00120135   -1.48493e-039   1.13863e-040   [0.000026,-0.000069,]
[9,9,]   189   0.000442623   -8.27727e-039   2.27725e-041   [0.000113,-0.000110,]
[10,9,]   190   0.000432947   -8.52058e-039   2.27725e-041   [0.000113,0.000116,]
[11,9,]   191   0.00130085   -3.57752e-041   1.13863e-040   [0.000022,0.000073,]
[12,9,]   192   0.00219184   6.92081e-040   2.96043e-040   [0.000009,0.000045,]
[13,9,]   193   0.00251833   1.05672e-039   5.69313e-040   [0.000004,0.000032,]
[14,9,]   194   0.00207384   8.66413e-040   9.33673e-040   [0.000003,0.000025,]
[15,9,]   195   0.00130505   5.53151e-040   1.38912e-039   [0.000002,0.000021,]
[16,9,]   196   0.000644453   7.66622e-041   1.93566e-039   [0.000001,0.000018,]
[17,9,]   197   0.000253458   -5.73881e-040   2.57329e-039   [0.000002,0.000016,]
[18,9,]   198   8.16907e-005   -1.47639e-039   3.30201e-039   [0.000009,0.000013,]
[19,9,]   199   2.49298e-005   -3.02714e-039   4.12182e-039   [0.000016,0.000012,]
[0,10,]   200   3.27316e-005   -2.91173e-039   4.12182e-039   [0.000016,-0.000011,]
[1,10,]   201   8.68432e-005   -1.60755e-039   3.30201e-039   [-0.000009,-0.000013,]
[2,10,]   202   0.000257177   -6.43152e-040   2.57329e-039   [-0.000002,-0.000015,]
[3,10,]   203   0.000652609   7.82265e-041   1.93566e-039   [-0.000002,-0.000017,]
[4,10,]   204   0.00132078   5.58253e-040   1.38912e-039   [-0.000002,-0.000020,]
[5,10,]   205   0.00209587   8.6893e-040   9.33673e-040   [-0.000002,-0.000025,]
[6,10,]   206   0.00253836   1.05212e-039   5.69313e-040   [-0.000003,-0.000031,]
[7,10,]   207   0.00219965   6.62469e-040   2.96043e-040   [-0.000008,-0.000044,]
[8,10,]   208   0.00129857   -7.44343e-041   1.13863e-040   [-0.000021,-0.000072,]
[9,10,]   209   0.000423696   -8.75397e-039   2.27725e-041   [-0.000114,-0.000114,]
[10,10,]   210   0.000424228   -8.65194e-039   2.27725e-041   [-0.000115,0.000114,]
[11,10,]   211   0.001172   -1.51557e-039   1.13863e-040   [-0.000025,0.000072,]
[12,10,]   212   0.00214624   7.18319e-040   2.96043e-040   [-0.000014,0.000044,]
[13,10,]   213   0.00248408   9.90441e-040   5.69313e-040   [-0.000005,0.000033,]
[14,10,]   214   0.0020608   8.99721e-040   9.33673e-040   [-0.000003,0.000026,]
[15,10,]   215   0.00129458   5.50224e-040   1.38912e-039   [-0.000002,0.000021,]
[16,10,]   216   0.000637584   5.89645e-041   1.93566e-039   [-0.000001,0.000018,]
[17,10,]   217   0.00025015   -5.90379e-040   2.57329e-039   [-0.000000,0.000016,]
[18,10,]   218   8.02925e-005   -1.46928e-039   3.30201e-039   [0.000007,0.000014,]
[19,10,]   219   2.38511e-005   -3.0675e-039   4.12182e-039   [0.000015,0.000013,]
[0,11,]   220   2.93489e-005   -3.00006e-039   4.21291e-039   [0.000015,-0.000011,]
[1,11,]   221   7.57038e-005   -1.7315e-039   3.3931e-039   [-0.000011,-0.000013,]
[2,11,]   222   0.000224774   -7.37776e-040   2.66438e-039   [-0.000004,-0.000015,]
[3,11,]   223   0.000575582   -1.12286e-041   2.02675e-039   [-0.000004,-0.000017,]
[4,11,]   224   0.00118293   4.52396e-040   1.48021e-039   [-0.000005,-0.000019,]
[5,11,]   225   0.00193955   8.32144e-040   1.02476e-039   [-0.000007,-0.000023,]
[6,11,]   226   0.00248347   1.01621e-039   6.60403e-040   [-0.000012,-0.000028,]
[7,11,]   227   0.00242963   9.60266e-040   3.87133e-040   [-0.000019,-0.000035,]
[8,11,]   228   0.00180094   1.85177e-040   2.04953e-040   [-0.000034,-0.000039,]
[9,11,]   229   0.00116868   -1.51875e-039   1.13863e-040   [-0.000071,-0.000026,]
[10,11,]   230   0.00129292   -2.25033e-041   1.13863e-040   [-0.000072,0.000022,]
[11,11,]   231   0.00180176   1.99097e-040   2.04953e-040   [-0.000038,0.000034,]
[12,11,]   232   0.00239763   9.33245e-040   3.87133e-040   [-0.000022,0.000034,]
[13,11,]   233   0.00243721   9.94409e-040   6.60403e-040   [-0.000012,0.000028,]
[14,11,]   234   0.00189505   8.04526e-040   1.02476e-039   [-0.000008,0.000023,]
[15,11,]   235   0.00114959   4.26448e-040   1.48021e-039   [-0.000006,0.000020,]
[16,11,]   236   0.000555794   -3.9193e-041   2.02675e-039   [-0.000004,0.000017,]
[17,11,]   237   0.000215003   -7.02243e-040   2.66438e-039   [-0.000002,0.000015,]
[18,11,]   238   6.82481e-005   -1.56131e-039   3.3931e-039   [0.000006,0.000013,]
[19,11,]   239   1.98049e-005   -3.23482e-039   4.21291e-039   [0.000015,0.000013,]
[0,12,]   240   2.27359e-005   -3.20092e-039   4.39509e-039   [0.000014,-0.000010,]
[1,12,]   241   5.68898e-005   -1.94734e-039   3.57528e-039   [-0.000013,-0.000012,]
[2,12,]   242   0.000170386   -9.08937e-040   2.84656e-039   [-0.000006,-0.000014,]
[3,12,]   243   0.000444234   -1.78482e-040   2.20893e-039   [-0.000006,-0.000016,]
[4,12,]   244   0.000939521   3.0135e-040   1.66239e-039   [-0.000007,-0.000017,]
[5,12,]   245   0.00161188   6.61675e-040   1.20694e-039   [-0.000010,-0.000020,]
[6,12,]   246   0.00223984   9.30433e-040   8.42583e-040   [-0.000015,-0.000022,]
[7,12,]   247   0.00252386   1.00757e-039   5.69313e-040   [-0.000023,-0.000023,]
[8,12,]   248   0.00239604   9.33604e-040   3.87133e-040   [-0.000034,-0.000022,]
[9,12,]   249   0.00214109   7.12294e-040   2.96043e-040   [-0.000044,-0.000014,]
[10,12,]   250   0.00218381   6.94532e-040   2.96043e-040   [-0.000045,0.000009,]
[11,12,]   251   0.00242523   9.69835e-040   3.87133e-040   [-0.000035,0.000019,]
[12,12,]   252   0.00252336   1.01116e-039   5.69313e-040   [-0.000023,0.000023,]
[13,12,]   253   0.00221757   9.29667e-040   8.42583e-040   [-0.000016,0.000022,]
[14,12,]   254   0.00157775   6.3012e-040   1.20694e-039   [-0.000011,0.000020,]
[15,12,]   255   0.000909972   2.59514e-040   1.66239e-039   [-0.000008,0.000017,]
[16,12,]   256   0.000425744   -2.23805e-040   2.20893e-039   [-0.000006,0.000016,]
[17,12,]   257   0.000160941   -8.92761e-040   2.84656e-039   [-0.000004,0.000014,]
[18,12,]   258   5.01878e-005   -1.75822e-039   3.57528e-039   [0.000006,0.000013,]
[19,12,]   259   1.43229e-005   -3.52457e-039   4.39509e-039   [0.000015,0.000014,]
[0,13,]   260   1.50792e-005   -3.51447e-039   4.66836e-039   [0.000013,-0.000009,]
[1,13,]   261   3.66547e-005   -2.2576e-039   3.84855e-039   [-0.000015,-0.000011,]
[2,13,]   262   0.000111192   -1.17468e-039   3.11983e-039   [-0.000008,-0.000013,]
[3,13,]   263   0.000296793   -4.28981e-040   2.4822e-039   [-0.000008,-0.000014,]
[4,13,]   264   0.000648939   4.90157e-041   1.93566e-039   [-0.000009,-0.000015,]
[5,13,]   265   0.00117113   4.39305e-040   1.48021e-039   [-0.000012,-0.000016,]
[6,13,]   266   0.00175331   7.07862e-040   1.11585e-039   [-0.000016,-0.000017,]
[7,13,]   267   0.00221763   9.29715e-040   8.42583e-040   [-0.000022,-0.000016,]
[8,13,]   268   0.00243667   9.96355e-040   6.60403e-040   [-0.000028,-0.000012,]
[9,13,]   269   0.00248216   9.96147e-040   5.69313e-040   [-0.000033,-0.000005,]
[10,13,]   270   0.0025132   1.06024e-039   5.69313e-040   [-0.000032,0.000003,]
[11,13,]   271   0.00247506   1.02751e-039   6.60403e-040   [-0.000028,0.000012,]
[12,13,]   272   0.00223796   9.35782e-040   8.42583e-040   [-0.000022,0.000015,]
[13,13,]   273   0.00175309   7.09783e-040   1.11585e-039   [-0.000017,0.000016,]
[14,13,]   274   0.00115559   4.19276e-040   1.48021e-039   [-0.000013,0.000016,]
[15,13,]   275   0.000631031   7.32333e-042   1.93566e-039   [-0.000010,0.000015,]
[16,13,]   276   0.000284381   -4.77566e-040   2.4822e-039   [-0.000007,0.000014,]
[17,13,]   277   0.000104441   -1.17041e-039   3.11983e-039   [-0.000005,0.000013,]
[18,13,]   278   3.18772e-005   -2.04991e-039   3.84855e-039   [0.000006,0.000012,]
[19,13,]   279   9.01272e-006   -3.91771e-039   4.66836e-039   [0.000017,0.000013,]
[0,14,]   280   8.49599e-006   -3.93576e-039   5.03272e-039   [0.000012,-0.000008,]
[1,14,]   281   2.01254e-005   -2.66362e-039   4.21291e-039   [-0.000017,-0.000010,]
[2,14,]   282   6.19868e-005   -1.53304e-039   3.48419e-039   [-0.000009,-0.000011,]
[3,14,]   283   0.000169668   -7.76878e-040   2.84656e-039   [-0.000008,-0.000012,]
[4,14,]   284   0.000383824   -2.85863e-040   2.30002e-039   [-0.000010,-0.000013,]
[5,14,]   285   0.000725175   1.0918e-040   1.84457e-039   [-0.000012,-0.000013,]
[6,14,]   286   0.00115557   4.1882e-040   1.48021e-039   [-0.000016,-0.000013,]
[7,14,]   287   0.00157773   6.30216e-040   1.20694e-039   [-0.000020,-0.000011,]
[8,14,]   288   0.00189488   8.05537e-040   1.02476e-039   [-0.000023,-0.000008,]
[9,14,]   289   0.00206005   9.01597e-040   9.33673e-040   [-0.000026,-0.000003,]
[10,14,]   290   0.00207177   8.70266e-040   9.33673e-040   [-0.000025,0.000003,]
[11,14,]   291   0.00193068   8.42388e-040   1.02476e-039   [-0.000023,0.000007,]
[12,14,]   292   0.00160983   6.68624e-040   1.20694e-039   [-0.000020,0.000010,]
[13,14,]   293   0.0011709   4.41899e-040   1.48021e-039   [-0.000016,0.000012,]
[14,14,]   294   0.000725196   1.09503e-040   1.84457e-039   [-0.000013,0.000012,]
[15,14,]   295   0.000377445   -3.12538e-040   2.30002e-039   [-0.000011,0.000012,]
[16,14,]   296   0.000163849   -8.1655e-040   2.84656e-039   [-0.000008,0.000012,]
[17,14,]   297   5.84056e-005   -1.52616e-039   3.48419e-039   [-0.000006,0.000011,]
[18,14,]   298   1.74228e-005   -2.43378e-039   4.21291e-039   [0.000006,0.000011,]
[19,14,]   299   4.91438e-006   -4.40054e-039   5.03272e-039   [0.000018,0.000012,]
[0,15,]   300   4.04086e-006   -4.46212e-039   5.48817e-039   [0.000011,-0.000007,]
[1,15,]   301   9.36347e-006   -3.16687e-039   4.66836e-039   [-0.000018,-0.000009,]
[2,15,]   302   2.9307e-005   -1.99227e-039   3.93964e-039   [-0.000009,-0.000010,]
[3,15,]   303   8.22344e-005   -1.22223e-039   3.30201e-039   [-0.000009,-0.000010,]
[4,15,]   304   0.000191941   -7.26425e-040   2.75547e-039   [-0.000010,-0.000011,]
[5,15,]   305   0.000377432   -3.12066e-040   2.30002e-039   [-0.000012,-0.000011,]
[6,15,]   306   0.000631019   7.26119e-042   1.93566e-039   [-0.000015,-0.000010,]
[7,15,]   307   0.000909966   2.59621e-040   1.66239e-039   [-0.000017,-0.000008,]
[8,15,]   308   0.00114956   4.26894e-040   1.48021e-039   [-0.000020,-0.000006,]
[9,15,]   309   0.00129443   5.51642e-040   1.38912e-039   [-0.000021,-0.000002,]
[10,15,]   310   0.00130452   5.55813e-040   1.38912e-039   [-0.000021,0.000002,]
[11,15,]   311   0.00117678   4.63348e-040   1.48021e-039   [-0.000020,0.000005,]
[12,15,]   312   0.000938223   3.1058e-040   1.66239e-039   [-0.000017,0.000007,]
[13,15,]   313   0.000648935   5.37162e-041   1.93566e-039   [-0.000015,0.000009,]
[14,15,]   314   0.000383942   -2.84027e-040   2.30002e-039   [-0.000013,0.000010,]
[15,15,]   315   0.000192002   -7.25663e-040   2.75547e-039   [-0.000011,0.000010,]
[16,15,]   316   8.0638e-005   -1.23767e-039   3.30201e-039   [-0.000008,0.000010,]
[17,15,]   317   2.79448e-005   -1.96637e-039   3.93964e-039   [-0.000006,0.000010,]
[18,15,]   318   8.15346e-006   -2.90633e-039   4.66836e-039   [0.000007,0.000010,]
[19,15,]   319   2.30661e-006   -4.96407e-039   5.48817e-039   [0.000020,0.000011,]
[0,16,]   320   1.61625e-006   -5.06267e-039   6.03471e-039   [0.000011,-0.000006,]
[1,16,]   321   3.67739e-006   -3.73937e-039   5.2149e-039   [-0.000020,-0.000008,]
[2,16,]   322   1.16959e-005   -2.52362e-039   4.48618e-039   [-0.000010,-0.000008,]
[3,16,]   323   3.35892e-005   -1.74184e-039   3.84855e-039   [-0.000009,-0.000009,]
[4,16,]   324   8.06146e-005   -1.23822e-039   3.30201e-039   [-0.000010,-0.000008,]
[5,16,]   325   0.000163846   -8.15916e-040   2.84656e-039   [-0.000012,-0.000008,]
[6,16,]   326   0.000284379   -4.77545e-040   2.4822e-039   [-0.000014,-0.000007,]
[7,16,]   327   0.000425744   -2.23763e-040   2.20893e-039   [-0.000016,-0.000006,]
[8,16,]   328   0.000555792   -3.90341e-041   2.02675e-039   [-0.000017,-0.000004,]
[9,16,]   329   0.000637564   5.94887e-041   1.93566e-039   [-0.000018,-0.000001,]
[10,16,]   330   0.000644372   7.80875e-041   1.93566e-039   [-0.000018,0.000001,]
[11,16,]   331   0.000572395   2.841e-042   2.02675e-039   [-0.000017,0.000004,]
[12,16,]   332   0.000443609   -1.6515e-040   2.20893e-039   [-0.000016,0.000006,]
[13,16,]   333   0.00029685   -4.20411e-040   2.4822e-039   [-0.000014,0.000007,]
[14,16,]   334   0.000169767   -7.71698e-040   2.84656e-039   [-0.000012,0.000008,]
[15,16,]   335   8.22838e-005   -1.21851e-039   3.30201e-039   [-0.000010,0.000009,]
[16,16,]   336   3.36081e-005   -1.73853e-039   3.84855e-039   [-0.000009,0.000009,]
[17,16,]   337   1.13603e-005   -2.48094e-039   4.48618e-039   [-0.000006,0.000009,]
[18,16,]   338   3.2481e-006   -3.45589e-039   5.2149e-039   [0.000008,0.000009,]
[19,16,]   339   9.24814e-007   -5.59428e-039   6.03471e-039   [0.000022,0.000011,]
[0,17,]   340   5.34342e-007   -5.89514e-039   6.67234e-039   [0.000011,-0.000004,]
[1,17,]   341   1.19729e-006   -4.54358e-039   5.85253e-039   [-0.000021,-0.000006,]
[2,17,]   342   3.86854e-006   -3.28462e-039   5.12381e-039   [-0.000010,-0.000006,]
[3,17,]   343   1.13542e-005   -2.4842e-039   4.48618e-039   [-0.000009,-0.000006,]
[4,17,]   344   2.79371e-005   -1.96697e-039   3.93964e-039   [-0.000010,-0.000006,]
[5,17,]   345   5.84054e-005   -1.52554e-039   3.48419e-039   [-0.000011,-0.000006,]
[6,17,]   346   0.000104441   -1.1704e-039   3.11983e-039   [-0.000013,-0.000005,]
[7,17,]   347   0.000160941   -8.92743e-040   2.84656e-039   [-0.000014,-0.000004,]
[8,17,]   348   0.000215003   -7.0221e-040   2.66438e-039   [-0.000015,-0.000002,]
[9,17,]   349   0.00025015   -5.90183e-040   2.57329e-039   [-0.000016,-0.000000,]
[10,17,]   350   0.000253453   -5.73294e-040   2.57329e-039   [-0.000016,0.000002,]
[11,17,]   351   0.00022312   -6.51816e-040   2.66438e-039   [-0.000015,0.000004,]
[12,17,]   352   0.000169872   -8.20125e-040   2.84656e-039   [-0.000014,0.000006,]
[13,17,]   353   0.000111056   -1.08662e-039   3.11983e-039   [-0.000013,0.000007,]
[14,17,]   354   6.19427e-005   -1.44433e-039   3.48419e-039   [-0.000011,0.000008,]
[15,17,]   355   2.92884e-005   -1.90104e-039   3.93964e-039   [-0.000010,0.000009,]
[16,17,]   356   1.16885e-005   -2.42899e-039   4.48618e-039   [-0.000008,0.000009,]
[17,17,]   357   3.86606e-006   -3.18657e-039   5.12381e-039   [-0.000006,0.000010,]
[18,17,]   358   1.08539e-006   -4.19963e-039   5.85253e-039   [0.000009,0.000010,]
[19,17,]   359   3.11729e-007   -6.4065e-039   6.67234e-039   [0.000023,0.000012,]
[0,18,]   360   1.49946e-007   -7.01124e-039   7.40106e-039   [0.000011,0.000011,]
[1,18,]   361   3.316e-007   -5.62336e-039   6.58125e-039   [-0.000022,0.000010,]
[2,18,]   362   1.08608e-006   -4.30137e-039   5.85253e-039   [-0.000010,0.000009,]
[3,18,]   363   3.24637e-006   -3.4592e-039   5.2149e-039   [-0.000009,0.000008,]
[4,18,]   364   8.15125e-006   -2.907e-039   4.66836e-039   [-0.000010,0.000007,]
[5,18,]   365   1.74228e-005   -2.43318e-039   4.21291e-039   [-0.000011,0.000006,]
[6,18,]   366   3.18772e-005   -2.04991e-039   3.84855e-039   [-0.000012,0.000006,]
[7,18,]   367   5.01878e-005   -1.75822e-039   3.57528e-039   [-0.000013,0.000006,]
[8,18,]   368   6.82483e-005   -1.56132e-039   3.3931e-039   [-0.000013,0.000006,]
[9,18,]   369   8.02929e-005   -1.46926e-039   3.30201e-039   [-0.000014,0.000007,]
[10,18,]   370   8.16912e-005   -1.47624e-039   3.30201e-039   [-0.000013,0.000009,]
[11,18,]   371   7.1664e-005   -1.58849e-039   3.3931e-039   [-0.000013,0.000011,]
[12,18,]   372   5.39891e-005   -1.80494e-039   3.57528e-039   [-0.000012,0.000013,]
[13,18,]   373   3.4765e-005   -2.11864e-039   3.84855e-039   [-0.000011,0.000015,]
[14,18,]   374   1.90463e-005   -2.52625e-039   4.21291e-039   [-0.000010,0.000017,]
[15,18,]   375   8.8377e-006   -3.02871e-039   4.66836e-039   [-0.000009,0.000018,]
[16,18,]   376   3.46159e-006   -3.59921e-039   5.2149e-039   [-0.000008,0.000020,]
[17,18,]   377   1.12418e-006   -4.40118e-039   5.85253e-039   [-0.000006,0.000021,]
[18,18,]   378   3.10591e-007   -5.47998e-039   6.58125e-039   [0.000010,0.000022,]
[19,18,]   379   9.00568e-008   -7.75937e-039   7.40106e-039   [0.000025,0.000023,]
[0,19,]   380   4.43484e-008   -9.14674e-039   8.22087e-039   [0.000011,0.000026,]
[1,19,]   381   9.63088e-008   -7.89294e-039   7.40106e-039   [-0.000023,0.000025,]
[2,19,]   382   3.11972e-007   -6.51049e-039   6.67234e-039   [-0.000012,0.000023,]
[3,19,]   383   9.24322e-007   -5.59778e-039   6.03471e-039   [-0.000011,0.000022,]
[4,19,]   384   2.30597e-006   -4.96479e-039   5.48817e-039   [-0.000011,0.000020,]
[5,19,]   385   4.91438e-006   -4.39991e-039   5.03272e-039   [-0.000012,0.000018,]
[6,19,]   386   9.01272e-006   -3.9177e-039   4.66836e-039   [-0.000013,0.000017,]
[7,19,]   387   1.4323e-005   -3.52456e-039   4.39509e-039   [-0.000014,0.000015,]
[8,19,]   388   1.98049e-005   -3.23483e-039   4.21291e-039   [-0.000013,0.000015,]
[9,19,]   389   2.38512e-005   -3.06746e-039   4.12182e-039   [-0.000013,0.000015,]
[10,19,]   390   2.493e-005   -3.02688e-039   4.12182e-039   [-0.000012,0.000016,]
[11,19,]   391   2.2484e-005   -3.12295e-039   4.21291e-039   [-0.000011,0.000017,]
[12,19,]   392   1.73769e-005   -3.35646e-039   4.39509e-039   [-0.000010,0.000019,]
[13,19,]   393   1.14319e-005   -3.71367e-039   4.66836e-039   [-0.000009,0.000022,]
[14,19,]   394   6.36934e-006   -4.18189e-039   5.03272e-039   [-0.000008,0.000024,]
[15,19,]   395   2.9923e-006   -4.75454e-039   5.48817e-039   [-0.000007,0.000027,]
[16,19,]   396   1.18226e-006   -5.3992e-039   6.03471e-039   [-0.000006,0.000029,]
[17,19,]   397   3.86313e-007   -6.2738e-039   6.67234e-039   [-0.000004,0.000031,]
[18,19,]   398   1.07189e-007   -7.43783e-039   7.40106e-039   [0.000011,0.000032,]
[19,19,]   399   3.15449e-008   -9.62591e-039   8.22087e-039   [0.000026,0.000033,]
