coordinates  index   rho      Q      V    velocities 
[0,0,]   0   1.9867e-008   -9.42014e-039   8.31383e-039   [0.000009,-0.000005,]
[1,0,]   1   8.44829e-008   -6.84164e-039   7.58822e-039   [0.000003,-0.000005,]
[2,0,]   2   3.01976e-007   -6.00929e-039   6.96579e-039   [0.000007,-0.000005,]
[3,0,]   3   9.10663e-007   -5.2712e-039   6.39304e-039   [0.000008,-0.000004,]
[4,0,]   4   2.31751e-006   -4.63631e-039   5.82894e-039   [0.000009,-0.000003,]
[5,0,]   5   5.0003e-006   -4.07977e-039   5.28511e-039   [0.000010,-0.000002,]
[6,0,]   6   9.17679e-006   -3.60763e-039   4.81394e-039   [0.000010,-0.000001,]
[7,0,]   7   1.43691e-005   -3.23355e-039   4.46049e-039   [0.000011,0.000000,]
[8,0,]   8   1.92552e-005   -2.97324e-039   4.23579e-039   [0.000012,0.000002,]
[9,0,]   9   2.21469e-005   -2.83997e-039   4.12806e-039   [0.000012,0.000003,]
[10,0,]   10   2.19109e-005   -2.8415e-039   4.12315e-039   [0.000012,0.000004,]
[11,0,]   11   1.86629e-005   -2.97809e-039   4.21313e-039   [0.000012,0.000005,]
[12,0,]   12   1.36771e-005   -3.24247e-039   4.39512e-039   [0.000012,0.000006,]
[13,0,]   13   8.60641e-006   -3.62262e-039   4.66837e-039   [0.000011,0.000007,]
[14,0,]   14   4.63602e-006   -4.10595e-039   5.03272e-039   [0.000010,0.000008,]
[15,0,]   15   2.13034e-006   -4.68262e-039   5.48817e-039   [0.000010,0.000009,]
[16,0,]   16   8.32186e-007   -5.34564e-039   6.03471e-039   [0.000009,0.000009,]
[17,0,]   17   2.7525e-007   -6.10247e-039   6.67234e-039   [0.000008,0.000009,]
[18,0,]   18   7.69713e-008   -7.0196e-039   7.40106e-039   [0.000011,0.000009,]
[19,0,]   19   1.91181e-008   -9.54322e-039   8.22087e-039   [0.000013,0.000010,]
[0,1,]   20   7.81148e-008   -6.9801e-039   7.65376e-039   [0.000009,-0.000013,]
[1,1,]   21   3.30059e-007   -4.54595e-039   7.09e-039   [0.000003,-0.000013,]
[2,1,]   22   1.16805e-006   -3.81912e-039   6.6502e-039   [0.000008,-0.000013,]
[3,1,]   23   3.48994e-006   -3.1756e-039   6.18894e-039   [0.000009,-0.000012,]
[4,1,]   24   8.80082e-006   -2.64104e-039   5.59466e-039   [0.000011,-0.000011,]
[5,1,]   25   1.88194e-005   -2.1938e-039   4.89896e-039   [0.000011,-0.000009,]
[6,1,]   26   3.42647e-005   -1.83251e-039   4.24427e-039   [0.000012,-0.000007,]
[7,1,]   27   5.33505e-005   -1.55785e-039   3.75304e-039   [0.000013,-0.000006,]
[8,1,]   28   7.13491e-005   -1.37145e-039   3.45529e-039   [0.000013,-0.000004,]
[9,1,]   29   8.22739e-005   -1.27461e-039   3.31896e-039   [0.000014,-0.000002,]
[10,1,]   30   8.20026e-005   -1.26808e-039   3.30561e-039   [0.000014,-0.000001,]
[11,1,]   31   7.06785e-005   -1.35195e-039   3.3937e-039   [0.000013,0.000001,]
[12,1,]   32   5.25905e-005   -1.52583e-039   3.57536e-039   [0.000013,0.000002,]
[13,1,]   33   3.36663e-005   -1.78937e-039   3.84856e-039   [0.000012,0.000003,]
[14,1,]   34   1.84599e-005   -2.14284e-039   4.21291e-039   [0.000011,0.000003,]
[15,1,]   35   8.62982e-006   -2.58759e-039   4.66836e-039   [0.000010,0.000004,]
[16,1,]   36   3.42506e-006   -3.12465e-039   5.2149e-039   [0.000009,0.000004,]
[17,1,]   37   1.14904e-006   -3.76566e-039   5.85253e-039   [0.000008,0.000004,]
[18,1,]   38   3.25304e-007   -4.57471e-039   6.58125e-039   [0.000010,0.000003,]
[19,1,]   39   8.13532e-008   -6.94622e-039   7.40106e-039   [0.000013,0.000003,]
[0,2,]   40   2.77109e-007   -6.03726e-039   7.2073e-039   [0.000008,-0.000012,]
[1,2,]   41   1.15563e-006   -3.70778e-039   6.92954e-039   [0.000003,-0.000012,]
[2,2,]   42   4.02858e-006   -3.00035e-039   6.81248e-039   [0.000008,-0.000012,]
[3,2,]   43   1.18531e-005   -2.36903e-039   6.54821e-039   [0.000010,-0.000011,]
[4,2,]   44   2.93927e-005   -1.84625e-039   5.90062e-039   [0.000012,-0.000010,]
[5,2,]   45   6.17073e-005   -1.412e-039   4.93655e-039   [0.000013,-0.000008,]
[6,2,]   46   0.000110255   -1.06432e-039   3.95756e-039   [0.000014,-0.000007,]
[7,2,]   47   0.000168732   -8.03024e-040   3.22288e-039   [0.000014,-0.000005,]
[8,2,]   48   0.000222684   -6.29226e-040   2.79604e-039   [0.000015,-0.000003,]
[9,2,]   49   0.000254968   -5.4406e-040   2.60916e-039   [0.000015,-0.000001,]
[10,2,]   50   0.000254243   -5.47875e-040   2.5809e-039   [0.000015,0.000001,]
[11,2,]   51   0.000220903   -6.39971e-040   2.66564e-039   [0.000015,0.000003,]
[12,2,]   52   0.000166746   -8.19062e-040   2.84672e-039   [0.000014,0.000005,]
[13,2,]   53   0.000108743   -1.08434e-039   3.11985e-039   [0.000013,0.000006,]
[14,2,]   54   6.08607e-005   -1.43636e-039   3.48419e-039   [0.000011,0.000007,]
[15,2,]   55   2.90439e-005   -1.87727e-039   3.93964e-039   [0.000010,0.000007,]
[16,2,]   56   1.17537e-005   -2.40908e-039   4.48618e-039   [0.000009,0.000008,]
[17,2,]   57   4.01348e-006   -3.0438e-039   5.12381e-039   [0.000008,0.000008,]
[18,2,]   58   1.15413e-006   -3.84401e-039   5.85253e-039   [0.000010,0.000008,]
[19,2,]   59   2.91956e-007   -6.10743e-039   6.67234e-039   [0.000012,0.000007,]
[0,3,]   60   8.2896e-007   -5.31251e-039   6.91672e-039   [0.000007,-0.000012,]
[1,3,]   61   3.40394e-006   -3.0953e-039   6.9906e-039   [0.000003,-0.000013,]
[2,3,]   62   1.16728e-005   -2.39949e-039   7.27033e-039   [0.000009,-0.000013,]
[3,3,]   63   3.37658e-005   -1.76219e-039   7.24826e-039   [0.000012,-0.000012,]
[4,3,]   64   8.21029e-005   -1.2319e-039   6.53511e-039   [0.000014,-0.000011,]
[5,3,]   65   0.000168453   -7.95987e-040   5.2411e-039   [0.000015,-0.000010,]
[6,3,]   66   0.000293547   -4.5183e-040   3.86339e-039   [0.000015,-0.000008,]
[7,3,]   67   0.000438518   -1.95573e-040   2.82938e-039   [0.000016,-0.000006,]
[8,3,]   68   0.000567605   -2.5527e-041   2.24382e-039   [0.000017,-0.000004,]
[9,3,]   69   0.00064293   5.79549e-041   1.9948e-039   [0.000018,-0.000001,]
[10,3,]   70   0.000641366   5.44436e-041   1.94821e-039   [0.000018,0.000001,]
[11,3,]   71   0.000563804   -3.52303e-041   2.02883e-039   [0.000017,0.000004,]
[12,3,]   72   0.000434397   -2.09547e-040   2.2092e-039   [0.000016,0.000006,]
[13,3,]   73   0.000290629   -4.67883e-040   2.48223e-039   [0.000014,0.000007,]
[14,3,]   74   0.000167119   -8.11824e-040   2.84656e-039   [0.000012,0.000008,]
[15,3,]   75   8.1851e-005   -1.24464e-039   3.30201e-039   [0.000010,0.000009,]
[16,3,]   76   3.39109e-005   -1.76922e-039   3.84855e-039   [0.000009,0.000009,]
[17,3,]   77   1.18192e-005   -2.39745e-039   4.48618e-039   [0.000008,0.000009,]
[18,3,]   78   3.45865e-006   -3.18901e-039   5.2149e-039   [0.000009,0.000009,]
[19,3,]   79   8.85492e-007   -5.33888e-039   6.03471e-039   [0.000011,0.000008,]
[0,4,]   80   2.10226e-006   -4.69835e-039   6.62069e-039   [0.000006,-0.000011,]
[1,4,]   81   8.48852e-006   -2.60399e-039   6.9484e-039   [0.000002,-0.000011,]
[2,4,]   82   2.8584e-005   -1.91402e-039   7.51455e-039   [0.000009,-0.000012,]
[3,4,]   83   8.10091e-005   -1.2679e-039   7.66733e-039   [0.000012,-0.000012,]
[4,4,]   84   0.000192148   -7.28966e-040   6.90685e-039   [0.000015,-0.000011,]
[5,4,]   85   0.000382545   -2.92456e-040   5.37467e-039   [0.000016,-0.000011,]
[6,4,]   86   0.000644201   4.51263e-041   3.70914e-039   [0.000017,-0.000010,]
[7,4,]   87   0.000929452   2.92305e-040   2.45907e-039   [0.000018,-0.000008,]
[8,4,]   88   0.00116814   4.55183e-040   1.75893e-039   [0.000020,-0.000005,]
[9,4,]   89   0.00130076   5.35374e-040   1.46506e-039   [0.000021,-0.000002,]
[10,4,]   90   0.00129811   5.3208e-040   1.40524e-039   [0.000021,0.000002,]
[11,4,]   91   0.00116179   4.46343e-040   1.48288e-039   [0.000020,0.000005,]
[12,4,]   92   0.000922874   2.80381e-040   1.66274e-039   [0.000017,0.000008,]
[13,4,]   93   0.000640119   3.32989e-041   1.9357e-039   [0.000015,0.000010,]
[14,4,]   94   0.000381535   -2.99002e-040   2.30003e-039   [0.000013,0.000010,]
[15,4,]   95   0.000193029   -7.21616e-040   2.75547e-039   [0.000010,0.000011,]
[16,4,]   96   8.22239e-005   -1.23815e-039   3.30201e-039   [0.000009,0.000010,]
[17,4,]   97   2.93285e-005   -1.85992e-039   3.93964e-039   [0.000007,0.000010,]
[18,4,]   98   8.74638e-006   -2.64209e-039   4.66836e-039   [0.000009,0.000010,]
[19,4,]   99   2.26609e-006   -4.67211e-039   5.48817e-039   [0.000010,0.000009,]
[0,5,]   100   4.56308e-006   -4.14506e-039   6.16524e-039   [0.000006,-0.000009,]
[1,5,]   101   1.81111e-005   -2.18065e-039   6.49295e-039   [0.000002,-0.000009,]
[2,5,]   102   5.97774e-005   -1.49108e-039   7.0591e-039   [0.000008,-0.000010,]
[3,5,]   103   0.000165191   -8.45927e-040   7.21188e-039   [0.000012,-0.000011,]
[4,5,]   104   0.000379556   -3.10869e-040   6.4514e-039   [0.000014,-0.000012,]
[5,5,]   105   0.000726321   1.152e-040   4.91922e-039   [0.000016,-0.000012,]
[6,5,]   106   0.00116677   4.35992e-040   3.25369e-039   [0.000018,-0.000012,]
[7,5,]   107   0.00159901   6.62928e-040   2.00362e-039   [0.000021,-0.000011,]
[8,5,]   108   0.0019172   8.08604e-040   1.30348e-039   [0.000023,-0.000008,]
[9,5,]   109   0.00207366   8.80947e-040   1.00961e-039   [0.000026,-0.000003,]
[10,5,]   110   0.00207026   8.77382e-040   9.49787e-040   [0.000025,0.000003,]
[11,5,]   111   0.00190926   8.01052e-040   1.02743e-039   [0.000023,0.000008,]
[12,5,]   112   0.00159137   6.53668e-040   1.20729e-039   [0.000020,0.000011,]
[13,5,]   113   0.00116313   4.28636e-040   1.48025e-039   [0.000016,0.000013,]
[14,5,]   114   0.000727222   1.15251e-040   1.84458e-039   [0.000013,0.000013,]
[15,5,]   115   0.000382933   -2.93388e-040   2.30002e-039   [0.000010,0.000013,]
[16,5,]   116   0.000168429   -8.00437e-040   2.84656e-039   [0.000008,0.000012,]
[17,5,]   117   6.16146e-005   -1.4155e-039   3.48419e-039   [0.000007,0.000011,]
[18,5,]   118   1.87421e-005   -2.18714e-039   4.21291e-039   [0.000008,0.000011,]
[19,5,]   119   4.91024e-006   -4.09472e-039   5.03272e-039   [0.000009,0.000009,]
[0,6,]   120   8.50727e-006   -3.651e-039   5.55037e-039   [0.000006,-0.000008,]
[1,6,]   121   3.32011e-005   -1.81569e-039   5.62425e-039   [0.000002,-0.000007,]
[2,6,]   122   0.000107336   -1.12245e-039   5.90398e-039   [0.000007,-0.000009,]
[3,6,]   123   0.000288243   -4.90355e-040   5.88191e-039   [0.000010,-0.000010,]
[4,6,]   124   0.000637879   2.67817e-041   5.16876e-039   [0.000013,-0.000013,]
[5,6,]   125   0.00116239   4.29971e-040   3.87475e-039   [0.000015,-0.000015,]
[6,6,]   126   0.00175333   7.19144e-040   2.49704e-039   [0.000018,-0.000016,]
[7,6,]   127   0.00222566   9.02772e-040   1.46303e-039   [0.000023,-0.000015,]
[8,6,]   128   0.00246407   9.98782e-040   8.77467e-040   [0.000028,-0.000012,]
[9,6,]   129   0.00252259   1.05286e-039   6.28455e-040   [0.000032,-0.000005,]
[10,6,]   130   0.00251984   1.05299e-039   5.81862e-040   [0.000032,0.000005,]
[11,6,]   131   0.00245706   9.92791e-040   6.62476e-040   [0.000028,0.000012,]
[12,6,]   132   0.00222003   8.96988e-040   8.42849e-040   [0.000022,0.000016,]
[13,6,]   133   0.0017526   7.16744e-040   1.11588e-039   [0.000016,0.000017,]
[14,6,]   134   0.00116641   4.33523e-040   1.48021e-039   [0.000012,0.000016,]
[15,6,]   135   0.000643978   4.28432e-041   1.93566e-039   [0.000009,0.000015,]
[16,6,]   136   0.00029337   -4.53963e-040   2.4822e-039   [0.000007,0.000014,]
[17,6,]   137   0.000110157   -1.06274e-039   3.11983e-039   [0.000006,0.000013,]
[18,6,]   138   3.41675e-005   -1.82302e-039   3.84855e-039   [0.000007,0.000012,]
[19,6,]   139   9.03627e-006   -3.61297e-039   4.66836e-039   [0.000008,0.000010,]
[0,7,]   140   1.3609e-005   -3.24808e-039   4.93005e-039   [0.000005,-0.000008,]
[1,7,]   141   5.22653e-005   -1.52991e-039   4.65229e-039   [0.000001,-0.000008,]
[2,7,]   142   0.000165768   -8.30246e-040   4.53523e-039   [0.000005,-0.000010,]
[3,7,]   143   0.000432874   -2.14691e-040   4.27096e-039   [0.000008,-0.000012,]
[4,7,]   144   0.000921763   2.80854e-040   3.62337e-039   [0.000010,-0.000015,]
[5,7,]   145   0.00159154   6.56081e-040   2.6593e-039   [0.000013,-0.000018,]
[6,7,]   146   0.00222113   8.98714e-040   1.68031e-039   [0.000017,-0.000021,]
[7,7,]   147   0.00252306   9.9142e-040   9.45635e-040   [0.000024,-0.000023,]
[8,7,]   148   0.00242525   9.50632e-040   5.18789e-040   [0.000034,-0.000020,]
[9,7,]   149   0.00219613   8.53331e-040   3.31914e-040   [0.000044,-0.000009,]
[10,7,]   150   0.00219379   8.54666e-040   3.03654e-040   [0.000045,0.000009,]
[11,7,]   151   0.00242083   9.42766e-040   3.8839e-040   [0.000034,0.000021,]
[12,7,]   152   0.00252203   9.90929e-040   5.69474e-040   [0.000023,0.000023,]
[13,7,]   153   0.00222458   9.01716e-040   8.42599e-040   [0.000016,0.000022,]
[14,7,]   154   0.0015982   6.61608e-040   1.20694e-039   [0.000011,0.000020,]
[15,7,]   155   0.000928989   2.91227e-040   1.66239e-039   [0.000008,0.000017,]
[16,7,]   156   0.000438308   -1.96046e-040   2.20893e-039   [0.000006,0.000016,]
[17,7,]   157   0.000168657   -7.99747e-040   2.84656e-039   [0.000005,0.000014,]
[18,7,]   158   5.3235e-005   -1.54823e-039   3.57528e-039   [0.000006,0.000013,]
[19,7,]   159   1.41718e-005   -3.23557e-039   4.39509e-039   [0.000007,0.000011,]
[0,8,]   160   1.86564e-005   -2.97062e-039   4.46561e-039   [0.000005,-0.000010,]
[1,8,]   161   7.06246e-005   -1.34414e-039   3.90185e-039   [0.000000,-0.000010,]
[2,8,]   162   0.000220707   -6.35839e-040   3.46205e-039   [0.000003,-0.000012,]
[3,8,]   163   0.000563633   -3.1387e-041   3.00079e-039   [0.000005,-0.000014,]
[4,8,]   164   0.00116207   4.4945e-040   2.40651e-039   [0.000006,-0.000018,]
[5,8,]   165   0.00191014   8.02918e-040   1.71081e-039   [0.000008,-0.000022,]
[6,8,]   166   0.00245809   9.93476e-040   1.05612e-039   [0.000013,-0.000028,]
[7,8,]   167   0.00242151   9.42735e-040   5.64895e-040   [0.000021,-0.000034,]
[8,8,]   168   0.00181347   3.95955e-040   2.67143e-040   [0.000039,-0.000039,]
[9,8,]   169   0.00119644   -5.16369e-040   1.30807e-040   [0.000069,-0.000018,]
[10,8,]   170   0.00119235   -5.6446e-040   1.17458e-040   [0.000070,0.000028,]
[11,8,]   171   0.0018132   3.9623e-040   2.05547e-040   [0.000039,0.000039,]
[12,8,]   172   0.00242473   9.50843e-040   3.87209e-040   [0.000020,0.000034,]
[13,8,]   173   0.0024634   9.9878e-040   6.6041e-040   [0.000012,0.000028,]
[14,8,]   174   0.00191661   8.08449e-040   1.02476e-039   [0.000008,0.000023,]
[15,8,]   175   0.00116779   4.55114e-040   1.48021e-039   [0.000005,0.000020,]
[16,8,]   176   0.000567464   -2.53166e-041   2.02675e-039   [0.000004,0.000017,]
[17,8,]   177   0.000222641   -6.25782e-040   2.66438e-039   [0.000003,0.000015,]
[18,8,]   178   7.12173e-005   -1.36245e-039   3.3931e-039   [0.000004,0.000013,]
[19,8,]   179   1.90077e-005   -2.97425e-039   4.21291e-039   [0.000005,0.000012,]
[0,9,]   180   2.19392e-005   -2.83365e-039   4.21478e-039   [0.000004,-0.000011,]
[1,9,]   181   8.21028e-005   -1.26082e-039   3.48917e-039   [-0.000001,-0.000012,]
[2,9,]   182   0.000254485   -5.42072e-040   2.86674e-039   [0.000001,-0.000014,]
[3,9,]   183   0.00064186   5.85152e-041   2.29399e-039   [0.000002,-0.000016,]
[4,9,]   184   0.00129886   5.34187e-040   1.72989e-039   [0.000002,-0.000020,]
[5,9,]   185   0.00207106   8.78058e-040   1.18606e-039   [0.000003,-0.000025,]
[6,9,]   186   0.00252042   1.05296e-039   7.14888e-040   [0.000005,-0.000032,]
[7,9,]   187   0.00219407   8.54442e-040   3.61438e-040   [0.000009,-0.000045,]
[8,9,]   188   0.00119244   -5.64625e-040   1.36741e-040   [0.000028,-0.000070,]
[9,9,]   189   0.00029951   -1.21703e-038   2.9006e-041   [0.000121,-0.000111,]
[10,9,]   190   0.000299495   -1.21706e-038   2.40952e-041   [0.000111,0.000121,]
[11,9,]   191   0.00119637   -5.16084e-040   1.14081e-040   [0.000018,0.000069,]
[12,9,]   192   0.00219596   8.53636e-040   2.96071e-040   [0.000009,0.000044,]
[13,9,]   193   0.00252232   1.05312e-039   5.69315e-040   [0.000005,0.000032,]
[14,9,]   194   0.0020734   8.81152e-040   9.33673e-040   [0.000003,0.000025,]
[15,9,]   195   0.00130061   5.35591e-040   1.38912e-039   [0.000002,0.000021,]
[16,9,]   196   0.000642868   5.82358e-041   1.93566e-039   [0.000001,0.000018,]
[17,9,]   197   0.00025495   -5.40848e-040   2.57329e-039   [0.000001,0.000015,]
[18,9,]   198   8.21324e-005   -1.26611e-039   3.30201e-039   [0.000002,0.000014,]
[19,9,]   199   2.18706e-005   -2.84068e-039   4.12182e-039   [0.000004,0.000012,]
[0,10,]   200   2.21716e-005   -2.83626e-039   4.14846e-039   [0.000003,-0.000012,]
[1,10,]   201   8.23665e-005   -1.2718e-039   3.35563e-039   [-0.000002,-0.000013,]
[2,10,]   202   0.000255196   -5.41521e-040   2.65737e-039   [-0.000001,-0.000015,]
[3,10,]   203   0.000643317   5.95575e-041   2.03832e-039   [-0.000001,-0.000017,]
[4,10,]   204   0.00130118   5.35945e-040   1.48675e-039   [-0.000002,-0.000021,]
[5,10,]   205   0.0020739   8.80934e-040   1.00598e-039   [-0.000003,-0.000025,]
[6,10,]   206   0.00252261   1.05274e-039   6.11021e-040   [-0.000005,-0.000032,]
[7,10,]   207   0.00219607   8.5332e-040   3.14778e-040   [-0.000009,-0.000044,]
[8,10,]   208   0.0011964   -5.16287e-040   1.20417e-040   [-0.000018,-0.000069,]
[9,10,]   209   0.000299496   -1.21706e-038   2.45584e-041   [-0.000111,-0.000121,]
[10,10,]   210   0.000299493   -1.21705e-038   2.31515e-041   [-0.000121,0.000111,]
[11,10,]   211   0.00119234   -5.64325e-040   1.13925e-040   [-0.000028,0.000070,]
[12,10,]   212   0.00219375   8.54811e-040   2.96051e-040   [-0.000009,0.000045,]
[13,10,]   213   0.00251977   1.05315e-039   5.69313e-040   [-0.000005,0.000032,]
[14,10,]   214   0.00207018   8.77537e-040   9.33673e-040   [-0.000003,0.000025,]
[15,10,]   215   0.00129806   5.32239e-040   1.38912e-039   [-0.000002,0.000021,]
[16,10,]   216   0.000641348   5.46108e-041   1.93566e-039   [-0.000001,0.000018,]
[17,10,]   217   0.000254238   -5.44846e-040   2.57329e-039   [-0.000001,0.000015,]
[18,10,]   218   8.18638e-005   -1.25975e-039   3.30201e-039   [0.000001,0.000014,]
[19,10,]   219   2.16368e-005   -2.84253e-039   4.12182e-039   [0.000003,0.000012,]
[0,11,]   220   1.92642e-005   -2.97193e-039   4.21886e-039   [0.000002,-0.000011,]
[1,11,]   221   7.13826e-005   -1.37106e-039   3.40507e-039   [-0.000004,-0.000013,]
[2,11,]   222   0.000222752   -6.28856e-040   2.68314e-039   [-0.000003,-0.000015,]
[3,11,]   223   0.00056766   -2.55075e-041   2.04966e-039   [-0.000004,-0.000017,]
[4,11,]   224   0.00116803   4.54813e-040   1.502e-039   [-0.000005,-0.000019,]
[5,11,]   225   0.0019168   8.08142e-040   1.0409e-039   [-0.000008,-0.000023,]
[6,11,]   226   0.00246349   9.98552e-040   6.69709e-040   [-0.000012,-0.000028,]
[7,11,]   227   0.00242476   9.50713e-040   3.91313e-040   [-0.000020,-0.000034,]
[8,11,]   228   0.0018132   3.96192e-040   2.06415e-040   [-0.000039,-0.000039,]
[9,11,]   229   0.00119234   -5.64344e-040   1.14261e-040   [-0.000070,-0.000028,]
[10,11,]   230   0.00119637   -5.16075e-040   1.13947e-040   [-0.000069,0.000018,]
[11,11,]   231   0.0018132   3.96253e-040   2.04966e-040   [-0.000039,0.000039,]
[12,11,]   232   0.00242082   9.42804e-040   3.87134e-040   [-0.000021,0.000034,]
[13,11,]   233   0.00245704   9.92844e-040   6.60403e-040   [-0.000012,0.000028,]
[14,11,]   234   0.00190925   8.01114e-040   1.02476e-039   [-0.000008,0.000023,]
[15,11,]   235   0.00116178   4.46409e-040   1.48021e-039   [-0.000005,0.000020,]
[16,11,]   236   0.000563801   -3.51544e-041   2.02675e-039   [-0.000004,0.000017,]
[17,11,]   237   0.000220901   -6.3699e-040   2.66438e-039   [-0.000003,0.000015,]
[18,11,]   238   7.05564e-005   -1.34353e-039   3.3931e-039   [-0.000001,0.000013,]
[19,11,]   239   1.8422e-005   -2.98016e-039   4.21291e-039   [0.000002,0.000012,]
[0,12,]   240   1.43662e-005   -3.23236e-039   4.39613e-039   [0.000000,-0.000011,]
[1,12,]   241   5.33417e-005   -1.55762e-039   3.57736e-039   [-0.000006,-0.000012,]
[2,12,]   242   0.000168686   -8.03406e-040   2.84982e-039   [-0.000005,-0.000014,]
[3,12,]   243   0.000438361   -1.96472e-040   2.21291e-039   [-0.000006,-0.000015,]
[4,12,]   244   0.000929052   2.90934e-040   1.66618e-039   [-0.000008,-0.000017,]
[5,12,]   245   0.00159825   6.61431e-040   1.20975e-039   [-0.000011,-0.000020,]
[6,12,]   246   0.00222461   9.01626e-040   8.442e-040   [-0.000016,-0.000022,]
[7,12,]   247   0.00252204   9.90899e-040   5.70039e-040   [-0.000023,-0.000023,]
[8,12,]   248   0.00242083   9.42791e-040   3.87387e-040   [-0.000034,-0.000021,]
[9,12,]   249   0.00219375   8.54808e-040   2.96112e-040   [-0.000045,-0.000009,]
[10,12,]   250   0.00219596   8.53636e-040   2.96057e-040   [-0.000044,0.000009,]
[11,12,]   251   0.00242473   9.50846e-040   3.87135e-040   [-0.000034,0.000020,]
[12,12,]   252   0.00252203   9.90937e-040   5.69313e-040   [-0.000023,0.000023,]
[13,12,]   253   0.00222003   8.97001e-040   8.42583e-040   [-0.000016,0.000022,]
[14,12,]   254   0.00159137   6.53685e-040   1.20694e-039   [-0.000011,0.000020,]
[15,12,]   255   0.000922873   2.80401e-040   1.66239e-039   [-0.000008,0.000017,]
[16,12,]   256   0.000434397   -2.0951e-040   2.20893e-039   [-0.000006,0.000016,]
[17,12,]   257   0.000166745   -8.16028e-040   2.84656e-039   [-0.000005,0.000014,]
[18,12,]   258   5.24959e-005   -1.51713e-039   3.57528e-039   [-0.000002,0.000013,]
[19,12,]   259   1.3491e-005   -3.24631e-039   4.39509e-039   [0.000001,0.000012,]
[0,13,]   260   9.16608e-006   -3.60739e-039   4.6685e-039   [-0.000001,-0.000010,]
[1,13,]   261   3.42335e-005   -1.83248e-039   3.84883e-039   [-0.000007,-0.000012,]
[2,13,]   262   0.000110161   -1.0663e-039   3.12027e-039   [-0.000006,-0.000013,]
[3,13,]   263   0.000293379   -4.54199e-040   2.48274e-039   [-0.000007,-0.000014,]
[4,13,]   264   0.000643989   4.27008e-041   1.93617e-039   [-0.000009,-0.000015,]
[5,13,]   265   0.00116642   4.33453e-040   1.48059e-039   [-0.000012,-0.000016,]
[6,13,]   266   0.0017526   7.16717e-040   1.11607e-039   [-0.000016,-0.000017,]
[7,13,]   267   0.00222003   8.96991e-040   8.42681e-040   [-0.000022,-0.000016,]
[8,13,]   268   0.00245704   9.92841e-040   6.60437e-040   [-0.000028,-0.000012,]
[9,13,]   269   0.00251977   1.05315e-039   5.69322e-040   [-0.000032,-0.000005,]
[10,13,]   270   0.00252232   1.05312e-039   5.69314e-040   [-0.000032,0.000005,]
[11,13,]   271   0.0024634   9.9878e-040   6.60403e-040   [-0.000028,0.000012,]
[12,13,]   272   0.00222458   9.01718e-040   8.42583e-040   [-0.000022,0.000016,]
[13,13,]   273   0.0017526   7.16746e-040   1.11585e-039   [-0.000017,0.000016,]
[14,13,]   274   0.00116313   4.28639e-040   1.48021e-039   [-0.000013,0.000016,]
[15,13,]   275   0.000640119   3.3304e-041   1.93566e-039   [-0.000010,0.000015,]
[16,13,]   276   0.000290629   -4.67855e-040   2.4822e-039   [-0.000007,0.000014,]
[17,13,]   277   0.000108742   -1.0812e-039   3.11983e-039   [-0.000006,0.000013,]
[18,13,]   278   3.36026e-005   -1.78025e-039   3.84855e-039   [-0.000003,0.000012,]
[19,13,]   279   8.48148e-006   -3.6288e-039   4.66836e-039   [0.000000,0.000011,]
[0,14,]   280   4.98508e-006   -4.08645e-039   5.03274e-039   [-0.000001,-0.000009,]
[1,14,]   281   1.87792e-005   -2.19678e-039   4.21294e-039   [-0.000008,-0.000011,]
[2,14,]   282   6.16148e-005   -1.41898e-039   3.48424e-039   [-0.000007,-0.000011,]
[3,14,]   283   0.000168429   -8.00516e-040   2.84662e-039   [-0.000008,-0.000012,]
[4,14,]   284   0.000382934   -2.93436e-040   2.30008e-039   [-0.000010,-0.000013,]
[5,14,]   285   0.000727223   1.15229e-040   1.84461e-039   [-0.000013,-0.000013,]
[6,14,]   286   0.00116313   4.2863e-040   1.48024e-039   [-0.000016,-0.000013,]
[7,14,]   287   0.00159137   6.53683e-040   1.20695e-039   [-0.000020,-0.000011,]
[8,14,]   288   0.00190925   8.01114e-040   1.02477e-039   [-0.000023,-0.000008,]
[9,14,]   289   0.00207018   8.77537e-040   9.33673e-040   [-0.000025,-0.000003,]
[10,14,]   290   0.0020734   8.81152e-040   9.33673e-040   [-0.000025,0.000003,]
[11,14,]   291   0.00191661   8.08449e-040   1.02476e-039   [-0.000023,0.000008,]
[12,14,]   292   0.0015982   6.61608e-040   1.20694e-039   [-0.000020,0.000011,]
[13,14,]   293   0.00116641   4.33523e-040   1.48021e-039   [-0.000016,0.000012,]
[14,14,]   294   0.000727222   1.1525e-040   1.84457e-039   [-0.000013,0.000013,]
[15,14,]   295   0.000381535   -2.99e-040   2.30002e-039   [-0.000010,0.000013,]
[16,14,]   296   0.000167119   -8.11796e-040   2.84656e-039   [-0.000008,0.000012,]
[17,14,]   297   6.086e-005   -1.4331e-039   3.48419e-039   [-0.000007,0.000011,]
[18,14,]   298   1.84231e-005   -2.13324e-039   4.21291e-039   [-0.000003,0.000011,]
[19,14,]   299   4.56403e-006   -4.11478e-039   5.03272e-039   [0.000000,0.000010,]
[0,15,]   300   2.30278e-006   -4.66119e-039   5.48817e-039   [-0.000002,-0.000009,]
[1,15,]   301   8.76449e-006   -2.65211e-039   4.66836e-039   [-0.000009,-0.000010,]
[2,15,]   302   2.93284e-005   -1.86344e-039   3.93965e-039   [-0.000007,-0.000010,]
[3,15,]   303   8.22239e-005   -1.23816e-039   3.30202e-039   [-0.000009,-0.000010,]
[4,15,]   304   0.000193029   -7.21627e-040   2.75548e-039   [-0.000010,-0.000011,]
[5,15,]   305   0.000381536   -2.99004e-040   2.30003e-039   [-0.000013,-0.000010,]
[6,15,]   306   0.00064012   3.33021e-041   1.93566e-039   [-0.000015,-0.000010,]
[7,15,]   307   0.000922873   2.80401e-040   1.66239e-039   [-0.000017,-0.000008,]
[8,15,]   308   0.00116178   4.46409e-040   1.48021e-039   [-0.000020,-0.000005,]
[9,15,]   309   0.00129806   5.32239e-040   1.38912e-039   [-0.000021,-0.000002,]
[10,15,]   310   0.00130061   5.35591e-040   1.38912e-039   [-0.000021,0.000002,]
[11,15,]   311   0.00116779   4.55114e-040   1.48021e-039   [-0.000020,0.000005,]
[12,15,]   312   0.000928989   2.91228e-040   1.66239e-039   [-0.000017,0.000008,]
[13,15,]   313   0.000643978   4.28433e-041   1.93566e-039   [-0.000015,0.000009,]
[14,15,]   314   0.000382933   -2.93389e-040   2.30002e-039   [-0.000013,0.000010,]
[15,15,]   315   0.000193029   -7.21615e-040   2.75547e-039   [-0.000011,0.000010,]
[16,15,]   316   8.18511e-005   -1.24461e-039   3.30201e-039   [-0.000009,0.000010,]
[17,15,]   317   2.90435e-005   -1.87389e-039   3.93964e-039   [-0.000007,0.000010,]
[18,15,]   318   8.61174e-006   -2.57746e-039   4.66836e-039   [-0.000004,0.000010,]
[19,15,]   319   2.09506e-006   -4.69419e-039   5.48817e-039   [0.000000,0.000010,]
[0,16,]   320   9.00656e-007   -5.32541e-039   6.03471e-039   [-0.000002,-0.000008,]
[1,16,]   321   3.46612e-006   -3.19946e-039   5.2149e-039   [-0.000010,-0.000009,]
[2,16,]   322   1.18191e-005   -2.40104e-039   4.48618e-039   [-0.000008,-0.000009,]
[3,16,]   323   3.39109e-005   -1.76918e-039   3.84855e-039   [-0.000009,-0.000009,]
[4,16,]   324   8.18511e-005   -1.24462e-039   3.30201e-039   [-0.000010,-0.000009,]
[5,16,]   325   0.000167119   -8.11796e-040   2.84656e-039   [-0.000012,-0.000008,]
[6,16,]   326   0.000290629   -4.67856e-040   2.4822e-039   [-0.000014,-0.000007,]
[7,16,]   327   0.000434397   -2.0951e-040   2.20893e-039   [-0.000016,-0.000006,]
[8,16,]   328   0.000563801   -3.51544e-041   2.02675e-039   [-0.000017,-0.000004,]
[9,16,]   329   0.000641348   5.46109e-041   1.93566e-039   [-0.000018,-0.000001,]
[10,16,]   330   0.000642868   5.82357e-041   1.93566e-039   [-0.000018,0.000001,]
[11,16,]   331   0.000567464   -2.53166e-041   2.02675e-039   [-0.000017,0.000004,]
[12,16,]   332   0.000438308   -1.96046e-040   2.20893e-039   [-0.000016,0.000006,]
[13,16,]   333   0.00029337   -4.53963e-040   2.4822e-039   [-0.000014,0.000007,]
[14,16,]   334   0.000168429   -8.00438e-040   2.84656e-039   [-0.000012,0.000008,]
[15,16,]   335   8.22239e-005   -1.23815e-039   3.30201e-039   [-0.000010,0.000009,]
[16,16,]   336   3.39109e-005   -1.76919e-039   3.84855e-039   [-0.000009,0.000009,]
[17,16,]   337   1.17535e-005   -2.40559e-039   4.48618e-039   [-0.000008,0.000009,]
[18,16,]   338   3.41757e-006   -3.11401e-039   5.2149e-039   [-0.000004,0.000009,]
[19,16,]   339   8.17578e-007   -5.35986e-039   6.03471e-039   [0.000000,0.000009,]
[0,17,]   340   2.97205e-007   -6.08781e-039   6.67234e-039   [-0.000003,-0.000007,]
[1,17,]   341   1.15669e-006   -3.85128e-039   5.85253e-039   [-0.000010,-0.000008,]
[2,17,]   342   4.01337e-006   -3.04394e-039   5.12381e-039   [-0.000008,-0.000008,]
[3,17,]   343   1.17535e-005   -2.40558e-039   4.48618e-039   [-0.000009,-0.000008,]
[4,17,]   344   2.90435e-005   -1.87389e-039   3.93964e-039   [-0.000010,-0.000007,]
[5,17,]   345   6.086e-005   -1.4331e-039   3.48419e-039   [-0.000011,-0.000007,]
[6,17,]   346   0.000108742   -1.0812e-039   3.11983e-039   [-0.000013,-0.000006,]
[7,17,]   347   0.000166745   -8.16028e-040   2.84656e-039   [-0.000014,-0.000005,]
[8,17,]   348   0.000220901   -6.3699e-040   2.66438e-039   [-0.000015,-0.000003,]
[9,17,]   349   0.000254238   -5.44846e-040   2.57329e-039   [-0.000015,-0.000001,]
[10,17,]   350   0.00025495   -5.40848e-040   2.57329e-039   [-0.000015,0.000001,]
[11,17,]   351   0.000222641   -6.25782e-040   2.66438e-039   [-0.000015,0.000003,]
[12,17,]   352   0.000168657   -7.99747e-040   2.84656e-039   [-0.000014,0.000005,]
[13,17,]   353   0.000110157   -1.06274e-039   3.11983e-039   [-0.000013,0.000006,]
[14,17,]   354   6.16146e-005   -1.4155e-039   3.48419e-039   [-0.000011,0.000007,]
[15,17,]   355   2.93285e-005   -1.85992e-039   3.93964e-039   [-0.000010,0.000007,]
[16,17,]   356   1.18192e-005   -2.39742e-039   4.48618e-039   [-0.000009,0.000008,]
[17,17,]   357   4.01341e-006   -3.04021e-039   5.12381e-039   [-0.000008,0.000008,]
[18,17,]   358   1.14643e-006   -3.75452e-039   5.85253e-039   [-0.000004,0.000008,]
[19,17,]   359   2.70167e-007   -6.11917e-039   6.67234e-039   [0.000000,0.000008,]
[0,18,]   360   8.26775e-008   -6.91727e-039   7.40106e-039   [-0.000003,-0.000003,]
[1,18,]   361   3.25292e-007   -4.57451e-039   6.58125e-039   [-0.000010,-0.000003,]
[2,18,]   362   1.14642e-006   -3.75833e-039   5.85253e-039   [-0.000008,-0.000004,]
[3,18,]   363   3.41757e-006   -3.11399e-039   5.2149e-039   [-0.000009,-0.000004,]
[4,18,]   364   8.61173e-006   -2.57747e-039   4.66836e-039   [-0.000010,-0.000004,]
[5,18,]   365   1.84231e-005   -2.13324e-039   4.21291e-039   [-0.000011,-0.000003,]
[6,18,]   366   3.36026e-005   -1.78025e-039   3.84855e-039   [-0.000012,-0.000003,]
[7,18,]   367   5.24959e-005   -1.51713e-039   3.57528e-039   [-0.000013,-0.000002,]
[8,18,]   368   7.05564e-005   -1.34353e-039   3.3931e-039   [-0.000013,-0.000001,]
[9,18,]   369   8.18638e-005   -1.25975e-039   3.30201e-039   [-0.000014,0.000001,]
[10,18,]   370   8.21324e-005   -1.26611e-039   3.30201e-039   [-0.000014,0.000002,]
[11,18,]   371   7.12173e-005   -1.36245e-039   3.3931e-039   [-0.000013,0.000004,]
[12,18,]   372   5.3235e-005   -1.54823e-039   3.57528e-039   [-0.000013,0.000006,]
[13,18,]   373   3.41675e-005   -1.82302e-039   3.84855e-039   [-0.000012,0.000007,]
[14,18,]   374   1.87421e-005   -2.18714e-039   4.21291e-039   [-0.000011,0.000008,]
[15,18,]   375   8.74639e-006   -2.64209e-039   4.66836e-039   [-0.000010,0.000009,]
[16,18,]   376   3.45865e-006   -3.18898e-039   5.2149e-039   [-0.000009,0.000009,]
[17,18,]   377   1.15411e-006   -3.84033e-039   5.85253e-039   [-0.000008,0.000010,]
[18,18,]   378   3.24542e-007   -4.56299e-039   6.58125e-039   [-0.000003,0.000010,]
[19,18,]   379   7.54866e-008   -7.03767e-039   7.40106e-039   [0.000001,0.000011,]
[0,19,]   380   1.91032e-008   -9.54412e-039   8.22087e-039   [-0.000003,0.000001,]
[1,19,]   381   7.56724e-008   -7.04945e-039   7.40106e-039   [-0.000011,0.000001,]
[2,19,]   382   2.70164e-007   -6.1232e-039   6.67234e-039   [-0.000008,0.000000,]
[3,19,]   383   8.17577e-007   -5.35985e-039   6.03471e-039   [-0.000009,0.000000,]
[4,19,]   384   2.09505e-006   -4.69419e-039   5.48817e-039   [-0.000010,0.000000,]
[5,19,]   385   4.56403e-006   -4.11478e-039   5.03272e-039   [-0.000010,0.000000,]
[6,19,]   386   8.48148e-006   -3.6288e-039   4.66836e-039   [-0.000011,0.000000,]
[7,19,]   387   1.3491e-005   -3.24631e-039   4.39509e-039   [-0.000012,0.000001,]
[8,19,]   388   1.8422e-005   -2.98016e-039   4.21291e-039   [-0.000012,0.000002,]
[9,19,]   389   2.16368e-005   -2.84253e-039   4.12182e-039   [-0.000012,0.000003,]
[10,19,]   390   2.18706e-005   -2.84068e-039   4.12182e-039   [-0.000012,0.000004,]
[11,19,]   391   1.90077e-005   -2.97425e-039   4.21291e-039   [-0.000012,0.000005,]
[12,19,]   392   1.41718e-005   -3.23557e-039   4.39509e-039   [-0.000011,0.000007,]
[13,19,]   393   9.03627e-006   -3.61297e-039   4.66836e-039   [-0.000010,0.000008,]
[14,19,]   394   4.91024e-006   -4.09472e-039   5.03272e-039   [-0.000009,0.000009,]
[15,19,]   395   2.26609e-006   -4.67211e-039   5.48817e-039   [-0.000009,0.000010,]
[16,19,]   396   8.85493e-007   -5.33884e-039   6.03471e-039   [-0.000008,0.000011,]
[17,19,]   397   2.9195e-007   -6.10356e-039   6.67234e-039   [-0.000007,0.000012,]
[18,19,]   398   8.11513e-008   -6.93428e-039   7.40106e-039   [-0.000003,0.000013,]
[19,19,]   399   1.87249e-008   -9.56956e-039   8.22087e-039   [0.000001,0.000013,]
