coordinates  index   rho      Q      V    velocities 
[0,0,]   0   6.58452e-008   -8.50416e-039   8.22087e-039   [0.000021,0.000007,]
[1,0,]   1   1.73063e-007   -6.77892e-039   7.40106e-039   [-0.000010,0.000007,]
[2,0,]   2   5.78511e-007   -5.59925e-039   6.67234e-039   [0.000003,0.000007,]
[3,0,]   3   1.74224e-006   -4.66987e-039   6.03471e-039   [0.000006,0.000007,]
[4,0,]   4   4.35305e-006   -4.07004e-039   5.48817e-039   [0.000008,0.000007,]
[5,0,]   5   9.12239e-006   -3.57251e-039   5.03272e-039   [0.000009,0.000007,]
[6,0,]   6   1.60792e-005   -3.18959e-039   4.66836e-039   [0.000010,0.000008,]
[7,0,]   7   2.39723e-005   -2.92054e-039   4.39509e-039   [0.000011,0.000010,]
[8,0,]   8   3.04214e-005   -2.77987e-039   4.21291e-039   [0.000012,0.000011,]
[9,0,]   9   3.3123e-005   -2.777e-039   4.12182e-039   [0.000013,0.000013,]
[10,0,]   10   3.12239e-005   -2.89552e-039   4.12182e-039   [0.000013,0.000015,]
[11,0,]   11   2.56981e-005   -3.10268e-039   4.21291e-039   [0.000013,0.000017,]
[12,0,]   12   1.8553e-005   -3.37966e-039   4.39509e-039   [0.000013,0.000018,]
[13,0,]   13   1.17297e-005   -3.71963e-039   4.66836e-039   [0.000013,0.000019,]
[14,0,]   14   6.45186e-006   -4.13199e-039   5.03272e-039   [0.000012,0.000020,]
[15,0,]   15   3.05958e-006   -4.62732e-039   5.48817e-039   [0.000011,0.000021,]
[16,0,]   16   1.23947e-006   -5.19948e-039   6.03471e-039   [0.000010,0.000021,]
[17,0,]   17   4.22009e-007   -5.9575e-039   6.67234e-039   [0.000011,0.000021,]
[18,0,]   18   1.22812e-007   -7.22833e-039   7.40106e-039   [0.000022,0.000022,]
[19,0,]   19   4.20543e-008   -9.09809e-039   8.22087e-039   [0.000032,0.000022,]
[0,1,]   20   1.48949e-007   -7.20917e-039   7.40106e-039   [0.000021,-0.000026,]
[1,1,]   21   3.99394e-007   -5.4119e-039   6.58125e-039   [-0.000008,-0.000025,]
[2,1,]   22   1.34913e-006   -4.2999e-039   5.85253e-039   [0.000005,-0.000025,]
[3,1,]   23   4.10602e-006   -3.42544e-039   5.2149e-039   [0.000008,-0.000024,]
[4,1,]   24   1.04044e-005   -2.86093e-039   4.66836e-039   [0.000010,-0.000022,]
[5,1,]   25   2.22121e-005   -2.38453e-039   4.21291e-039   [0.000011,-0.000021,]
[6,1,]   26   4.00611e-005   -2.01176e-039   3.84855e-039   [0.000012,-0.000019,]
[7,1,]   27   6.13594e-005   -1.73783e-039   3.57528e-039   [0.000013,-0.000017,]
[8,1,]   28   8.02408e-005   -1.56807e-039   3.3931e-039   [0.000014,-0.000014,]
[9,1,]   29   9.00939e-005   -1.50722e-039   3.30201e-039   [0.000015,-0.000011,]
[10,1,]   30   8.73124e-005   -1.5485e-039   3.30201e-039   [0.000015,-0.000009,]
[11,1,]   31   7.33617e-005   -1.67515e-039   3.3931e-039   [0.000014,-0.000006,]
[12,1,]   32   5.35308e-005   -1.88317e-039   3.57528e-039   [0.000013,-0.000005,]
[13,1,]   33   3.38692e-005   -2.16821e-039   3.84855e-039   [0.000012,-0.000004,]
[14,1,]   34   1.84968e-005   -2.5368e-039   4.21291e-039   [0.000011,-0.000004,]
[15,1,]   35   8.66565e-006   -2.99472e-039   4.66836e-039   [0.000010,-0.000005,]
[16,1,]   36   3.45956e-006   -3.53373e-039   5.2149e-039   [0.000009,-0.000005,]
[17,1,]   37   1.15959e-006   -4.26326e-039   5.85253e-039   [0.000010,-0.000006,]
[18,1,]   38   3.32109e-007   -5.5048e-039   6.58125e-039   [0.000021,-0.000007,]
[19,1,]   39   1.11736e-007   -7.49392e-039   7.40106e-039   [0.000031,-0.000008,]
[0,2,]   40   4.72806e-007   -5.72548e-039   6.67234e-039   [0.000019,-0.000016,]
[1,2,]   41   1.26515e-006   -4.03657e-039   5.85253e-039   [-0.000008,-0.000015,]
[2,2,]   42   4.18378e-006   -3.01618e-039   5.12381e-039   [0.000005,-0.000015,]
[3,2,]   43   1.24996e-005   -2.19474e-039   4.48618e-039   [0.000008,-0.000015,]
[4,2,]   44   3.12318e-005   -1.65945e-039   3.93964e-039   [0.000010,-0.000015,]
[5,2,]   45   6.58986e-005   -1.21146e-039   3.48419e-039   [0.000012,-0.000015,]
[6,2,]   46   0.00011767   -8.76849e-040   3.11983e-039   [0.000014,-0.000014,]
[7,2,]   47   0.000179022   -6.45891e-040   2.84656e-039   [0.000016,-0.000012,]
[8,2,]   48   0.000233834   -5.21005e-040   2.66438e-039   [0.000017,-0.000010,]
[9,2,]   49   0.000264189   -4.93975e-040   2.57329e-039   [0.000018,-0.000006,]
[10,2,]   50   0.000259283   -5.64404e-040   2.57329e-039   [0.000018,-0.000003,]
[11,2,]   51   0.000221455   -7.24235e-040   2.66438e-039   [0.000017,0.000000,]
[12,2,]   52   0.000164636   -9.51153e-040   2.84656e-039   [0.000015,0.000003,]
[13,2,]   53   0.000106174   -1.24609e-039   3.11983e-039   [0.000013,0.000005,]
[14,2,]   54   5.90919e-005   -1.60595e-039   3.48419e-039   [0.000012,0.000006,]
[15,2,]   55   2.81894e-005   -2.0429e-039   3.93964e-039   [0.000010,0.000006,]
[16,2,]   56   1.14439e-005   -2.55372e-039   4.48618e-039   [0.000009,0.000006,]
[17,2,]   57   3.89513e-006   -3.24953e-039   5.12381e-039   [0.000009,0.000006,]
[18,2,]   58   1.1307e-006   -4.43312e-039   5.85253e-039   [0.000020,0.000006,]
[19,2,]   59   3.78642e-007   -6.34577e-039   6.67234e-039   [0.000029,0.000004,]
[0,3,]   60   1.32439e-006   -4.88819e-039   6.03471e-039   [0.000018,-0.000014,]
[1,3,]   61   3.52688e-006   -3.33271e-039   5.2149e-039   [-0.000008,-0.000012,]
[2,3,]   62   1.13616e-005   -2.39394e-039   4.48618e-039   [0.000005,-0.000013,]
[3,3,]   63   3.30956e-005   -1.61765e-039   3.84855e-039   [0.000008,-0.000013,]
[4,3,]   64   8.09046e-005   -1.09611e-039   3.30201e-039   [0.000010,-0.000013,]
[5,3,]   65   0.00016727   -6.5256e-040   2.84656e-039   [0.000012,-0.000013,]
[6,3,]   66   0.000293151   -3.16985e-040   2.4822e-039   [0.000015,-0.000012,]
[7,3,]   67   0.000439449   -8.31179e-041   2.20893e-039   [0.000018,-0.000011,]
[8,3,]   68   0.000570265   6.64525e-041   2.02675e-039   [0.000020,-0.000008,]
[9,3,]   69   0.000647466   1.33039e-040   1.93566e-039   [0.000022,-0.000005,]
[10,3,]   70   0.00064611   1.08348e-040   1.93566e-039   [0.000022,-0.000002,]
[11,3,]   71   0.000566093   -3.17745e-042   2.02675e-039   [0.000020,0.000002,]
[12,3,]   72   0.000433549   -2.08755e-040   2.20893e-039   [0.000018,0.000005,]
[13,3,]   73   0.00028839   -4.84878e-040   2.4822e-039   [0.000015,0.000007,]
[14,3,]   74   0.000165298   -8.35211e-040   2.84656e-039   [0.000012,0.000008,]
[15,3,]   75   8.10137e-005   -1.25838e-039   3.30201e-039   [0.000010,0.000008,]
[16,3,]   76   3.36859e-005   -1.7556e-039   3.84855e-039   [0.000009,0.000008,]
[17,3,]   77   1.17107e-005   -2.43428e-039   4.48618e-039   [0.000009,0.000008,]
[18,3,]   78   3.46128e-006   -3.57283e-039   5.2149e-039   [0.000019,0.000008,]
[19,3,]   79   1.15325e-006   -5.40809e-039   6.03471e-039   [0.000028,0.000006,]
[0,4,]   80   3.13345e-006   -4.38836e-039   5.48817e-039   [0.000017,-0.000011,]
[1,4,]   81   8.3585e-006   -2.94778e-039   4.66836e-039   [-0.000007,-0.000010,]
[2,4,]   82   2.63015e-005   -2.07193e-039   3.93964e-039   [0.000004,-0.000010,]
[3,4,]   83   7.45687e-005   -1.33166e-039   3.30201e-039   [0.000007,-0.000010,]
[4,4,]   84   0.000177406   -8.20416e-040   2.75547e-039   [0.000010,-0.000011,]
[5,4,]   85   0.00035652   -3.74839e-040   2.30002e-039   [0.000013,-0.000011,]
[6,4,]   86   0.00060673   -3.84242e-041   1.93566e-039   [0.000016,-0.000010,]
[7,4,]   87   0.000885408   2.15243e-040   1.66239e-039   [0.000019,-0.000009,]
[8,4,]   88   0.00112634   3.81469e-040   1.48021e-039   [0.000023,-0.000007,]
[9,4,]   89   0.00127263   5.09525e-040   1.38912e-039   [0.000025,-0.000003,]
[10,4,]   90   0.00128761   5.48884e-040   1.38912e-039   [0.000026,0.000001,]
[11,4,]   91   0.00116017   4.5607e-040   1.48021e-039   [0.000024,0.000005,]
[12,4,]   92   0.000923773   2.8896e-040   1.66239e-039   [0.000020,0.000008,]
[13,4,]   93   0.000639814   2.16489e-041   1.93566e-039   [0.000016,0.000010,]
[14,4,]   94   0.000380898   -3.16522e-040   2.30002e-039   [0.000013,0.000010,]
[15,4,]   95   0.000192892   -7.36518e-040   2.75547e-039   [0.000010,0.000011,]
[16,4,]   96   8.24369e-005   -1.22907e-039   3.30201e-039   [0.000009,0.000010,]
[17,4,]   97   2.93235e-005   -1.90042e-039   3.93964e-039   [0.000009,0.000010,]
[18,4,]   98   8.82988e-006   -2.99889e-039   4.66836e-039   [0.000018,0.000009,]
[19,4,]   99   2.9203e-006   -4.75664e-039   5.48817e-039   [0.000026,0.000007,]
[0,5,]   100   6.48078e-006   -3.95293e-039   5.03272e-039   [0.000016,-0.000009,]
[1,5,]   101   1.75062e-005   -2.57069e-039   4.21291e-039   [-0.000006,-0.000008,]
[2,5,]   102   5.41366e-005   -1.7251e-039   3.48419e-039   [0.000004,-0.000008,]
[3,5,]   103   0.000149439   -1.00557e-039   2.84656e-039   [0.000007,-0.000009,]
[4,5,]   104   0.000344326   -4.98396e-040   2.30002e-039   [0.000010,-0.000009,]
[5,5,]   105   0.000665741   -6.24075e-041   1.84457e-039   [0.000013,-0.000009,]
[6,5,]   106   0.00108395   2.78884e-040   1.48021e-039   [0.000017,-0.000009,]
[7,5,]   107   0.00150684   5.17405e-040   1.20694e-039   [0.000021,-0.000008,]
[8,5,]   108   0.00183494   7.13078e-040   1.02476e-039   [0.000026,-0.000005,]
[9,5,]   109   0.00200957   7.98455e-040   9.33673e-040   [0.000029,-0.000001,]
[10,5,]   110   0.00203871   8.73792e-040   9.33673e-040   [0.000030,0.000004,]
[11,5,]   111   0.00190363   8.18358e-040   1.02476e-039   [0.000027,0.000009,]
[12,5,]   112   0.00159664   6.59233e-040   1.20694e-039   [0.000022,0.000011,]
[13,5,]   113   0.00116938   4.36361e-040   1.48021e-039   [0.000017,0.000013,]
[14,5,]   114   0.000731086   1.11554e-040   1.84457e-039   [0.000013,0.000013,]
[15,5,]   115   0.000385468   -2.92266e-040   2.30002e-039   [0.000010,0.000013,]
[16,5,]   116   0.000170004   -7.80514e-040   2.84656e-039   [0.000008,0.000012,]
[17,5,]   117   6.19911e-005   -1.44351e-039   3.48419e-039   [0.000008,0.000011,]
[18,5,]   118   1.90232e-005   -2.4989e-039   4.21291e-039   [0.000016,0.000010,]
[19,5,]   119   6.22321e-006   -4.18215e-039   5.03272e-039   [0.000023,0.000008,]
[0,6,]   120   1.17965e-005   -3.55744e-039   4.66836e-039   [0.000016,-0.000008,]
[1,6,]   121   3.25328e-005   -2.17132e-039   3.84855e-039   [-0.000006,-0.000007,]
[2,6,]   122   9.94708e-005   -1.3211e-039   3.11983e-039   [0.000004,-0.000008,]
[3,6,]   123   0.000267747   -6.01537e-040   2.4822e-039   [0.000006,-0.000008,]
[4,6,]   124   0.00059504   -1.0413e-040   1.93566e-039   [0.000009,-0.000009,]
[5,6,]   125   0.00109631   3.2516e-040   1.48021e-039   [0.000013,-0.000010,]
[6,6,]   126   0.00167586   6.30824e-040   1.11585e-039   [0.000017,-0.000010,]
[7,6,]   127   0.00215912   8.7099e-040   8.42583e-040   [0.000023,-0.000009,]
[8,6,]   128   0.00241408   9.81015e-040   6.60403e-040   [0.000030,-0.000007,]
[9,6,]   129   0.0024787   1.03399e-039   5.69313e-040   [0.000035,0.000000,]
[10,6,]   130   0.00248029   1.01317e-039   5.69313e-040   [0.000036,0.000008,]
[11,6,]   131   0.00245038   1.00366e-039   6.60403e-040   [0.000032,0.000014,]
[12,6,]   132   0.00223689   9.38449e-040   8.42583e-040   [0.000024,0.000017,]
[13,6,]   133   0.00176809   7.20069e-040   1.11585e-039   [0.000017,0.000017,]
[14,6,]   134   0.00117746   4.40598e-040   1.48021e-039   [0.000012,0.000016,]
[15,6,]   135   0.000650644   4.78894e-041   1.93566e-039   [0.000009,0.000015,]
[16,6,]   136   0.000297054   -4.28249e-040   2.4822e-039   [0.000007,0.000014,]
[17,6,]   137   0.000111104   -1.08516e-039   3.11983e-039   [0.000007,0.000013,]
[18,6,]   138   3.47191e-005   -2.09401e-039   3.84855e-039   [0.000014,0.000011,]
[19,6,]   139   1.11871e-005   -3.71139e-039   4.66836e-039   [0.000021,0.000009,]
[0,7,]   140   1.87027e-005   -3.24002e-039   4.39509e-039   [0.000017,-0.000009,]
[1,7,]   141   5.259e-005   -1.82638e-039   3.57528e-039   [-0.000006,-0.000008,]
[2,7,]   142   0.000159473   -9.49928e-040   2.84656e-039   [0.000003,-0.000009,]
[3,7,]   143   0.000419144   -2.32858e-040   2.20893e-039   [0.000005,-0.000010,]
[4,7,]   144   0.000897627   2.63131e-040   1.66239e-039   [0.000008,-0.000012,]
[5,7,]   145   0.00156384   6.49034e-040   1.20694e-039   [0.000011,-0.000013,]
[6,7,]   146   0.00221071   9.56697e-040   8.42583e-040   [0.000016,-0.000016,]
[7,7,]   147   0.0025347   1.06221e-039   5.69313e-040   [0.000024,-0.000017,]
[8,7,]   148   0.00245491   1.06254e-039   3.87133e-040   [0.000036,-0.000013,]
[9,7,]   149   0.00220413   7.19895e-040   2.96043e-040   [0.000046,-0.000004,]
[10,7,]   150   0.00216253   7.46432e-040   2.96043e-040   [0.000046,0.000016,]
[11,7,]   151   0.0024144   9.34076e-040   3.87133e-040   [0.000036,0.000024,]
[12,7,]   152   0.00254052   1.01147e-039   5.69313e-040   [0.000024,0.000024,]
[13,7,]   153   0.00224942   9.3254e-040   8.42583e-040   [0.000016,0.000022,]
[14,7,]   154   0.0016148   6.65587e-040   1.20694e-039   [0.000011,0.000020,]
[15,7,]   155   0.000939302   3.03956e-040   1.66239e-039   [0.000008,0.000017,]
[16,7,]   156   0.000443668   -1.70631e-040   2.20893e-039   [0.000006,0.000016,]
[17,7,]   157   0.000169921   -8.18212e-040   2.84656e-039   [0.000006,0.000014,]
[18,7,]   158   5.39315e-005   -1.78193e-039   3.57528e-039   [0.000012,0.000012,]
[19,7,]   159   1.7039e-005   -3.35008e-039   4.39509e-039   [0.000018,0.000010,]
[0,8,]   160   2.56164e-005   -3.02984e-039   4.21291e-039   [0.000017,-0.000010,]
[1,8,]   161   7.26054e-005   -1.61212e-039   3.3931e-039   [-0.000006,-0.000010,]
[2,8,]   162   0.000218447   -7.14424e-040   2.66438e-039   [0.000002,-0.000011,]
[3,8,]   163   0.000562705   4.33743e-042   2.02675e-039   [0.000004,-0.000013,]
[4,8,]   164   0.00116542   4.79017e-040   1.48021e-039   [0.000006,-0.000016,]
[5,8,]   165   0.00192613   8.5863e-040   1.02476e-039   [0.000008,-0.000019,]
[6,8,]   166   0.00248747   1.05839e-039   6.60403e-040   [0.000013,-0.000024,]
[7,8,]   167   0.00245918   1.01555e-039   3.87133e-040   [0.000022,-0.000030,]
[8,8,]   168   0.0018607   3.49458e-040   2.04953e-040   [0.000039,-0.000031,]
[9,8,]   169   0.00132632   4.00053e-041   1.13863e-040   [0.000072,-0.000017,]
[10,8,]   170   0.00118598   -1.50644e-039   1.13863e-040   [0.000071,0.000028,]
[11,8,]   171   0.00181635   2.26936e-040   2.04953e-040   [0.000036,0.000040,]
[12,8,]   172   0.00244047   9.89137e-040   3.87133e-040   [0.000020,0.000035,]
[13,8,]   173   0.00248294   1.02284e-039   6.60403e-040   [0.000012,0.000028,]
[14,8,]   174   0.00193302   8.32189e-040   1.02476e-039   [0.000007,0.000023,]
[15,8,]   175   0.00117719   4.58944e-040   1.48021e-039   [0.000005,0.000020,]
[16,8,]   176   0.000572352   -1.46965e-042   2.02675e-039   [0.000004,0.000017,]
[17,8,]   177   0.000223237   -6.48176e-040   2.66438e-039   [0.000004,0.000015,]
[18,8,]   178   7.1634e-005   -1.56641e-039   3.3931e-039   [0.000010,0.000013,]
[19,8,]   179   2.2099e-005   -3.11161e-039   4.21291e-039   [0.000016,0.000011,]
[0,9,]   180   3.03689e-005   -2.92589e-039   4.12182e-039   [0.000016,-0.000011,]
[1,9,]   181   8.53955e-005   -1.54036e-039   3.30201e-039   [-0.000007,-0.000012,]
[2,9,]   182   0.000255335   -6.17275e-040   2.57329e-039   [-0.000000,-0.000014,]
[3,9,]   183   0.000649111   8.86809e-041   1.93566e-039   [0.000001,-0.000016,]
[4,9,]   184   0.00131799   5.81344e-040   1.38912e-039   [0.000002,-0.000019,]
[5,9,]   185   0.00209934   9.26942e-040   9.33673e-040   [0.000003,-0.000023,]
[6,9,]   186   0.0025355   1.04356e-039   5.69313e-040   [0.000006,-0.000031,]
[7,9,]   187   0.00218587   7.46414e-040   2.96043e-040   [0.000014,-0.000042,]
[8,9,]   188   0.00119147   -1.52497e-039   1.13863e-040   [0.000027,-0.000069,]
[9,9,]   189   0.000437402   -8.31886e-039   2.27725e-041   [0.000115,-0.000110,]
[10,9,]   190   0.000428969   -8.53037e-039   2.27725e-041   [0.000112,0.000117,]
[11,9,]   191   0.00128983   -9.41966e-041   1.13863e-040   [0.000021,0.000073,]
[12,9,]   192   0.00218534   6.76779e-040   2.96043e-040   [0.000009,0.000045,]
[13,9,]   193   0.00251712   1.05267e-039   5.69313e-040   [0.000004,0.000032,]
[14,9,]   194   0.00207447   8.72972e-040   9.33673e-040   [0.000003,0.000025,]
[15,9,]   195   0.00130485   5.51382e-040   1.38912e-039   [0.000002,0.000021,]
[16,9,]   196   0.000644479   7.54588e-041   1.93566e-039   [0.000001,0.000018,]
[17,9,]   197   0.000253705   -5.69471e-040   2.57329e-039   [0.000002,0.000016,]
[18,9,]   198   8.17386e-005   -1.45338e-039   3.30201e-039   [0.000008,0.000013,]
[19,9,]   199   2.4561e-005   -3.00944e-039   4.12182e-039   [0.000015,0.000012,]
[0,10,]   200   3.12924e-005   -2.91704e-039   4.12182e-039   [0.000015,-0.000011,]
[1,10,]   201   8.62131e-005   -1.57471e-039   3.30201e-039   [-0.000008,-0.000013,]
[2,10,]   202   0.000257095   -6.29372e-040   2.57329e-039   [-0.000002,-0.000015,]
[3,10,]   203   0.000652075   7.75584e-041   1.93566e-039   [-0.000002,-0.000017,]
[4,10,]   204   0.00131945   5.55911e-040   1.38912e-039   [-0.000002,-0.000020,]
[5,10,]   205   0.00209494   8.75024e-040   9.33673e-040   [-0.000003,-0.000025,]
[6,10,]   206   0.0025361   1.04884e-039   5.69313e-040   [-0.000003,-0.000031,]
[7,10,]   207   0.00219343   6.52038e-040   2.96043e-040   [-0.000008,-0.000044,]
[8,10,]   208   0.00128821   -1.28866e-040   1.13863e-040   [-0.000020,-0.000072,]
[9,10,]   209   0.000420782   -8.74006e-039   2.27725e-041   [-0.000113,-0.000115,]
[10,10,]   210   0.000421309   -8.6449e-039   2.27725e-041   [-0.000116,0.000114,]
[11,10,]   211   0.00116507   -1.55425e-039   1.13863e-040   [-0.000026,0.000071,]
[12,10,]   212   0.00214561   7.25886e-040   2.96043e-040   [-0.000013,0.000044,]
[13,10,]   213   0.00249081   1.01883e-039   5.69313e-040   [-0.000005,0.000033,]
[14,10,]   214   0.00206218   8.95189e-040   9.33673e-040   [-0.000003,0.000026,]
[15,10,]   215   0.0012949   5.47522e-040   1.38912e-039   [-0.000002,0.000021,]
[16,10,]   216   0.000637955   5.78395e-041   1.93566e-039   [-0.000001,0.000018,]
[17,10,]   217   0.000250587   -5.852e-040   2.57329e-039   [-0.000000,0.000016,]
[18,10,]   218   8.04397e-005   -1.44392e-039   3.30201e-039   [0.000007,0.000014,]
[19,10,]   219   2.3544e-005   -3.04414e-039   4.12182e-039   [0.000014,0.000013,]
[0,11,]   220   2.80117e-005   -3.01077e-039   4.21291e-039   [0.000014,-0.000011,]
[1,11,]   221   7.51129e-005   -1.6985e-039   3.3931e-039   [-0.000010,-0.000013,]
[2,11,]   222   0.000224702   -7.22438e-040   2.66438e-039   [-0.000004,-0.000015,]
[3,11,]   223   0.000575155   -1.15587e-041   2.02675e-039   [-0.000004,-0.000017,]
[4,11,]   224   0.00118187   4.52452e-040   1.48021e-039   [-0.000005,-0.000019,]
[5,11,]   225   0.00193757   8.26459e-040   1.02476e-039   [-0.000007,-0.000023,]
[6,11,]   226   0.00248271   1.01508e-039   6.60403e-040   [-0.000012,-0.000028,]
[7,11,]   227   0.0024333   9.83202e-040   3.87133e-040   [-0.000019,-0.000035,]
[8,11,]   228   0.00180283   2.22997e-040   2.04953e-040   [-0.000035,-0.000039,]
[9,11,]   229   0.00116236   -1.55629e-039   1.13863e-040   [-0.000071,-0.000027,]
[10,11,]   230   0.00128287   -8.33924e-041   1.13863e-040   [-0.000072,0.000021,]
[11,11,]   231   0.00180316   2.34815e-040   2.04953e-040   [-0.000039,0.000035,]
[12,11,]   232   0.00239958   9.36834e-040   3.87133e-040   [-0.000022,0.000034,]
[13,11,]   233   0.0024402   9.96415e-040   6.60403e-040   [-0.000012,0.000028,]
[14,11,]   234   0.00189621   8.01761e-040   1.02476e-039   [-0.000008,0.000023,]
[15,11,]   235   0.00115052   4.27255e-040   1.48021e-039   [-0.000006,0.000020,]
[16,11,]   236   0.00055651   -3.89938e-041   2.02675e-039   [-0.000004,0.000017,]
[17,11,]   237   0.000215585   -6.94633e-040   2.66438e-039   [-0.000002,0.000015,]
[18,11,]   238   6.84571e-005   -1.53362e-039   3.3931e-039   [0.000006,0.000013,]
[19,11,]   239   1.95716e-005   -3.20803e-039   4.21291e-039   [0.000014,0.000013,]
[0,12,]   240   2.16486e-005   -3.21825e-039   4.39509e-039   [0.000013,-0.000010,]
[1,12,]   241   5.64158e-005   -1.9132e-039   3.57528e-039   [-0.000012,-0.000012,]
[2,12,]   242   0.000170332   -8.93822e-040   2.84656e-039   [-0.000006,-0.000014,]
[3,12,]   243   0.000443976   -1.78373e-040   2.20893e-039   [-0.000006,-0.000016,]
[4,12,]   244   0.000938853   3.00369e-040   1.66239e-039   [-0.000007,-0.000017,]
[5,12,]   245   0.00161086   6.6187e-040   1.20694e-039   [-0.000011,-0.000020,]
[6,12,]   246   0.00223867   9.25994e-040   8.42583e-040   [-0.000015,-0.000022,]
[7,12,]   247   0.0025248   1.00591e-039   5.69313e-040   [-0.000023,-0.000023,]
[8,12,]   248   0.00239845   9.36982e-040   3.87133e-040   [-0.000034,-0.000022,]
[9,12,]   249   0.00214153   7.21731e-040   2.96043e-040   [-0.000044,-0.000013,]
[10,12,]   250   0.00217857   6.79054e-040   2.96043e-040   [-0.000045,0.000008,]
[11,12,]   251   0.00242902   9.92385e-040   3.87133e-040   [-0.000035,0.000019,]
[12,12,]   252   0.00252411   1.00907e-039   5.69313e-040   [-0.000023,0.000023,]
[13,12,]   253   0.00221751   9.23163e-040   8.42583e-040   [-0.000016,0.000022,]
[14,12,]   254   0.00157872   6.3163e-040   1.20694e-039   [-0.000011,0.000020,]
[15,12,]   255   0.00091098   2.60531e-040   1.66239e-039   [-0.000008,0.000017,]
[16,12,]   256   0.000426528   -2.21991e-040   2.20893e-039   [-0.000006,0.000016,]
[17,12,]   257   0.000161492   -8.84659e-040   2.84656e-039   [-0.000004,0.000014,]
[18,12,]   258   5.03931e-005   -1.72637e-039   3.57528e-039   [0.000005,0.000013,]
[19,12,]   259   1.41519e-005   -3.49574e-039   4.39509e-039   [0.000014,0.000013,]
[0,13,]   260   1.43216e-005   -3.53863e-039   4.66836e-039   [0.000012,-0.000009,]
[1,13,]   261   3.63342e-005   -2.22189e-039   3.84855e-039   [-0.000014,-0.000011,]
[2,13,]   262   0.000111175   -1.15859e-039   3.11983e-039   [-0.000007,-0.000013,]
[3,13,]   263   0.000296683   -4.2974e-040   2.4822e-039   [-0.000007,-0.000014,]
[4,13,]   264   0.000648735   4.94996e-041   1.93566e-039   [-0.000009,-0.000015,]
[5,13,]   265   0.0011708   4.3835e-040   1.48021e-039   [-0.000012,-0.000016,]
[6,13,]   266   0.00175313   7.0792e-040   1.11585e-039   [-0.000016,-0.000017,]
[7,13,]   267   0.00221761   9.22964e-040   8.42583e-040   [-0.000022,-0.000016,]
[8,13,]   268   0.00243979   9.97864e-040   6.60403e-040   [-0.000028,-0.000012,]
[9,13,]   269   0.00248923   1.0233e-039   5.69313e-040   [-0.000033,-0.000005,]
[10,13,]   270   0.0025129   1.05601e-039   5.69313e-040   [-0.000032,0.000004,]
[11,13,]   271   0.00247485   1.02541e-039   6.60403e-040   [-0.000028,0.000012,]
[12,13,]   272   0.00223684   9.30983e-040   8.42583e-040   [-0.000022,0.000015,]
[13,13,]   273   0.00175288   7.0973e-040   1.11585e-039   [-0.000017,0.000016,]
[14,13,]   274   0.00115617   4.19811e-040   1.48021e-039   [-0.000013,0.000016,]
[15,13,]   275   0.000631838   1.02133e-041   1.93566e-039   [-0.000010,0.000015,]
[16,13,]   276   0.000284951   -4.76959e-040   2.4822e-039   [-0.000007,0.000014,]
[17,13,]   277   0.000104848   -1.16081e-039   3.11983e-039   [-0.000005,0.000013,]
[18,13,]   278   3.20279e-005   -2.01415e-039   3.84855e-039   [0.000005,0.000012,]
[19,13,]   279   8.89296e-006   -3.88917e-039   4.66836e-039   [0.000015,0.000013,]
[0,14,]   280   8.04987e-006   -3.9663e-039   5.03272e-039   [0.000011,-0.000008,]
[1,14,]   281   1.99454e-005   -2.62568e-039   4.21291e-039   [-0.000016,-0.000010,]
[2,14,]   282   6.19961e-005   -1.51656e-039   3.48419e-039   [-0.000008,-0.000011,]
[3,14,]   283   0.00016967   -7.77404e-040   2.84656e-039   [-0.000008,-0.000012,]
[4,14,]   284   0.000383864   -2.86653e-040   2.30002e-039   [-0.000010,-0.000013,]
[5,14,]   285   0.000725441   1.10221e-040   1.84457e-039   [-0.000013,-0.000013,]
[6,14,]   286   0.00115617   4.19353e-040   1.48021e-039   [-0.000016,-0.000013,]
[7,14,]   287   0.00157872   6.3166e-040   1.20694e-039   [-0.000020,-0.000011,]
[8,14,]   288   0.00189608   8.0254e-040   1.02476e-039   [-0.000023,-0.000008,]
[9,14,]   289   0.00206156   8.96783e-040   9.33673e-040   [-0.000026,-0.000003,]
[10,14,]   290   0.00207275   8.76182e-040   9.33673e-040   [-0.000025,0.000003,]
[11,14,]   291   0.00192937   8.36044e-040   1.02476e-039   [-0.000023,0.000007,]
[12,14,]   292   0.00160892   6.68336e-040   1.20694e-039   [-0.000020,0.000010,]
[13,14,]   293   0.00117055   4.40822e-040   1.48021e-039   [-0.000016,0.000012,]
[14,14,]   294   0.000725449   1.10613e-040   1.84457e-039   [-0.000013,0.000013,]
[15,14,]   295   0.00037784   -3.11591e-040   2.30002e-039   [-0.000011,0.000012,]
[16,14,]   296   0.000164163   -8.1609e-040   2.84656e-039   [-0.000008,0.000012,]
[17,14,]   297   5.86395e-005   -1.51643e-039   3.48419e-039   [-0.000006,0.000011,]
[18,14,]   298   1.75091e-005   -2.39409e-039   4.21291e-039   [0.000006,0.000011,]
[19,14,]   299   4.83778e-006   -4.37413e-039   5.03272e-039   [0.000017,0.000012,]
[0,15,]   300   3.82136e-006   -4.49778e-039   5.48817e-039   [0.000010,-0.000007,]
[1,15,]   301   9.28138e-006   -3.12585e-039   4.66836e-039   [-0.000018,-0.000009,]
[2,15,]   302   2.93298e-005   -1.97416e-039   3.93964e-039   [-0.000009,-0.000010,]
[3,15,]   303   8.22882e-005   -1.2222e-039   3.30201e-039   [-0.000009,-0.000010,]
[4,15,]   304   0.000192097   -7.25824e-040   2.75547e-039   [-0.000010,-0.000011,]
[5,15,]   305   0.00037783   -3.11259e-040   2.30002e-039   [-0.000012,-0.000011,]
[6,15,]   306   0.00063183   1.01429e-041   1.93566e-039   [-0.000015,-0.000010,]
[7,15,]   307   0.000910975   2.60598e-040   1.66239e-039   [-0.000017,-0.000008,]
[8,15,]   308   0.0011505   4.27611e-040   1.48021e-039   [-0.000020,-0.000006,]
[9,15,]   309   0.00129477   5.48644e-040   1.38912e-039   [-0.000021,-0.000002,]
[10,15,]   310   0.00130441   5.53584e-040   1.38912e-039   [-0.000021,0.000002,]
[11,15,]   311   0.00117615   4.62524e-040   1.48021e-039   [-0.000020,0.000005,]
[12,15,]   312   0.000937601   3.08786e-040   1.66239e-039   [-0.000017,0.000007,]
[13,15,]   313   0.000648689   5.369e-041   1.93566e-039   [-0.000015,0.000009,]
[14,15,]   314   0.00038395   -2.85073e-040   2.30002e-039   [-0.000013,0.000010,]
[15,15,]   315   0.000192144   -7.25218e-040   2.75547e-039   [-0.000011,0.000010,]
[16,15,]   316   8.07701e-005   -1.23837e-039   3.30201e-039   [-0.000009,0.000010,]
[17,15,]   317   2.80539e-005   -1.95648e-039   3.93964e-039   [-0.000007,0.000010,]
[18,15,]   318   8.193e-006   -2.86352e-039   4.66836e-039   [0.000006,0.000010,]
[19,15,]   319   2.26428e-006   -4.94121e-039   5.48817e-039   [0.000019,0.000011,]
[0,16,]   320   1.52639e-006   -5.10416e-039   6.03471e-039   [0.000010,-0.000006,]
[1,16,]   321   3.64728e-006   -3.69662e-039   5.2149e-039   [-0.000019,-0.000008,]
[2,16,]   322   1.17161e-005   -2.50566e-039   4.48618e-039   [-0.000010,-0.000008,]
[3,16,]   323   3.36424e-005   -1.74244e-039   3.84855e-039   [-0.000009,-0.000009,]
[4,16,]   324   8.07521e-005   -1.23877e-039   3.30201e-039   [-0.000010,-0.000009,]
[5,16,]   325   0.000164161   -8.15606e-040   2.84656e-039   [-0.000012,-0.000008,]
[6,16,]   326   0.000284949   -4.76947e-040   2.4822e-039   [-0.000014,-0.000007,]
[7,16,]   327   0.000426527   -2.21956e-040   2.20893e-039   [-0.000016,-0.000006,]
[8,16,]   328   0.000556507   -3.88588e-041   2.02675e-039   [-0.000017,-0.000004,]
[9,16,]   329   0.000637937   5.82838e-041   1.93566e-039   [-0.000018,-0.000001,]
[10,16,]   330   0.000644409   7.66317e-041   1.93566e-039   [-0.000018,0.000001,]
[11,16,]   331   0.000572173   9.03481e-043   2.02675e-039   [-0.000017,0.000004,]
[12,16,]   332   0.000443363   -1.66692e-040   2.20893e-039   [-0.000016,0.000006,]
[13,16,]   333   0.000296707   -4.225e-040   2.4822e-039   [-0.000014,0.000007,]
[14,16,]   334   0.000169745   -7.73257e-040   2.84656e-039   [-0.000012,0.000008,]
[15,16,]   335   8.23269e-005   -1.21936e-039   3.30201e-039   [-0.000010,0.000009,]
[16,16,]   336   3.36573e-005   -1.73997e-039   3.84855e-039   [-0.000009,0.000009,]
[17,16,]   337   1.14038e-005   -2.47136e-039   4.48618e-039   [-0.000007,0.000009,]
[18,16,]   338   3.26342e-006   -3.41036e-039   5.2149e-039   [0.000007,0.000009,]
[19,16,]   339   9.05367e-007   -5.57514e-039   6.03471e-039   [0.000020,0.000011,]
[0,17,]   340   5.04797e-007   -5.93029e-039   6.67234e-039   [0.000010,-0.000004,]
[1,17,]   341   1.19005e-006   -4.48665e-039   5.85253e-039   [-0.000020,-0.000006,]
[2,17,]   342   3.88466e-006   -3.2545e-039   5.12381e-039   [-0.000010,-0.000007,]
[3,17,]   343   1.1399e-005   -2.47379e-039   4.48618e-039   [-0.000009,-0.000007,]
[4,17,]   344   2.8048e-005   -1.95692e-039   3.93964e-039   [-0.000010,-0.000007,]
[5,17,]   345   5.86394e-005   -1.51596e-039   3.48419e-039   [-0.000011,-0.000006,]
[6,17,]   346   0.000104847   -1.1608e-039   3.11983e-039   [-0.000013,-0.000005,]
[7,17,]   347   0.000161492   -8.84643e-040   2.84656e-039   [-0.000014,-0.000004,]
[8,17,]   348   0.000215585   -6.94599e-040   2.66438e-039   [-0.000015,-0.000002,]
[9,17,]   349   0.000250587   -5.85035e-040   2.57329e-039   [-0.000016,-0.000000,]
[10,17,]   350   0.0002537   -5.68982e-040   2.57329e-039   [-0.000016,0.000002,]
[11,17,]   351   0.00022322   -6.47035e-040   2.66438e-039   [-0.000015,0.000004,]
[12,17,]   352   0.00016989   -8.16052e-040   2.84656e-039   [-0.000014,0.000006,]
[13,17,]   353   0.000111068   -1.08177e-039   3.11983e-039   [-0.000013,0.000007,]
[14,17,]   354   6.19656e-005   -1.43933e-039   3.48419e-039   [-0.000011,0.000008,]
[15,17,]   355   2.93177e-005   -1.89476e-039   3.93964e-039   [-0.000010,0.000009,]
[16,17,]   356   1.17113e-005   -2.42331e-039   4.48618e-039   [-0.000008,0.000009,]
[17,17,]   357   3.88309e-006   -3.16919e-039   5.12381e-039   [-0.000007,0.000009,]
[18,17,]   358   1.09104e-006   -4.14377e-039   5.85253e-039   [0.000008,0.000010,]
[19,17,]   359   3.04596e-007   -6.38345e-039   6.67234e-039   [0.000022,0.000011,]
[0,18,]   360   1.41492e-007   -7.01401e-039   7.40106e-039   [0.000010,0.000010,]
[1,18,]   361   3.29732e-007   -5.52406e-039   6.58125e-039   [-0.000021,0.000009,]
[2,18,]   362   1.09146e-006   -4.23231e-039   5.85253e-039   [-0.000010,0.000008,]
[3,18,]   363   3.26204e-006   -3.41282e-039   5.2149e-039   [-0.000009,0.000007,]
[4,18,]   364   8.1913e-006   -2.86402e-039   4.66836e-039   [-0.000010,0.000006,]
[5,18,]   365   1.75091e-005   -2.39363e-039   4.21291e-039   [-0.000011,0.000006,]
[6,18,]   366   3.20279e-005   -2.01415e-039   3.84855e-039   [-0.000012,0.000005,]
[7,18,]   367   5.03931e-005   -1.72636e-039   3.57528e-039   [-0.000013,0.000005,]
[8,18,]   368   6.84571e-005   -1.53363e-039   3.3931e-039   [-0.000013,0.000006,]
[9,18,]   369   8.04399e-005   -1.4439e-039   3.30201e-039   [-0.000014,0.000007,]
[10,18,]   370   8.17387e-005   -1.45325e-039   3.30201e-039   [-0.000013,0.000008,]
[11,18,]   371   7.16337e-005   -1.56601e-039   3.3931e-039   [-0.000013,0.000010,]
[12,18,]   372   5.39303e-005   -1.78108e-039   3.57528e-039   [-0.000012,0.000012,]
[13,18,]   373   3.47177e-005   -2.0926e-039   3.84855e-039   [-0.000011,0.000014,]
[14,18,]   374   1.90225e-005   -2.49734e-039   4.21291e-039   [-0.000010,0.000016,]
[15,18,]   375   8.83143e-006   -2.99624e-039   4.66836e-039   [-0.000009,0.000018,]
[16,18,]   376   3.46244e-006   -3.56466e-039   5.2149e-039   [-0.000008,0.000019,]
[17,18,]   377   1.12727e-006   -4.35214e-039   5.85253e-039   [-0.000006,0.000020,]
[18,18,]   378   3.1168e-007   -5.38773e-039   6.58125e-039   [0.000009,0.000021,]
[19,18,]   379   8.76698e-008   -7.70836e-039   7.40106e-039   [0.000023,0.000022,]
[0,19,]   380   4.06572e-008   -9.19877e-039   8.22087e-039   [0.000009,0.000024,]
[1,19,]   381   9.29079e-008   -7.83606e-039   7.40106e-039   [-0.000023,0.000023,]
[2,19,]   382   3.04753e-007   -6.47433e-039   6.67234e-039   [-0.000012,0.000022,]
[3,19,]   383   9.04986e-007   -5.57778e-039   6.03471e-039   [-0.000011,0.000020,]
[4,19,]   384   2.26379e-006   -4.94174e-039   5.48817e-039   [-0.000011,0.000019,]
[5,19,]   385   4.83778e-006   -4.37364e-039   5.03272e-039   [-0.000012,0.000017,]
[6,19,]   386   8.89295e-006   -3.88916e-039   4.66836e-039   [-0.000013,0.000015,]
[7,19,]   387   1.41519e-005   -3.49573e-039   4.39509e-039   [-0.000013,0.000014,]
[8,19,]   388   1.95716e-005   -3.20803e-039   4.21291e-039   [-0.000013,0.000014,]
[9,19,]   389   2.35441e-005   -3.0441e-039   4.12182e-039   [-0.000013,0.000014,]
[10,19,]   390   2.45611e-005   -3.00921e-039   4.12182e-039   [-0.000012,0.000015,]
[11,19,]   391   2.20991e-005   -3.11091e-039   4.21291e-039   [-0.000011,0.000016,]
[12,19,]   392   1.7039e-005   -3.34852e-039   4.39509e-039   [-0.000010,0.000018,]
[13,19,]   393   1.1187e-005   -3.70874e-039   4.66836e-039   [-0.000009,0.000021,]
[14,19,]   394   6.22327e-006   -4.17897e-039   5.03272e-039   [-0.000008,0.000023,]
[15,19,]   395   2.92095e-006   -4.75237e-039   5.48817e-039   [-0.000007,0.000026,]
[16,19,]   396   1.15367e-006   -5.39861e-039   6.03471e-039   [-0.000006,0.000028,]
[17,19,]   397   3.77454e-007   -6.26281e-039   6.67234e-039   [-0.000004,0.000029,]
[18,19,]   398   1.04704e-007   -7.38889e-039   7.40106e-039   [0.000010,0.000031,]
[19,19,]   399   2.99142e-008   -9.62891e-039   8.22087e-039   [0.000024,0.000032,]
