coordinates  index   rho      Q      V    velocities 
[0,0,]   0   3.2211e-008   -9.17101e-039   8.22087e-039   [0.000015,0.000001,]
[1,0,]   1   1.15411e-007   -6.83061e-039   7.40106e-039   [-0.000004,0.000001,]
[2,0,]   2   4.05576e-007   -5.81334e-039   6.67234e-039   [0.000006,0.000000,]
[3,0,]   3   1.22095e-006   -4.99049e-039   6.03471e-039   [0.000007,0.000000,]
[4,0,]   4   3.06487e-006   -4.38258e-039   5.48817e-039   [0.000008,0.000001,]
[5,0,]   5   6.47657e-006   -3.87404e-039   5.03272e-039   [0.000009,0.000001,]
[6,0,]   6   1.15743e-005   -3.4647e-039   4.66836e-039   [0.000010,0.000002,]
[7,0,]   7   1.75856e-005   -3.15566e-039   4.39509e-039   [0.000011,0.000003,]
[8,0,]   8   2.28445e-005   -2.9551e-039   4.21291e-039   [0.000012,0.000005,]
[9,0,]   9   2.5521e-005   -2.87035e-039   4.12182e-039   [0.000012,0.000007,]
[10,0,]   10   2.46463e-005   -2.90354e-039   4.12182e-039   [0.000013,0.000009,]
[11,0,]   11   2.06429e-005   -3.05269e-039   4.21291e-039   [0.000013,0.000011,]
[12,0,]   12   1.50021e-005   -3.31372e-039   4.39509e-039   [0.000013,0.000012,]
[13,0,]   13   9.43745e-006   -3.67984e-039   4.66836e-039   [0.000012,0.000013,]
[14,0,]   14   5.11646e-006   -4.14328e-039   5.03272e-039   [0.000011,0.000014,]
[15,0,]   15   2.37803e-006   -4.69709e-039   5.48817e-039   [0.000010,0.000015,]
[16,0,]   16   9.42593e-007   -5.32858e-039   6.03471e-039   [0.000010,0.000015,]
[17,0,]   17   3.15585e-007   -6.09079e-039   6.67234e-039   [0.000009,0.000015,]
[18,0,]   18   8.96822e-008   -7.1965e-039   7.40106e-039   [0.000017,0.000016,]
[19,0,]   19   2.61025e-008   -9.4063e-039   8.22087e-039   [0.000024,0.000016,]
[0,1,]   20   9.81541e-008   -7.21321e-039   7.40106e-039   [0.000015,-0.000020,]
[1,1,]   21   3.55674e-007   -4.92035e-039   6.58125e-039   [-0.000003,-0.000020,]
[2,1,]   22   1.24753e-006   -4.02369e-039   5.85253e-039   [0.000007,-0.000020,]
[3,1,]   23   3.7567e-006   -3.28502e-039   5.2149e-039   [0.000008,-0.000019,]
[4,1,]   24   9.46679e-006   -2.74166e-039   4.66836e-039   [0.000010,-0.000018,]
[5,1,]   25   2.01507e-005   -2.28975e-039   4.21291e-039   [0.000011,-0.000017,]
[6,1,]   26   3.63944e-005   -1.93092e-039   3.84855e-039   [0.000012,-0.000015,]
[7,1,]   27   5.60722e-005   -1.66092e-039   3.57528e-039   [0.000013,-0.000013,]
[8,1,]   28   7.40929e-005   -1.47972e-039   3.3931e-039   [0.000014,-0.000011,]
[9,1,]   29   8.43866e-005   -1.38795e-039   3.30201e-039   [0.000015,-0.000008,]
[10,1,]   30   8.31441e-005   -1.38551e-039   3.30201e-039   [0.000015,-0.000006,]
[11,1,]   31   7.09791e-005   -1.47233e-039   3.3931e-039   [0.000014,-0.000003,]
[12,1,]   32   5.24506e-005   -1.6495e-039   3.57528e-039   [0.000013,-0.000002,]
[13,1,]   33   3.34432e-005   -1.91763e-039   3.84855e-039   [0.000012,-0.000001,]
[14,1,]   34   1.83154e-005   -2.27736e-039   4.21291e-039   [0.000011,-0.000001,]
[15,1,]   35   8.57224e-006   -2.72949e-039   4.66836e-039   [0.000010,-0.000001,]
[16,1,]   36   3.41239e-006   -3.2671e-039   5.2149e-039   [0.000009,-0.000001,]
[17,1,]   37   1.14491e-006   -3.94465e-039   5.85253e-039   [0.000008,-0.000002,]
[18,1,]   38   3.25441e-007   -4.95845e-039   6.58125e-039   [0.000016,-0.000002,]
[19,1,]   39   9.34444e-008   -7.17479e-039   7.40106e-039   [0.000023,-0.000003,]
[0,2,]   40   3.3629e-007   -5.93902e-039   6.67234e-039   [0.000013,-0.000014,]
[1,2,]   41   1.20198e-006   -3.77537e-039   5.85253e-039   [-0.000003,-0.000014,]
[2,2,]   42   4.13135e-006   -2.93337e-039   5.12381e-039   [0.000006,-0.000014,]
[3,2,]   43   1.22313e-005   -2.22759e-039   4.48618e-039   [0.000008,-0.000015,]
[4,2,]   44   3.03761e-005   -1.71043e-039   3.93964e-039   [0.000010,-0.000015,]
[5,2,]   45   6.37651e-005   -1.28933e-039   3.48419e-039   [0.000012,-0.000014,]
[6,2,]   46   0.000113644   -9.67487e-040   3.11983e-039   [0.000013,-0.000013,]
[7,2,]   47   0.000173085   -7.37774e-040   2.84656e-039   [0.000015,-0.000011,]
[8,2,]   48   0.000226916   -5.96745e-040   2.66438e-039   [0.000017,-0.000009,]
[9,2,]   49   0.000257791   -5.41846e-040   2.57329e-039   [0.000018,-0.000005,]
[10,2,]   50   0.000254962   -5.7073e-040   2.57329e-039   [0.000018,-0.000002,]
[11,2,]   51   0.000219865   -6.81536e-040   2.66438e-039   [0.000017,0.000001,]
[12,2,]   52   0.000164998   -8.72116e-040   2.84656e-039   [0.000015,0.000004,]
[13,2,]   53   0.000107225   -1.14314e-039   3.11983e-039   [0.000013,0.000005,]
[14,2,]   54   5.99477e-005   -1.49622e-039   3.48419e-039   [0.000012,0.000007,]
[15,2,]   55   2.86401e-005   -1.93519e-039   3.93964e-039   [0.000010,0.000007,]
[16,2,]   56   1.16222e-005   -2.45651e-039   4.48618e-039   [0.000009,0.000007,]
[17,2,]   57   3.96813e-006   -3.11432e-039   5.12381e-039   [0.000008,0.000007,]
[18,2,]   58   1.14527e-006   -4.09554e-039   5.85253e-039   [0.000015,0.000007,]
[19,2,]   59   3.29936e-007   -6.20602e-039   6.67234e-039   [0.000022,0.000006,]
[0,3,]   60   9.82071e-007   -5.12481e-039   6.03471e-039   [0.000012,-0.000013,]
[1,3,]   61   3.4398e-006   -3.13479e-039   5.2149e-039   [-0.000004,-0.000013,]
[2,3,]   62   1.15363e-005   -2.35302e-039   4.48618e-039   [0.000006,-0.000014,]
[3,3,]   63   3.34482e-005   -1.67057e-039   3.84855e-039   [0.000008,-0.000014,]
[4,3,]   64   8.15559e-005   -1.15227e-039   3.30201e-039   [0.000010,-0.000014,]
[5,3,]   65   0.000168149   -7.21587e-040   2.84656e-039   [0.000012,-0.000014,]
[6,3,]   66   0.000294366   -3.87637e-040   2.4822e-039   [0.000015,-0.000013,]
[7,3,]   67   0.000441114   -1.44469e-040   2.20893e-039   [0.000017,-0.000012,]
[8,3,]   68   0.000571586   1.25699e-041   2.02675e-039   [0.000020,-0.000009,]
[9,3,]   69   0.000646755   8.30183e-041   1.93566e-039   [0.000021,-0.000005,]
[10,3,]   70   0.000643186   6.60236e-041   1.93566e-039   [0.000021,-0.000001,]
[11,3,]   71   0.000563088   -3.37277e-041   2.02675e-039   [0.000020,0.000002,]
[12,3,]   72   0.00043226   -2.16508e-040   2.20893e-039   [0.000017,0.000005,]
[13,3,]   73   0.000288604   -4.77695e-040   2.4822e-039   [0.000015,0.000007,]
[14,3,]   74   0.000165948   -8.19653e-040   2.84656e-039   [0.000012,0.000008,]
[15,3,]   75   8.14285e-005   -1.24679e-039   3.30201e-039   [0.000010,0.000009,]
[16,3,]   76   3.3845e-005   -1.75763e-039   3.84855e-039   [0.000009,0.000009,]
[17,3,]   77   1.18003e-005   -2.40457e-039   4.48618e-039   [0.000008,0.000009,]
[18,3,]   78   3.46663e-006   -3.36154e-039   5.2149e-039   [0.000014,0.000008,]
[19,3,]   79   1.00216e-006   -5.37298e-039   6.03471e-039   [0.000020,0.000007,]
[0,4,]   80   2.42106e-006   -4.52794e-039   5.48817e-039   [0.000010,-0.000011,]
[1,4,]   81   8.33681e-006   -2.70893e-039   4.66836e-039   [-0.000004,-0.000011,]
[2,4,]   82   2.72981e-005   -1.9774e-039   3.93964e-039   [0.000005,-0.000011,]
[3,4,]   83   7.72993e-005   -1.31288e-039   3.30201e-039   [0.000007,-0.000012,]
[4,4,]   84   0.000184039   -7.88287e-040   2.75547e-039   [0.000010,-0.000012,]
[5,4,]   85   0.00036974   -3.42421e-040   2.30002e-039   [0.000013,-0.000012,]
[6,4,]   86   0.00062939   8.83335e-042   1.93566e-039   [0.000016,-0.000012,]
[7,4,]   87   0.000917293   2.70987e-040   1.66239e-039   [0.000020,-0.000010,]
[8,4,]   88   0.00116174   4.45196e-040   1.48021e-039   [0.000023,-0.000007,]
[9,4,]   89   0.00129995   5.39377e-040   1.38912e-039   [0.000025,-0.000003,]
[10,4,]   90   0.00129901   5.39815e-040   1.38912e-039   [0.000026,0.000001,]
[11,4,]   91   0.00116071   4.44152e-040   1.48021e-039   [0.000023,0.000005,]
[12,4,]   92   0.000920392   2.7379e-040   1.66239e-039   [0.000020,0.000008,]
[13,4,]   93   0.000637818   2.3239e-041   1.93566e-039   [0.000016,0.000010,]
[14,4,]   94   0.000380389   -3.07564e-040   2.30002e-039   [0.000013,0.000010,]
[15,4,]   95   0.000192849   -7.25443e-040   2.75547e-039   [0.000010,0.000011,]
[16,4,]   96   8.24062e-005   -1.2294e-039   3.30201e-039   [0.000009,0.000010,]
[17,4,]   97   2.94017e-005   -1.86913e-039   3.93964e-039   [0.000008,0.000010,]
[18,4,]   98   8.80053e-006   -2.80257e-039   4.66836e-039   [0.000013,0.000010,]
[19,4,]   99   2.54893e-006   -4.71412e-039   5.48817e-039   [0.000019,0.000008,]
[0,5,]   100   5.14929e-006   -4.01903e-039   5.03272e-039   [0.000010,-0.000009,]
[1,5,]   101   1.7602e-005   -2.31854e-039   4.21291e-039   [-0.000004,-0.000008,]
[2,5,]   102   5.64878e-005   -1.60743e-039   3.48419e-039   [0.000004,-0.000009,]
[3,5,]   103   0.000155871   -9.52375e-040   2.84656e-039   [0.000007,-0.000009,]
[4,5,]   104   0.000359669   -4.27816e-040   2.30002e-039   [0.000010,-0.000009,]
[5,5,]   105   0.000695498   1.71606e-041   1.84457e-039   [0.000013,-0.000010,]
[6,5,]   106   0.00113177   3.65662e-040   1.48021e-039   [0.000017,-0.000009,]
[7,5,]   107   0.00157038   6.18467e-040   1.20694e-039   [0.000022,-0.000008,]
[8,5,]   108   0.00190113   7.89534e-040   1.02476e-039   [0.000027,-0.000005,]
[9,5,]   109   0.00206801   8.80287e-040   9.33673e-040   [0.000030,-0.000001,]
[10,5,]   110   0.00206973   8.81807e-040   9.33673e-040   [0.000030,0.000004,]
[11,5,]   111   0.00190869   8.03161e-040   1.02476e-039   [0.000027,0.000009,]
[12,5,]   112   0.00159009   6.48508e-040   1.20694e-039   [0.000022,0.000011,]
[13,5,]   113   0.00116241   4.24919e-040   1.48021e-039   [0.000017,0.000013,]
[14,5,]   114   0.000727538   1.12788e-040   1.84457e-039   [0.000013,0.000013,]
[15,5,]   115   0.000383899   -2.91343e-040   2.30002e-039   [0.000010,0.000013,]
[16,5,]   116   0.000169328   -7.87287e-040   2.84656e-039   [0.000008,0.000012,]
[17,5,]   117   6.19419e-005   -1.41964e-039   3.48419e-039   [0.000007,0.000011,]
[18,5,]   118   1.89019e-005   -2.32637e-039   4.21291e-039   [0.000012,0.000011,]
[19,5,]   119   5.47247e-006   -4.13798e-039   5.03272e-039   [0.000017,0.000009,]
[0,6,]   120   9.50187e-006   -3.58488e-039   4.66836e-039   [0.000010,-0.000008,]
[1,6,]   121   3.25261e-005   -1.94069e-039   3.84855e-039   [-0.000003,-0.000007,]
[2,6,]   122   0.000102771   -1.21625e-039   3.11983e-039   [0.000004,-0.000007,]
[3,6,]   123   0.000276047   -5.64048e-040   2.4822e-039   [0.000006,-0.000008,]
[4,6,]   124   0.000613347   -5.18292e-041   1.93566e-039   [0.000009,-0.000009,]
[5,6,]   125   0.0011276   3.70434e-040   1.48021e-039   [0.000013,-0.000009,]
[6,6,]   126   0.00171924   6.81114e-040   1.11585e-039   [0.000017,-0.000010,]
[7,6,]   127   0.0022058   8.95377e-040   8.42583e-040   [0.000023,-0.000009,]
[8,6,]   128   0.00245818   9.97359e-040   6.60403e-040   [0.000030,-0.000007,]
[9,6,]   129   0.00251925   1.06494e-039   5.69313e-040   [0.000036,-0.000000,]
[10,6,]   130   0.00251992   1.0894e-039   5.69313e-040   [0.000036,0.000007,]
[11,6,]   131   0.00245679   9.90939e-040   6.60403e-040   [0.000031,0.000014,]
[12,6,]   132   0.00222275   9.00336e-040   8.42583e-040   [0.000024,0.000017,]
[13,6,]   133   0.00175555   7.14752e-040   1.11585e-039   [0.000017,0.000017,]
[14,6,]   134   0.00116979   4.36055e-040   1.48021e-039   [0.000013,0.000016,]
[15,6,]   135   0.000646995   4.84769e-041   1.93566e-039   [0.000009,0.000015,]
[16,6,]   136   0.000295409   -4.38606e-040   2.4822e-039   [0.000007,0.000014,]
[17,6,]   137   0.000110864   -1.06431e-039   3.11983e-039   [0.000006,0.000013,]
[18,6,]   138   3.44733e-005   -1.94183e-039   3.84855e-039   [0.000011,0.000012,]
[19,6,]   139   9.94576e-006   -3.6599e-039   4.66836e-039   [0.000015,0.000010,]
[0,7,]   140   1.51515e-005   -3.24191e-039   4.39509e-039   [0.000010,-0.000008,]
[1,7,]   141   5.19902e-005   -1.62801e-039   3.57528e-039   [-0.000003,-0.000008,]
[2,7,]   142   0.000162226   -8.74531e-040   2.84656e-039   [0.000004,-0.000008,]
[3,7,]   143   0.000424595   -2.25754e-040   2.20893e-039   [0.000005,-0.000009,]
[4,7,]   144   0.000906874   2.67874e-040   1.66239e-039   [0.000008,-0.000011,]
[5,7,]   145   0.00157443   6.50857e-040   1.20694e-039   [0.000011,-0.000013,]
[6,7,]   146   0.00221279   9.13009e-040   8.42583e-040   [0.000016,-0.000015,]
[7,7,]   147   0.00253034   1.01937e-039   5.69313e-040   [0.000024,-0.000017,]
[8,7,]   148   0.00244614   1.03311e-039   3.87133e-040   [0.000036,-0.000014,]
[9,7,]   149   0.00218623   7.40824e-040   2.96043e-040   [0.000046,-0.000004,]
[10,7,]   150   0.00216999   7.79804e-040   2.96043e-040   [0.000047,0.000013,]
[11,7,]   151   0.00241903   9.50194e-040   3.87133e-040   [0.000036,0.000023,]
[12,7,]   152   0.00252895   9.97853e-040   5.69313e-040   [0.000024,0.000024,]
[13,7,]   153   0.00223241   9.1069e-040   8.42583e-040   [0.000016,0.000022,]
[14,7,]   154   0.00160455   6.65162e-040   1.20694e-039   [0.000011,0.000020,]
[15,7,]   155   0.000933878   2.98803e-040   1.66239e-039   [0.000008,0.000017,]
[16,7,]   156   0.000441294   -1.80905e-040   2.20893e-039   [0.000006,0.000016,]
[17,7,]   157   0.000169615   -8.00911e-040   2.84656e-039   [0.000005,0.000014,]
[18,7,]   158   5.3626e-005   -1.64784e-039   3.57528e-039   [0.000009,0.000012,]
[19,7,]   159   1.53583e-005   -3.28776e-039   4.39509e-039   [0.000013,0.000010,]
[0,8,]   160   2.08073e-005   -3.00776e-039   4.21291e-039   [0.000010,-0.000010,]
[1,8,]   161   7.11063e-005   -1.43362e-039   3.3931e-039   [-0.000003,-0.000010,]
[2,8,]   162   0.000219583   -6.53832e-040   2.66438e-039   [0.000002,-0.000011,]
[3,8,]   163   0.000562598   -9.74951e-042   2.02675e-039   [0.000004,-0.000013,]
[4,8,]   164   0.0011618   4.66123e-040   1.48021e-039   [0.000005,-0.000015,]
[5,8,]   165   0.00191412   8.24746e-040   1.02476e-039   [0.000008,-0.000019,]
[6,8,]   166   0.00246807   1.01419e-039   6.60403e-040   [0.000012,-0.000024,]
[7,8,]   167   0.00243485   9.78493e-040   3.87133e-040   [0.000021,-0.000030,]
[8,8,]   168   0.00183382   4.39291e-040   2.04953e-040   [0.000040,-0.000034,]
[9,8,]   169   0.00123338   -4.68715e-040   1.13863e-040   [0.000070,-0.000013,]
[10,8,]   170   0.00117248   -1.18838e-039   1.13863e-040   [0.000070,0.000033,]
[11,8,]   171   0.00181818   4.03536e-040   2.04953e-040   [0.000039,0.000041,]
[12,8,]   172   0.00243593   1.00861e-039   3.87133e-040   [0.000020,0.000035,]
[13,8,]   173   0.00247002   1.00072e-039   6.60403e-040   [0.000012,0.000028,]
[14,8,]   174   0.00192299   8.1436e-040   1.02476e-039   [0.000008,0.000023,]
[15,8,]   175   0.0011725   4.59916e-040   1.48021e-039   [0.000005,0.000020,]
[16,8,]   176   0.000570261   -1.24356e-041   2.02675e-039   [0.000004,0.000017,]
[17,8,]   177   0.000223333   -6.29413e-040   2.66438e-039   [0.000003,0.000015,]
[18,8,]   178   7.14857e-005   -1.44566e-039   3.3931e-039   [0.000007,0.000013,]
[19,8,]   179   2.02368e-005   -3.03346e-039   4.21291e-039   [0.000011,0.000011,]
[0,9,]   180   2.46354e-005   -2.89008e-039   4.12182e-039   [0.000010,-0.000011,]
[1,9,]   181   8.31778e-005   -1.3625e-039   3.30201e-039   [-0.000004,-0.000012,]
[2,9,]   182   0.000255113   -5.60963e-040   2.57329e-039   [0.000001,-0.000013,]
[3,9,]   183   0.000645428   7.7176e-041   1.93566e-039   [0.000001,-0.000016,]
[4,9,]   184   0.00130707   5.53668e-040   1.38912e-039   [0.000002,-0.000019,]
[5,9,]   185   0.00208367   8.94326e-040   9.33673e-040   [0.000003,-0.000023,]
[6,9,]   186   0.00253299   1.09632e-039   5.69313e-040   [0.000005,-0.000030,]
[7,9,]   187   0.00217725   7.83138e-040   2.96043e-040   [0.000010,-0.000042,]
[8,9,]   188   0.00117567   -1.18586e-039   1.13863e-040   [0.000031,-0.000067,]
[9,9,]   189   0.000374548   -9.62792e-039   2.27725e-041   [0.000123,-0.000107,]
[10,9,]   190   0.000372108   -9.69351e-039   2.27725e-041   [0.000109,0.000124,]
[11,9,]   191   0.00122228   -5.02453e-040   1.13863e-040   [0.000016,0.000070,]
[12,9,]   192   0.002175   7.2533e-040   2.96043e-040   [0.000008,0.000045,]
[13,9,]   193   0.00251938   1.06203e-039   5.69313e-040   [0.000004,0.000032,]
[14,9,]   194   0.00207562   8.87846e-040   9.33673e-040   [0.000003,0.000025,]
[15,9,]   195   0.00130288   5.41554e-040   1.38912e-039   [0.000002,0.000021,]
[16,9,]   196   0.000643947   6.60745e-041   1.93566e-039   [0.000001,0.000018,]
[17,9,]   197   0.00025471   -5.49502e-040   2.57329e-039   [0.000001,0.000015,]
[18,9,]   198   8.20185e-005   -1.33723e-039   3.30201e-039   [0.000005,0.000014,]
[19,9,]   199   2.28562e-005   -2.90865e-039   4.12182e-039   [0.000009,0.000012,]
[0,10,]   200   2.52022e-005   -2.89142e-039   4.12182e-039   [0.000009,-0.000011,]
[1,10,]   201   8.3695e-005   -1.39216e-039   3.30201e-039   [-0.000005,-0.000013,]
[2,10,]   202   0.000256423   -5.68329e-040   2.57329e-039   [-0.000001,-0.000015,]
[3,10,]   203   0.000647956   6.98084e-041   1.93566e-039   [-0.000001,-0.000017,]
[4,10,]   204   0.0013102   5.44366e-040   1.38912e-039   [-0.000002,-0.000020,]
[5,10,]   205   0.00208553   8.88549e-040   9.33673e-040   [-0.000003,-0.000025,]
[6,10,]   206   0.00252885   1.06016e-039   5.69313e-040   [-0.000004,-0.000031,]
[7,10,]   207   0.00218051   7.19235e-040   2.96043e-040   [-0.000008,-0.000044,]
[8,10,]   208   0.00122337   -5.11278e-040   1.13863e-040   [-0.000016,-0.000069,]
[9,10,]   209   0.000370293   -9.75303e-039   2.27725e-041   [-0.000109,-0.000122,]
[10,10,]   210   0.000370174   -9.72999e-039   2.27725e-041   [-0.000123,0.000110,]
[11,10,]   211   0.00116657   -1.19356e-039   1.13863e-040   [-0.000031,0.000069,]
[12,10,]   212   0.00216185   7.76744e-040   2.96043e-040   [-0.000010,0.000045,]
[13,10,]   213   0.00251454   1.08634e-039   5.69313e-040   [-0.000005,0.000033,]
[14,10,]   214   0.00206733   8.78851e-040   9.33673e-040   [-0.000003,0.000026,]
[15,10,]   215   0.00129617   5.33941e-040   1.38912e-039   [-0.000002,0.000021,]
[16,10,]   216   0.000639813   5.54717e-041   1.93566e-039   [-0.000001,0.000018,]
[17,10,]   217   0.000252764   -5.60065e-040   2.57329e-039   [-0.000001,0.000015,]
[18,10,]   218   8.12589e-005   -1.32371e-039   3.30201e-039   [0.000004,0.000014,]
[19,10,]   219   2.22189e-005   -2.91991e-039   4.12182e-039   [0.000008,0.000012,]
[0,11,]   220   2.22662e-005   -3.01286e-039   4.21291e-039   [0.000008,-0.000011,]
[1,11,]   221   7.27107e-005   -1.50817e-039   3.3931e-039   [-0.000007,-0.000013,]
[2,11,]   222   0.000224044   -6.57428e-040   2.66438e-039   [-0.000003,-0.000015,]
[3,11,]   223   0.000571864   -1.69743e-041   2.02675e-039   [-0.000004,-0.000017,]
[4,11,]   224   0.00117529   4.56011e-040   1.48021e-039   [-0.000005,-0.000019,]
[5,11,]   225   0.00192639   8.10814e-040   1.02476e-039   [-0.000007,-0.000023,]
[6,11,]   226   0.00247244   9.97445e-040   6.60403e-040   [-0.000012,-0.000028,]
[7,11,]   227   0.002436   1.0064e-039   3.87133e-040   [-0.000020,-0.000034,]
[8,11,]   228   0.00181558   4.0477e-040   2.04953e-040   [-0.000038,-0.000039,]
[9,11,]   229   0.00116625   -1.19479e-039   1.13863e-040   [-0.000069,-0.000031,]
[10,11,]   230   0.00122095   -4.97999e-040   1.13863e-040   [-0.000070,0.000016,]
[11,11,]   231   0.001815   4.08607e-040   2.04953e-040   [-0.000039,0.000038,]
[12,11,]   232   0.00241361   9.52547e-040   3.87133e-040   [-0.000021,0.000034,]
[13,11,]   233   0.00245014   9.8828e-040   6.60403e-040   [-0.000012,0.000028,]
[14,11,]   234   0.00190257   7.96781e-040   1.02476e-039   [-0.000008,0.000023,]
[15,11,]   235   0.00115613   4.3691e-040   1.48021e-039   [-0.000006,0.000020,]
[16,11,]   236   0.000560328   -3.82634e-041   2.02675e-039   [-0.000004,0.000017,]
[17,11,]   237   0.000218581   -6.59409e-040   2.66438e-039   [-0.000003,0.000015,]
[18,11,]   238   6.96189e-005   -1.4052e-039   3.3931e-039   [0.000003,0.000013,]
[19,11,]   239   1.86455e-005   -3.0668e-039   4.21291e-039   [0.000008,0.000013,]
[0,12,]   240   1.6923e-005   -3.2535e-039   4.39509e-039   [0.000006,-0.000010,]
[1,12,]   241   5.44628e-005   -1.71091e-039   3.57528e-039   [-0.000009,-0.000012,]
[2,12,]   242   0.000169798   -8.29742e-040   2.84656e-039   [-0.000005,-0.000014,]
[3,12,]   243   0.000441657   -1.8505e-040   2.20893e-039   [-0.000006,-0.000015,]
[4,12,]   244   0.000934384   2.95819e-040   1.66239e-039   [-0.000008,-0.000017,]
[5,12,]   245   0.00160467   6.63043e-040   1.20694e-039   [-0.000011,-0.000020,]
[6,12,]   246   0.00223113   9.09142e-040   8.42583e-040   [-0.000015,-0.000022,]
[7,12,]   247   0.00252569   9.97568e-040   5.69313e-040   [-0.000023,-0.000023,]
[8,12,]   248   0.00241376   9.52091e-040   3.87133e-040   [-0.000034,-0.000021,]
[9,12,]   249   0.00216147   7.76738e-040   2.96043e-040   [-0.000044,-0.000010,]
[10,12,]   250   0.002174   7.26494e-040   2.96043e-040   [-0.000044,0.000008,]
[11,12,]   251   0.00243378   1.01062e-039   3.87133e-040   [-0.000034,0.000020,]
[12,12,]   252   0.00252503   9.98928e-040   5.69313e-040   [-0.000023,0.000023,]
[13,12,]   253   0.00221735   8.98521e-040   8.42583e-040   [-0.000016,0.000022,]
[14,12,]   254   0.00158492   6.44e-040   1.20694e-039   [-0.000011,0.000020,]
[15,12,]   255   0.000916994   2.69895e-040   1.66239e-039   [-0.000008,0.000017,]
[16,12,]   256   0.000430663   -2.15909e-040   2.20893e-039   [-0.000006,0.000016,]
[17,12,]   257   0.000164392   -8.44376e-040   2.84656e-039   [-0.000005,0.000014,]
[18,12,]   258   5.15411e-005   -1.58123e-039   3.57528e-039   [0.000002,0.000013,]
[19,12,]   259   1.35207e-005   -3.34173e-039   4.39509e-039   [0.000008,0.000013,]
[0,13,]   260   1.10024e-005   -3.60772e-039   4.66836e-039   [0.000005,-0.000009,]
[1,13,]   261   3.50077e-005   -2.00417e-039   3.84855e-039   [-0.000011,-0.000012,]
[2,13,]   262   0.000110889   -1.09179e-039   3.11983e-039   [-0.000006,-0.000013,]
[3,13,]   263   0.000295415   -4.40162e-040   2.4822e-039   [-0.000007,-0.000014,]
[4,13,]   264   0.000646831   4.79467e-041   1.93566e-039   [-0.000009,-0.000015,]
[5,13,]   265   0.00116885   4.35793e-040   1.48021e-039   [-0.000012,-0.000016,]
[6,13,]   266   0.00175274   7.13579e-040   1.11585e-039   [-0.000016,-0.000017,]
[7,13,]   267   0.00221749   8.98074e-040   8.42583e-040   [-0.000022,-0.000016,]
[8,13,]   268   0.00245017   9.88259e-040   6.60403e-040   [-0.000028,-0.000012,]
[9,13,]   269   0.00251437   1.08675e-039   5.69313e-040   [-0.000033,-0.000005,]
[10,13,]   270   0.00251882   1.06281e-039   5.69313e-040   [-0.000032,0.000004,]
[11,13,]   271   0.00246875   1.00172e-039   6.60403e-040   [-0.000028,0.000012,]
[12,13,]   272   0.00223013   9.11456e-040   8.42583e-040   [-0.000022,0.000015,]
[13,13,]   273   0.00175255   7.14489e-040   1.11585e-039   [-0.000017,0.000016,]
[14,13,]   274   0.00115972   4.23888e-040   1.48021e-039   [-0.000013,0.000016,]
[15,13,]   275   0.000636208   2.33714e-041   1.93566e-039   [-0.000010,0.000015,]
[16,13,]   276   0.000287951   -4.74029e-040   2.4822e-039   [-0.000007,0.000014,]
[17,13,]   277   0.000106995   -1.11378e-039   3.11983e-039   [-0.000006,0.000013,]
[18,13,]   278   3.28821e-005   -1.85002e-039   3.84855e-039   [0.000001,0.000012,]
[19,13,]   279   8.46255e-006   -3.73098e-039   4.66836e-039   [0.000008,0.000012,]
[0,14,]   280   6.08538e-006   -4.06714e-039   5.03272e-039   [0.000005,-0.000009,]
[1,14,]   281   1.92058e-005   -2.38932e-039   4.21291e-039   [-0.000012,-0.000011,]
[2,14,]   282   6.19401e-005   -1.44667e-039   3.48419e-039   [-0.000007,-0.000011,]
[3,14,]   283   0.00016929   -7.8708e-040   2.84656e-039   [-0.000008,-0.000012,]
[4,14,]   284   0.000383685   -2.90224e-040   2.30002e-039   [-0.000010,-0.000013,]
[5,14,]   285   0.000726624   1.13695e-040   1.84457e-039   [-0.000013,-0.000013,]
[6,14,]   286   0.00115974   4.23607e-040   1.48021e-039   [-0.000016,-0.000013,]
[7,14,]   287   0.00158494   6.43865e-040   1.20694e-039   [-0.000020,-0.000011,]
[8,14,]   288   0.00190257   7.96801e-040   1.02476e-039   [-0.000023,-0.000008,]
[9,14,]   289   0.00206726   8.7906e-040   9.33673e-040   [-0.000026,-0.000003,]
[10,14,]   290   0.00207539   8.8832e-040   9.33673e-040   [-0.000025,0.000003,]
[11,14,]   291   0.00192247   8.15146e-040   1.02476e-039   [-0.000023,0.000007,]
[12,14,]   292   0.00160365   6.66136e-040   1.20694e-039   [-0.000020,0.000011,]
[13,14,]   293   0.00116868   4.37101e-040   1.48021e-039   [-0.000016,0.000012,]
[14,14,]   294   0.000726607   1.14059e-040   1.84457e-039   [-0.000013,0.000013,]
[15,14,]   295   0.000379879   -3.05303e-040   2.30002e-039   [-0.000010,0.000012,]
[16,14,]   296   0.000165763   -8.15292e-040   2.84656e-039   [-0.000008,0.000012,]
[17,14,]   297   5.98744e-005   -1.46721e-039   3.48419e-039   [-0.000007,0.000011,]
[18,14,]   298   1.80041e-005   -2.21028e-039   4.21291e-039   [0.000001,0.000011,]
[19,14,]   299   4.558e-006   -4.22027e-039   5.03272e-039   [0.000009,0.000011,]
[0,15,]   300   2.85041e-006   -4.62499e-039   5.48817e-039   [0.000004,-0.000008,]
[1,15,]   301   8.94902e-006   -2.8672e-039   4.66836e-039   [-0.000014,-0.000010,]
[2,15,]   302   2.94e-005   -1.89655e-039   3.93964e-039   [-0.000008,-0.000010,]
[3,15,]   303   8.23866e-005   -1.22829e-039   3.30201e-039   [-0.000009,-0.000010,]
[4,15,]   304   0.000192735   -7.23282e-040   2.75547e-039   [-0.000010,-0.000011,]
[5,15,]   305   0.000379879   -3.05334e-040   2.30002e-039   [-0.000012,-0.000010,]
[6,15,]   306   0.000636209   2.33065e-041   1.93566e-039   [-0.000015,-0.000010,]
[7,15,]   307   0.000916995   2.69864e-040   1.66239e-039   [-0.000017,-0.000008,]
[8,15,]   308   0.00115613   4.36931e-040   1.48021e-039   [-0.000020,-0.000006,]
[9,15,]   309   0.00129615   5.34062e-040   1.38912e-039   [-0.000021,-0.000002,]
[10,15,]   310   0.00130282   5.41849e-040   1.38912e-039   [-0.000021,0.000002,]
[11,15,]   311   0.00117236   4.60476e-040   1.48021e-039   [-0.000020,0.000005,]
[12,15,]   312   0.000933647   2.9971e-040   1.66239e-039   [-0.000017,0.000008,]
[13,15,]   313   0.000646724   4.97931e-041   1.93566e-039   [-0.000015,0.000009,]
[14,15,]   314   0.000383685   -2.89602e-040   2.30002e-039   [-0.000013,0.000010,]
[15,15,]   315   0.000192741   -7.23111e-040   2.75547e-039   [-0.000011,0.000010,]
[16,15,]   316   8.13937e-005   -1.24321e-039   3.30201e-039   [-0.000009,0.000010,]
[17,15,]   317   2.86184e-005   -1.90693e-039   3.93964e-039   [-0.000007,0.000010,]
[18,15,]   318   8.42135e-006   -2.66202e-039   4.66836e-039   [0.000001,0.000010,]
[19,15,]   319   2.10386e-006   -4.79874e-039   5.48817e-039   [0.000010,0.000011,]
[0,16,]   320   1.12692e-006   -5.26559e-039   6.03471e-039   [0.000004,-0.000007,]
[1,16,]   321   3.52793e-006   -3.4274e-039   5.2149e-039   [-0.000015,-0.000008,]
[2,16,]   322   1.17999e-005   -2.43192e-039   4.48618e-039   [-0.000008,-0.000009,]
[3,16,]   323   3.38392e-005   -1.75537e-039   3.84855e-039   [-0.000009,-0.000009,]
[4,16,]   324   8.13913e-005   -1.24327e-039   3.30201e-039   [-0.000010,-0.000009,]
[5,16,]   325   0.000165763   -8.1524e-040   2.84656e-039   [-0.000012,-0.000008,]
[6,16,]   326   0.000287951   -4.74039e-040   2.4822e-039   [-0.000014,-0.000007,]
[7,16,]   327   0.000430663   -2.15912e-040   2.20893e-039   [-0.000016,-0.000006,]
[8,16,]   328   0.000560327   -3.82498e-041   2.02675e-039   [-0.000017,-0.000004,]
[9,16,]   329   0.00063981   5.55277e-041   1.93566e-039   [-0.000018,-0.000001,]
[10,16,]   330   0.000643937   6.62226e-041   1.93566e-039   [-0.000018,0.000001,]
[11,16,]   331   0.000570238   -1.21165e-041   2.02675e-039   [-0.000017,0.000004,]
[12,16,]   332   0.000441256   -1.80322e-040   2.20893e-039   [-0.000016,0.000006,]
[13,16,]   333   0.000295366   -4.37691e-040   2.4822e-039   [-0.000014,0.000007,]
[14,16,]   334   0.000169296   -7.86099e-040   2.84656e-039   [-0.000012,0.000008,]
[15,16,]   335   8.23921e-005   -1.2279e-039   3.30201e-039   [-0.000010,0.000009,]
[16,16,]   336   3.38415e-005   -1.75515e-039   3.84855e-039   [-0.000009,0.000009,]
[17,16,]   337   1.16155e-005   -2.42861e-039   4.48618e-039   [-0.000007,0.000009,]
[18,16,]   338   3.3498e-006   -3.19835e-039   5.2149e-039   [0.000002,0.000009,]
[19,16,]   339   8.28427e-007   -5.4522e-039   6.03471e-039   [0.000011,0.000010,]
[0,17,]   340   3.72729e-007   -6.05425e-039   6.67234e-039   [0.000004,-0.000006,]
[1,17,]   341   1.1657e-006   -4.13649e-039   5.85253e-039   [-0.000015,-0.000007,]
[2,17,]   342   3.96584e-006   -3.11632e-039   5.12381e-039   [-0.000008,-0.000007,]
[3,17,]   343   1.16148e-005   -2.4288e-039   4.48618e-039   [-0.000009,-0.000007,]
[4,17,]   344   2.86176e-005   -1.90698e-039   3.93964e-039   [-0.000010,-0.000007,]
[5,17,]   345   5.98744e-005   -1.46715e-039   3.48419e-039   [-0.000011,-0.000007,]
[6,17,]   346   0.000106995   -1.11378e-039   3.11983e-039   [-0.000013,-0.000006,]
[7,17,]   347   0.000164392   -8.44375e-040   2.84656e-039   [-0.000014,-0.000005,]
[8,17,]   348   0.000218581   -6.59403e-040   2.66438e-039   [-0.000015,-0.000003,]
[9,17,]   349   0.000252764   -5.60044e-040   2.57329e-039   [-0.000015,-0.000001,]
[10,17,]   350   0.000254709   -5.49442e-040   2.57329e-039   [-0.000015,0.000001,]
[11,17,]   351   0.00022333   -6.29274e-040   2.66438e-039   [-0.000015,0.000003,]
[12,17,]   352   0.000169611   -8.00639e-040   2.84656e-039   [-0.000014,0.000005,]
[13,17,]   353   0.00011086   -1.06387e-039   3.11983e-039   [-0.000013,0.000006,]
[14,17,]   354   6.19387e-005   -1.4191e-039   3.48419e-039   [-0.000011,0.000007,]
[15,17,]   355   2.9401e-005   -1.86842e-039   3.93964e-039   [-0.000010,0.000008,]
[16,17,]   356   1.18005e-005   -2.40285e-039   4.48618e-039   [-0.000009,0.000008,]
[17,17,]   357   3.96607e-006   -3.08629e-039   5.12381e-039   [-0.000007,0.000008,]
[18,17,]   358   1.12306e-006   -3.87412e-039   5.85253e-039   [0.000002,0.000008,]
[19,17,]   359   2.75704e-007   -6.23365e-039   6.67234e-039   [0.000012,0.000009,]
[0,18,]   360   1.03957e-007   -6.96808e-039   7.40106e-039   [0.000003,0.000004,]
[1,18,]   361   3.2508e-007   -4.95778e-039   6.58125e-039   [-0.000016,0.000003,]
[2,18,]   362   1.12299e-006   -3.90515e-039   5.85253e-039   [-0.000008,0.000002,]
[3,18,]   363   3.34958e-006   -3.19854e-039   5.2149e-039   [-0.000009,0.000002,]
[4,18,]   364   8.42111e-006   -2.66207e-039   4.66836e-039   [-0.000010,0.000001,]
[5,18,]   365   1.80042e-005   -2.21022e-039   4.21291e-039   [-0.000011,0.000001,]
[6,18,]   366   3.28821e-005   -1.85002e-039   3.84855e-039   [-0.000012,0.000001,]
[7,18,]   367   5.15411e-005   -1.58123e-039   3.57528e-039   [-0.000013,0.000002,]
[8,18,]   368   6.96189e-005   -1.4052e-039   3.3931e-039   [-0.000013,0.000003,]
[9,18,]   369   8.12589e-005   -1.32371e-039   3.30201e-039   [-0.000014,0.000004,]
[10,18,]   370   8.20184e-005   -1.33721e-039   3.30201e-039   [-0.000014,0.000005,]
[11,18,]   371   7.14855e-005   -1.44562e-039   3.3931e-039   [-0.000013,0.000007,]
[12,18,]   372   5.36257e-005   -1.64775e-039   3.57528e-039   [-0.000012,0.000009,]
[13,18,]   373   3.4473e-005   -1.94167e-039   3.84855e-039   [-0.000012,0.000011,]
[14,18,]   374   1.89018e-005   -2.32621e-039   4.21291e-039   [-0.000011,0.000012,]
[15,18,]   375   8.80068e-006   -2.80229e-039   4.66836e-039   [-0.000010,0.000013,]
[16,18,]   376   3.46682e-006   -3.36018e-039   5.2149e-039   [-0.000008,0.000014,]
[17,18,]   377   1.14469e-006   -4.06691e-039   5.85253e-039   [-0.000007,0.000015,]
[18,18,]   378   3.19009e-007   -4.88538e-039   6.58125e-039   [0.000003,0.000016,]
[19,18,]   379   7.79227e-008   -7.35637e-039   7.40106e-039   [0.000013,0.000017,]
[0,19,]   380   2.57921e-008   -9.42737e-039   8.22087e-039   [0.000003,0.000014,]
[1,19,]   381   7.94894e-008   -7.42738e-039   7.40106e-039   [-0.000017,0.000013,]
[2,19,]   382   2.75692e-007   -6.26621e-039   6.67234e-039   [-0.000010,0.000012,]
[3,19,]   383   8.28371e-007   -5.45243e-039   6.03471e-039   [-0.000010,0.000011,]
[4,19,]   384   2.1038e-006   -4.7988e-039   5.48817e-039   [-0.000011,0.000010,]
[5,19,]   385   4.558e-006   -4.2202e-039   5.03272e-039   [-0.000011,0.000009,]
[6,19,]   386   8.46255e-006   -3.73098e-039   4.66836e-039   [-0.000012,0.000008,]
[7,19,]   387   1.35207e-005   -3.34173e-039   4.39509e-039   [-0.000013,0.000008,]
[8,19,]   388   1.86455e-005   -3.0668e-039   4.21291e-039   [-0.000013,0.000008,]
[9,19,]   389   2.22189e-005   -2.9199e-039   4.12182e-039   [-0.000012,0.000008,]
[10,19,]   390   2.28562e-005   -2.90861e-039   4.12182e-039   [-0.000012,0.000009,]
[11,19,]   391   2.02368e-005   -3.03337e-039   4.21291e-039   [-0.000011,0.000011,]
[12,19,]   392   1.53582e-005   -3.28758e-039   4.39509e-039   [-0.000010,0.000013,]
[13,19,]   393   9.94574e-006   -3.65958e-039   4.66836e-039   [-0.000010,0.000015,]
[14,19,]   394   5.47245e-006   -4.13762e-039   5.03272e-039   [-0.000009,0.000017,]
[15,19,]   395   2.549e-006   -4.71361e-039   5.48817e-039   [-0.000008,0.000019,]
[16,19,]   396   1.00222e-006   -5.37138e-039   6.03471e-039   [-0.000007,0.000020,]
[17,19,]   397   3.29757e-007   -6.1762e-039   6.67234e-039   [-0.000006,0.000022,]
[18,19,]   398   9.15125e-008   -7.10398e-039   7.40106e-039   [0.000004,0.000023,]
[19,19,]   399   2.25666e-008   -9.60727e-039   8.22087e-039   [0.000014,0.000024,]
