coordinates  index   rho      Q      V    velocities 
[0,0,]   0   2.01494e-008   -9.40899e-039   8.29265e-039   [0.000010,-0.000004,]
[1,0,]   1   8.54049e-008   -6.83467e-039   7.55682e-039   [0.000002,-0.000005,]
[2,0,]   2   3.0511e-007   -5.99734e-039   6.93557e-039   [0.000007,-0.000005,]
[3,0,]   3   9.19601e-007   -5.25917e-039   6.38117e-039   [0.000008,-0.000004,]
[4,0,]   4   2.33778e-006   -4.62877e-039   5.84332e-039   [0.000009,-0.000003,]
[5,0,]   5   5.03803e-006   -4.07657e-039   5.31624e-039   [0.000010,-0.000002,]
[6,0,]   6   9.23539e-006   -3.60733e-039   4.84463e-039   [0.000010,-0.000001,]
[7,0,]   7   1.44454e-005   -3.23463e-039   4.48044e-039   [0.000011,0.000001,]
[8,0,]   8   1.93382e-005   -2.97484e-039   4.2451e-039   [0.000012,0.000002,]
[9,0,]   9   2.22216e-005   -2.84175e-039   4.13127e-039   [0.000012,0.000003,]
[10,0,]   10   2.19665e-005   -2.84338e-039   4.12398e-039   [0.000012,0.000004,]
[11,0,]   11   1.86976e-005   -2.98e-039   4.2133e-039   [0.000012,0.000006,]
[12,0,]   12   1.36962e-005   -3.24434e-039   4.39515e-039   [0.000012,0.000007,]
[13,0,]   13   8.61641e-006   -3.62436e-039   4.66837e-039   [0.000011,0.000008,]
[14,0,]   14   4.64138e-006   -4.10744e-039   5.03272e-039   [0.000011,0.000008,]
[15,0,]   15   2.13321e-006   -4.68372e-039   5.48817e-039   [0.000010,0.000009,]
[16,0,]   16   8.33602e-007   -5.34596e-039   6.03471e-039   [0.000009,0.000009,]
[17,0,]   17   2.75813e-007   -6.10299e-039   6.67234e-039   [0.000008,0.000010,]
[18,0,]   18   7.71666e-008   -7.02736e-039   7.40106e-039   [0.000011,0.000010,]
[19,0,]   19   1.9281e-008   -9.54011e-039   8.22087e-039   [0.000014,0.000010,]
[0,1,]   20   7.85054e-008   -6.98628e-039   7.59616e-039   [0.000009,-0.000014,]
[1,1,]   21   3.30834e-007   -4.55378e-039   7.00463e-039   [0.000003,-0.000014,]
[2,1,]   22   1.1705e-006   -3.82366e-039   6.56806e-039   [0.000008,-0.000013,]
[3,1,]   23   3.49721e-006   -3.17848e-039   6.15668e-039   [0.000009,-0.000013,]
[4,1,]   24   8.81656e-006   -2.64511e-039   5.63374e-039   [0.000011,-0.000011,]
[5,1,]   25   1.88467e-005   -2.1988e-039   4.98359e-039   [0.000011,-0.000009,]
[6,1,]   26   3.43035e-005   -1.83775e-039   4.32771e-039   [0.000012,-0.000008,]
[7,1,]   27   5.33961e-005   -1.56267e-039   3.80729e-039   [0.000013,-0.000006,]
[8,1,]   28   7.13911e-005   -1.37555e-039   3.48059e-039   [0.000013,-0.000004,]
[9,1,]   29   8.22996e-005   -1.27802e-039   3.32771e-039   [0.000014,-0.000003,]
[10,1,]   30   8.20058e-005   -1.27096e-039   3.30789e-039   [0.000014,-0.000001,]
[11,1,]   31   7.06636e-005   -1.3545e-039   3.39415e-039   [0.000013,0.000000,]
[12,1,]   32   5.25693e-005   -1.52823e-039   3.57543e-039   [0.000013,0.000002,]
[13,1,]   33   3.36488e-005   -1.79174e-039   3.84857e-039   [0.000012,0.000003,]
[14,1,]   34   1.84499e-005   -2.14526e-039   4.21291e-039   [0.000011,0.000003,]
[15,1,]   35   8.62563e-006   -2.59008e-039   4.66836e-039   [0.000010,0.000003,]
[16,1,]   36   3.42388e-006   -3.12699e-039   5.2149e-039   [0.000009,0.000003,]
[17,1,]   37   1.14873e-006   -3.76885e-039   5.85253e-039   [0.000008,0.000003,]
[18,1,]   38   3.25278e-007   -4.58516e-039   6.58125e-039   [0.000010,0.000003,]
[19,1,]   39   8.1765e-008   -6.95111e-039   7.40106e-039   [0.000013,0.000003,]
[0,2,]   40   2.78163e-007   -6.03049e-039   7.08537e-039   [0.000008,-0.000012,]
[1,2,]   41   1.15676e-006   -3.70343e-039   6.74883e-039   [0.000003,-0.000012,]
[2,2,]   42   4.03088e-006   -2.99477e-039   6.63859e-039   [0.000008,-0.000012,]
[3,2,]   43   1.18615e-005   -2.36305e-039   6.47993e-039   [0.000010,-0.000012,]
[4,2,]   44   2.94145e-005   -1.8424e-039   5.98335e-039   [0.000012,-0.000010,]
[5,2,]   45   6.17522e-005   -1.41004e-039   5.11572e-039   [0.000013,-0.000008,]
[6,2,]   46   0.000110326   -1.06371e-039   4.1342e-039   [0.000014,-0.000007,]
[7,2,]   47   0.000168816   -8.03124e-040   3.33772e-039   [0.000014,-0.000005,]
[8,2,]   48   0.000222749   -6.29686e-040   2.8496e-039   [0.000015,-0.000003,]
[9,2,]   49   0.000254982   -5.44779e-040   2.62769e-039   [0.000015,-0.000001,]
[10,2,]   50   0.000254197   -5.48861e-040   2.58573e-039   [0.000015,0.000001,]
[11,2,]   51   0.000220816   -6.41234e-040   2.6666e-039   [0.000015,0.000003,]
[12,2,]   52   0.000166654   -8.20566e-040   2.84687e-039   [0.000014,0.000005,]
[13,2,]   53   0.000108674   -1.086e-039   3.11987e-039   [0.000013,0.000006,]
[14,2,]   54   6.08229e-005   -1.43807e-039   3.4842e-039   [0.000011,0.000007,]
[15,2,]   55   2.90283e-005   -1.8789e-039   3.93964e-039   [0.000010,0.000007,]
[16,2,]   56   1.17492e-005   -2.41033e-039   4.48618e-039   [0.000009,0.000008,]
[17,2,]   57   4.01228e-006   -3.04556e-039   5.12381e-039   [0.000008,0.000008,]
[18,2,]   58   1.154e-006   -3.85233e-039   5.85253e-039   [0.000010,0.000008,]
[19,2,]   59   2.93342e-007   -6.11e-039   6.67234e-039   [0.000013,0.000007,]
[0,3,]   60   8.3113e-007   -5.3046e-039   6.71568e-039   [0.000007,-0.000012,]
[1,3,]   61   3.40181e-006   -3.0923e-039   6.69265e-039   [0.000002,-0.000013,]
[2,3,]   62   1.16582e-005   -2.39792e-039   6.98362e-039   [0.000009,-0.000013,]
[3,3,]   63   3.37362e-005   -1.76019e-039   7.13569e-039   [0.000012,-0.000013,]
[4,3,]   64   8.20755e-005   -1.23029e-039   6.67152e-039   [0.000014,-0.000011,]
[5,3,]   65   0.000168481   -7.94412e-040   5.53649e-039   [0.000015,-0.000010,]
[6,3,]   66   0.000293672   -4.50498e-040   4.15461e-039   [0.000016,-0.000008,]
[7,3,]   67   0.000438718   -1.94632e-040   3.01872e-039   [0.000016,-0.000006,]
[8,3,]   68   0.000567791   -2.49751e-041   2.33212e-039   [0.000017,-0.000004,]
[9,3,]   69   0.000643012   5.81644e-041   2.02534e-039   [0.000018,-0.000001,]
[10,3,]   70   0.000641312   5.43693e-041   1.95617e-039   [0.000018,0.000001,]
[11,3,]   71   0.000563656   -3.55089e-041   2.03041e-039   [0.000017,0.000004,]
[12,3,]   72   0.000434235   -2.0995e-040   2.20944e-039   [0.000016,0.000006,]
[13,3,]   73   0.000290514   -4.68288e-040   2.48226e-039   [0.000014,0.000007,]
[14,3,]   74   0.000167062   -8.12115e-040   2.84657e-039   [0.000012,0.000008,]
[15,3,]   75   8.18331e-005   -1.24473e-039   3.30201e-039   [0.000010,0.000009,]
[16,3,]   76   3.39094e-005   -1.76883e-039   3.84855e-039   [0.000009,0.000009,]
[17,3,]   77   1.18199e-005   -2.39746e-039   4.48618e-039   [0.000008,0.000009,]
[18,3,]   78   3.45949e-006   -3.1951e-039   5.2149e-039   [0.000010,0.000009,]
[19,3,]   79   8.89732e-007   -5.33971e-039   6.03471e-039   [0.000012,0.000008,]
[0,4,]   80   2.10524e-006   -4.69301e-039   6.36256e-039   [0.000006,-0.000011,]
[1,4,]   81   8.47052e-006   -2.60593e-039   6.56582e-039   [0.000002,-0.000011,]
[2,4,]   82   2.85013e-005   -1.91959e-039   7.14642e-039   [0.000009,-0.000012,]
[3,4,]   83   8.08224e-005   -1.27251e-039   7.52277e-039   [0.000012,-0.000012,]
[4,4,]   84   0.000191892   -7.31711e-040   7.082e-039   [0.000015,-0.000012,]
[5,4,]   85   0.000382388   -2.9295e-040   5.75396e-039   [0.000016,-0.000011,]
[6,4,]   86   0.000644301   4.5781e-041   4.08308e-039   [0.000017,-0.000010,]
[7,4,]   87   0.000929771   2.93083e-040   2.70218e-039   [0.000019,-0.000008,]
[8,4,]   88   0.00116847   4.55647e-040   1.87231e-039   [0.000020,-0.000005,]
[9,4,]   89   0.00130093   5.35522e-040   1.50428e-039   [0.000021,-0.000002,]
[10,4,]   90   0.00129804   5.31934e-040   1.41546e-039   [0.000021,0.000002,]
[11,4,]   91   0.00116155   4.45947e-040   1.4849e-039   [0.000020,0.000005,]
[12,4,]   92   0.000922619   2.79913e-040   1.66304e-039   [0.000017,0.000008,]
[13,4,]   93   0.000639953   3.28834e-041   1.93573e-039   [0.000015,0.000010,]
[14,4,]   94   0.000381469   -2.99263e-040   2.30003e-039   [0.000013,0.000010,]
[15,4,]   95   0.000193022   -7.21659e-040   2.75547e-039   [0.000010,0.000011,]
[16,4,]   96   8.22351e-005   -1.23774e-039   3.30201e-039   [0.000009,0.000010,]
[17,4,]   97   2.93353e-005   -1.85989e-039   3.93964e-039   [0.000007,0.000010,]
[18,4,]   98   8.74989e-006   -2.64767e-039   4.66836e-039   [0.000009,0.000010,]
[19,4,]   99   2.27641e-006   -4.67317e-039   5.48817e-039   [0.000011,0.000009,]
[0,5,]   100   4.56699e-006   -4.14224e-039   5.90711e-039   [0.000006,-0.000009,]
[1,5,]   101   1.80645e-005   -2.18515e-039   6.11037e-039   [0.000002,-0.000009,]
[2,5,]   102   5.95782e-005   -1.49962e-039   6.69097e-039   [0.000008,-0.000009,]
[3,5,]   103   0.000164746   -8.53043e-040   7.06732e-039   [0.000012,-0.000010,]
[4,5,]   104   0.000378934   -3.15161e-040   6.62655e-039   [0.000014,-0.000011,]
[5,5,]   105   0.000725865   1.13992e-040   5.29851e-039   [0.000016,-0.000012,]
[6,5,]   106   0.00116678   4.36416e-040   3.62763e-039   [0.000018,-0.000012,]
[7,5,]   107   0.00159943   6.63624e-040   2.24673e-039   [0.000021,-0.000011,]
[8,5,]   108   0.00191765   8.09042e-040   1.41686e-039   [0.000024,-0.000008,]
[9,5,]   109   0.0020739   8.81235e-040   1.04883e-039   [0.000026,-0.000003,]
[10,5,]   110   0.00207018   8.77283e-040   9.60011e-040   [0.000025,0.000003,]
[11,5,]   111   0.00190897   8.00745e-040   1.02945e-039   [0.000023,0.000008,]
[12,5,]   112   0.00159109   6.53295e-040   1.20759e-039   [0.000020,0.000011,]
[13,5,]   113   0.00116298   4.28421e-040   1.48028e-039   [0.000016,0.000013,]
[14,5,]   114   0.000727207   1.15222e-040   1.84458e-039   [0.000013,0.000013,]
[15,5,]   115   0.000382976   -2.93203e-040   2.30002e-039   [0.000010,0.000013,]
[16,5,]   116   0.000168474   -7.99845e-040   2.84656e-039   [0.000008,0.000012,]
[17,5,]   117   6.16359e-005   -1.41528e-039   3.48419e-039   [0.000007,0.000011,]
[18,5,]   118   1.87512e-005   -2.19193e-039   4.21291e-039   [0.000008,0.000011,]
[19,5,]   119   4.93071e-006   -4.09585e-039   5.03272e-039   [0.000010,0.000009,]
[0,6,]   120   8.51577e-006   -3.64977e-039   5.34933e-039   [0.000005,-0.000008,]
[1,6,]   121   3.31358e-005   -1.81945e-039   5.3263e-039   [0.000001,-0.000007,]
[2,6,]   122   0.000107059   -1.12884e-039   5.61727e-039   [0.000007,-0.000008,]
[3,6,]   123   0.000287647   -4.95318e-040   5.76934e-039   [0.000010,-0.000010,]
[4,6,]   124   0.000637071   2.3897e-041   5.30517e-039   [0.000013,-0.000012,]
[5,6,]   125   0.0011618   4.29283e-040   4.17014e-039   [0.000015,-0.000014,]
[6,6,]   126   0.00175332   7.19548e-040   2.78826e-039   [0.000018,-0.000016,]
[7,6,]   127   0.00222612   9.03433e-040   1.65237e-039   [0.000023,-0.000015,]
[8,6,]   128   0.00246451   9.98787e-040   9.65772e-040   [0.000028,-0.000012,]
[9,6,]   129   0.00252273   1.05378e-039   6.58995e-040   [0.000032,-0.000005,]
[10,6,]   130   0.00251977   1.05439e-039   5.89825e-040   [0.000033,0.000005,]
[11,6,]   131   0.00245677   9.92247e-040   6.64056e-040   [0.000028,0.000012,]
[12,6,]   132   0.00221987   8.96834e-040   8.43089e-040   [0.000022,0.000016,]
[13,6,]   133   0.0017526   7.16734e-040   1.11591e-039   [0.000016,0.000017,]
[14,6,]   134   0.00116653   4.33696e-040   1.48022e-039   [0.000012,0.000016,]
[15,6,]   135   0.000644116   4.31847e-041   1.93566e-039   [0.000009,0.000015,]
[16,6,]   136   0.00029347   -4.53282e-040   2.4822e-039   [0.000007,0.000014,]
[17,6,]   137   0.000110199   -1.06244e-039   3.11983e-039   [0.000006,0.000013,]
[18,6,]   138   3.41844e-005   -1.82702e-039   3.84855e-039   [0.000007,0.000012,]
[19,6,]   139   9.06911e-006   -3.61423e-039   4.66836e-039   [0.000008,0.000010,]
[0,7,]   140   1.363e-005   -3.24774e-039   4.80812e-039   [0.000005,-0.000008,]
[1,7,]   141   5.22156e-005   -1.53184e-039   4.47158e-039   [0.000001,-0.000008,]
[2,7,]   142   0.000165538   -8.32831e-040   4.36134e-039   [0.000005,-0.000009,]
[3,7,]   143   0.000432409   -2.16159e-040   4.20268e-039   [0.000008,-0.000012,]
[4,7,]   144   0.000921159   2.80084e-040   3.7061e-039   [0.000010,-0.000015,]
[5,7,]   145   0.00159113   6.56043e-040   2.83847e-039   [0.000013,-0.000018,]
[6,7,]   146   0.00222115   8.9903e-040   1.85695e-039   [0.000017,-0.000021,]
[7,7,]   147   0.00252347   9.91937e-040   1.06047e-039   [0.000024,-0.000023,]
[8,7,]   148   0.00242577   9.52676e-040   5.72348e-040   [0.000034,-0.000020,]
[9,7,]   149   0.00219532   8.49242e-040   3.50437e-040   [0.000044,-0.000009,]
[10,7,]   150   0.00219269   8.51414e-040   3.08484e-040   [0.000045,0.000009,]
[11,7,]   151   0.00242072   9.43527e-040   3.89349e-040   [0.000034,0.000021,]
[12,7,]   152   0.00252216   9.91179e-040   5.6962e-040   [0.000023,0.000023,]
[13,7,]   153   0.00222479   9.01977e-040   8.42616e-040   [0.000016,0.000022,]
[14,7,]   154   0.00159845   6.61867e-040   1.20695e-039   [0.000011,0.000020,]
[15,7,]   155   0.000929213   2.91623e-040   1.66239e-039   [0.000008,0.000017,]
[16,7,]   156   0.000438452   -1.95387e-040   2.20893e-039   [0.000006,0.000016,]
[17,7,]   157   0.000168714   -7.99475e-040   2.84656e-039   [0.000005,0.000014,]
[18,7,]   158   5.32569e-005   -1.55148e-039   3.57528e-039   [0.000006,0.000013,]
[19,7,]   159   1.42137e-005   -3.23702e-039   4.39509e-039   [0.000007,0.000011,]
[0,8,]   160   1.86972e-005   -2.97104e-039   4.40801e-039   [0.000005,-0.000010,]
[1,8,]   161   7.06143e-005   -1.34541e-039   3.81648e-039   [0.000000,-0.000010,]
[2,8,]   162   0.000220606   -6.36192e-040   3.37991e-039   [0.000003,-0.000012,]
[3,8,]   163   0.000563458   -3.08867e-041   2.96853e-039   [0.000005,-0.000014,]
[4,8,]   164   0.00116186   4.49739e-040   2.44559e-039   [0.000006,-0.000018,]
[5,8,]   165   0.00191001   8.0313e-040   1.79544e-039   [0.000009,-0.000022,]
[6,8,]   166   0.00245805   9.93225e-040   1.13956e-039   [0.000013,-0.000027,]
[7,8,]   167   0.00242161   9.4359e-040   6.1914e-040   [0.000021,-0.000034,]
[8,8,]   168   0.00181381   3.98194e-040   2.92442e-040   [0.000039,-0.000039,]
[9,8,]   169   0.00119668   -5.23303e-040   1.39557e-040   [0.000069,-0.000018,]
[10,8,]   170   0.00119166   -5.82742e-040   1.19739e-040   [0.000070,0.000029,]
[11,8,]   171   0.00181344   3.98494e-040   2.05999e-040   [0.000039,0.000039,]
[12,8,]   172   0.00242506   9.52861e-040   3.87278e-040   [0.000020,0.000034,]
[13,8,]   173   0.0024636   9.98665e-040   6.60418e-040   [0.000012,0.000028,]
[14,8,]   174   0.00191688   8.0871e-040   1.02476e-039   [0.000008,0.000023,]
[15,8,]   175   0.00116801   4.55436e-040   1.48021e-039   [0.000005,0.000020,]
[16,8,]   176   0.0005676   -2.47939e-041   2.02675e-039   [0.000004,0.000017,]
[17,8,]   177   0.000222689   -6.25663e-040   2.66438e-039   [0.000003,0.000015,]
[18,8,]   178   7.12347e-005   -1.36501e-039   3.3931e-039   [0.000004,0.000013,]
[19,8,]   179   1.90488e-005   -2.97588e-039   4.21291e-039   [0.000006,0.000012,]
[0,9,]   180   2.20014e-005   -2.83478e-039   4.1936e-039   [0.000004,-0.000011,]
[1,9,]   181   8.21262e-005   -1.26279e-039   3.45777e-039   [-0.000001,-0.000012,]
[2,9,]   182   0.000254489   -5.42087e-040   2.83652e-039   [0.000001,-0.000014,]
[3,9,]   183   0.000641909   5.92807e-041   2.28212e-039   [0.000002,-0.000016,]
[4,9,]   184   0.00129895   5.34602e-040   1.74427e-039   [0.000002,-0.000020,]
[5,9,]   185   0.00207117   8.78228e-040   1.21719e-039   [0.000003,-0.000025,]
[6,9,]   186   0.00252051   1.05443e-039   7.45583e-040   [0.000005,-0.000032,]
[7,9,]   187   0.00219306   8.51174e-040   3.81393e-040   [0.000009,-0.000045,]
[8,9,]   188   0.00119178   -5.82928e-040   1.46048e-040   [0.000029,-0.000070,]
[9,9,]   189   0.000301868   -1.20726e-038   3.22249e-041   [0.000121,-0.000111,]
[10,9,]   190   0.000301846   -1.20731e-038   2.49345e-041   [0.000111,0.000121,]
[11,9,]   191   0.00119658   -5.22937e-040   1.14248e-040   [0.000018,0.000069,]
[12,9,]   192   0.00219508   8.49626e-040   2.96096e-040   [0.000009,0.000044,]
[13,9,]   193   0.00252235   1.05407e-039   5.69318e-040   [0.000005,0.000032,]
[14,9,]   194   0.00207354   8.81449e-040   9.33673e-040   [0.000003,0.000025,]
[15,9,]   195   0.00130071   5.35759e-040   1.38912e-039   [0.000002,0.000021,]
[16,9,]   196   0.000642923   5.85091e-041   1.93566e-039   [0.000001,0.000018,]
[17,9,]   197   0.000254957   -5.40988e-040   2.57329e-039   [0.000001,0.000015,]
[18,9,]   198   8.21335e-005   -1.26807e-039   3.30201e-039   [0.000003,0.000014,]
[19,9,]   199   2.18993e-005   -2.84252e-039   4.12182e-039   [0.000004,0.000012,]
[0,10,]   200   2.22502e-005   -2.83776e-039   4.14239e-039   [0.000003,-0.000012,]
[1,10,]   201   8.24066e-005   -1.27489e-039   3.34664e-039   [-0.000003,-0.000013,]
[2,10,]   202   0.000255249   -5.41841e-040   2.64871e-039   [-0.000001,-0.000015,]
[3,10,]   203   0.000643467   6.00842e-041   2.03493e-039   [-0.000001,-0.000017,]
[4,10,]   204   0.00130142   5.36235e-040   1.49087e-039   [-0.000002,-0.000021,]
[5,10,]   205   0.00207417   8.81222e-040   1.0149e-039   [-0.000003,-0.000025,]
[6,10,]   206   0.00252273   1.05361e-039   6.19815e-040   [-0.000005,-0.000032,]
[7,10,]   207   0.00219523   8.49215e-040   3.20496e-040   [-0.000009,-0.000044,]
[8,10,]   208   0.00119661   -5.23212e-040   1.23084e-040   [-0.000018,-0.000069,]
[9,10,]   209   0.000301847   -1.20731e-038   2.54807e-041   [-0.000111,-0.000121,]
[10,10,]   210   0.000301843   -1.2073e-038   2.33919e-041   [-0.000121,0.000111,]
[11,10,]   211   0.00119164   -5.82547e-040   1.13973e-040   [-0.000029,0.000070,]
[12,10,]   212   0.00219263   8.51617e-040   2.96058e-040   [-0.000009,0.000045,]
[13,10,]   213   0.00251966   1.0546e-039   5.69314e-040   [-0.000005,0.000032,]
[14,10,]   214   0.00207007   8.77485e-040   9.33673e-040   [-0.000003,0.000025,]
[15,10,]   215   0.00129797   5.32143e-040   1.38912e-039   [-0.000002,0.000021,]
[16,10,]   216   0.000641284   5.45972e-041   1.93566e-039   [-0.000001,0.000018,]
[17,10,]   217   0.000254188   -5.45298e-040   2.57329e-039   [-0.000001,0.000015,]
[18,10,]   218   8.18435e-005   -1.26126e-039   3.30201e-039   [0.000001,0.000014,]
[19,10,]   219   2.16471e-005   -2.84457e-039   4.12182e-039   [0.000003,0.000012,]
[0,11,]   220   1.93477e-005   -2.97331e-039   4.2175e-039   [0.000002,-0.000011,]
[1,11,]   221   7.14271e-005   -1.37508e-039   3.40306e-039   [-0.000004,-0.000013,]
[2,11,]   222   0.00022282   -6.29295e-040   2.68121e-039   [-0.000003,-0.000015,]
[3,11,]   223   0.000567838   -2.50365e-041   2.0489e-039   [-0.000004,-0.000017,]
[4,11,]   224   0.00116831   4.55076e-040   1.50292e-039   [-0.000005,-0.000019,]
[5,11,]   225   0.00191712   8.08335e-040   1.04289e-039   [-0.000008,-0.000023,]
[6,11,]   226   0.00246373   9.98376e-040   6.71671e-040   [-0.000012,-0.000028,]
[7,11,]   227   0.00242511   9.5269e-040   3.92589e-040   [-0.000020,-0.000034,]
[8,11,]   228   0.00181344   3.98445e-040   2.0701e-040   [-0.000039,-0.000039,]
[9,11,]   229   0.00119164   -5.82575e-040   1.14467e-040   [-0.000070,-0.000029,]
[10,11,]   230   0.00119658   -5.22921e-040   1.14001e-040   [-0.000069,0.000018,]
[11,11,]   231   0.00181343   3.98529e-040   2.04977e-040   [-0.000039,0.000039,]
[12,11,]   232   0.0024207   9.43584e-040   3.87136e-040   [-0.000021,0.000034,]
[13,11,]   233   0.00245674   9.92324e-040   6.60403e-040   [-0.000012,0.000028,]
[14,11,]   234   0.00190894   8.00835e-040   1.02476e-039   [-0.000008,0.000023,]
[15,11,]   235   0.00116154   4.46044e-040   1.48021e-039   [-0.000005,0.000020,]
[16,11,]   236   0.00056365   -3.53989e-041   2.02675e-039   [-0.000004,0.000017,]
[17,11,]   237   0.000220812   -6.37746e-040   2.66438e-039   [-0.000003,0.000015,]
[18,11,]   238   7.05212e-005   -1.34471e-039   3.3931e-039   [-0.000000,0.000013,]
[19,11,]   239   1.84171e-005   -2.98244e-039   4.21291e-039   [0.000002,0.000012,]
[0,12,]   240   1.44403e-005   -3.23327e-039   4.39589e-039   [0.000001,-0.000011,]
[1,12,]   241   5.33811e-005   -1.56239e-039   3.57701e-039   [-0.000006,-0.000012,]
[2,12,]   242   0.000168749   -8.03762e-040   2.84949e-039   [-0.000005,-0.000014,]
[3,12,]   243   0.000438516   -1.95907e-040   2.21278e-039   [-0.000006,-0.000015,]
[4,12,]   244   0.000929292   2.91261e-040   1.66634e-039   [-0.000008,-0.000017,]
[5,12,]   245   0.00159852   6.61645e-040   1.21009e-039   [-0.000011,-0.000020,]
[6,12,]   246   0.00222482   9.01861e-040   8.44541e-040   [-0.000016,-0.000022,]
[7,12,]   247   0.00252217   9.9114e-040   5.70261e-040   [-0.000023,-0.000023,]
[8,12,]   248   0.0024207   9.43567e-040   3.8749e-040   [-0.000034,-0.000021,]
[9,12,]   249   0.00219263   8.51613e-040   2.96148e-040   [-0.000045,-0.000009,]
[10,12,]   250   0.00219508   8.49627e-040   2.96067e-040   [-0.000044,0.000009,]
[11,12,]   251   0.00242506   9.52866e-040   3.87137e-040   [-0.000034,0.000020,]
[12,12,]   252   0.00252215   9.91192e-040   5.69313e-040   [-0.000023,0.000023,]
[13,12,]   253   0.00221987   8.96855e-040   8.42583e-040   [-0.000016,0.000022,]
[14,12,]   254   0.00159109   6.53322e-040   1.20694e-039   [-0.000011,0.000020,]
[15,12,]   255   0.000922617   2.79945e-040   1.66239e-039   [-0.000008,0.000017,]
[16,12,]   256   0.000434235   -2.09896e-040   2.20893e-039   [-0.000006,0.000016,]
[17,12,]   257   0.000166652   -8.17028e-040   2.84656e-039   [-0.000005,0.000014,]
[18,12,]   258   5.24589e-005   -1.51812e-039   3.57528e-039   [-0.000002,0.000013,]
[19,12,]   259   1.34795e-005   -3.24886e-039   4.39509e-039   [0.000001,0.000012,]
[0,13,]   260   9.22057e-006   -3.60771e-039   4.66847e-039   [-0.000000,-0.000010,]
[1,13,]   261   3.42613e-005   -1.838e-039   3.84879e-039   [-0.000007,-0.000012,]
[2,13,]   262   0.000110205   -1.0666e-039   3.12023e-039   [-0.000006,-0.000013,]
[3,13,]   263   0.00029348   -4.5357e-040   2.48272e-039   [-0.000007,-0.000014,]
[4,13,]   264   0.000644129   4.30075e-041   1.9362e-039   [-0.000009,-0.000015,]
[5,13,]   265   0.00116654   4.33607e-040   1.48064e-039   [-0.000012,-0.000016,]
[6,13,]   266   0.0017526   7.167e-040   1.11612e-039   [-0.000016,-0.000017,]
[7,13,]   267   0.00221987   8.96841e-040   8.42711e-040   [-0.000022,-0.000016,]
[8,13,]   268   0.00245674   9.9232e-040   6.60451e-040   [-0.000028,-0.000012,]
[9,13,]   269   0.00251966   1.0546e-039   5.69327e-040   [-0.000032,-0.000005,]
[10,13,]   270   0.00252235   1.05407e-039   5.69316e-040   [-0.000032,0.000005,]
[11,13,]   271   0.0024636   9.98666e-040   6.60403e-040   [-0.000028,0.000012,]
[12,13,]   272   0.00222479   9.0198e-040   8.42583e-040   [-0.000022,0.000016,]
[13,13,]   273   0.0017526   7.16739e-040   1.11585e-039   [-0.000017,0.000016,]
[14,13,]   274   0.00116298   4.28426e-040   1.48021e-039   [-0.000013,0.000016,]
[15,13,]   275   0.000639954   3.2892e-041   1.93566e-039   [-0.000010,0.000015,]
[16,13,]   276   0.000290514   -4.6825e-040   2.4822e-039   [-0.000007,0.000014,]
[17,13,]   277   0.000108673   -1.08234e-039   3.11983e-039   [-0.000006,0.000013,]
[18,13,]   278   3.35746e-005   -1.78115e-039   3.84855e-039   [-0.000002,0.000012,]
[19,13,]   279   8.47102e-006   -3.63162e-039   4.66836e-039   [0.000001,0.000011,]
[0,14,]   280   5.01806e-006   -4.08619e-039   5.03273e-039   [-0.000001,-0.000009,]
[1,14,]   281   1.87946e-005   -2.2031e-039   4.21294e-039   [-0.000008,-0.000011,]
[2,14,]   282   6.16361e-005   -1.41934e-039   3.48423e-039   [-0.000007,-0.000011,]
[3,14,]   283   0.000168475   -7.99943e-040   2.84662e-039   [-0.000008,-0.000012,]
[4,14,]   284   0.000382978   -2.93263e-040   2.30008e-039   [-0.000010,-0.000013,]
[5,14,]   285   0.000727208   1.15195e-040   1.84462e-039   [-0.000013,-0.000013,]
[6,14,]   286   0.00116299   4.28415e-040   1.48024e-039   [-0.000016,-0.000013,]
[7,14,]   287   0.00159109   6.53318e-040   1.20696e-039   [-0.000020,-0.000011,]
[8,14,]   288   0.00190894   8.00835e-040   1.02477e-039   [-0.000023,-0.000008,]
[9,14,]   289   0.00207007   8.77485e-040   9.33674e-040   [-0.000025,-0.000003,]
[10,14,]   290   0.00207354   8.81449e-040   9.33673e-040   [-0.000025,0.000003,]
[11,14,]   291   0.00191688   8.0871e-040   1.02476e-039   [-0.000023,0.000008,]
[12,14,]   292   0.00159845   6.61868e-040   1.20694e-039   [-0.000020,0.000011,]
[13,14,]   293   0.00116653   4.33697e-040   1.48021e-039   [-0.000016,0.000012,]
[14,14,]   294   0.000727207   1.15222e-040   1.84457e-039   [-0.000013,0.000013,]
[15,14,]   295   0.000381469   -2.9926e-040   2.30002e-039   [-0.000010,0.000013,]
[16,14,]   296   0.000167062   -8.12078e-040   2.84656e-039   [-0.000008,0.000012,]
[17,14,]   297   6.08219e-005   -1.43427e-039   3.48419e-039   [-0.000007,0.000011,]
[18,14,]   298   1.84069e-005   -2.13411e-039   4.21291e-039   [-0.000003,0.000011,]
[19,14,]   299   4.5576e-006   -4.11779e-039   5.03272e-039   [0.000000,0.000011,]
[0,15,]   300   2.31923e-006   -4.66044e-039   5.48817e-039   [-0.000002,-0.000009,]
[1,15,]   301   8.77101e-006   -2.65927e-039   4.66836e-039   [-0.000009,-0.000010,]
[2,15,]   302   2.93351e-005   -1.864e-039   3.93965e-039   [-0.000007,-0.000010,]
[3,15,]   303   8.22351e-005   -1.23776e-039   3.30202e-039   [-0.000009,-0.000010,]
[4,15,]   304   0.000193022   -7.21673e-040   2.75548e-039   [-0.000010,-0.000011,]
[5,15,]   305   0.000381469   -2.99266e-040   2.30003e-039   [-0.000013,-0.000010,]
[6,15,]   306   0.000639954   3.28894e-041   1.93566e-039   [-0.000015,-0.000010,]
[7,15,]   307   0.000922617   2.79944e-040   1.66239e-039   [-0.000017,-0.000008,]
[8,15,]   308   0.00116154   4.46044e-040   1.48021e-039   [-0.000020,-0.000005,]
[9,15,]   309   0.00129797   5.32143e-040   1.38912e-039   [-0.000021,-0.000002,]
[10,15,]   310   0.00130071   5.35759e-040   1.38912e-039   [-0.000021,0.000002,]
[11,15,]   311   0.00116801   4.55436e-040   1.48021e-039   [-0.000020,0.000005,]
[12,15,]   312   0.000929213   2.91623e-040   1.66239e-039   [-0.000017,0.000008,]
[13,15,]   313   0.000644116   4.31848e-041   1.93566e-039   [-0.000015,0.000009,]
[14,15,]   314   0.000382976   -2.93204e-040   2.30002e-039   [-0.000013,0.000010,]
[15,15,]   315   0.000193022   -7.21658e-040   2.75547e-039   [-0.000011,0.000010,]
[16,15,]   316   8.18332e-005   -1.24469e-039   3.30201e-039   [-0.000009,0.000010,]
[17,15,]   317   2.90278e-005   -1.87497e-039   3.93964e-039   [-0.000007,0.000010,]
[18,15,]   318   8.60454e-006   -2.57834e-039   4.66836e-039   [-0.000003,0.000010,]
[19,15,]   319   2.09215e-006   -4.69726e-039   5.48817e-039   [0.000001,0.000010,]
[0,16,]   320   9.07431e-007   -5.32402e-039   6.03471e-039   [-0.000002,-0.000008,]
[1,16,]   321   3.46821e-006   -3.2072e-039   5.2149e-039   [-0.000010,-0.000009,]
[2,16,]   322   1.18198e-005   -2.40164e-039   4.48618e-039   [-0.000008,-0.000009,]
[3,16,]   323   3.39094e-005   -1.76878e-039   3.84855e-039   [-0.000009,-0.000009,]
[4,16,]   324   8.18332e-005   -1.24469e-039   3.30201e-039   [-0.000010,-0.000009,]
[5,16,]   325   0.000167062   -8.12078e-040   2.84656e-039   [-0.000012,-0.000008,]
[6,16,]   326   0.000290514   -4.6825e-040   2.4822e-039   [-0.000014,-0.000007,]
[7,16,]   327   0.000434235   -2.09896e-040   2.20893e-039   [-0.000016,-0.000006,]
[8,16,]   328   0.00056365   -3.53989e-041   2.02675e-039   [-0.000017,-0.000004,]
[9,16,]   329   0.000641284   5.45972e-041   1.93566e-039   [-0.000018,-0.000001,]
[10,16,]   330   0.000642923   5.8509e-041   1.93566e-039   [-0.000018,0.000001,]
[11,16,]   331   0.0005676   -2.4794e-041   2.02675e-039   [-0.000017,0.000004,]
[12,16,]   332   0.000438452   -1.95387e-040   2.20893e-039   [-0.000016,0.000006,]
[13,16,]   333   0.00029347   -4.53282e-040   2.4822e-039   [-0.000014,0.000007,]
[14,16,]   334   0.000168474   -7.99847e-040   2.84656e-039   [-0.000012,0.000008,]
[15,16,]   335   8.22351e-005   -1.23774e-039   3.30201e-039   [-0.000010,0.000009,]
[16,16,]   336   3.39094e-005   -1.76878e-039   3.84855e-039   [-0.000009,0.000009,]
[17,16,]   337   1.17489e-005   -2.40627e-039   4.48618e-039   [-0.000008,0.000009,]
[18,16,]   338   3.41513e-006   -3.11464e-039   5.2149e-039   [-0.000003,0.000009,]
[19,16,]   339   8.16599e-007   -5.3626e-039   6.03471e-039   [0.000001,0.000009,]
[0,17,]   340   2.99468e-007   -6.08717e-039   6.67234e-039   [-0.000002,-0.000007,]
[1,17,]   341   1.15699e-006   -3.86074e-039   5.85253e-039   [-0.000010,-0.000008,]
[2,17,]   342   4.01215e-006   -3.04573e-039   5.12381e-039   [-0.000008,-0.000008,]
[3,17,]   343   1.17489e-005   -2.40625e-039   4.48618e-039   [-0.000009,-0.000008,]
[4,17,]   344   2.90278e-005   -1.87497e-039   3.93964e-039   [-0.000010,-0.000007,]
[5,17,]   345   6.08219e-005   -1.43427e-039   3.48419e-039   [-0.000011,-0.000007,]
[6,17,]   346   0.000108673   -1.08234e-039   3.11983e-039   [-0.000013,-0.000006,]
[7,17,]   347   0.000166652   -8.17028e-040   2.84656e-039   [-0.000014,-0.000005,]
[8,17,]   348   0.000220812   -6.37746e-040   2.66438e-039   [-0.000015,-0.000003,]
[9,17,]   349   0.000254188   -5.45297e-040   2.57329e-039   [-0.000015,-0.000001,]
[10,17,]   350   0.000254957   -5.40988e-040   2.57329e-039   [-0.000015,0.000001,]
[11,17,]   351   0.000222689   -6.25663e-040   2.66438e-039   [-0.000015,0.000003,]
[12,17,]   352   0.000168714   -7.99475e-040   2.84656e-039   [-0.000014,0.000005,]
[13,17,]   353   0.000110199   -1.06244e-039   3.11983e-039   [-0.000013,0.000006,]
[14,17,]   354   6.16359e-005   -1.41528e-039   3.48419e-039   [-0.000011,0.000007,]
[15,17,]   355   2.93353e-005   -1.85989e-039   3.93964e-039   [-0.000010,0.000007,]
[16,17,]   356   1.18199e-005   -2.39741e-039   4.48618e-039   [-0.000009,0.000008,]
[17,17,]   357   4.01219e-006   -3.04138e-039   5.12381e-039   [-0.000008,0.000008,]
[18,17,]   358   1.14568e-006   -3.75593e-039   5.85253e-039   [-0.000003,0.000008,]
[19,17,]   359   2.69896e-007   -6.12251e-039   6.67234e-039   [0.000001,0.000008,]
[0,18,]   360   8.3309e-008   -6.91746e-039   7.40106e-039   [-0.000002,-0.000002,]
[1,18,]   361   3.25263e-007   -4.5849e-039   6.58125e-039   [-0.000010,-0.000003,]
[2,18,]   362   1.14567e-006   -3.76039e-039   5.85253e-039   [-0.000008,-0.000003,]
[3,18,]   363   3.41512e-006   -3.11463e-039   5.2149e-039   [-0.000009,-0.000003,]
[4,18,]   364   8.60453e-006   -2.57834e-039   4.66836e-039   [-0.000010,-0.000003,]
[5,18,]   365   1.84069e-005   -2.13411e-039   4.21291e-039   [-0.000011,-0.000003,]
[6,18,]   366   3.35746e-005   -1.78115e-039   3.84855e-039   [-0.000012,-0.000002,]
[7,18,]   367   5.24589e-005   -1.51812e-039   3.57528e-039   [-0.000013,-0.000002,]
[8,18,]   368   7.05212e-005   -1.34471e-039   3.3931e-039   [-0.000013,-0.000000,]
[9,18,]   369   8.18435e-005   -1.26126e-039   3.30201e-039   [-0.000014,0.000001,]
[10,18,]   370   8.21335e-005   -1.26807e-039   3.30201e-039   [-0.000014,0.000003,]
[11,18,]   371   7.12347e-005   -1.36501e-039   3.3931e-039   [-0.000013,0.000004,]
[12,18,]   372   5.32569e-005   -1.55148e-039   3.57528e-039   [-0.000013,0.000006,]
[13,18,]   373   3.41844e-005   -1.82702e-039   3.84855e-039   [-0.000012,0.000007,]
[14,18,]   374   1.87512e-005   -2.19193e-039   4.21291e-039   [-0.000011,0.000008,]
[15,18,]   375   8.7499e-006   -2.64767e-039   4.66836e-039   [-0.000010,0.000009,]
[16,18,]   376   3.4595e-006   -3.19505e-039   5.2149e-039   [-0.000009,0.000010,]
[17,18,]   377   1.15397e-006   -3.84805e-039   5.85253e-039   [-0.000008,0.000010,]
[18,18,]   378   3.24388e-007   -4.57157e-039   6.58125e-039   [-0.000003,0.000010,]
[19,18,]   379   7.54377e-008   -7.04852e-039   7.40106e-039   [0.000001,0.000011,]
[0,19,]   380   1.92623e-008   -9.54125e-039   8.22087e-039   [-0.000002,0.000002,]
[1,19,]   381   7.56543e-008   -7.06214e-039   7.40106e-039   [-0.000011,0.000001,]
[2,19,]   382   2.69893e-007   -6.12722e-039   6.67234e-039   [-0.000008,0.000001,]
[3,19,]   383   8.16597e-007   -5.36258e-039   6.03471e-039   [-0.000009,0.000001,]
[4,19,]   384   2.09215e-006   -4.69726e-039   5.48817e-039   [-0.000010,0.000001,]
[5,19,]   385   4.5576e-006   -4.11779e-039   5.03272e-039   [-0.000011,0.000000,]
[6,19,]   386   8.47102e-006   -3.63162e-039   4.66836e-039   [-0.000011,0.000001,]
[7,19,]   387   1.34795e-005   -3.24886e-039   4.39509e-039   [-0.000012,0.000001,]
[8,19,]   388   1.84171e-005   -2.98244e-039   4.21291e-039   [-0.000012,0.000002,]
[9,19,]   389   2.16471e-005   -2.84457e-039   4.12182e-039   [-0.000012,0.000003,]
[10,19,]   390   2.18993e-005   -2.84252e-039   4.12182e-039   [-0.000012,0.000004,]
[11,19,]   391   1.90488e-005   -2.97588e-039   4.21291e-039   [-0.000012,0.000006,]
[12,19,]   392   1.42137e-005   -3.23702e-039   4.39509e-039   [-0.000011,0.000007,]
[13,19,]   393   9.06911e-006   -3.61423e-039   4.66836e-039   [-0.000010,0.000008,]
[14,19,]   394   4.93071e-006   -4.09585e-039   5.03272e-039   [-0.000009,0.000010,]
[15,19,]   395   2.27641e-006   -4.67317e-039   5.48817e-039   [-0.000009,0.000011,]
[16,19,]   396   8.89734e-007   -5.33966e-039   6.03471e-039   [-0.000008,0.000012,]
[17,19,]   397   2.93336e-007   -6.1055e-039   6.67234e-039   [-0.000007,0.000013,]
[18,19,]   398   8.15281e-008   -6.93729e-039   7.40106e-039   [-0.000002,0.000013,]
[19,19,]   399   1.8821e-008   -9.57079e-039   8.22087e-039   [0.000002,0.000014,]
