coordinates  index   rho      Q      V    velocities 
[0,0,]   0   3.24607e-008   -8.5982e-039   1.03724e-061   [0.000026,-0.000014,]
[1,0,]   1   1.12294e-007   -6.11569e-039   1.19889e-059   [0.000025,-0.000011,]
[2,0,]   2   3.64044e-007   -5.46841e-039   1.07921e-057   [0.000025,-0.000008,]
[3,0,]   3   1.14124e-006   -4.76342e-039   7.56583e-056   [0.000019,-0.000006,]
[4,0,]   4   3.23388e-006   -4.15383e-039   4.1308e-054   [0.000012,-0.000004,]
[5,0,]   5   7.80426e-006   -3.68831e-039   1.75646e-052   [0.000004,-0.000003,]
[6,0,]   6   1.57097e-005   -3.32775e-039   5.8166e-051   [-0.000000,-0.000003,]
[7,0,]   7   2.63186e-005   -3.05811e-039   1.50012e-049   [-0.000004,-0.000003,]
[8,0,]   8   3.69045e-005   -2.87445e-039   3.01308e-048   [-0.000006,-0.000003,]
[9,0,]   9   4.36122e-005   -2.78093e-039   4.71324e-047   [-0.000008,-0.000004,]
[10,0,]   10   4.36533e-005   -2.78133e-039   5.74191e-046   [-0.000007,-0.000005,]
[11,0,]   11   3.70527e-005   -2.86964e-039   5.44777e-045   [-0.000006,-0.000006,]
[12,0,]   12   2.653e-005   -3.04821e-039   4.02539e-044   [-0.000003,-0.000006,]
[13,0,]   13   1.58943e-005   -3.32245e-039   2.31645e-043   [0.000001,-0.000006,]
[14,0,]   14   7.93283e-006   -3.69667e-039   1.03816e-042   [0.000007,-0.000006,]
[15,0,]   15   3.32138e-006   -4.1794e-039   3.62354e-042   [0.000014,-0.000005,]
[16,0,]   16   1.20015e-006   -4.76363e-039   9.8498e-042   [0.000022,-0.000003,]
[17,0,]   17   3.92269e-007   -5.48209e-039   2.0852e-041   [0.000028,-0.000002,]
[18,0,]   18   1.23721e-007   -6.28891e-039   3.43792e-041   [0.000033,-0.000001,]
[19,0,]   19   4.08304e-008   -8.49708e-039   4.41437e-041   [0.000033,-0.000002,]
[0,1,]   20   1.32036e-007   -5.93046e-039   1.03724e-061   [0.000026,-0.000012,]
[1,1,]   21   4.36219e-007   -4.02017e-039   1.19889e-059   [0.000027,-0.000011,]
[2,1,]   22   1.36924e-006   -3.80718e-039   1.07921e-057   [0.000028,-0.000008,]
[3,1,]   23   4.26757e-006   -3.24513e-039   7.56583e-056   [0.000021,-0.000005,]
[4,1,]   24   1.21883e-005   -2.59859e-039   4.1308e-054   [0.000013,-0.000003,]
[5,1,]   25   2.9641e-005   -2.07654e-039   1.75646e-052   [0.000005,-0.000002,]
[6,1,]   26   5.98499e-005   -1.69015e-039   5.8166e-051   [-0.000000,-0.000001,]
[7,1,]   27   0.000100123   -1.42756e-039   1.50012e-049   [-0.000004,-0.000001,]
[8,1,]   28   0.00013981   -1.26874e-039   3.01308e-048   [-0.000007,-0.000002,]
[9,1,]   29   0.000164437   -1.19912e-039   4.71324e-047   [-0.000009,-0.000003,]
[10,1,]   30   0.000164017   -1.20772e-039   5.74191e-046   [-0.000008,-0.000004,]
[11,1,]   31   0.000139023   -1.2844e-039   5.44777e-045   [-0.000006,-0.000005,]
[12,1,]   32   9.95534e-005   -1.44353e-039   4.02539e-044   [-0.000003,-0.000005,]
[13,1,]   33   5.96647e-005   -1.70894e-039   2.31645e-043   [0.000001,-0.000006,]
[14,1,]   34   2.97814e-005   -2.09571e-039   1.03816e-042   [0.000007,-0.000005,]
[15,1,]   35   1.24911e-005   -2.59854e-039   3.62354e-042   [0.000016,-0.000004,]
[16,1,]   36   4.55899e-006   -3.14081e-039   9.8498e-042   [0.000024,-0.000002,]
[17,1,]   37   1.53153e-006   -3.64656e-039   2.0852e-041   [0.000030,0.000000,]
[18,1,]   38   5.06051e-007   -4.03795e-039   3.43792e-041   [0.000033,0.000002,]
[19,1,]   39   1.7497e-007   -5.68353e-039   4.41437e-041   [0.000031,0.000001,]
[0,2,]   40   4.72031e-007   -4.76536e-039   1.03724e-061   [0.000025,-0.000011,]
[1,2,]   41   1.45992e-006   -3.12221e-039   1.19889e-059   [0.000029,-0.000010,]
[2,2,]   42   4.32984e-006   -3.05294e-039   1.07921e-057   [0.000031,-0.000007,]
[3,2,]   43   1.31911e-005   -2.54697e-039   7.56583e-056   [0.000024,-0.000004,]
[4,2,]   44   3.77312e-005   -1.88791e-039   4.1308e-054   [0.000015,-0.000001,]
[5,2,]   45   9.23247e-005   -1.35048e-039   1.75646e-052   [0.000006,0.000000,]
[6,2,]   46   0.000186958   -9.56763e-040   5.8166e-051   [-0.000000,0.000001,]
[7,2,]   47   0.000312384   -6.93441e-040   1.50012e-049   [-0.000005,0.000001,]
[8,2,]   48   0.00043472   -5.36484e-040   3.01308e-048   [-0.000008,-0.000000,]
[9,2,]   49   0.00050974   -4.67539e-040   4.71324e-047   [-0.000010,-0.000001,]
[10,2,]   50   0.000508077   -4.72887e-040   5.74191e-046   [-0.000009,-0.000003,]
[11,2,]   51   0.000431509   -5.41759e-040   5.44777e-045   [-0.000007,-0.000004,]
[12,2,]   52   0.000309917   -6.93259e-040   4.02539e-044   [-0.000004,-0.000004,]
[13,2,]   53   0.000186001   -9.57635e-040   2.31645e-043   [0.000001,-0.000005,]
[14,2,]   54   9.26904e-005   -1.35459e-039   1.03816e-042   [0.000008,-0.000004,]
[15,2,]   55   3.87741e-005   -1.87871e-039   3.62354e-042   [0.000017,-0.000003,]
[16,2,]   56   1.42286e-005   -2.43272e-039   9.8498e-042   [0.000026,-0.000000,]
[17,2,]   57   4.91371e-006   -2.90113e-039   2.0852e-041   [0.000033,0.000003,]
[18,2,]   58   1.71222e-006   -3.19638e-039   3.43792e-041   [0.000034,0.000005,]
[19,2,]   59   6.25561e-007   -4.62351e-039   4.41437e-041   [0.000030,0.000005,]
[0,3,]   60   1.42993e-006   -3.66289e-039   1.03724e-061   [0.000024,-0.000011,]
[1,3,]   61   4.0918e-006   -2.32395e-039   1.19889e-059   [0.000031,-0.000011,]
[2,3,]   62   1.12474e-005   -2.42419e-039   1.07921e-057   [0.000035,-0.000009,]
[3,3,]   63   3.31105e-005   -1.98689e-039   7.56583e-056   [0.000028,-0.000004,]
[4,3,]   64   9.48388e-005   -1.29677e-039   4.1308e-054   [0.000018,-0.000000,]
[5,3,]   65   0.000234093   -7.29857e-040   1.75646e-052   [0.000007,0.000001,]
[6,3,]   66   0.000475986   -3.23548e-040   5.8166e-051   [-0.000000,0.000002,]
[7,3,]   67   0.000793895   -6.03246e-041   1.50012e-049   [-0.000005,0.000002,]
[8,3,]   68   0.00109935   9.02599e-041   3.01308e-048   [-0.000009,0.000001,]
[9,3,]   69   0.00128345   1.52681e-040   4.71324e-047   [-0.000011,-0.000001,]
[10,3,]   70   0.00127817   1.45788e-040   5.74191e-046   [-0.000011,-0.000002,]
[11,3,]   71   0.00108894   8.23515e-041   5.44777e-045   [-0.000008,-0.000004,]
[12,3,]   72   0.000785608   -6.24757e-041   4.02539e-044   [-0.000004,-0.000005,]
[13,3,]   73   0.000472465   -3.26873e-040   2.31645e-043   [0.000002,-0.000005,]
[14,3,]   74   0.000234845   -7.36138e-040   1.03816e-042   [0.000009,-0.000005,]
[15,3,]   75   9.78164e-005   -1.28422e-039   3.62354e-042   [0.000020,-0.000003,]
[16,3,]   76   3.61564e-005   -1.84253e-039   9.8498e-042   [0.000030,0.000000,]
[17,3,]   77   1.29759e-005   -2.2386e-039   2.0852e-041   [0.000036,0.000004,]
[18,3,]   78   4.84149e-006   -2.40213e-039   3.43792e-041   [0.000035,0.000007,]
[19,3,]   79   1.88266e-006   -3.58231e-039   4.41437e-041   [0.000028,0.000005,]
[0,4,]   80   3.67983e-006   -2.54866e-039   1.03724e-061   [0.000023,-0.000012,]
[1,4,]   81   9.63276e-006   -1.56123e-039   1.19889e-059   [0.000031,-0.000013,]
[2,4,]   82   2.39026e-005   -1.88066e-039   1.07921e-057   [0.000039,-0.000011,]
[3,4,]   83   6.6677e-005   -1.56421e-039   7.56583e-056   [0.000034,-0.000005,]
[4,4,]   84   0.000191166   -8.28646e-040   4.1308e-054   [0.000021,0.000000,]
[5,4,]   85   0.000478107   -2.16293e-040   1.75646e-052   [0.000008,0.000003,]
[6,4,]   86   0.000978152   2.08927e-040   5.8166e-051   [-0.000000,0.000004,]
[7,4,]   87   0.00162693   4.72318e-040   1.50012e-049   [-0.000006,0.000003,]
[8,4,]   88   0.00223578   6.13656e-040   3.01308e-048   [-0.000011,0.000002,]
[9,4,]   89   0.00259282   6.6649e-040   4.71324e-047   [-0.000013,-0.000000,]
[10,4,]   90   0.00257932   6.57583e-040   5.74191e-046   [-0.000013,-0.000003,]
[11,4,]   91   0.00220882   6.02523e-040   5.44777e-045   [-0.000010,-0.000005,]
[12,4,]   92   0.00160496   4.6758e-040   4.02539e-044   [-0.000005,-0.000006,]
[13,4,]   93   0.000968301   2.02858e-040   2.31645e-043   [0.000002,-0.000006,]
[14,4,]   94   0.000479296   -2.2529e-040   1.03816e-042   [0.000010,-0.000006,]
[15,4,]   95   0.000198167   -8.11174e-040   3.62354e-042   [0.000023,-0.000003,]
[16,4,]   96   7.40069e-005   -1.37588e-039   9.8498e-042   [0.000035,0.000002,]
[17,4,]   97   2.80895e-005   -1.65698e-039   2.0852e-041   [0.000040,0.000007,]
[18,4,]   98   1.14547e-005   -1.65588e-039   3.43792e-041   [0.000035,0.000008,]
[19,4,]   99   4.77395e-006   -2.55811e-039   4.41437e-041   [0.000026,0.000006,]
[0,5,]   100   8.0758e-006   -1.4046e-039   1.03724e-061   [0.000020,-0.000013,]
[1,5,]   101   1.91704e-005   -8.05421e-040   1.19889e-059   [0.000031,-0.000015,]
[2,5,]   102   4.14678e-005   -1.39234e-039   1.07921e-057   [0.000044,-0.000014,]
[3,5,]   103   0.000105792   -1.30533e-039   7.56583e-056   [0.000041,-0.000006,]
[4,5,]   104   0.000303192   -4.99991e-040   4.1308e-054   [0.000026,0.000001,]
[5,5,]   105   0.000774825   1.88655e-040   1.75646e-052   [0.000010,0.000005,]
[6,5,]   106   0.00160106   6.44116e-040   5.8166e-051   [-0.000000,0.000006,]
[7,5,]   107   0.00265059   9.08525e-040   1.50012e-049   [-0.000007,0.000005,]
[8,5,]   108   0.00359651   1.03604e-039   3.01308e-048   [-0.000013,0.000004,]
[9,5,]   109   0.00412451   1.07344e-039   4.71324e-047   [-0.000016,0.000001,]
[10,5,]   110   0.00409692   1.06181e-039   5.74191e-046   [-0.000016,-0.000003,]
[11,5,]   111   0.00354086   1.02039e-039   5.44777e-045   [-0.000012,-0.000006,]
[12,5,]   112   0.0026045   9.0044e-040   4.02539e-044   [-0.000006,-0.000008,]
[13,5,]   113   0.00157966   6.34506e-040   2.31645e-043   [0.000002,-0.000008,]
[14,5,]   114   0.00077618   1.75667e-040   1.03816e-042   [0.000012,-0.000007,]
[15,5,]   115   0.000316621   -4.74136e-040   3.62354e-042   [0.000028,-0.000004,]
[16,5,]   116   0.00012012   -1.04632e-039   9.8498e-042   [0.000042,0.000003,]
[17,5,]   117   4.96909e-005   -1.13048e-039   2.0852e-041   [0.000044,0.000010,]
[18,5,]   118   2.2761e-005   -9.32908e-040   3.43792e-041   [0.000034,0.000011,]
[19,5,]   119   1.02244e-005   -1.52879e-039   4.41437e-041   [0.000023,0.000007,]
[0,6,]   120   1.51689e-005   -2.43456e-040   1.03724e-061   [0.000017,-0.000014,]
[1,6,]   121   3.25626e-005   -4.11744e-041   1.19889e-059   [0.000029,-0.000017,]
[2,6,]   122   5.8893e-005   -8.93929e-040   1.07921e-057   [0.000048,-0.000018,]
[3,6,]   123   0.00012824   -1.28446e-039   7.56583e-056   [0.000052,-0.000009,]
[4,6,]   124   0.000365897   -3.60333e-040   4.1308e-054   [0.000034,0.000003,]
[5,6,]   125   0.000972886   4.63474e-040   1.75646e-052   [0.000013,0.000009,]
[6,6,]   126   0.00204624   9.72616e-040   5.8166e-051   [-0.000000,0.000010,]
[7,6,]   127   0.00335853   1.24053e-039   1.50012e-049   [-0.000009,0.000010,]
[8,6,]   128   0.00445075   1.34558e-039   3.01308e-048   [-0.000016,0.000007,]
[9,6,]   129   0.00499808   1.36595e-039   4.71324e-047   [-0.000021,0.000002,]
[10,6,]   130   0.00495326   1.34844e-039   5.74191e-046   [-0.000020,-0.000004,]
[11,6,]   131   0.00436038   1.32249e-039   5.44777e-045   [-0.000015,-0.000009,]
[12,6,]   132   0.00328287   1.22749e-039   4.02539e-044   [-0.000008,-0.000011,]
[13,6,]   133   0.00201029   9.57741e-040   2.31645e-043   [0.000002,-0.000012,]
[14,6,]   134   0.000973851   4.43789e-040   1.03816e-042   [0.000015,-0.000011,]
[15,6,]   135   0.000386534   -3.20097e-040   3.62354e-042   [0.000035,-0.000005,]
[16,6,]   136   0.000150621   -8.91579e-040   9.8498e-042   [0.000052,0.000006,]
[17,6,]   137   7.17676e-005   -6.12302e-040   2.0852e-041   [0.000047,0.000014,]
[18,6,]   138   3.82094e-005   -2.15841e-040   3.43792e-041   [0.000031,0.000013,]
[19,6,]   139   1.8542e-005   -4.88878e-040   4.41437e-041   [0.000019,0.000008,]
[0,7,]   140   2.44711e-005   8.6673e-040   1.03724e-061   [0.000013,-0.000014,]
[1,7,]   141   4.78399e-005   7.09974e-040   1.19889e-059   [0.000024,-0.000019,]
[2,7,]   142   6.97298e-005   -2.14901e-040   1.07921e-057   [0.000048,-0.000025,]
[3,7,]   143   0.000112193   -1.75902e-039   7.56583e-056   [0.000070,-0.000017,]
[4,7,]   144   0.000313829   -6.44259e-040   4.1308e-054   [0.000047,0.000007,]
[5,7,]   145   0.000911832   5.34006e-040   1.75646e-052   [0.000016,0.000017,]
[6,7,]   146   0.00198703   1.14549e-039   5.8166e-051   [0.000000,0.000019,]
[7,7,]   147   0.00320351   1.42541e-039   1.50012e-049   [-0.000011,0.000018,]
[8,7,]   148   0.00403575   1.50144e-039   3.01308e-048   [-0.000021,0.000014,]
[9,7,]   149   0.0043101   1.45356e-039   4.71324e-047   [-0.000029,0.000005,]
[10,7,]   150   0.0042552   1.42353e-039   5.74191e-046   [-0.000028,-0.000006,]
[11,7,]   151   0.00392431   1.46357e-039   5.44777e-045   [-0.000020,-0.000015,]
[12,7,]   152   0.00310905   1.40061e-039   4.02539e-044   [-0.000010,-0.000019,]
[13,7,]   153   0.00194147   1.11914e-039   2.31645e-043   [0.000002,-0.000020,]
[14,7,]   154   0.000912076   5.00943e-040   1.03816e-042   [0.000019,-0.000018,]
[15,7,]   155   0.00033855   -5.5175e-040   3.62354e-042   [0.000047,-0.000008,]
[16,7,]   156   0.000139049   -1.07081e-039   9.8498e-042   [0.000068,0.000011,]
[17,7,]   157   8.52446e-005   1.01265e-041   2.0852e-041   [0.000048,0.000021,]
[18,7,]   158   5.46954e-005   4.94157e-040   3.43792e-041   [0.000025,0.000016,]
[19,7,]   159   2.85642e-005   5.37361e-040   4.41437e-041   [0.000014,0.000009,]
[0,8,]   160   3.4018e-005   1.77728e-039   1.03724e-061   [0.000008,-0.000014,]
[1,8,]   161   6.17545e-005   1.35946e-039   1.19889e-059   [0.000016,-0.000020,]
[2,8,]   162   7.24682e-005   9.23349e-040   1.07921e-057   [0.000040,-0.000035,]
[3,8,]   163   6.44973e-005   -3.75008e-039   7.56583e-056   [0.000099,-0.000033,]
[4,8,]   164   0.000164189   -2.42086e-039   4.1308e-054   [0.000076,0.000027,]
[5,8,]   165   0.000608213   -2.76423e-041   1.75646e-052   [0.000021,0.000037,]
[6,8,]   166   0.00143695   8.92049e-040   5.8166e-051   [-0.000000,0.000037,]
[7,8,]   167   0.00222068   1.18529e-039   1.50012e-049   [-0.000013,0.000037,]
[8,8,]   168   0.00245205   1.09272e-039   3.01308e-048   [-0.000029,0.000032,]
[9,8,]   169   0.00225762   9.65029e-040   4.71324e-047   [-0.000046,0.000020,]
[10,8,]   170   0.00221264   9.07731e-040   5.74191e-046   [-0.000046,-0.000010,]
[11,8,]   171   0.00235538   9.84373e-040   5.44777e-045   [-0.000029,-0.000035,]
[12,8,]   172   0.00213794   1.11437e-039   4.02539e-044   [-0.000012,-0.000039,]
[13,8,]   173   0.00139678   8.29778e-040   2.31645e-043   [0.000003,-0.000040,]
[14,8,]   174   0.000607887   -9.64028e-041   1.03816e-042   [0.000024,-0.000038,]
[15,8,]   175   0.000185211   -2.02522e-039   3.62354e-042   [0.000073,-0.000016,]
[16,8,]   176   8.70665e-005   -2.15308e-039   9.8498e-042   [0.000095,0.000032,]
[17,8,]   177   8.5688e-005   9.26718e-040   2.0852e-041   [0.000041,0.000029,]
[18,8,]   178   6.76516e-005   1.15704e-039   3.43792e-041   [0.000017,0.000018,]
[19,8,]   179   3.75334e-005   1.46729e-039   4.41437e-041   [0.000008,0.000010,]
[0,9,]   180   4.08491e-005   2.27294e-039   1.03724e-061   [0.000003,-0.000013,]
[1,9,]   181   7.09193e-005   1.7044e-039   1.19889e-059   [0.000005,-0.000021,]
[2,9,]   182   7.26526e-005   2.28279e-039   1.07921e-057   [0.000018,-0.000041,]
[3,9,]   183   2.64169e-005   -9.35963e-039   7.56583e-056   [0.000107,-0.000100,]
[4,9,]   184   3.51472e-005   -1.91992e-038   4.1308e-054   [0.000139,0.000119,]
[5,9,]   185   0.000318348   -2.31764e-039   1.75646e-052   [0.000009,0.000084,]
[6,9,]   186   0.000883646   -3.33247e-040   5.8166e-051   [-0.000001,0.000073,]
[7,9,]   187   0.00124752   -2.51572e-040   1.50012e-049   [-0.000010,0.000078,]
[8,9,]   188   0.000963595   -2.23944e-039   3.01308e-048   [-0.000023,0.000100,]
[9,9,]   189   0.000413593   -1.10958e-038   4.71324e-047   [-0.000099,0.000109,]
[10,9,]   190   0.000395251   -1.18415e-038   5.74191e-046   [-0.000112,-0.000097,]
[11,9,]   191   0.000923008   -2.56671e-039   5.44777e-045   [-0.000036,-0.000102,]
[12,9,]   192   0.00121417   -3.5338e-040   4.02539e-044   [-0.000008,-0.000081,]
[13,9,]   193   0.000867773   -4.02017e-040   2.31645e-043   [0.000003,-0.000075,]
[14,9,]   194   0.00031782   -2.46926e-039   1.03816e-042   [0.000024,-0.000085,]
[15,9,]   195   4.3119e-005   -1.58543e-038   3.62354e-042   [0.000139,-0.000108,]
[16,9,]   196   3.549e-005   -6.18919e-039   9.8498e-042   [0.000089,0.000103,]
[17,9,]   197   7.80197e-005   2.09479e-039   2.0852e-041   [0.000016,0.000038,]
[18,9,]   198   7.33113e-005   1.61476e-039   3.43792e-041   [0.000007,0.000020,]
[19,9,]   199   4.22822e-005   2.13208e-039   4.41437e-041   [0.000002,0.000011,]
[0,10,]   200   4.22221e-005   2.13216e-039   1.03724e-061   [-0.000003,-0.000011,]
[1,10,]   201   7.32817e-005   1.61522e-039   1.19889e-059   [-0.000007,-0.000020,]
[2,10,]   202   7.80187e-005   2.09598e-039   1.07921e-057   [-0.000016,-0.000038,]
[3,10,]   203   3.54886e-005   -6.18962e-039   7.56583e-056   [-0.000089,-0.000103,]
[4,10,]   204   4.31193e-005   -1.58542e-038   4.1308e-054   [-0.000139,0.000108,]
[5,10,]   205   0.00031782   -2.46925e-039   1.75646e-052   [-0.000024,0.000085,]
[6,10,]   206   0.000867772   -4.0202e-040   5.8166e-051   [-0.000003,0.000075,]
[7,10,]   207   0.00121417   -3.53381e-040   1.50012e-049   [0.000008,0.000081,]
[8,10,]   208   0.000923008   -2.56671e-039   3.01308e-048   [0.000036,0.000102,]
[9,10,]   209   0.000395251   -1.18415e-038   4.71324e-047   [0.000112,0.000097,]
[10,10,]   210   0.000413593   -1.10958e-038   5.74191e-046   [0.000099,-0.000109,]
[11,10,]   211   0.000963595   -2.23944e-039   5.44777e-045   [0.000023,-0.000100,]
[12,10,]   212   0.00124753   -2.51572e-040   4.02539e-044   [0.000010,-0.000078,]
[13,10,]   213   0.000883647   -3.3324e-040   2.31645e-043   [0.000001,-0.000073,]
[14,10,]   214   0.000318348   -2.31764e-039   1.03816e-042   [-0.000009,-0.000084,]
[15,10,]   215   3.51465e-005   -1.91997e-038   3.62354e-042   [-0.000139,-0.000119,]
[16,10,]   216   2.64182e-005   -9.35893e-039   9.8498e-042   [-0.000107,0.000100,]
[17,10,]   217   7.26538e-005   2.2815e-039   2.0852e-041   [-0.000018,0.000041,]
[18,10,]   218   7.09505e-005   1.70401e-039   3.43792e-041   [-0.000005,0.000021,]
[19,10,]   219   4.0911e-005   2.27288e-039   4.41437e-041   [-0.000004,0.000013,]
[0,11,]   220   3.75132e-005   1.46752e-039   1.03724e-061   [-0.000008,-0.000010,]
[1,11,]   221   6.76424e-005   1.15739e-039   1.19889e-059   [-0.000017,-0.000018,]
[2,11,]   222   8.5688e-005   9.27111e-040   1.07921e-057   [-0.000041,-0.000029,]
[3,11,]   223   8.70659e-005   -2.15311e-039   7.56583e-056   [-0.000095,-0.000032,]
[4,11,]   224   0.000185212   -2.0252e-039   4.1308e-054   [-0.000073,0.000016,]
[5,11,]   225   0.000607887   -9.64045e-041   1.75646e-052   [-0.000024,0.000038,]
[6,11,]   226   0.00139678   8.29775e-040   5.8166e-051   [-0.000003,0.000040,]
[7,11,]   227   0.00213794   1.11437e-039   1.50012e-049   [0.000012,0.000039,]
[8,11,]   228   0.00235538   9.84373e-040   3.01308e-048   [0.000029,0.000035,]
[9,11,]   229   0.00221264   9.07731e-040   4.71324e-047   [0.000046,0.000010,]
[10,11,]   230   0.00225762   9.65028e-040   5.74191e-046   [0.000046,-0.000020,]
[11,11,]   231   0.00245206   1.09272e-039   5.44777e-045   [0.000029,-0.000032,]
[12,11,]   232   0.00222068   1.18529e-039   4.02539e-044   [0.000013,-0.000037,]
[13,11,]   233   0.00143695   8.92053e-040   2.31645e-043   [0.000000,-0.000037,]
[14,11,]   234   0.000608213   -2.76358e-041   1.03816e-042   [-0.000021,-0.000037,]
[15,11,]   235   0.000164188   -2.42091e-039   3.62354e-042   [-0.000077,-0.000027,]
[16,11,]   236   6.44975e-005   -3.75008e-039   9.8498e-042   [-0.000099,0.000033,]
[17,11,]   237   7.24686e-005   9.22833e-040   2.0852e-041   [-0.000040,0.000035,]
[18,11,]   238   6.17669e-005   1.35913e-039   3.43792e-041   [-0.000016,0.000020,]
[19,11,]   239   3.40426e-005   1.77697e-039   4.41437e-041   [-0.000009,0.000014,]
[0,12,]   240   2.85859e-005   5.37845e-040   1.03724e-061   [-0.000013,-0.000009,]
[1,12,]   241   5.47069e-005   4.94092e-040   1.19889e-059   [-0.000025,-0.000016,]
[2,12,]   242   8.52453e-005   9.66185e-042   1.07921e-057   [-0.000048,-0.000021,]
[3,12,]   243   0.000139049   -1.07079e-039   7.56583e-056   [-0.000068,-0.000011,]
[4,12,]   244   0.000338551   -5.51742e-040   4.1308e-054   [-0.000047,0.000008,]
[5,12,]   245   0.000912075   5.00938e-040   1.75646e-052   [-0.000019,0.000018,]
[6,12,]   246   0.00194146   1.11913e-039   5.8166e-051   [-0.000002,0.000020,]
[7,12,]   247   0.00310905   1.40061e-039   1.50012e-049   [0.000010,0.000019,]
[8,12,]   248   0.00392431   1.46357e-039   3.01308e-048   [0.000020,0.000015,]
[9,12,]   249   0.0042552   1.42353e-039   4.71324e-047   [0.000028,0.000006,]
[10,12,]   250   0.0043101   1.45356e-039   5.74191e-046   [0.000029,-0.000005,]
[11,12,]   251   0.00403575   1.50144e-039   5.44777e-045   [0.000021,-0.000014,]
[12,12,]   252   0.00320351   1.42541e-039   4.02539e-044   [0.000011,-0.000018,]
[13,12,]   253   0.00198703   1.1455e-039   2.31645e-043   [-0.000000,-0.000019,]
[14,12,]   254   0.000911833   5.34013e-040   1.03816e-042   [-0.000016,-0.000017,]
[15,12,]   255   0.000313828   -6.44268e-040   3.62354e-042   [-0.000047,-0.000007,]
[16,12,]   256   0.000112192   -1.75906e-039   9.8498e-042   [-0.000070,0.000017,]
[17,12,]   257   6.97288e-005   -2.14544e-040   2.0852e-041   [-0.000048,0.000025,]
[18,12,]   258   4.78319e-005   7.0999e-040   3.43792e-041   [-0.000024,0.000019,]
[19,12,]   259   2.44563e-005   8.66253e-040   4.41437e-041   [-0.000013,0.000014,]
[0,13,]   260   1.85815e-005   -4.87877e-040   1.03724e-061   [-0.000017,-0.000008,]
[1,13,]   261   3.82294e-005   -2.16545e-040   1.19889e-059   [-0.000031,-0.000013,]
[2,13,]   262   7.17686e-005   -6.13406e-040   1.07921e-057   [-0.000047,-0.000014,]
[3,13,]   263   0.000150623   -8.91542e-040   7.56583e-056   [-0.000052,-0.000006,]
[4,13,]   264   0.000386535   -3.20099e-040   4.1308e-054   [-0.000035,0.000005,]
[5,13,]   265   0.00097385   4.43783e-040   1.75646e-052   [-0.000015,0.000011,]
[6,13,]   266   0.00201029   9.57738e-040   5.8166e-051   [-0.000002,0.000012,]
[7,13,]   267   0.00328286   1.22749e-039   1.50012e-049   [0.000008,0.000011,]
[8,13,]   268   0.00436038   1.32249e-039   3.01308e-048   [0.000015,0.000009,]
[9,13,]   269   0.00495326   1.34844e-039   4.71324e-047   [0.000020,0.000004,]
[10,13,]   270   0.00499808   1.36595e-039   5.74191e-046   [0.000021,-0.000002,]
[11,13,]   271   0.00445075   1.34558e-039   5.44777e-045   [0.000016,-0.000007,]
[12,13,]   272   0.00335853   1.24053e-039   4.02539e-044   [0.000009,-0.000010,]
[13,13,]   273   0.00204624   9.72619e-040   2.31645e-043   [0.000000,-0.000010,]
[14,13,]   274   0.000972887   4.63483e-040   1.03816e-042   [-0.000013,-0.000009,]
[15,13,]   275   0.000365896   -3.60332e-040   3.62354e-042   [-0.000034,-0.000003,]
[16,13,]   276   0.000128238   -1.28449e-039   9.8498e-042   [-0.000052,0.000009,]
[17,13,]   277   5.88911e-005   -8.9292e-040   2.0852e-041   [-0.000048,0.000018,]
[18,13,]   278   3.25454e-005   -4.05867e-041   3.43792e-041   [-0.000029,0.000017,]
[19,13,]   279   1.51369e-005   -2.44437e-040   4.41437e-041   [-0.000016,0.000014,]
[0,14,]   280   1.02589e-005   -1.52715e-039   1.03724e-061   [-0.000020,-0.000007,]
[1,14,]   281   2.27782e-005   -9.34356e-040   1.19889e-059   [-0.000034,-0.000011,]
[2,14,]   282   4.96918e-005   -1.13198e-039   1.07921e-057   [-0.000044,-0.000010,]
[3,14,]   283   0.000120122   -1.04627e-039   7.56583e-056   [-0.000042,-0.000003,]
[4,14,]   284   0.000316622   -4.74141e-040   4.1308e-054   [-0.000028,0.000004,]
[5,14,]   285   0.000776179   1.75661e-040   1.75646e-052   [-0.000012,0.000007,]
[6,14,]   286   0.00157966   6.34504e-040   5.8166e-051   [-0.000002,0.000008,]
[7,14,]   287   0.00260449   9.00441e-040   1.50012e-049   [0.000006,0.000008,]
[8,14,]   288   0.00354086   1.02039e-039   3.01308e-048   [0.000012,0.000006,]
[9,14,]   289   0.00409692   1.06181e-039   4.71324e-047   [0.000016,0.000003,]
[10,14,]   290   0.00412452   1.07344e-039   5.74191e-046   [0.000016,-0.000001,]
[11,14,]   291   0.00359651   1.03604e-039   5.44777e-045   [0.000013,-0.000004,]
[12,14,]   292   0.00265059   9.08524e-040   4.02539e-044   [0.000007,-0.000005,]
[13,14,]   293   0.00160106   6.44119e-040   2.31645e-043   [0.000000,-0.000006,]
[14,14,]   294   0.000774826   1.88664e-040   1.03816e-042   [-0.000010,-0.000005,]
[15,14,]   295   0.000303191   -4.99986e-040   3.62354e-042   [-0.000026,-0.000001,]
[16,14,]   296   0.000105791   -1.30534e-039   9.8498e-042   [-0.000041,0.000006,]
[17,14,]   297   4.1466e-005   -1.39094e-039   2.0852e-041   [-0.000044,0.000014,]
[18,14,]   298   1.9155e-005   -8.04102e-040   3.43792e-041   [-0.000031,0.000015,]
[19,14,]   299   8.04727e-006   -1.40643e-039   4.41437e-041   [-0.000018,0.000013,]
[0,15,]   300   4.7951e-006   -2.55568e-039   1.03724e-061   [-0.000023,-0.000006,]
[1,15,]   301   1.14651e-005   -1.65805e-039   1.19889e-059   [-0.000035,-0.000008,]
[2,15,]   302   2.809e-005   -1.65869e-039   1.07921e-057   [-0.000040,-0.000007,]
[3,15,]   303   7.40078e-005   -1.37583e-039   7.56583e-056   [-0.000035,-0.000002,]
[4,15,]   304   0.000198168   -8.1118e-040   4.1308e-054   [-0.000023,0.000003,]
[5,15,]   305   0.000479295   -2.25298e-040   1.75646e-052   [-0.000010,0.000006,]
[6,15,]   306   0.0009683   2.02856e-040   5.8166e-051   [-0.000002,0.000006,]
[7,15,]   307   0.00160496   4.6758e-040   1.50012e-049   [0.000005,0.000006,]
[8,15,]   308   0.00220882   6.02523e-040   3.01308e-048   [0.000010,0.000005,]
[9,15,]   309   0.00257932   6.57583e-040   4.71324e-047   [0.000013,0.000003,]
[10,15,]   310   0.00259282   6.6649e-040   5.74191e-046   [0.000013,0.000000,]
[11,15,]   311   0.00223578   6.13655e-040   5.44777e-045   [0.000011,-0.000002,]
[12,15,]   312   0.00162693   4.72318e-040   4.02539e-044   [0.000006,-0.000003,]
[13,15,]   313   0.000978153   2.08929e-040   2.31645e-043   [0.000000,-0.000004,]
[14,15,]   314   0.000478108   -2.16285e-040   1.03816e-042   [-0.000008,-0.000003,]
[15,15,]   315   0.000191165   -8.28639e-040   3.62354e-042   [-0.000021,-0.000000,]
[16,15,]   316   6.6676e-005   -1.56422e-039   9.8498e-042   [-0.000034,0.000005,]
[17,15,]   317   2.39014e-005   -1.87905e-039   2.0852e-041   [-0.000039,0.000011,]
[18,15,]   318   9.62321e-006   -1.55916e-039   3.43792e-041   [-0.000031,0.000013,]
[19,15,]   319   3.66223e-006   -2.55165e-039   4.41437e-041   [-0.000019,0.000012,]
[0,16,]   320   1.89266e-006   -3.57893e-039   1.03724e-061   [-0.000024,-0.000005,]
[1,16,]   321   4.84643e-006   -2.40492e-039   1.19889e-059   [-0.000035,-0.000007,]
[2,16,]   322   1.29762e-005   -2.24042e-039   1.07921e-057   [-0.000036,-0.000004,]
[3,16,]   323   3.61569e-005   -1.84248e-039   7.56583e-056   [-0.000030,-0.000000,]
[4,16,]   324   9.78165e-005   -1.28423e-039   4.1308e-054   [-0.000020,0.000003,]
[5,16,]   325   0.000234845   -7.36145e-040   1.75646e-052   [-0.000009,0.000005,]
[6,16,]   326   0.000472465   -3.26875e-040   5.8166e-051   [-0.000002,0.000005,]
[7,16,]   327   0.000785608   -6.24754e-041   1.50012e-049   [0.000004,0.000005,]
[8,16,]   328   0.00108894   8.2352e-041   3.01308e-048   [0.000008,0.000004,]
[9,16,]   329   0.00127817   1.45789e-040   4.71324e-047   [0.000011,0.000002,]
[10,16,]   330   0.00128345   1.52681e-040   5.74191e-046   [0.000011,0.000001,]
[11,16,]   331   0.00109935   9.02593e-041   5.44777e-045   [0.000009,-0.000001,]
[12,16,]   332   0.000793896   -6.0325e-041   4.02539e-044   [0.000005,-0.000002,]
[13,16,]   333   0.000475987   -3.23545e-040   2.31645e-043   [0.000000,-0.000002,]
[14,16,]   334   0.000234093   -7.29849e-040   1.03816e-042   [-0.000007,-0.000001,]
[15,16,]   335   9.48386e-005   -1.29676e-039   3.62354e-042   [-0.000018,0.000000,]
[16,16,]   336   3.31099e-005   -1.98689e-039   9.8498e-042   [-0.000028,0.000004,]
[17,16,]   337   1.12468e-005   -2.42248e-039   2.0852e-041   [-0.000035,0.000009,]
[18,16,]   338   4.08724e-006   -2.32117e-039   3.43792e-041   [-0.000031,0.000011,]
[19,16,]   339   1.42158e-006   -3.66721e-039   4.41437e-041   [-0.000020,0.000011,]
[0,17,]   340   6.2935e-007   -4.61912e-039   1.03724e-061   [-0.000025,-0.000005,]
[1,17,]   341   1.7141e-006   -3.19966e-039   1.19889e-059   [-0.000034,-0.000005,]
[2,17,]   342   4.91382e-006   -2.90297e-039   1.07921e-057   [-0.000033,-0.000003,]
[3,17,]   343   1.42288e-005   -2.43263e-039   7.56583e-056   [-0.000026,0.000000,]
[4,17,]   344   3.87742e-005   -1.8787e-039   4.1308e-054   [-0.000017,0.000003,]
[5,17,]   345   9.26903e-005   -1.35459e-039   1.75646e-052   [-0.000008,0.000004,]
[6,17,]   346   0.000186001   -9.57637e-040   5.8166e-051   [-0.000001,0.000005,]
[7,17,]   347   0.000309917   -6.93258e-040   1.50012e-049   [0.000004,0.000004,]
[8,17,]   348   0.000431509   -5.41755e-040   3.01308e-048   [0.000007,0.000004,]
[9,17,]   349   0.000508077   -4.72882e-040   4.71324e-047   [0.000009,0.000003,]
[10,17,]   350   0.00050974   -4.67534e-040   5.74191e-046   [0.000010,0.000001,]
[11,17,]   351   0.00043472   -5.36482e-040   5.44777e-045   [0.000008,0.000000,]
[12,17,]   352   0.000312384   -6.9344e-040   4.02539e-044   [0.000005,-0.000001,]
[13,17,]   353   0.000186958   -9.56761e-040   2.31645e-043   [0.000000,-0.000001,]
[14,17,]   354   9.23249e-005   -1.35047e-039   1.03816e-042   [-0.000006,-0.000000,]
[15,17,]   355   3.77311e-005   -1.88789e-039   3.62354e-042   [-0.000015,0.000001,]
[16,17,]   356   1.31909e-005   -2.54693e-039   9.8498e-042   [-0.000024,0.000004,]
[17,17,]   357   4.32957e-006   -3.05112e-039   2.0852e-041   [-0.000031,0.000007,]
[18,17,]   358   1.45819e-006   -3.11879e-039   3.43792e-041   [-0.000029,0.000010,]
[19,17,]   359   4.68854e-007   -4.77109e-039   4.41437e-041   [-0.000020,0.000011,]
[0,18,]   360   1.76143e-007   -5.68012e-039   1.03724e-061   [-0.000026,-0.000001,]
[1,18,]   361   5.06623e-007   -4.04193e-039   1.19889e-059   [-0.000033,-0.000002,]
[2,18,]   362   1.53152e-006   -3.6484e-039   1.07921e-057   [-0.000030,-0.000000,]
[3,18,]   363   4.55896e-006   -3.1407e-039   7.56583e-056   [-0.000024,0.000002,]
[4,18,]   364   1.2491e-005   -2.59851e-039   4.1308e-054   [-0.000016,0.000004,]
[5,18,]   365   2.97813e-005   -2.0957e-039   1.75646e-052   [-0.000007,0.000005,]
[6,18,]   366   5.96646e-005   -1.70894e-039   5.8166e-051   [-0.000001,0.000006,]
[7,18,]   367   9.95533e-005   -1.44352e-039   1.50012e-049   [0.000003,0.000005,]
[8,18,]   368   0.000139023   -1.2844e-039   3.01308e-048   [0.000006,0.000005,]
[9,18,]   369   0.000164017   -1.20771e-039   4.71324e-047   [0.000008,0.000004,]
[10,18,]   370   0.000164436   -1.19911e-039   5.74191e-046   [0.000009,0.000003,]
[11,18,]   371   0.00013981   -1.26873e-039   5.44777e-045   [0.000007,0.000002,]
[12,18,]   372   0.000100123   -1.42756e-039   4.02539e-044   [0.000004,0.000001,]
[13,18,]   373   5.985e-005   -1.69014e-039   2.31645e-043   [0.000000,0.000001,]
[14,18,]   374   2.9641e-005   -2.07651e-039   1.03816e-042   [-0.000005,0.000002,]
[15,18,]   375   1.21882e-005   -2.59855e-039   3.62354e-042   [-0.000013,0.000003,]
[16,18,]   376   4.2674e-006   -3.24507e-039   9.8498e-042   [-0.000021,0.000005,]
[17,18,]   377   1.36911e-006   -3.80531e-039   2.0852e-041   [-0.000028,0.000008,]
[18,18,]   378   4.35668e-007   -4.01581e-039   3.43792e-041   [-0.000027,0.000011,]
[19,18,]   379   1.3105e-007   -5.93544e-039   4.41437e-041   [-0.000020,0.000012,]
[0,19,]   380   4.11882e-008   -8.48556e-039   1.03724e-061   [-0.000026,0.000002,]
[1,19,]   381   1.2388e-007   -6.29369e-039   1.19889e-059   [-0.000033,0.000001,]
[2,19,]   382   3.92192e-007   -5.48497e-039   1.07921e-057   [-0.000028,0.000002,]
[3,19,]   383   1.19998e-006   -4.76396e-039   7.56583e-056   [-0.000022,0.000004,]
[4,19,]   384   3.32117e-006   -4.17952e-039   4.1308e-054   [-0.000014,0.000005,]
[5,19,]   385   7.93272e-006   -3.69663e-039   1.75646e-052   [-0.000007,0.000006,]
[6,19,]   386   1.58942e-005   -3.3224e-039   5.8166e-051   [-0.000001,0.000006,]
[7,19,]   387   2.65299e-005   -3.04818e-039   1.50012e-049   [0.000003,0.000006,]
[8,19,]   388   3.70523e-005   -2.86964e-039   3.01308e-048   [0.000006,0.000006,]
[9,19,]   389   4.36524e-005   -2.78136e-039   4.71324e-047   [0.000007,0.000005,]
[10,19,]   390   4.36112e-005   -2.78096e-039   5.74191e-046   [0.000008,0.000004,]
[11,19,]   391   3.6904e-005   -2.87445e-039   5.44777e-045   [0.000006,0.000003,]
[12,19,]   392   2.63184e-005   -3.05809e-039   4.02539e-044   [0.000004,0.000003,]
[13,19,]   393   1.57097e-005   -3.32771e-039   2.31645e-043   [0.000000,0.000003,]
[14,19,]   394   7.80418e-006   -3.68824e-039   1.03816e-042   [-0.000004,0.000003,]
[15,19,]   395   3.23366e-006   -4.1539e-039   3.62354e-042   [-0.000012,0.000004,]
[16,19,]   396   1.14102e-006   -4.76381e-039   9.8498e-042   [-0.000019,0.000006,]
[17,19,]   397   3.63924e-007   -5.46698e-039   2.0852e-041   [-0.000025,0.000008,]
[18,19,]   398   1.12106e-007   -6.11077e-039   3.43792e-041   [-0.000025,0.000012,]
[19,19,]   399   3.21558e-008   -8.61062e-039   4.41437e-041   [-0.000019,0.000014,]
