coordinates  index   rho      Q      V    velocities 
[0,0,]   0   3.16115e-008   -8.51805e-039   1.03724e-061   [0.000026,-0.000025,]
[1,0,]   1   1.13076e-007   -6.00482e-039   1.19889e-059   [0.000018,-0.000020,]
[2,0,]   2   3.67911e-007   -5.43685e-039   1.07921e-057   [0.000022,-0.000015,]
[3,0,]   3   1.17167e-006   -4.73964e-039   7.56583e-056   [0.000016,-0.000012,]
[4,0,]   4   3.37561e-006   -4.1208e-039   4.1308e-054   [0.000009,-0.000011,]
[5,0,]   5   8.20229e-006   -3.67015e-039   1.75646e-052   [0.000003,-0.000010,]
[6,0,]   6   1.65462e-005   -3.32014e-039   5.8166e-051   [-0.000002,-0.000010,]
[7,0,]   7   2.77434e-005   -3.05541e-039   1.50012e-049   [-0.000005,-0.000010,]
[8,0,]   8   3.89404e-005   -2.86956e-039   3.01308e-048   [-0.000007,-0.000011,]
[9,0,]   9   4.60505e-005   -2.77298e-039   4.71324e-047   [-0.000008,-0.000011,]
[10,0,]   10   4.61236e-005   -2.77384e-039   5.74191e-046   [-0.000007,-0.000012,]
[11,0,]   11   3.92513e-005   -2.85652e-039   5.44777e-045   [-0.000005,-0.000013,]
[12,0,]   12   2.82231e-005   -3.02902e-039   4.02539e-044   [-0.000002,-0.000013,]
[13,0,]   13   1.69887e-005   -3.30494e-039   2.31645e-043   [0.000003,-0.000014,]
[14,0,]   14   8.53266e-006   -3.68792e-039   1.03816e-042   [0.000008,-0.000013,]
[15,0,]   15   3.61527e-006   -4.18023e-039   3.62354e-042   [0.000016,-0.000012,]
[16,0,]   16   1.33836e-006   -4.73381e-039   9.8498e-042   [0.000024,-0.000011,]
[17,0,]   17   4.49696e-007   -5.45021e-039   2.0852e-041   [0.000031,-0.000010,]
[18,0,]   18   1.46092e-007   -6.38948e-039   3.43792e-041   [0.000039,-0.000011,]
[19,0,]   19   5.44235e-008   -8.32051e-039   4.41437e-041   [0.000042,-0.000014,]
[0,1,]   20   1.12541e-007   -6.25405e-039   1.03724e-061   [0.000026,-0.000020,]
[1,1,]   21   3.97981e-007   -4.12581e-039   1.19889e-059   [0.000023,-0.000018,]
[2,1,]   22   1.28521e-006   -3.97951e-039   1.07921e-057   [0.000027,-0.000013,]
[3,1,]   23   4.16537e-006   -3.33552e-039   7.56583e-056   [0.000019,-0.000010,]
[4,1,]   24   1.22635e-005   -2.61531e-039   4.1308e-054   [0.000011,-0.000008,]
[5,1,]   25   3.01934e-005   -2.08728e-039   1.75646e-052   [0.000003,-0.000007,]
[6,1,]   26   6.11807e-005   -1.70584e-039   5.8166e-051   [-0.000002,-0.000007,]
[7,1,]   27   0.000102371   -1.44668e-039   1.50012e-049   [-0.000005,-0.000007,]
[8,1,]   28   0.000142776   -1.28745e-039   3.01308e-048   [-0.000008,-0.000007,]
[9,1,]   29   0.000167427   -1.22204e-039   4.71324e-047   [-0.000009,-0.000008,]
[10,1,]   30   0.000166334   -1.24275e-039   5.74191e-046   [-0.000008,-0.000009,]
[11,1,]   31   0.00014072   -1.3242e-039   5.44777e-045   [-0.000006,-0.000010,]
[12,1,]   32   0.000100869   -1.48331e-039   4.02539e-044   [-0.000002,-0.000011,]
[13,1,]   33   6.06874e-005   -1.74938e-039   2.31645e-043   [0.000003,-0.000011,]
[14,1,]   34   3.05609e-005   -2.13219e-039   1.03816e-042   [0.000009,-0.000010,]
[15,1,]   35   1.30563e-005   -2.61584e-039   3.62354e-042   [0.000017,-0.000009,]
[16,1,]   36   4.9286e-006   -3.08207e-039   9.8498e-042   [0.000025,-0.000008,]
[17,1,]   37   1.71285e-006   -3.5697e-039   2.0852e-041   [0.000031,-0.000006,]
[18,1,]   38   5.80647e-007   -4.13711e-039   3.43792e-041   [0.000038,-0.000005,]
[19,1,]   39   2.21897e-007   -5.62855e-039   4.41437e-041   [0.000038,-0.000007,]
[0,2,]   40   3.9621e-007   -4.89537e-039   1.03724e-061   [0.000025,-0.000016,]
[1,2,]   41   1.30977e-006   -3.10833e-039   1.19889e-059   [0.000025,-0.000014,]
[2,2,]   42   3.98197e-006   -3.18674e-039   1.07921e-057   [0.000031,-0.000011,]
[3,2,]   43   1.26806e-005   -2.61633e-039   7.56583e-056   [0.000022,-0.000007,]
[4,2,]   44   3.76399e-005   -1.8763e-039   4.1308e-054   [0.000013,-0.000004,]
[5,2,]   45   9.35239e-005   -1.33408e-039   1.75646e-052   [0.000004,-0.000003,]
[6,2,]   46   0.000190242   -9.46058e-040   5.8166e-051   [-0.000002,-0.000002,]
[7,2,]   47   0.00031797   -6.85202e-040   1.50012e-049   [-0.000006,-0.000003,]
[8,2,]   48   0.000441779   -5.25023e-040   3.01308e-048   [-0.000009,-0.000003,]
[9,2,]   49   0.000516022   -4.56587e-040   4.71324e-047   [-0.000010,-0.000004,]
[10,2,]   50   0.000511701   -4.70271e-040   5.74191e-046   [-0.000009,-0.000006,]
[11,2,]   51   0.000433398   -5.38664e-040   5.44777e-045   [-0.000007,-0.000007,]
[12,2,]   52   0.00031148   -6.85412e-040   4.02539e-044   [-0.000003,-0.000008,]
[13,2,]   53   0.000187699   -9.48842e-040   2.31645e-043   [0.000003,-0.000008,]
[14,2,]   54   9.44641e-005   -1.34386e-039   1.03816e-042   [0.000010,-0.000007,]
[15,2,]   55   4.03522e-005   -1.85266e-039   3.62354e-042   [0.000019,-0.000006,]
[16,2,]   56   1.53838e-005   -2.32841e-039   9.8498e-042   [0.000028,-0.000004,]
[17,2,]   57   5.51225e-006   -2.78101e-039   2.0852e-041   [0.000034,-0.000001,]
[18,2,]   58   1.96689e-006   -3.25834e-039   3.43792e-041   [0.000038,0.000001,]
[19,2,]   59   7.87486e-007   -4.53776e-039   4.41437e-041   [0.000036,0.000000,]
[0,3,]   60   1.19299e-006   -3.71863e-039   1.03724e-061   [0.000024,-0.000016,]
[1,3,]   61   3.62835e-006   -2.28617e-039   1.19889e-059   [0.000027,-0.000015,]
[2,3,]   62   1.01423e-005   -2.59388e-039   1.07921e-057   [0.000035,-0.000012,]
[3,3,]   63   3.13462e-005   -2.08464e-039   7.56583e-056   [0.000027,-0.000007,]
[4,3,]   64   9.39513e-005   -1.28643e-039   4.1308e-054   [0.000015,-0.000003,]
[5,3,]   65   0.000236361   -7.10157e-040   1.75646e-052   [0.000005,-0.000001,]
[6,3,]   66   0.000483333   -3.09697e-040   5.8166e-051   [-0.000002,-0.000001,]
[7,3,]   67   0.000806525   -4.91846e-041   1.50012e-049   [-0.000007,-0.000001,]
[8,3,]   68   0.00111458   1.04741e-040   3.01308e-048   [-0.000010,-0.000002,]
[9,3,]   69   0.00129493   1.65168e-040   4.71324e-047   [-0.000011,-0.000003,]
[10,3,]   70   0.00128126   1.47681e-040   5.74191e-046   [-0.000011,-0.000005,]
[11,3,]   71   0.00108755   8.43077e-041   5.44777e-045   [-0.000008,-0.000007,]
[12,3,]   72   0.000784851   -5.55557e-041   4.02539e-044   [-0.000003,-0.000008,]
[13,3,]   73   0.000474056   -3.18943e-040   2.31645e-043   [0.000003,-0.000008,]
[14,3,]   74   0.000238273   -7.25474e-040   1.03816e-042   [0.000011,-0.000007,]
[15,3,]   75   0.00010166   -1.25433e-039   3.62354e-042   [0.000021,-0.000005,]
[16,3,]   76   3.92489e-005   -1.71973e-039   9.8498e-042   [0.000031,-0.000002,]
[17,3,]   77   1.46503e-005   -2.09911e-039   2.0852e-041   [0.000037,0.000001,]
[18,3,]   78   5.57563e-006   -2.45744e-039   3.43792e-041   [0.000038,0.000003,]
[19,3,]   79   2.35063e-006   -3.52087e-039   4.41437e-041   [0.000034,0.000001,]
[0,4,]   80   3.07365e-006   -2.50764e-039   1.03724e-061   [0.000023,-0.000017,]
[1,4,]   81   8.4761e-006   -1.49409e-039   1.19889e-059   [0.000029,-0.000016,]
[2,4,]   82   2.10964e-005   -2.10163e-039   1.07921e-057   [0.000040,-0.000014,]
[3,4,]   83   6.1917e-005   -1.71308e-039   7.56583e-056   [0.000032,-0.000007,]
[4,4,]   84   0.000187864   -8.25027e-040   4.1308e-054   [0.000019,-0.000002,]
[5,4,]   85   0.000481206   -2.00423e-040   1.75646e-052   [0.000006,0.000001,]
[6,4,]   86   0.000991534   2.18327e-040   5.8166e-051   [-0.000002,0.000001,]
[7,4,]   87   0.00165035   4.78801e-040   1.50012e-049   [-0.000007,0.000001,]
[8,4,]   88   0.00226248   6.23632e-040   3.01308e-048   [-0.000011,-0.000000,]
[9,4,]   89   0.00260818   6.75499e-040   4.71324e-047   [-0.000013,-0.000002,]
[10,4,]   90   0.00257341   6.52778e-040   5.74191e-046   [-0.000013,-0.000005,]
[11,4,]   91   0.00219289   5.9526e-040   5.44777e-045   [-0.000009,-0.000007,]
[12,4,]   92   0.0015933   4.66137e-040   4.02539e-044   [-0.000004,-0.000008,]
[13,4,]   93   0.000965806   2.02375e-040   2.31645e-043   [0.000003,-0.000009,]
[14,4,]   94   0.000484194   -2.22255e-040   1.03816e-042   [0.000012,-0.000008,]
[15,4,]   95   0.000205901   -7.81958e-040   3.62354e-042   [0.000024,-0.000005,]
[16,4,]   96   8.08615e-005   -1.23321e-039   9.8498e-042   [0.000035,-0.000001,]
[17,4,]   97   3.19522e-005   -1.50748e-039   2.0852e-041   [0.000040,0.000003,]
[18,4,]   98   1.31957e-005   -1.72164e-039   3.43792e-041   [0.000038,0.000005,]
[19,4,]   99   5.88139e-006   -2.5478e-039   4.41437e-041   [0.000031,0.000002,]
[0,5,]   100   6.81674e-006   -1.24285e-039   1.03724e-061   [0.000020,-0.000018,]
[1,5,]   101   1.6868e-005   -6.86132e-040   1.19889e-059   [0.000030,-0.000018,]
[2,5,]   102   3.58684e-005   -1.65437e-039   1.07921e-057   [0.000045,-0.000017,]
[3,5,]   103   9.57505e-005   -1.53169e-039   7.56583e-056   [0.000040,-0.000008,]
[4,5,]   104   0.000295153   -5.04077e-040   4.1308e-054   [0.000024,-0.000000,]
[5,5,]   105   0.000778241   2.08278e-040   1.75646e-052   [0.000008,0.000003,]
[6,5,]   106   0.00162267   6.54081e-040   5.8166e-051   [-0.000002,0.000004,]
[7,5,]   107   0.00268922   9.15089e-040   1.50012e-049   [-0.000008,0.000004,]
[8,5,]   108   0.00363872   1.04933e-039   3.01308e-048   [-0.000013,0.000002,]
[9,5,]   109   0.00414094   1.0809e-039   4.71324e-047   [-0.000016,-0.000001,]
[10,5,]   110   0.00407   1.05285e-039   5.74191e-046   [-0.000016,-0.000005,]
[11,5,]   111   0.00349556   1.00908e-039   5.44777e-045   [-0.000011,-0.000008,]
[12,5,]   112   0.00257002   8.9315e-040   4.02539e-044   [-0.000005,-0.000010,]
[13,5,]   113   0.00156704   6.28438e-040   2.31645e-043   [0.000003,-0.000010,]
[14,5,]   114   0.000781541   1.75275e-040   1.03816e-042   [0.000014,-0.000009,]
[15,5,]   115   0.00032964   -4.40299e-040   3.62354e-042   [0.000029,-0.000005,]
[16,5,]   116   0.000132693   -8.65514e-040   9.8498e-042   [0.000042,0.000000,]
[17,5,]   117   5.70649e-005   -9.66764e-040   2.0852e-041   [0.000044,0.000006,]
[18,5,]   118   2.61728e-005   -1.00971e-039   3.43792e-041   [0.000036,0.000008,]
[19,5,]   119   1.23682e-005   -1.57411e-039   4.41437e-041   [0.000027,0.000003,]
[0,6,]   120   1.30643e-005   6.01982e-042   1.03724e-061   [0.000017,-0.000019,]
[1,6,]   121   2.89302e-005   1.30111e-040   1.19889e-059   [0.000029,-0.000020,]
[2,6,]   122   5.03249e-005   -1.12443e-039   1.07921e-057   [0.000049,-0.000022,]
[3,6,]   123   0.000111485   -1.6899e-039   7.56583e-056   [0.000052,-0.000011,]
[4,6,]   124   0.000351578   -3.45054e-040   4.1308e-054   [0.000032,0.000002,]
[5,6,]   125   0.000975754   4.84199e-040   1.75646e-052   [0.000011,0.000008,]
[6,6,]   126   0.0020766   9.81593e-040   5.8166e-051   [-0.000002,0.000009,]
[7,6,]   127   0.00341375   1.24626e-039   1.50012e-049   [-0.000010,0.000008,]
[8,6,]   128   0.00450826   1.35807e-039   3.01308e-048   [-0.000016,0.000005,]
[9,6,]   129   0.00501492   1.40747e-039   4.71324e-047   [-0.000021,0.000001,]
[10,6,]   130   0.00489713   1.35372e-039   5.74191e-046   [-0.000020,-0.000005,]
[11,6,]   131   0.00427694   1.29746e-039   5.44777e-045   [-0.000015,-0.000010,]
[12,6,]   132   0.0032192   1.21298e-039   4.02539e-044   [-0.000007,-0.000013,]
[13,6,]   133   0.00198371   9.42882e-040   2.31645e-043   [0.000004,-0.000014,]
[14,6,]   134   0.000978138   4.325e-040   1.03816e-042   [0.000017,-0.000012,]
[15,6,]   135   0.000404373   -2.67363e-040   3.62354e-042   [0.000035,-0.000006,]
[16,6,]   136   0.000169211   -6.19972e-040   9.8498e-042   [0.000051,0.000003,]
[17,6,]   137   8.32691e-005   -4.26191e-040   2.0852e-041   [0.000048,0.000011,]
[18,6,]   138   4.36457e-005   -3.06031e-040   3.43792e-041   [0.000033,0.000010,]
[19,6,]   139   2.18688e-005   -5.98615e-040   4.41437e-041   [0.000021,0.000004,]
[0,7,]   140   2.1747e-005   1.09879e-039   1.03724e-061   [0.000013,-0.000019,]
[1,7,]   141   4.33562e-005   8.78338e-040   1.19889e-059   [0.000024,-0.000021,]
[2,7,]   142   6.01638e-005   -1.95308e-040   1.07921e-057   [0.000051,-0.000031,]
[3,7,]   143   9.07877e-005   -2.68461e-039   7.56583e-056   [0.000072,-0.000018,]
[4,7,]   144   0.000291927   -8.14444e-040   4.1308e-054   [0.000046,0.000007,]
[5,7,]   145   0.000915255   5.91577e-040   1.75646e-052   [0.000014,0.000017,]
[6,7,]   146   0.00202531   1.172e-039   5.8166e-051   [-0.000002,0.000018,]
[7,7,]   147   0.00327282   1.44769e-039   1.50012e-049   [-0.000012,0.000016,]
[8,7,]   148   0.00410492   1.55706e-039   3.01308e-048   [-0.000021,0.000012,]
[9,7,]   149   0.00428522   1.41583e-039   4.71324e-047   [-0.000028,0.000004,]
[10,7,]   150   0.00414561   1.30481e-039   5.74191e-046   [-0.000028,-0.000007,]
[11,7,]   151   0.00382552   1.47579e-039   5.44777e-045   [-0.000020,-0.000016,]
[12,7,]   152   0.00302984   1.38691e-039   4.02539e-044   [-0.000009,-0.000021,]
[13,7,]   153   0.00190761   1.10555e-039   2.31645e-043   [0.000004,-0.000022,]
[14,7,]   154   0.000916919   5.09871e-040   1.03816e-042   [0.000021,-0.000018,]
[15,7,]   155   0.000356368   -5.58167e-040   3.62354e-042   [0.000046,-0.000009,]
[16,7,]   156   0.000158765   -7.39534e-040   9.8498e-042   [0.000066,0.000007,]
[17,7,]   157   9.93849e-005   2.34448e-040   2.0852e-041   [0.000049,0.000017,]
[18,7,]   158   6.14603e-005   3.82028e-040   3.43792e-041   [0.000027,0.000013,]
[19,7,]   159   3.25583e-005   3.61033e-040   4.41437e-041   [0.000015,0.000005,]
[0,8,]   160   3.16065e-005   1.89228e-039   1.03724e-061   [0.000008,-0.000017,]
[1,8,]   161   5.76394e-005   1.45452e-039   1.19889e-059   [0.000015,-0.000022,]
[2,8,]   162   6.50847e-005   1.33057e-039   1.07921e-057   [0.000043,-0.000039,]
[3,8,]   163   4.7649e-005   -6.16477e-039   7.56583e-056   [0.000104,-0.000034,]
[4,8,]   164   0.000146205   -3.33123e-039   4.1308e-054   [0.000075,0.000034,]
[5,8,]   165   0.000612768   7.58484e-041   1.75646e-052   [0.000018,0.000037,]
[6,8,]   166   0.00147004   9.64033e-040   5.8166e-051   [-0.000002,0.000036,]
[7,8,]   167   0.00228149   1.28857e-039   1.50012e-049   [-0.000014,0.000035,]
[8,8,]   168   0.00251207   1.1791e-039   3.01308e-048   [-0.000029,0.000031,]
[9,8,]   169   0.00224576   6.655e-040   4.71324e-047   [-0.000046,0.000025,]
[10,8,]   170   0.00216129   6.78025e-040   5.74191e-046   [-0.000046,-0.000004,]
[11,8,]   171   0.00226764   9.2586e-040   5.44777e-045   [-0.000029,-0.000036,]
[12,8,]   172   0.00206148   1.07844e-039   4.02539e-044   [-0.000012,-0.000042,]
[13,8,]   173   0.00136385   7.86271e-040   2.31645e-043   [0.000005,-0.000042,]
[14,8,]   174   0.000613259   -7.52395e-041   1.03816e-042   [0.000026,-0.000038,]
[15,8,]   175   0.000202986   -1.82795e-039   3.62354e-042   [0.000070,-0.000014,]
[16,8,]   176   0.000101454   -2.02952e-039   9.8498e-042   [0.000091,0.000028,]
[17,8,]   177   9.85813e-005   1.20525e-039   2.0852e-041   [0.000043,0.000026,]
[18,8,]   178   7.37243e-005   1.05273e-039   3.43792e-041   [0.000019,0.000016,]
[19,8,]   179   4.09881e-005   1.24581e-039   4.41437e-041   [0.000008,0.000007,]
[0,9,]   180   4.00976e-005   2.32944e-039   1.03724e-061   [0.000003,-0.000013,]
[1,9,]   181   6.86414e-005   1.67461e-039   1.19889e-059   [0.000003,-0.000021,]
[2,9,]   182   6.82268e-005   1.96929e-039   1.07921e-057   [0.000021,-0.000041,]
[3,9,]   183   2.397e-005   -1.08007e-038   7.56583e-056   [0.000121,-0.000107,]
[4,9,]   184   3.87195e-005   -1.73252e-038   4.1308e-054   [0.000138,0.000121,]
[5,9,]   185   0.000324834   -2.22621e-039   1.75646e-052   [-0.000003,0.000084,]
[6,9,]   186   0.00088722   -3.37072e-040   5.8166e-051   [-0.000005,0.000072,]
[7,9,]   187   0.00124649   -3.28883e-040   1.50012e-049   [-0.000010,0.000077,]
[8,9,]   188   0.000997035   -2.11728e-039   3.01308e-048   [-0.000017,0.000098,]
[9,9,]   189   0.000498133   -8.88461e-039   4.71324e-047   [-0.000092,0.000115,]
[10,9,]   190   0.000457916   -9.99549e-039   5.74191e-046   [-0.000118,-0.000093,]
[11,9,]   191   0.000870941   -3.42203e-039   5.44777e-045   [-0.000043,-0.000103,]
[12,9,]   192   0.00115585   -6.01355e-040   4.02539e-044   [-0.000007,-0.000082,]
[13,9,]   193   0.000847977   -4.48041e-040   2.31645e-043   [0.000007,-0.000076,]
[14,9,]   194   0.000320526   -2.6715e-039   1.03816e-042   [0.000030,-0.000085,]
[15,9,]   195   5.68786e-005   -1.21947e-038   3.62354e-042   [0.000133,-0.000100,]
[16,9,]   196   4.70954e-005   -3.72422e-039   9.8498e-042   [0.000082,0.000106,]
[17,9,]   197   8.32976e-005   1.84676e-039   2.0852e-041   [0.000020,0.000036,]
[18,9,]   198   7.55782e-005   1.49522e-039   3.43792e-041   [0.000008,0.000019,]
[19,9,]   199   4.39998e-005   1.95562e-039   4.41437e-041   [0.000000,0.000009,]
[0,10,]   200   4.36087e-005   1.95581e-039   1.03724e-061   [-0.000003,-0.000009,]
[1,10,]   201   7.5389e-005   1.49847e-039   1.19889e-059   [-0.000008,-0.000019,]
[2,10,]   202   8.32908e-005   1.85405e-039   1.07921e-057   [-0.000020,-0.000036,]
[3,10,]   203   4.70853e-005   -3.72594e-039   7.56583e-056   [-0.000082,-0.000107,]
[4,10,]   204   5.68794e-005   -1.21944e-038   4.1308e-054   [-0.000133,0.000100,]
[5,10,]   205   0.000320528   -2.67142e-039   1.75646e-052   [-0.000030,0.000085,]
[6,10,]   206   0.000847974   -4.4804e-040   5.8166e-051   [-0.000007,0.000076,]
[7,10,]   207   0.00115585   -6.01363e-040   1.50012e-049   [0.000007,0.000082,]
[8,10,]   208   0.000870939   -3.42202e-039   3.01308e-048   [0.000043,0.000103,]
[9,10,]   209   0.000457916   -9.9955e-039   4.71324e-047   [0.000118,0.000093,]
[10,10,]   210   0.000498133   -8.88462e-039   5.74191e-046   [0.000092,-0.000115,]
[11,10,]   211   0.000997037   -2.11729e-039   5.44777e-045   [0.000017,-0.000098,]
[12,10,]   212   0.00124649   -3.28884e-040   4.02539e-044   [0.000010,-0.000077,]
[13,10,]   213   0.000887227   -3.37005e-040   2.31645e-043   [0.000005,-0.000072,]
[14,10,]   214   0.00032483   -2.2262e-039   1.03816e-042   [0.000003,-0.000084,]
[15,10,]   215   3.87124e-005   -1.73292e-038   3.62354e-042   [-0.000138,-0.000121,]
[16,10,]   216   2.39779e-005   -1.07959e-038   9.8498e-042   [-0.000121,0.000107,]
[17,10,]   217   6.82372e-005   1.96002e-039   2.0852e-041   [-0.000021,0.000041,]
[18,10,]   218   6.88624e-005   1.67323e-039   3.43792e-041   [-0.000003,0.000021,]
[19,10,]   219   4.05277e-005   2.33128e-039   4.41437e-041   [-0.000006,0.000013,]
[0,11,]   220   4.08882e-005   1.24846e-039   1.03724e-061   [-0.000008,-0.000006,]
[1,11,]   221   7.36856e-005   1.05556e-039   1.19889e-059   [-0.000019,-0.000016,]
[2,11,]   222   9.85809e-005   1.20693e-039   1.07921e-057   [-0.000043,-0.000026,]
[3,11,]   223   0.000101448   -2.02991e-039   7.56583e-056   [-0.000091,-0.000028,]
[4,11,]   224   0.000202986   -1.82784e-039   4.1308e-054   [-0.000070,0.000014,]
[5,11,]   225   0.000613258   -7.52307e-041   1.75646e-052   [-0.000026,0.000038,]
[6,11,]   226   0.00136384   7.86256e-040   5.8166e-051   [-0.000005,0.000042,]
[7,11,]   227   0.00206147   1.07844e-039   1.50012e-049   [0.000012,0.000042,]
[8,11,]   228   0.00226764   9.25864e-040   3.01308e-048   [0.000029,0.000036,]
[9,11,]   229   0.00216129   6.78027e-040   4.71324e-047   [0.000046,0.000004,]
[10,11,]   230   0.00224576   6.65498e-040   5.74191e-046   [0.000046,-0.000025,]
[11,11,]   231   0.00251207   1.1791e-039   5.44777e-045   [0.000029,-0.000031,]
[12,11,]   232   0.0022815   1.28857e-039   4.02539e-044   [0.000014,-0.000035,]
[13,11,]   233   0.00147005   9.64068e-040   2.31645e-043   [0.000002,-0.000036,]
[14,11,]   234   0.000612767   7.59092e-041   1.03816e-042   [-0.000018,-0.000037,]
[15,11,]   235   0.000146195   -3.33177e-039   3.62354e-042   [-0.000075,-0.000034,]
[16,11,]   236   4.76495e-005   -6.16485e-039   9.8498e-042   [-0.000104,0.000034,]
[17,11,]   237   6.50907e-005   1.32683e-039   2.0852e-041   [-0.000043,0.000039,]
[18,11,]   238   5.77327e-005   1.45191e-039   3.43792e-041   [-0.000015,0.000022,]
[19,11,]   239   3.17812e-005   1.88799e-039   4.41437e-041   [-0.000010,0.000017,]
[0,12,]   240   3.27419e-005   3.63453e-040   1.03724e-061   [-0.000013,-0.000005,]
[1,12,]   241   6.15559e-005   3.81155e-040   1.19889e-059   [-0.000027,-0.000013,]
[2,12,]   242   9.93873e-005   2.30928e-040   1.07921e-057   [-0.000049,-0.000017,]
[3,12,]   243   0.000158767   -7.3945e-040   7.56583e-056   [-0.000066,-0.000007,]
[4,12,]   244   0.00035637   -5.58127e-040   4.1308e-054   [-0.000046,0.000009,]
[5,12,]   245   0.000916914   5.0985e-040   1.75646e-052   [-0.000021,0.000018,]
[6,12,]   246   0.0019076   1.10554e-039   5.8166e-051   [-0.000004,0.000022,]
[7,12,]   247   0.00302983   1.38691e-039   1.50012e-049   [0.000009,0.000021,]
[8,12,]   248   0.00382552   1.4758e-039   3.01308e-048   [0.000020,0.000016,]
[9,12,]   249   0.00414561   1.30481e-039   4.71324e-047   [0.000028,0.000007,]
[10,12,]   250   0.00428522   1.41583e-039   5.74191e-046   [0.000028,-0.000004,]
[11,12,]   251   0.00410492   1.55706e-039   5.44777e-045   [0.000021,-0.000012,]
[12,12,]   252   0.00327283   1.44769e-039   4.02539e-044   [0.000012,-0.000016,]
[13,12,]   253   0.00202533   1.17202e-039   2.31645e-043   [0.000002,-0.000018,]
[14,12,]   254   0.00091526   5.91641e-040   1.03816e-042   [-0.000014,-0.000017,]
[15,12,]   255   0.000291917   -8.1453e-040   3.62354e-042   [-0.000046,-0.000007,]
[16,12,]   256   9.07786e-005   -2.68508e-039   9.8498e-042   [-0.000072,0.000018,]
[17,12,]   257   6.01566e-005   -1.93496e-040   2.0852e-041   [-0.000051,0.000031,]
[18,12,]   258   4.33187e-005   8.78228e-040   3.43792e-041   [-0.000024,0.000021,]
[19,12,]   259   2.16791e-005   1.09588e-039   4.41437e-041   [-0.000012,0.000019,]
[0,13,]   260   2.21758e-005   -5.92649e-040   1.03724e-061   [-0.000017,-0.000004,]
[1,13,]   261   4.37936e-005   -3.11289e-040   1.19889e-059   [-0.000033,-0.000010,]
[2,13,]   262   8.32706e-005   -4.33716e-040   1.07921e-057   [-0.000048,-0.000011,]
[3,13,]   263   0.000169218   -6.19676e-040   7.56583e-056   [-0.000051,-0.000003,]
[4,13,]   264   0.000404375   -2.67395e-040   4.1308e-054   [-0.000035,0.000006,]
[5,13,]   265   0.00097813   4.32473e-040   1.75646e-052   [-0.000017,0.000012,]
[6,13,]   266   0.0019837   9.42867e-040   5.8166e-051   [-0.000004,0.000014,]
[7,13,]   267   0.00321919   1.21298e-039   1.50012e-049   [0.000007,0.000013,]
[8,13,]   268   0.00427694   1.29747e-039   3.01308e-048   [0.000015,0.000010,]
[9,13,]   269   0.00489713   1.35372e-039   4.71324e-047   [0.000020,0.000005,]
[10,13,]   270   0.00501492   1.40747e-039   5.74191e-046   [0.000021,-0.000001,]
[11,13,]   271   0.00450827   1.35807e-039   5.44777e-045   [0.000016,-0.000005,]
[12,13,]   272   0.00341377   1.24626e-039   4.02539e-044   [0.000010,-0.000008,]
[13,13,]   273   0.00207662   9.81612e-040   2.31645e-043   [0.000002,-0.000009,]
[14,13,]   274   0.000975762   4.84263e-040   1.03816e-042   [-0.000011,-0.000008,]
[15,13,]   275   0.000351569   -3.45029e-040   3.62354e-042   [-0.000032,-0.000002,]
[16,13,]   276   0.000111471   -1.69005e-039   9.8498e-042   [-0.000053,0.000011,]
[17,13,]   277   5.03077e-005   -1.11858e-039   2.0852e-041   [-0.000049,0.000022,]
[18,13,]   278   2.88306e-005   1.33565e-040   3.43792e-041   [-0.000029,0.000020,]
[19,13,]   279   1.28877e-005   4.29044e-043   4.41437e-041   [-0.000013,0.000019,]
[0,14,]   280   1.26337e-005   -1.56485e-039   1.03724e-061   [-0.000020,-0.000003,]
[1,14,]   281   2.62969e-005   -1.01993e-039   1.19889e-059   [-0.000036,-0.000008,]
[2,14,]   282   5.7065e-005   -9.76836e-040   1.07921e-057   [-0.000044,-0.000006,]
[3,14,]   283   0.000132701   -8.65096e-040   7.56583e-056   [-0.000042,-0.000000,]
[4,14,]   284   0.000329641   -4.40355e-040   4.1308e-054   [-0.000029,0.000005,]
[5,14,]   285   0.000781535   1.75246e-040   1.75646e-052   [-0.000014,0.000009,]
[6,14,]   286   0.00156703   6.28424e-040   5.8166e-051   [-0.000003,0.000010,]
[7,14,]   287   0.00257001   8.93151e-040   1.50012e-049   [0.000005,0.000010,]
[8,14,]   288   0.00349555   1.00908e-039   3.01308e-048   [0.000011,0.000008,]
[9,14,]   289   0.00407   1.05285e-039   4.71324e-047   [0.000016,0.000005,]
[10,14,]   290   0.00414094   1.0809e-039   5.74191e-046   [0.000016,0.000001,]
[11,14,]   291   0.00363873   1.04933e-039   5.44777e-045   [0.000013,-0.000002,]
[12,14,]   292   0.00268923   9.15086e-040   4.02539e-044   [0.000008,-0.000004,]
[13,14,]   293   0.00162269   6.54098e-040   2.31645e-043   [0.000002,-0.000004,]
[14,14,]   294   0.000778248   2.08337e-040   1.03816e-042   [-0.000008,-0.000003,]
[15,14,]   295   0.000295148   -5.04014e-040   3.62354e-042   [-0.000024,0.000000,]
[16,14,]   296   9.57382e-005   -1.53162e-039   9.8498e-042   [-0.000041,0.000008,]
[17,14,]   297   3.58508e-005   -1.64597e-039   2.0852e-041   [-0.000045,0.000017,]
[18,14,]   298   1.6775e-005   -6.77991e-040   3.43792e-041   [-0.000030,0.000018,]
[19,14,]   299   6.65462e-006   -1.25504e-039   4.41437e-041   [-0.000014,0.000019,]
[0,15,]   300   6.04412e-006   -2.53452e-039   1.03724e-061   [-0.000023,-0.000002,]
[1,15,]   301   1.32706e-005   -1.73637e-039   1.19889e-059   [-0.000038,-0.000005,]
[2,15,]   302   3.19519e-005   -1.51903e-039   1.07921e-057   [-0.000040,-0.000003,]
[3,15,]   303   8.08671e-005   -1.23271e-039   7.56583e-056   [-0.000036,0.000001,]
[4,15,]   304   0.000205902   -7.82028e-040   4.1308e-054   [-0.000024,0.000005,]
[5,15,]   305   0.000484189   -2.22287e-040   1.75646e-052   [-0.000012,0.000008,]
[6,15,]   306   0.000965799   2.02361e-040   5.8166e-051   [-0.000003,0.000009,]
[7,15,]   307   0.00159329   4.66138e-040   1.50012e-049   [0.000004,0.000008,]
[8,15,]   308   0.00219288   5.95264e-040   3.01308e-048   [0.000009,0.000007,]
[9,15,]   309   0.00257341   6.52779e-040   4.71324e-047   [0.000013,0.000005,]
[10,15,]   310   0.00260818   6.75498e-040   5.74191e-046   [0.000013,0.000002,]
[11,15,]   311   0.00226248   6.23628e-040   5.44777e-045   [0.000011,0.000000,]
[12,15,]   312   0.00165036   4.78799e-040   4.02539e-044   [0.000007,-0.000001,]
[13,15,]   313   0.000991542   2.18343e-040   2.31645e-043   [0.000002,-0.000001,]
[14,15,]   314   0.000481211   -2.00367e-040   1.03816e-042   [-0.000006,-0.000001,]
[15,15,]   315   0.000187861   -8.24948e-040   3.62354e-042   [-0.000019,0.000002,]
[16,15,]   316   6.19092e-005   -1.71288e-039   9.8498e-042   [-0.000032,0.000007,]
[17,15,]   317   2.10843e-005   -2.09182e-039   2.0852e-041   [-0.000040,0.000014,]
[18,15,]   318   8.41716e-006   -1.4809e-039   3.43792e-041   [-0.000029,0.000016,]
[19,15,]   319   2.97228e-006   -2.53026e-039   4.41437e-041   [-0.000013,0.000018,]
[0,16,]   320   2.42773e-006   -3.50286e-039   1.03724e-061   [-0.000024,-0.000001,]
[1,16,]   321   5.6108e-006   -2.47597e-039   1.19889e-059   [-0.000039,-0.000003,]
[2,16,]   322   1.465e-005   -2.1115e-039   1.07921e-057   [-0.000037,-0.000001,]
[3,16,]   323   3.92519e-005   -1.71918e-039   7.56583e-056   [-0.000031,0.000002,]
[4,16,]   324   0.00010166   -1.25441e-039   4.1308e-054   [-0.000021,0.000005,]
[5,16,]   325   0.000238271   -7.25507e-040   1.75646e-052   [-0.000011,0.000007,]
[6,16,]   326   0.000474053   -3.18957e-040   5.8166e-051   [-0.000003,0.000008,]
[7,16,]   327   0.000784849   -5.55538e-041   1.50012e-049   [0.000003,0.000008,]
[8,16,]   328   0.00108755   8.43111e-041   3.01308e-048   [0.000008,0.000007,]
[9,16,]   329   0.00128126   1.47683e-040   4.71324e-047   [0.000011,0.000005,]
[10,16,]   330   0.00129493   1.65168e-040   5.74191e-046   [0.000011,0.000003,]
[11,16,]   331   0.00111458   1.04737e-040   5.44777e-045   [0.000010,0.000002,]
[12,16,]   332   0.000806528   -4.91875e-041   4.02539e-044   [0.000007,0.000001,]
[13,16,]   333   0.000483337   -3.09682e-040   2.31645e-043   [0.000002,0.000001,]
[14,16,]   334   0.000236363   -7.10103e-040   1.03816e-042   [-0.000005,0.000001,]
[15,16,]   335   9.395e-005   -1.28634e-039   3.62354e-042   [-0.000015,0.000003,]
[16,16,]   336   3.13423e-005   -2.08437e-039   9.8498e-042   [-0.000027,0.000007,]
[17,16,]   337   1.0136e-005   -2.58341e-039   2.0852e-041   [-0.000035,0.000012,]
[18,16,]   338   3.59982e-006   -2.26818e-039   3.43792e-041   [-0.000027,0.000015,]
[19,16,]   339   1.1444e-006   -3.75315e-039   4.41437e-041   [-0.000013,0.000017,]
[0,17,]   340   8.16713e-007   -4.51467e-039   1.03724e-061   [-0.000025,0.000000,]
[1,17,]   341   1.98018e-006   -3.27986e-039   1.19889e-059   [-0.000039,-0.000001,]
[2,17,]   342   5.51211e-006   -2.79368e-039   1.07921e-057   [-0.000034,0.000001,]
[3,17,]   343   1.5385e-005   -2.32764e-039   7.56583e-056   [-0.000028,0.000004,]
[4,17,]   344   4.03523e-005   -1.85266e-039   4.1308e-054   [-0.000019,0.000006,]
[5,17,]   345   9.44633e-005   -1.3439e-039   1.75646e-052   [-0.000010,0.000007,]
[6,17,]   346   0.000187698   -9.48883e-040   5.8166e-051   [-0.000003,0.000008,]
[7,17,]   347   0.000311479   -6.85431e-040   1.50012e-049   [0.000003,0.000008,]
[8,17,]   348   0.000433397   -5.38666e-040   3.01308e-048   [0.000007,0.000007,]
[9,17,]   349   0.0005117   -4.70261e-040   4.71324e-047   [0.000009,0.000006,]
[10,17,]   350   0.000516022   -4.56579e-040   5.74191e-046   [0.000010,0.000004,]
[11,17,]   351   0.000441779   -5.25029e-040   5.44777e-045   [0.000009,0.000003,]
[12,17,]   352   0.000317971   -6.8522e-040   4.02539e-044   [0.000006,0.000003,]
[13,17,]   353   0.000190243   -9.46064e-040   2.31645e-043   [0.000002,0.000002,]
[14,17,]   354   9.35249e-005   -1.33403e-039   1.03816e-042   [-0.000004,0.000003,]
[15,17,]   355   3.76395e-005   -1.87614e-039   3.62354e-042   [-0.000013,0.000004,]
[16,17,]   356   1.2679e-005   -2.61577e-039   9.8498e-042   [-0.000022,0.000007,]
[17,17,]   357   3.97943e-006   -3.17557e-039   2.0852e-041   [-0.000031,0.000011,]
[18,17,]   358   1.29874e-006   -3.08588e-039   3.43792e-041   [-0.000025,0.000014,]
[19,17,]   359   3.7756e-007   -4.94192e-039   4.41437e-041   [-0.000012,0.000016,]
[0,18,]   360   2.31016e-007   -5.61082e-039   1.03724e-061   [-0.000026,0.000007,]
[1,18,]   361   5.84759e-007   -4.16279e-039   1.19889e-059   [-0.000038,0.000005,]
[2,18,]   362   1.71256e-006   -3.58262e-039   1.07921e-057   [-0.000031,0.000006,]
[3,18,]   363   4.92844e-006   -3.08123e-039   7.56583e-056   [-0.000025,0.000008,]
[4,18,]   364   1.30557e-005   -2.61581e-039   4.1308e-054   [-0.000017,0.000009,]
[5,18,]   365   3.05607e-005   -2.1322e-039   1.75646e-052   [-0.000009,0.000010,]
[6,18,]   366   6.06879e-005   -1.74943e-039   5.8166e-051   [-0.000003,0.000011,]
[7,18,]   367   0.00010087   -1.48334e-039   1.50012e-049   [0.000002,0.000011,]
[8,18,]   368   0.00014072   -1.32421e-039   3.01308e-048   [0.000006,0.000010,]
[9,18,]   369   0.000166333   -1.24275e-039   4.71324e-047   [0.000008,0.000009,]
[10,18,]   370   0.000167426   -1.22203e-039   5.74191e-046   [0.000009,0.000008,]
[11,18,]   371   0.000142777   -1.28746e-039   5.44777e-045   [0.000008,0.000007,]
[12,18,]   372   0.000102373   -1.4467e-039   4.02539e-044   [0.000005,0.000007,]
[13,18,]   373   6.1182e-005   -1.70585e-039   2.31645e-043   [0.000002,0.000007,]
[14,18,]   374   3.01938e-005   -2.0872e-039   1.03816e-042   [-0.000003,0.000007,]
[15,18,]   375   1.22628e-005   -2.61507e-039   3.62354e-042   [-0.000011,0.000008,]
[16,18,]   376   4.16427e-006   -3.33486e-039   9.8498e-042   [-0.000019,0.000010,]
[17,18,]   377   1.28406e-006   -3.96803e-039   2.0852e-041   [-0.000027,0.000013,]
[18,18,]   378   3.94428e-007   -4.09726e-039   3.43792e-041   [-0.000022,0.000017,]
[19,18,]   379   1.06666e-007   -6.30264e-039   4.41437e-041   [-0.000010,0.000021,]
[0,19,]   380   5.73563e-008   -8.25682e-039   1.03724e-061   [-0.000026,0.000014,]
[1,19,]   381   1.4733e-007   -6.4192e-039   1.19889e-059   [-0.000040,0.000011,]
[2,19,]   382   4.492e-007   -5.46912e-039   1.07921e-057   [-0.000031,0.000010,]
[3,19,]   383   1.33735e-006   -4.73546e-039   7.56583e-056   [-0.000024,0.000011,]
[4,19,]   384   3.61407e-006   -4.18111e-039   4.1308e-054   [-0.000016,0.000012,]
[5,19,]   385   8.53275e-006   -3.68766e-039   1.75646e-052   [-0.000008,0.000013,]
[6,19,]   386   1.69906e-005   -3.30463e-039   5.8166e-051   [-0.000003,0.000013,]
[7,19,]   387   2.82256e-005   -3.02881e-039   1.50012e-049   [0.000002,0.000013,]
[8,19,]   388   3.92521e-005   -2.85649e-039   3.01308e-048   [0.000005,0.000013,]
[9,19,]   389   4.61218e-005   -2.77401e-039   4.71324e-047   [0.000007,0.000012,]
[10,19,]   390   4.60486e-005   -2.77314e-039   5.74191e-046   [0.000008,0.000011,]
[11,19,]   391   3.89408e-005   -2.86953e-039   5.44777e-045   [0.000007,0.000011,]
[12,19,]   392   2.77453e-005   -3.05527e-039   4.02539e-044   [0.000005,0.000010,]
[13,19,]   393   1.65479e-005   -3.31987e-039   2.31645e-043   [0.000002,0.000010,]
[14,19,]   394   8.20265e-006   -3.66969e-039   1.03816e-042   [-0.000003,0.000010,]
[15,19,]   395   3.37456e-006   -4.12103e-039   3.62354e-042   [-0.000010,0.000011,]
[16,19,]   396   1.17032e-006   -4.74178e-039   9.8498e-042   [-0.000016,0.000012,]
[17,19,]   397   3.66992e-007   -5.42939e-039   2.0852e-041   [-0.000022,0.000016,]
[18,19,]   398   1.11783e-007   -5.97514e-039   3.43792e-041   [-0.000017,0.000021,]
[19,19,]   399   2.96823e-008   -8.60737e-039   4.41437e-041   [-0.000007,0.000025,]
