coordinates  index   rho      Q      V    velocities 
[0,0,]   0   3.46087e-008   -8.58277e-039   1.03724e-061   [0.000026,-0.000008,]
[1,0,]   1   1.14777e-007   -6.18222e-039   1.19889e-059   [0.000028,-0.000007,]
[2,0,]   2   3.69874e-007   -5.47844e-039   1.07921e-057   [0.000026,-0.000005,]
[3,0,]   3   1.14995e-006   -4.76775e-039   7.56583e-056   [0.000020,-0.000002,]
[4,0,]   4   3.23119e-006   -4.16601e-039   4.1308e-054   [0.000013,-0.000000,]
[5,0,]   5   7.76989e-006   -3.69346e-039   1.75646e-052   [0.000005,0.000000,]
[6,0,]   6   1.56177e-005   -3.32755e-039   5.8166e-051   [0.000000,0.000001,]
[7,0,]   7   2.61361e-005   -3.05588e-039   1.50012e-049   [-0.000004,0.000001,]
[8,0,]   8   3.6603e-005   -2.87384e-039   3.01308e-048   [-0.000006,0.000000,]
[9,0,]   9   4.32125e-005   -2.7821e-039   4.71324e-047   [-0.000008,-0.000001,]
[10,0,]   10   4.32225e-005   -2.7822e-039   5.74191e-046   [-0.000008,-0.000001,]
[11,0,]   11   3.66383e-005   -2.87274e-039   5.44777e-045   [-0.000006,-0.000002,]
[12,0,]   12   2.61859e-005   -3.05361e-039   4.02539e-044   [-0.000003,-0.000003,]
[13,0,]   13   1.56608e-005   -3.32636e-039   2.31645e-043   [0.000001,-0.000003,]
[14,0,]   14   7.79957e-006   -3.69546e-039   1.03816e-042   [0.000006,-0.000003,]
[15,0,]   15   3.25117e-006   -4.17202e-039   3.62354e-042   [0.000013,-0.000002,]
[16,0,]   16   1.16332e-006   -4.76791e-039   9.8498e-042   [0.000021,0.000000,]
[17,0,]   17   3.76252e-007   -5.48221e-039   2.0852e-041   [0.000027,0.000002,]
[18,0,]   18   1.17378e-007   -6.22377e-039   3.43792e-041   [0.000030,0.000004,]
[19,0,]   19   3.65565e-008   -8.55708e-039   4.41437e-041   [0.000028,0.000004,]
[0,1,]   20   1.46161e-007   -5.80973e-039   1.03724e-061   [0.000026,-0.000008,]
[1,1,]   21   4.60064e-007   -4.00851e-039   1.19889e-059   [0.000030,-0.000007,]
[2,1,]   22   1.4237e-006   -3.7366e-039   1.07921e-057   [0.000029,-0.000005,]
[3,1,]   23   4.35753e-006   -3.20205e-039   7.56583e-056   [0.000022,-0.000002,]
[4,1,]   24   1.22516e-005   -2.59535e-039   4.1308e-054   [0.000014,-0.000000,]
[5,1,]   25   2.95841e-005   -2.07952e-039   1.75646e-052   [0.000006,0.000001,]
[6,1,]   26   5.95821e-005   -1.69221e-039   5.8166e-051   [0.000000,0.000001,]
[7,1,]   27   9.96061e-005   -1.42831e-039   1.50012e-049   [-0.000004,0.000001,]
[8,1,]   28   0.000139117   -1.26942e-039   3.01308e-048   [-0.000007,0.000001,]
[9,1,]   29   0.000163831   -1.19716e-039   4.71324e-047   [-0.000009,-0.000000,]
[10,1,]   30   0.000163734   -1.19917e-039   5.74191e-046   [-0.000008,-0.000001,]
[11,1,]   31   0.000138936   -1.27309e-039   5.44777e-045   [-0.000007,-0.000002,]
[12,1,]   32   9.9475e-005   -1.43206e-039   4.02539e-044   [-0.000004,-0.000003,]
[13,1,]   33   5.95396e-005   -1.69663e-039   2.31645e-043   [0.000001,-0.000003,]
[14,1,]   34   2.96164e-005   -2.08401e-039   1.03816e-042   [0.000006,-0.000003,]
[15,1,]   35   1.23213e-005   -2.59533e-039   3.62354e-042   [0.000015,-0.000001,]
[16,1,]   36   4.42461e-006   -3.17773e-039   9.8498e-042   [0.000023,0.000001,]
[17,1,]   37   1.46101e-006   -3.69967e-039   2.0852e-041   [0.000029,0.000003,]
[18,1,]   38   4.76203e-007   -4.01361e-039   3.43792e-041   [0.000031,0.000005,]
[19,1,]   39   1.56211e-007   -5.75224e-039   4.41437e-041   [0.000027,0.000006,]
[0,2,]   40   5.23522e-007   -4.70643e-039   1.03724e-061   [0.000025,-0.000008,]
[1,2,]   41   1.54825e-006   -3.1463e-039   1.19889e-059   [0.000031,-0.000008,]
[2,2,]   42   4.53382e-006   -2.99321e-039   1.07921e-057   [0.000032,-0.000006,]
[3,2,]   43   1.35366e-005   -2.50604e-039   7.56583e-056   [0.000025,-0.000002,]
[4,2,]   44   3.80085e-005   -1.88754e-039   4.1308e-054   [0.000016,0.000000,]
[5,2,]   45   9.2217e-005   -1.35433e-039   1.75646e-052   [0.000007,0.000002,]
[6,2,]   46   0.000186172   -9.5873e-040   5.8166e-051   [0.000000,0.000002,]
[7,2,]   47   0.000310835   -6.94716e-040   1.50012e-049   [-0.000004,0.000002,]
[8,2,]   48   0.000432733   -5.39731e-040   3.01308e-048   [-0.000008,0.000001,]
[9,2,]   49   0.000508268   -4.70727e-040   4.71324e-047   [-0.000010,0.000000,]
[10,2,]   50   0.000507885   -4.71963e-040   5.74191e-046   [-0.000010,-0.000001,]
[11,2,]   51   0.000431994   -5.40947e-040   5.44777e-045   [-0.000007,-0.000002,]
[12,2,]   52   0.000310267   -6.94664e-040   4.02539e-044   [-0.000004,-0.000003,]
[13,2,]   53   0.000185952   -9.58924e-040   2.31645e-043   [0.000001,-0.000003,]
[14,2,]   54   9.23014e-005   -1.35529e-039   1.03816e-042   [0.000007,-0.000003,]
[15,2,]   55   3.82488e-005   -1.88541e-039   3.62354e-042   [0.000017,-0.000001,]
[16,2,]   56   1.37757e-005   -2.47957e-039   9.8498e-042   [0.000026,0.000001,]
[17,2,]   57   4.6682e-006   -2.95861e-039   2.0852e-041   [0.000032,0.000005,]
[18,2,]   58   1.60658e-006   -3.16443e-039   3.43792e-041   [0.000032,0.000007,]
[19,2,]   59   5.59416e-007   -4.67303e-039   4.41437e-041   [0.000026,0.000007,]
[0,3,]   60   1.58369e-006   -3.63207e-039   1.03724e-061   [0.000024,-0.000009,]
[1,3,]   61   4.35741e-006   -2.35223e-039   1.19889e-059   [0.000032,-0.000009,]
[2,3,]   62   1.18653e-005   -2.3502e-039   1.07921e-057   [0.000035,-0.000007,]
[3,3,]   63   3.41713e-005   -1.93355e-039   7.56583e-056   [0.000029,-0.000003,]
[4,3,]   64   9.57369e-005   -1.29539e-039   4.1308e-054   [0.000018,0.000001,]
[5,3,]   65   0.000233904   -7.34845e-040   1.75646e-052   [0.000008,0.000003,]
[6,3,]   66   0.000473879   -3.26693e-040   5.8166e-051   [0.000000,0.000003,]
[7,3,]   67   0.000789705   -6.2707e-041   1.50012e-049   [-0.000005,0.000003,]
[8,3,]   68   0.00109418   8.58151e-041   3.01308e-048   [-0.000009,0.000002,]
[9,3,]   69   0.00128019   1.48758e-040   4.71324e-047   [-0.000011,0.000000,]
[10,3,]   70   0.00127897   1.47165e-040   5.74191e-046   [-0.000011,-0.000001,]
[11,3,]   71   0.00109178   8.39911e-041   5.44777e-045   [-0.000009,-0.000003,]
[12,3,]   72   0.000787797   -6.31908e-041   4.02539e-044   [-0.000005,-0.000004,]
[13,3,]   73   0.000473069   -3.2745e-040   2.31645e-043   [0.000001,-0.000004,]
[14,3,]   74   0.000234078   -7.36309e-040   1.03816e-042   [0.000008,-0.000003,]
[15,3,]   75   9.64235e-005   -1.29249e-039   3.62354e-042   [0.000019,-0.000002,]
[16,3,]   76   3.48735e-005   -1.90013e-039   9.8498e-042   [0.000029,0.000002,]
[17,3,]   77   1.22634e-005   -2.30783e-039   2.0852e-041   [0.000036,0.000006,]
[18,3,]   78   4.53074e-006   -2.37107e-039   3.43792e-041   [0.000033,0.000008,]
[19,3,]   79   1.68935e-006   -3.61291e-039   4.41437e-041   [0.000025,0.000008,]
[0,4,]   80   4.05634e-006   -2.5565e-039   1.03724e-061   [0.000023,-0.000010,]
[1,4,]   81   1.02841e-005   -1.59738e-039   1.19889e-059   [0.000033,-0.000011,]
[2,4,]   82   2.54257e-005   -1.78855e-039   1.07921e-057   [0.000039,-0.000009,]
[3,4,]   83   6.93216e-005   -1.49113e-039   7.56583e-056   [0.000034,-0.000004,]
[4,4,]   84   0.000193489   -8.24516e-040   4.1308e-054   [0.000022,0.000001,]
[5,4,]   85   0.000477891   -2.21389e-040   1.75646e-052   [0.000009,0.000004,]
[6,4,]   86   0.000973443   2.05829e-040   5.8166e-051   [0.000000,0.000005,]
[7,4,]   87   0.00161748   4.70057e-040   1.50012e-049   [-0.000006,0.000004,]
[8,4,]   88   0.0022245   6.09074e-040   3.01308e-048   [-0.000010,0.000003,]
[9,4,]   89   0.00258685   6.62863e-040   4.71324e-047   [-0.000013,0.000001,]
[10,4,]   90   0.00258373   6.60803e-040   5.74191e-046   [-0.000013,-0.000001,]
[11,4,]   91   0.00221828   6.06499e-040   5.44777e-045   [-0.000010,-0.000004,]
[12,4,]   92   0.00161241   4.68971e-040   4.02539e-044   [-0.000006,-0.000005,]
[13,4,]   93   0.000971175   2.04433e-040   2.31645e-043   [0.000001,-0.000005,]
[14,4,]   94   0.000478167   -2.23488e-040   1.03816e-042   [0.000010,-0.000005,]
[15,4,]   95   0.000195105   -8.20463e-040   3.62354e-042   [0.000022,-0.000002,]
[16,4,]   96   7.10124e-005   -1.44757e-039   9.8498e-042   [0.000034,0.000003,]
[17,4,]   97   2.63909e-005   -1.7374e-039   2.0852e-041   [0.000039,0.000008,]
[18,4,]   98   1.07053e-005   -1.61973e-039   3.43792e-041   [0.000033,0.000010,]
[19,4,]   99   4.31123e-006   -2.55812e-039   4.41437e-041   [0.000024,0.000009,]
[0,5,]   100   8.82408e-006   -1.46302e-039   1.03724e-061   [0.000020,-0.000011,]
[1,5,]   101   2.0457e-005   -8.58077e-040   1.19889e-059   [0.000032,-0.000013,]
[2,5,]   102   4.44845e-005   -1.28269e-039   1.07921e-057   [0.000044,-0.000012,]
[3,5,]   103   0.000111088   -1.20174e-039   7.56583e-056   [0.000041,-0.000005,]
[4,5,]   104   0.00030793   -4.92635e-040   4.1308e-054   [0.000027,0.000002,]
[5,5,]   105   0.00077461   1.82078e-040   1.75646e-052   [0.000011,0.000006,]
[6,5,]   106   0.00159207   6.40074e-040   5.8166e-051   [0.000001,0.000007,]
[7,5,]   107   0.00263251   9.05404e-040   1.50012e-049   [-0.000007,0.000006,]
[8,5,]   108   0.00357539   1.02993e-039   3.01308e-048   [-0.000012,0.000004,]
[9,5,]   109   0.00411471   1.06913e-039   4.71324e-047   [-0.000016,0.000001,]
[10,5,]   110   0.00410833   1.0664e-039   5.74191e-046   [-0.000016,-0.000002,]
[11,5,]   111   0.00356254   1.02632e-039   5.44777e-045   [-0.000012,-0.000005,]
[12,5,]   112   0.00262188   9.03558e-040   4.02539e-044   [-0.000007,-0.000007,]
[13,5,]   113   0.00158714   6.3787e-040   2.31645e-043   [0.000001,-0.000008,]
[14,5,]   114   0.000774925   1.79071e-040   1.03816e-042   [0.000011,-0.000006,]
[15,5,]   115   0.000311031   -4.86649e-040   3.62354e-042   [0.000027,-0.000003,]
[16,5,]   116   0.000114394   -1.1419e-039   9.8498e-042   [0.000041,0.000004,]
[17,5,]   117   4.63821e-005   -1.22268e-039   2.0852e-041   [0.000044,0.000011,]
[18,5,]   118   2.12868e-005   -8.87712e-040   3.43792e-041   [0.000033,0.000012,]
[19,5,]   119   9.32334e-006   -1.49122e-039   4.41437e-041   [0.000021,0.000009,]
[0,6,]   120   1.63599e-005   -3.52048e-040   1.03724e-061   [0.000017,-0.000012,]
[1,6,]   121   3.45806e-005   -1.15813e-040   1.19889e-059   [0.000030,-0.000015,]
[2,6,]   122   6.36031e-005   -7.78379e-040   1.07921e-057   [0.000047,-0.000017,]
[3,6,]   123   0.000136678   -1.12547e-039   7.56583e-056   [0.000052,-0.000008,]
[4,6,]   124   0.000373508   -3.52611e-040   4.1308e-054   [0.000034,0.000004,]
[5,6,]   125   0.000972667   4.55464e-040   1.75646e-052   [0.000014,0.000010,]
[6,6,]   126   0.0020321   9.67383e-040   5.8166e-051   [0.000001,0.000011,]
[7,6,]   127   0.00333019   1.23652e-039   1.50012e-049   [-0.000008,0.000010,]
[8,6,]   128   0.00441827   1.33833e-039   3.01308e-048   [-0.000016,0.000007,]
[9,6,]   129   0.00498381   1.35376e-039   4.71324e-047   [-0.000021,0.000003,]
[10,6,]   130   0.00497352   1.34989e-039   5.74191e-046   [-0.000020,-0.000003,]
[11,6,]   131   0.00439739   1.33303e-039   5.44777e-045   [-0.000015,-0.000008,]
[12,6,]   132   0.00331272   1.2335e-039   4.02539e-044   [-0.000008,-0.000011,]
[13,6,]   133   0.00202381   9.63949e-040   2.31645e-043   [0.000001,-0.000012,]
[14,6,]   134   0.000972892   4.5094e-040   1.03816e-042   [0.000014,-0.000010,]
[15,6,]   135   0.000378279   -3.4273e-040   3.62354e-042   [0.000035,-0.000004,]
[16,6,]   136   0.00014184   -1.03576e-039   9.8498e-042   [0.000052,0.000007,]
[17,6,]   137   6.65779e-005   -7.13244e-040   2.0852e-041   [0.000047,0.000016,]
[18,6,]   138   3.58836e-005   -1.56321e-040   3.43792e-041   [0.000030,0.000014,]
[19,6,]   139   1.71407e-005   -4.08821e-040   4.41437e-041   [0.000017,0.000010,]
[0,7,]   140   2.59426e-005   7.33859e-040   1.03724e-061   [0.000013,-0.000012,]
[1,7,]   141   5.02802e-005   6.2178e-040   1.19889e-059   [0.000024,-0.000018,]
[2,7,]   142   7.52822e-005   -1.5042e-040   1.07921e-057   [0.000048,-0.000024,]
[3,7,]   143   0.000122725   -1.44343e-039   7.56583e-056   [0.000069,-0.000015,]
[4,7,]   144   0.000323835   -5.89992e-040   4.1308e-054   [0.000048,0.000008,]
[5,7,]   145   0.000911208   5.14902e-040   1.75646e-052   [0.000017,0.000018,]
[6,7,]   146   0.0019691   1.13446e-039   5.8166e-051   [0.000001,0.000019,]
[7,7,]   147   0.00316785   1.4151e-039   1.50012e-049   [-0.000011,0.000018,]
[8,7,]   148   0.00399515   1.48016e-039   3.01308e-048   [-0.000021,0.000014,]
[9,7,]   149   0.0043017   1.45706e-039   4.71324e-047   [-0.000029,0.000005,]
[10,7,]   150   0.00428901   1.45075e-039   5.74191e-046   [-0.000028,-0.000006,]
[11,7,]   151   0.0039693   1.47109e-039   5.44777e-045   [-0.000020,-0.000014,]
[12,7,]   152   0.00314604   1.40931e-039   4.02539e-044   [-0.000010,-0.000019,]
[13,7,]   153   0.00195859   1.12837e-039   2.31645e-043   [0.000002,-0.000020,]
[14,7,]   154   0.000911245   5.07226e-040   1.03816e-042   [0.000018,-0.000018,]
[15,7,]   155   0.000329522   -5.69099e-040   3.62354e-042   [0.000047,-0.000008,]
[16,7,]   156   0.000128941   -1.28728e-039   9.8498e-042   [0.000069,0.000014,]
[17,7,]   157   7.88755e-005   -9.59745e-041   2.0852e-041   [0.000048,0.000022,]
[18,7,]   158   5.18566e-005   5.71056e-040   3.43792e-041   [0.000025,0.000017,]
[19,7,]   159   2.68849e-005   6.56153e-040   4.41437e-041   [0.000013,0.000011,]
[0,8,]   160   3.53008e-005   1.66993e-039   1.03724e-061   [0.000008,-0.000013,]
[1,8,]   161   6.38503e-005   1.28033e-039   1.19889e-059   [0.000016,-0.000020,]
[2,8,]   162   7.70151e-005   8.51924e-040   1.07921e-057   [0.000040,-0.000032,]
[3,8,]   163   7.34344e-005   -2.91518e-039   7.56583e-056   [0.000097,-0.000033,]
[4,8,]   164   0.000172408   -2.19766e-039   4.1308e-054   [0.000076,0.000022,]
[5,8,]   165   0.000607171   -6.70301e-041   1.75646e-052   [0.000022,0.000037,]
[6,8,]   166   0.00142143   8.65822e-040   5.8166e-051   [0.000001,0.000038,]
[7,8,]   167   0.00218986   1.1503e-039   1.50012e-049   [-0.000013,0.000038,]
[8,8,]   168   0.0024167   1.04536e-039   3.01308e-048   [-0.000029,0.000033,]
[9,8,]   169   0.00224663   9.9846e-040   4.71324e-047   [-0.000046,0.000016,]
[10,8,]   170   0.00223571   9.82694e-040   5.74191e-046   [-0.000046,-0.000014,]
[11,8,]   171   0.00239432   1.01989e-039   5.44777e-045   [-0.000029,-0.000034,]
[12,8,]   172   0.00217089   1.13442e-039   4.02539e-044   [-0.000013,-0.000038,]
[13,8,]   173   0.0014122   8.518e-040   2.31645e-043   [0.000002,-0.000039,]
[14,8,]   174   0.000607073   -8.33228e-041   1.03816e-042   [0.000023,-0.000037,]
[15,8,]   175   0.00017721   -2.11561e-039   3.62354e-042   [0.000075,-0.000019,]
[16,8,]   176   7.87153e-005   -2.54844e-039   9.8498e-042   [0.000096,0.000033,]
[17,8,]   177   8.00754e-005   8.55531e-040   2.0852e-041   [0.000040,0.000031,]
[18,8,]   178   6.51951e-005   1.23162e-039   3.43792e-041   [0.000017,0.000019,]
[19,8,]   179   3.6104e-005   1.59574e-039   4.41437e-041   [0.000008,0.000012,]
[0,9,]   180   4.13186e-005   2.23006e-039   1.03724e-061   [0.000003,-0.000013,]
[1,9,]   181   7.18811e-005   1.68671e-039   1.19889e-059   [0.000006,-0.000021,]
[2,9,]   182   7.46817e-005   2.271e-039   1.07921e-057   [0.000017,-0.000040,]
[3,9,]   183   2.90089e-005   -8.25947e-039   7.56583e-056   [0.000099,-0.000100,]
[4,9,]   184   3.65273e-005   -1.85372e-038   4.1308e-054   [0.000139,0.000116,]
[5,9,]   185   0.000317392   -2.35851e-039   1.75646e-052   [0.000015,0.000085,]
[6,9,]   186   0.000878994   -3.56224e-040   5.8166e-051   [0.000000,0.000074,]
[7,9,]   187   0.00124039   -2.5939e-040   1.50012e-049   [-0.000009,0.000079,]
[8,9,]   188   0.000949787   -2.29492e-039   3.01308e-048   [-0.000028,0.000100,]
[9,9,]   189   0.000392446   -1.18239e-038   4.71324e-047   [-0.000104,0.000104,]
[10,9,]   190   0.000388078   -1.20147e-038   5.74191e-046   [-0.000107,-0.000101,]
[11,9,]   191   0.000940806   -2.36224e-039   5.44777e-045   [-0.000031,-0.000101,]
[12,9,]   192   0.00123278   -2.82659e-040   4.02539e-044   [-0.000009,-0.000080,]
[13,9,]   193   0.000875282   -3.73619e-040   2.31645e-043   [0.000001,-0.000074,]
[14,9,]   194   0.000317324   -2.39289e-039   1.03816e-042   [0.000019,-0.000085,]
[15,9,]   195   3.84213e-005   -1.76781e-038   3.62354e-042   [0.000139,-0.000113,]
[16,9,]   196   3.11056e-005   -7.5072e-039   9.8498e-042   [0.000095,0.000101,]
[17,9,]   197   7.58985e-005   2.22129e-039   2.0852e-041   [0.000016,0.000039,]
[18,9,]   198   7.24169e-005   1.66522e-039   3.43792e-041   [0.000006,0.000020,]
[19,9,]   199   4.16399e-005   2.19793e-039   4.41437e-041   [0.000003,0.000012,]
[0,10,]   200   4.16367e-005   2.19794e-039   1.03724e-061   [-0.000003,-0.000012,]
[1,10,]   201   7.24153e-005   1.66525e-039   1.19889e-059   [-0.000006,-0.000020,]
[2,10,]   202   7.58985e-005   2.22135e-039   1.07921e-057   [-0.000016,-0.000039,]
[3,10,]   203   3.11055e-005   -7.50722e-039   7.56583e-056   [-0.000095,-0.000101,]
[4,10,]   204   3.84213e-005   -1.76781e-038   4.1308e-054   [-0.000139,0.000113,]
[5,10,]   205   0.000317324   -2.39289e-039   1.75646e-052   [-0.000019,0.000085,]
[6,10,]   206   0.000875282   -3.73619e-040   5.8166e-051   [-0.000001,0.000074,]
[7,10,]   207   0.00123278   -2.82659e-040   1.50012e-049   [0.000009,0.000080,]
[8,10,]   208   0.000940806   -2.36224e-039   3.01308e-048   [0.000031,0.000101,]
[9,10,]   209   0.000388078   -1.20147e-038   4.71324e-047   [0.000107,0.000101,]
[10,10,]   210   0.000392446   -1.18239e-038   5.74191e-046   [0.000104,-0.000104,]
[11,10,]   211   0.000949787   -2.29492e-039   5.44777e-045   [0.000028,-0.000100,]
[12,10,]   212   0.00124039   -2.5939e-040   4.02539e-044   [0.000009,-0.000079,]
[13,10,]   213   0.000878994   -3.56224e-040   2.31645e-043   [-0.000000,-0.000074,]
[14,10,]   214   0.000317392   -2.35851e-039   1.03816e-042   [-0.000015,-0.000085,]
[15,10,]   215   3.65273e-005   -1.85373e-038   3.62354e-042   [-0.000139,-0.000116,]
[16,10,]   216   2.9009e-005   -8.25944e-039   9.8498e-042   [-0.000099,0.000100,]
[17,10,]   217   7.46818e-005   2.27093e-039   2.0852e-041   [-0.000017,0.000040,]
[18,10,]   218   7.18827e-005   1.68669e-039   3.43792e-041   [-0.000006,0.000021,]
[19,10,]   219   4.13219e-005   2.23006e-039   4.41437e-041   [-0.000003,0.000013,]
[0,11,]   220   3.61028e-005   1.59576e-039   1.03724e-061   [-0.000008,-0.000012,]
[1,11,]   221   6.51945e-005   1.23164e-039   1.19889e-059   [-0.000017,-0.000019,]
[2,11,]   222   8.00754e-005   8.55555e-040   1.07921e-057   [-0.000040,-0.000031,]
[3,11,]   223   7.87152e-005   -2.54844e-039   7.56583e-056   [-0.000096,-0.000033,]
[4,11,]   224   0.00017721   -2.11561e-039   4.1308e-054   [-0.000075,0.000019,]
[5,11,]   225   0.000607073   -8.3323e-041   1.75646e-052   [-0.000023,0.000037,]
[6,11,]   226   0.0014122   8.518e-040   5.8166e-051   [-0.000002,0.000039,]
[7,11,]   227   0.00217089   1.13442e-039   1.50012e-049   [0.000013,0.000038,]
[8,11,]   228   0.00239432   1.01989e-039   3.01308e-048   [0.000029,0.000034,]
[9,11,]   229   0.00223571   9.82694e-040   4.71324e-047   [0.000046,0.000014,]
[10,11,]   230   0.00224663   9.9846e-040   5.74191e-046   [0.000046,-0.000016,]
[11,11,]   231   0.0024167   1.04536e-039   5.44777e-045   [0.000029,-0.000033,]
[12,11,]   232   0.00218986   1.1503e-039   4.02539e-044   [0.000013,-0.000038,]
[13,11,]   233   0.00142143   8.65822e-040   2.31645e-043   [-0.000001,-0.000038,]
[14,11,]   234   0.000607171   -6.70299e-041   1.03816e-042   [-0.000022,-0.000037,]
[15,11,]   235   0.000172408   -2.19766e-039   3.62354e-042   [-0.000076,-0.000022,]
[16,11,]   236   7.34344e-005   -2.91518e-039   9.8498e-042   [-0.000097,0.000033,]
[17,11,]   237   7.70151e-005   8.51898e-040   2.0852e-041   [-0.000040,0.000032,]
[18,11,]   238   6.38509e-005   1.28031e-039   3.43792e-041   [-0.000016,0.000020,]
[19,11,]   239   3.5302e-005   1.66992e-039   4.41437e-041   [-0.000008,0.000013,]
[0,12,]   240   2.68859e-005   6.5618e-040   1.03724e-061   [-0.000013,-0.000011,]
[1,12,]   241   5.18572e-005   5.71054e-040   1.19889e-059   [-0.000025,-0.000017,]
[2,12,]   242   7.88755e-005   -9.59971e-041   1.07921e-057   [-0.000048,-0.000022,]
[3,12,]   243   0.000128941   -1.28728e-039   7.56583e-056   [-0.000069,-0.000014,]
[4,12,]   244   0.000329522   -5.69098e-040   4.1308e-054   [-0.000047,0.000008,]
[5,12,]   245   0.000911245   5.07226e-040   1.75646e-052   [-0.000018,0.000018,]
[6,12,]   246   0.00195859   1.12837e-039   5.8166e-051   [-0.000002,0.000020,]
[7,12,]   247   0.00314604   1.40931e-039   1.50012e-049   [0.000010,0.000019,]
[8,12,]   248   0.0039693   1.47109e-039   3.01308e-048   [0.000020,0.000014,]
[9,12,]   249   0.00428901   1.45075e-039   4.71324e-047   [0.000028,0.000006,]
[10,12,]   250   0.0043017   1.45706e-039   5.74191e-046   [0.000029,-0.000005,]
[11,12,]   251   0.00399515   1.48016e-039   5.44777e-045   [0.000021,-0.000014,]
[12,12,]   252   0.00316785   1.4151e-039   4.02539e-044   [0.000011,-0.000018,]
[13,12,]   253   0.0019691   1.13446e-039   2.31645e-043   [-0.000001,-0.000019,]
[14,12,]   254   0.000911208   5.14902e-040   1.03816e-042   [-0.000017,-0.000018,]
[15,12,]   255   0.000323835   -5.89993e-040   3.62354e-042   [-0.000048,-0.000008,]
[16,12,]   256   0.000122725   -1.44343e-039   9.8498e-042   [-0.000069,0.000015,]
[17,12,]   257   7.52822e-005   -1.50398e-040   2.0852e-041   [-0.000048,0.000024,]
[18,12,]   258   5.02798e-005   6.21781e-040   3.43792e-041   [-0.000024,0.000018,]
[19,12,]   259   2.59417e-005   7.33833e-040   4.41437e-041   [-0.000013,0.000012,]
[0,13,]   260   1.71426e-005   -4.08766e-040   1.03724e-061   [-0.000017,-0.000010,]
[1,13,]   261   3.58846e-005   -1.56356e-040   1.19889e-059   [-0.000030,-0.000014,]
[2,13,]   262   6.6578e-005   -7.13301e-040   1.07921e-057   [-0.000047,-0.000016,]
[3,13,]   263   0.00014184   -1.03576e-039   7.56583e-056   [-0.000052,-0.000007,]
[4,13,]   264   0.000378279   -3.4273e-040   4.1308e-054   [-0.000035,0.000004,]
[5,13,]   265   0.000972892   4.5094e-040   1.75646e-052   [-0.000014,0.000010,]
[6,13,]   266   0.00202381   9.63949e-040   5.8166e-051   [-0.000001,0.000012,]
[7,13,]   267   0.00331272   1.2335e-039   1.50012e-049   [0.000008,0.000011,]
[8,13,]   268   0.00439739   1.33303e-039   3.01308e-048   [0.000015,0.000008,]
[9,13,]   269   0.00497352   1.34989e-039   4.71324e-047   [0.000020,0.000003,]
[10,13,]   270   0.00498381   1.35376e-039   5.74191e-046   [0.000021,-0.000003,]
[11,13,]   271   0.00441827   1.33833e-039   5.44777e-045   [0.000016,-0.000007,]
[12,13,]   272   0.00333019   1.23652e-039   4.02539e-044   [0.000008,-0.000010,]
[13,13,]   273   0.0020321   9.67383e-040   2.31645e-043   [-0.000001,-0.000011,]
[14,13,]   274   0.000972667   4.55465e-040   1.03816e-042   [-0.000014,-0.000010,]
[15,13,]   275   0.000373508   -3.52611e-040   3.62354e-042   [-0.000034,-0.000004,]
[16,13,]   276   0.000136678   -1.12548e-039   9.8498e-042   [-0.000052,0.000008,]
[17,13,]   277   6.3603e-005   -7.78323e-040   2.0852e-041   [-0.000047,0.000017,]
[18,13,]   278   3.45796e-005   -1.1578e-040   3.43792e-041   [-0.000030,0.000015,]
[19,13,]   279   1.6358e-005   -3.52102e-040   4.41437e-041   [-0.000017,0.000012,]
[0,14,]   280   9.32504e-006   -1.49113e-039   1.03724e-061   [-0.000020,-0.000009,]
[1,14,]   281   2.12876e-005   -8.87787e-040   1.19889e-059   [-0.000033,-0.000012,]
[2,14,]   282   4.63822e-005   -1.22276e-039   1.07921e-057   [-0.000044,-0.000011,]
[3,14,]   283   0.000114394   -1.14189e-039   7.56583e-056   [-0.000041,-0.000004,]
[4,14,]   284   0.000311031   -4.86649e-040   4.1308e-054   [-0.000027,0.000003,]
[5,14,]   285   0.000774925   1.79071e-040   1.75646e-052   [-0.000011,0.000006,]
[6,14,]   286   0.00158714   6.3787e-040   5.8166e-051   [-0.000001,0.000008,]
[7,14,]   287   0.00262188   9.03558e-040   1.50012e-049   [0.000007,0.000007,]
[8,14,]   288   0.00356254   1.02632e-039   3.01308e-048   [0.000012,0.000005,]
[9,14,]   289   0.00410833   1.0664e-039   4.71324e-047   [0.000016,0.000002,]
[10,14,]   290   0.00411471   1.06913e-039   5.74191e-046   [0.000016,-0.000001,]
[11,14,]   291   0.00357539   1.02993e-039   5.44777e-045   [0.000012,-0.000004,]
[12,14,]   292   0.00263251   9.05403e-040   4.02539e-044   [0.000007,-0.000006,]
[13,14,]   293   0.00159207   6.40074e-040   2.31645e-043   [-0.000001,-0.000007,]
[14,14,]   294   0.00077461   1.82078e-040   1.03816e-042   [-0.000011,-0.000006,]
[15,14,]   295   0.00030793   -4.92635e-040   3.62354e-042   [-0.000027,-0.000002,]
[16,14,]   296   0.000111088   -1.20174e-039   9.8498e-042   [-0.000041,0.000005,]
[17,14,]   297   4.44844e-005   -1.28262e-039   2.0852e-041   [-0.000044,0.000012,]
[18,14,]   298   2.04562e-005   -8.58004e-040   3.43792e-041   [-0.000032,0.000013,]
[19,14,]   299   8.82245e-006   -1.46311e-039   4.41437e-041   [-0.000020,0.000011,]
[0,15,]   300   4.31228e-006   -2.55798e-039   1.03724e-061   [-0.000023,-0.000009,]
[1,15,]   301   1.07059e-005   -1.61984e-039   1.19889e-059   [-0.000034,-0.000010,]
[2,15,]   302   2.6391e-005   -1.73749e-039   1.07921e-057   [-0.000039,-0.000008,]
[3,15,]   303   7.10125e-005   -1.44757e-039   7.56583e-056   [-0.000034,-0.000003,]
[4,15,]   304   0.000195105   -8.20463e-040   4.1308e-054   [-0.000022,0.000002,]
[5,15,]   305   0.000478167   -2.23488e-040   1.75646e-052   [-0.000010,0.000005,]
[6,15,]   306   0.000971175   2.04433e-040   5.8166e-051   [-0.000001,0.000005,]
[7,15,]   307   0.00161241   4.68971e-040   1.50012e-049   [0.000006,0.000005,]
[8,15,]   308   0.00221828   6.06499e-040   3.01308e-048   [0.000010,0.000004,]
[9,15,]   309   0.00258373   6.60803e-040   4.71324e-047   [0.000013,0.000001,]
[10,15,]   310   0.00258685   6.62863e-040   5.74191e-046   [0.000013,-0.000001,]
[11,15,]   311   0.0022245   6.09074e-040   5.44777e-045   [0.000010,-0.000003,]
[12,15,]   312   0.00161748   4.70057e-040   4.02539e-044   [0.000006,-0.000004,]
[13,15,]   313   0.000973443   2.05829e-040   2.31645e-043   [-0.000000,-0.000005,]
[14,15,]   314   0.000477891   -2.21389e-040   1.03816e-042   [-0.000009,-0.000004,]
[15,15,]   315   0.000193489   -8.24515e-040   3.62354e-042   [-0.000022,-0.000001,]
[16,15,]   316   6.93215e-005   -1.49113e-039   9.8498e-042   [-0.000034,0.000004,]
[17,15,]   317   2.54256e-005   -1.78846e-039   2.0852e-041   [-0.000039,0.000009,]
[18,15,]   318   1.02836e-005   -1.59727e-039   3.43792e-041   [-0.000033,0.000011,]
[19,15,]   319   4.05533e-006   -2.55665e-039   4.41437e-041   [-0.000022,0.000010,]
[0,16,]   320   1.68985e-006   -3.61271e-039   1.03724e-061   [-0.000024,-0.000008,]
[1,16,]   321   4.53099e-006   -2.37121e-039   1.19889e-059   [-0.000033,-0.000008,]
[2,16,]   322   1.22634e-005   -2.30793e-039   1.07921e-057   [-0.000036,-0.000006,]
[3,16,]   323   3.48735e-005   -1.90013e-039   7.56583e-056   [-0.000029,-0.000002,]
[4,16,]   324   9.64236e-005   -1.29249e-039   4.1308e-054   [-0.000019,0.000002,]
[5,16,]   325   0.000234078   -7.36309e-040   1.75646e-052   [-0.000008,0.000003,]
[6,16,]   326   0.000473069   -3.2745e-040   5.8166e-051   [-0.000001,0.000004,]
[7,16,]   327   0.000787797   -6.31907e-041   1.50012e-049   [0.000005,0.000004,]
[8,16,]   328   0.00109178   8.39912e-041   3.01308e-048   [0.000009,0.000003,]
[9,16,]   329   0.00127897   1.47165e-040   4.71324e-047   [0.000011,0.000001,]
[10,16,]   330   0.00128019   1.48758e-040   5.74191e-046   [0.000011,-0.000000,]
[11,16,]   331   0.00109418   8.58151e-041   5.44777e-045   [0.000009,-0.000002,]
[12,16,]   332   0.000789705   -6.2707e-041   4.02539e-044   [0.000005,-0.000003,]
[13,16,]   333   0.000473879   -3.26693e-040   2.31645e-043   [-0.000000,-0.000003,]
[14,16,]   334   0.000233904   -7.34845e-040   1.03816e-042   [-0.000008,-0.000003,]
[15,16,]   335   9.57369e-005   -1.29539e-039   3.62354e-042   [-0.000018,-0.000001,]
[16,16,]   336   3.41713e-005   -1.93355e-039   9.8498e-042   [-0.000029,0.000003,]
[17,16,]   337   1.18653e-005   -2.35011e-039   2.0852e-041   [-0.000035,0.000007,]
[18,16,]   338   4.35716e-006   -2.35208e-039   3.43792e-041   [-0.000032,0.000009,]
[19,16,]   339   1.58321e-006   -3.63228e-039   4.41437e-041   [-0.000023,0.000009,]
[0,17,]   340   5.59603e-007   -4.67277e-039   1.03724e-061   [-0.000025,-0.000007,]
[1,17,]   341   1.60668e-006   -3.16461e-039   1.19889e-059   [-0.000032,-0.000007,]
[2,17,]   342   4.66821e-006   -2.95871e-039   1.07921e-057   [-0.000032,-0.000005,]
[3,17,]   343   1.37757e-005   -2.47956e-039   7.56583e-056   [-0.000026,-0.000001,]
[4,17,]   344   3.82488e-005   -1.88541e-039   4.1308e-054   [-0.000017,0.000001,]
[5,17,]   345   9.23014e-005   -1.35529e-039   1.75646e-052   [-0.000007,0.000003,]
[6,17,]   346   0.000185952   -9.58924e-040   5.8166e-051   [-0.000001,0.000003,]
[7,17,]   347   0.000310267   -6.94664e-040   1.50012e-049   [0.000004,0.000003,]
[8,17,]   348   0.000431994   -5.40947e-040   3.01308e-048   [0.000007,0.000002,]
[9,17,]   349   0.000507885   -4.71962e-040   4.71324e-047   [0.000010,0.000001,]
[10,17,]   350   0.000508268   -4.70727e-040   5.74191e-046   [0.000010,-0.000000,]
[11,17,]   351   0.000432733   -5.3973e-040   5.44777e-045   [0.000008,-0.000001,]
[12,17,]   352   0.000310835   -6.94716e-040   4.02539e-044   [0.000004,-0.000002,]
[13,17,]   353   0.000186172   -9.5873e-040   2.31645e-043   [-0.000000,-0.000002,]
[14,17,]   354   9.2217e-005   -1.35433e-039   1.03816e-042   [-0.000007,-0.000002,]
[15,17,]   355   3.80085e-005   -1.88754e-039   3.62354e-042   [-0.000016,-0.000000,]
[16,17,]   356   1.35366e-005   -2.50604e-039   9.8498e-042   [-0.000025,0.000002,]
[17,17,]   357   4.53381e-006   -2.99311e-039   2.0852e-041   [-0.000032,0.000006,]
[18,17,]   358   1.54816e-006   -3.14612e-039   3.43792e-041   [-0.000031,0.000008,]
[19,17,]   359   5.23341e-007   -4.70671e-039   4.41437e-041   [-0.000024,0.000008,]
[0,18,]   360   1.56269e-007   -5.75204e-039   1.03724e-061   [-0.000026,-0.000006,]
[1,18,]   361   4.76233e-007   -4.01382e-039   1.19889e-059   [-0.000031,-0.000005,]
[2,18,]   362   1.46101e-006   -3.69977e-039   1.07921e-057   [-0.000029,-0.000003,]
[3,18,]   363   4.42461e-006   -3.17772e-039   7.56583e-056   [-0.000023,-0.000001,]
[4,18,]   364   1.23213e-005   -2.59533e-039   4.1308e-054   [-0.000015,0.000001,]
[5,18,]   365   2.96164e-005   -2.08401e-039   1.75646e-052   [-0.000006,0.000003,]
[6,18,]   366   5.95396e-005   -1.69663e-039   5.8166e-051   [-0.000001,0.000003,]
[7,18,]   367   9.9475e-005   -1.43206e-039   1.50012e-049   [0.000004,0.000003,]
[8,18,]   368   0.000138936   -1.27309e-039   3.01308e-048   [0.000007,0.000002,]
[9,18,]   369   0.000163734   -1.19917e-039   4.71324e-047   [0.000008,0.000001,]
[10,18,]   370   0.000163831   -1.19716e-039   5.74191e-046   [0.000009,0.000000,]
[11,18,]   371   0.000139117   -1.26942e-039   5.44777e-045   [0.000007,-0.000001,]
[12,18,]   372   9.96061e-005   -1.42831e-039   4.02539e-044   [0.000004,-0.000001,]
[13,18,]   373   5.95821e-005   -1.69221e-039   2.31645e-043   [-0.000000,-0.000001,]
[14,18,]   374   2.95841e-005   -2.07951e-039   1.03816e-042   [-0.000006,-0.000001,]
[15,18,]   375   1.22516e-005   -2.59535e-039   3.62354e-042   [-0.000014,0.000000,]
[16,18,]   376   4.35753e-006   -3.20205e-039   9.8498e-042   [-0.000022,0.000002,]
[17,18,]   377   1.42369e-006   -3.7365e-039   2.0852e-041   [-0.000029,0.000005,]
[18,18,]   378   4.60034e-007   -4.00828e-039   3.43792e-041   [-0.000030,0.000007,]
[19,18,]   379   1.46105e-007   -5.80996e-039   4.41437e-041   [-0.000025,0.000008,]
[0,19,]   380   3.65741e-008   -8.55642e-039   1.03724e-061   [-0.000026,-0.000004,]
[1,19,]   381   1.17386e-007   -6.22403e-039   1.19889e-059   [-0.000030,-0.000004,]
[2,19,]   382   3.76248e-007   -5.48236e-039   1.07921e-057   [-0.000027,-0.000002,]
[3,19,]   383   1.16331e-006   -4.76792e-039   7.56583e-056   [-0.000021,-0.000000,]
[4,19,]   384   3.25116e-006   -4.17202e-039   4.1308e-054   [-0.000013,0.000002,]
[5,19,]   385   7.79956e-006   -3.69545e-039   1.75646e-052   [-0.000006,0.000003,]
[6,19,]   386   1.56608e-005   -3.32635e-039   5.8166e-051   [-0.000001,0.000003,]
[7,19,]   387   2.61859e-005   -3.05361e-039   1.50012e-049   [0.000003,0.000003,]
[8,19,]   388   3.66383e-005   -2.87274e-039   3.01308e-048   [0.000006,0.000002,]
[9,19,]   389   4.32225e-005   -2.7822e-039   4.71324e-047   [0.000008,0.000001,]
[10,19,]   390   4.32125e-005   -2.7821e-039   5.74191e-046   [0.000008,0.000001,]
[11,19,]   391   3.6603e-005   -2.87384e-039   5.44777e-045   [0.000006,-0.000000,]
[12,19,]   392   2.61361e-005   -3.05588e-039   4.02539e-044   [0.000004,-0.000001,]
[13,19,]   393   1.56177e-005   -3.32755e-039   2.31645e-043   [-0.000000,-0.000001,]
[14,19,]   394   7.76988e-006   -3.69346e-039   1.03816e-042   [-0.000005,-0.000000,]
[15,19,]   395   3.23118e-006   -4.16602e-039   3.62354e-042   [-0.000013,0.000000,]
[16,19,]   396   1.14994e-006   -4.76777e-039   9.8498e-042   [-0.000020,0.000002,]
[17,19,]   397   3.69869e-007   -5.47836e-039   2.0852e-041   [-0.000026,0.000005,]
[18,19,]   398   1.14767e-007   -6.18196e-039   3.43792e-041   [-0.000028,0.000007,]
[19,19,]   399   3.45917e-008   -8.58339e-039   4.41437e-041   [-0.000024,0.000008,]
