coordinates  index   rho      Q      V    velocities 
[0,0,]   0   3.42745e-008   -8.31857e-039   1.03724e-061   [0.000026,-0.000033,]
[1,0,]   1   1.18924e-007   -5.94516e-039   1.19889e-059   [0.000012,-0.000028,]
[2,0,]   2   3.86506e-007   -5.39618e-039   1.07921e-057   [0.000020,-0.000021,]
[3,0,]   3   1.25169e-006   -4.69864e-039   7.56583e-056   [0.000014,-0.000018,]
[4,0,]   4   3.66513e-006   -4.07798e-039   4.1308e-054   [0.000007,-0.000017,]
[5,0,]   5   8.96341e-006   -3.6406e-039   1.75646e-052   [0.000001,-0.000017,]
[6,0,]   6   1.81026e-005   -3.29956e-039   5.8166e-051   [-0.000003,-0.000017,]
[7,0,]   7   3.03249e-005   -3.03991e-039   1.50012e-049   [-0.000006,-0.000017,]
[8,0,]   8   4.25107e-005   -2.85302e-039   3.01308e-048   [-0.000008,-0.000017,]
[9,0,]   9   5.02024e-005   -2.75429e-039   4.71324e-047   [-0.000008,-0.000018,]
[10,0,]   10   5.02337e-005   -2.75523e-039   5.74191e-046   [-0.000007,-0.000018,]
[11,0,]   11   4.28165e-005   -2.83135e-039   5.44777e-045   [-0.000004,-0.000019,]
[12,0,]   12   3.09087e-005   -2.99704e-039   4.02539e-044   [-0.000001,-0.000020,]
[13,0,]   13   1.87104e-005   -3.27266e-039   2.31645e-043   [0.000004,-0.000020,]
[14,0,]   14   9.4787e-006   -3.65992e-039   1.03816e-042   [0.000010,-0.000020,]
[15,0,]   15   4.07751e-006   -4.15591e-039   3.62354e-042   [0.000018,-0.000019,]
[16,0,]   16   1.5516e-006   -4.67556e-039   9.8498e-042   [0.000026,-0.000018,]
[17,0,]   17   5.38369e-007   -5.37584e-039   2.0852e-041   [0.000033,-0.000018,]
[18,0,]   18   1.80631e-007   -6.42743e-039   3.43792e-041   [0.000044,-0.000020,]
[19,0,]   19   7.43495e-008   -8.11767e-039   4.41437e-041   [0.000048,-0.000025,]
[0,1,]   20   1.04766e-007   -6.57371e-039   1.03724e-061   [0.000026,-0.000027,]
[1,1,]   21   3.73677e-007   -4.3153e-039   1.19889e-059   [0.000018,-0.000023,]
[2,1,]   22   1.23725e-006   -4.15534e-039   1.07921e-057   [0.000025,-0.000018,]
[3,1,]   23   4.16656e-006   -3.40765e-039   7.56583e-056   [0.000017,-0.000014,]
[4,1,]   24   1.25814e-005   -2.63615e-039   4.1308e-054   [0.000008,-0.000012,]
[5,1,]   25   3.12424e-005   -2.11189e-039   1.75646e-052   [0.000001,-0.000011,]
[6,1,]   26   6.33865e-005   -1.73823e-039   5.8166e-051   [-0.000003,-0.000011,]
[7,1,]   27   0.00010593   -1.48298e-039   1.50012e-049   [-0.000006,-0.000011,]
[8,1,]   28   0.000147428   -1.32267e-039   3.01308e-048   [-0.000008,-0.000012,]
[9,1,]   29   0.000172329   -1.25921e-039   4.71324e-047   [-0.000009,-0.000013,]
[10,1,]   30   0.000170582   -1.28826e-039   5.74191e-046   [-0.000008,-0.000014,]
[11,1,]   31   0.000144118   -1.37192e-039   5.44777e-045   [-0.000005,-0.000015,]
[12,1,]   32   0.000103477   -1.53011e-039   4.02539e-044   [-0.000001,-0.000015,]
[13,1,]   33   6.25665e-005   -1.79533e-039   2.31645e-043   [0.000004,-0.000016,]
[14,1,]   34   3.18319e-005   -2.17163e-039   1.03816e-042   [0.000011,-0.000015,]
[15,1,]   35   1.38582e-005   -2.6378e-039   3.62354e-042   [0.000019,-0.000014,]
[16,1,]   36   5.39665e-006   -3.04632e-039   9.8498e-042   [0.000026,-0.000013,]
[17,1,]   37   1.93342e-006   -3.52827e-039   2.0852e-041   [0.000033,-0.000011,]
[18,1,]   38   6.70074e-007   -4.26114e-039   3.43792e-041   [0.000041,-0.000011,]
[19,1,]   39   2.77729e-007   -5.63535e-039   4.41437e-041   [0.000044,-0.000014,]
[0,2,]   40   3.56897e-007   -5.01354e-039   1.03724e-061   [0.000025,-0.000021,]
[1,2,]   41   1.20232e-006   -3.15245e-039   1.19889e-059   [0.000021,-0.000018,]
[2,2,]   42   3.73384e-006   -3.32876e-039   1.07921e-057   [0.000030,-0.000014,]
[3,2,]   43   1.24349e-005   -2.66026e-039   7.56583e-056   [0.000020,-0.000010,]
[4,2,]   44   3.81295e-005   -1.85072e-039   4.1308e-054   [0.000010,-0.000007,]
[5,2,]   45   9.58332e-005   -1.30914e-039   1.75646e-052   [0.000002,-0.000006,]
[6,2,]   46   0.000195361   -9.27663e-040   5.8166e-051   [-0.000003,-0.000005,]
[7,2,]   47   0.000326132   -6.7025e-040   1.50012e-049   [-0.000007,-0.000005,]
[8,2,]   48   0.000451964   -5.08617e-040   3.01308e-048   [-0.000009,-0.000006,]
[9,2,]   49   0.00052578   -4.40995e-040   4.71324e-047   [-0.000010,-0.000007,]
[10,2,]   50   0.000518908   -4.62225e-040   5.74191e-046   [-0.000009,-0.000009,]
[11,2,]   51   0.000438544   -5.30126e-040   5.44777e-045   [-0.000006,-0.000010,]
[12,2,]   52   0.000315601   -6.72375e-040   4.02539e-044   [-0.000002,-0.000011,]
[13,2,]   53   0.000191167   -9.33489e-040   2.31645e-043   [0.000004,-0.000011,]
[14,2,]   54   9.72977e-005   -1.32241e-039   1.03816e-042   [0.000011,-0.000010,]
[15,2,]   55   4.24469e-005   -1.81379e-039   3.62354e-042   [0.000020,-0.000009,]
[16,2,]   56   1.67521e-005   -2.22518e-039   9.8498e-042   [0.000029,-0.000007,]
[17,2,]   57   6.20152e-006   -2.6647e-039   2.0852e-041   [0.000035,-0.000004,]
[18,2,]   58   2.25995e-006   -3.29876e-039   3.43792e-041   [0.000042,-0.000002,]
[19,2,]   59   9.75313e-007   -4.46084e-039   4.41437e-041   [0.000042,-0.000004,]
[0,3,]   60   1.0509e-006   -3.75332e-039   1.03724e-061   [0.000024,-0.000022,]
[1,3,]   61   3.28089e-006   -2.28502e-039   1.19889e-059   [0.000025,-0.000019,]
[2,3,]   62   9.28995e-006   -2.78058e-039   1.07921e-057   [0.000035,-0.000015,]
[3,3,]   63   3.01814e-005   -2.15722e-039   7.56583e-056   [0.000025,-0.000009,]
[4,3,]   64   9.42678e-005   -1.26205e-039   4.1308e-054   [0.000013,-0.000005,]
[5,3,]   65   0.000240742   -6.81658e-040   1.75646e-052   [0.000003,-0.000004,]
[6,3,]   66   0.000493857   -2.883e-040   5.8166e-051   [-0.000003,-0.000003,]
[7,3,]   67   0.000823159   -3.17079e-041   1.50012e-049   [-0.000007,-0.000003,]
[8,3,]   68   0.00113423   1.24017e-040   3.01308e-048   [-0.000010,-0.000004,]
[9,3,]   69   0.00131115   1.80707e-040   4.71324e-047   [-0.000011,-0.000006,]
[10,3,]   70   0.00128962   1.54422e-040   5.74191e-046   [-0.000011,-0.000007,]
[11,3,]   71   0.00109131   9.19234e-041   5.44777e-045   [-0.000007,-0.000009,]
[12,3,]   72   0.00078835   -4.38031e-041   4.02539e-044   [-0.000002,-0.000010,]
[13,3,]   73   0.000478768   -3.0451e-040   2.31645e-043   [0.000004,-0.000010,]
[14,3,]   74   0.000243657   -7.03503e-040   1.03816e-042   [0.000012,-0.000010,]
[15,3,]   75   0.000106441   -1.21213e-039   3.62354e-042   [0.000023,-0.000008,]
[16,3,]   76   4.27113e-005   -1.60398e-039   9.8498e-042   [0.000032,-0.000005,]
[17,3,]   77   1.64966e-005   -1.97186e-039   2.0852e-041   [0.000038,-0.000002,]
[18,3,]   78   6.39721e-006   -2.49128e-039   3.43792e-041   [0.000041,-0.000000,]
[19,3,]   79   2.88553e-006   -3.45811e-039   4.41437e-041   [0.000039,-0.000002,]
[0,4,]   80   2.66608e-006   -2.44022e-039   1.03724e-061   [0.000023,-0.000023,]
[1,4,]   81   7.58352e-006   -1.44344e-039   1.19889e-059   [0.000028,-0.000020,]
[2,4,]   82   1.88606e-005   -2.34763e-039   1.07921e-057   [0.000040,-0.000017,]
[3,4,]   83   5.82672e-005   -1.84714e-039   7.56583e-056   [0.000031,-0.000009,]
[4,4,]   84   0.000186586   -8.02961e-040   4.1308e-054   [0.000017,-0.000004,]
[5,4,]   85   0.000487296   -1.80491e-040   1.75646e-052   [0.000004,-0.000001,]
[6,4,]   86   0.00100853   2.30532e-040   5.8166e-051   [-0.000003,-0.000001,]
[7,4,]   87   0.00167705   4.87094e-040   1.50012e-049   [-0.000008,-0.000001,]
[8,4,]   88   0.00229142   6.32707e-040   3.01308e-048   [-0.000012,-0.000002,]
[9,4,]   89   0.00262636   6.88052e-040   4.71324e-047   [-0.000013,-0.000004,]
[10,4,]   90   0.00257172   6.52605e-040   5.74191e-046   [-0.000013,-0.000007,]
[11,4,]   91   0.00218201   5.88741e-040   5.44777e-045   [-0.000009,-0.000009,]
[12,4,]   92   0.0015865   4.66041e-040   4.02539e-044   [-0.000003,-0.000010,]
[13,4,]   93   0.000967293   2.04605e-040   2.31645e-043   [0.000004,-0.000011,]
[14,4,]   94   0.000491752   -2.11593e-040   1.03816e-042   [0.000014,-0.000010,]
[15,4,]   95   0.000214824   -7.425e-040   3.62354e-042   [0.000025,-0.000007,]
[16,4,]   96   8.8124e-005   -1.10568e-039   9.8498e-042   [0.000036,-0.000004,]
[17,4,]   97   3.60433e-005   -1.38341e-039   2.0852e-041   [0.000041,0.000000,]
[18,4,]   98   1.50997e-005   -1.76774e-039   3.43792e-041   [0.000041,0.000002,]
[19,4,]   99   7.13131e-006   -2.52438e-039   4.41437e-041   [0.000035,-0.000001,]
[0,5,]   100   5.88174e-006   -1.07853e-039   1.03724e-061   [0.000020,-0.000024,]
[1,5,]   101   1.50505e-005   -5.72034e-040   1.19889e-059   [0.000030,-0.000022,]
[2,5,]   102   3.14365e-005   -1.92004e-039   1.07921e-057   [0.000047,-0.000020,]
[3,5,]   103   8.7365e-005   -1.76708e-039   7.56583e-056   [0.000040,-0.000010,]
[4,5,]   104   0.000289625   -4.91138e-040   4.1308e-054   [0.000022,-0.000002,]
[5,5,]   105   0.00078506   2.34304e-040   1.75646e-052   [0.000006,0.000002,]
[6,5,]   106   0.0016468   6.65494e-040   5.8166e-051   [-0.000003,0.000003,]
[7,5,]   107   0.00272714   9.20676e-040   1.50012e-049   [-0.000009,0.000002,]
[8,5,]   108   0.0036766   1.06381e-039   3.01308e-048   [-0.000014,0.000000,]
[9,5,]   109   0.00415049   1.08809e-039   4.71324e-047   [-0.000016,-0.000003,]
[10,5,]   110   0.00403925   1.04327e-039   5.74191e-046   [-0.000015,-0.000006,]
[11,5,]   111   0.00345323   1.00204e-039   5.44777e-045   [-0.000011,-0.000009,]
[12,5,]   112   0.0025393   8.84295e-040   4.02539e-044   [-0.000004,-0.000011,]
[13,5,]   113   0.00155832   6.2332e-040   2.31645e-043   [0.000005,-0.000012,]
[14,5,]   114   0.000789774   1.83462e-040   1.03816e-042   [0.000015,-0.000010,]
[15,5,]   115   0.00034338   -4.05369e-040   3.62354e-042   [0.000029,-0.000007,]
[16,5,]   116   0.000145309   -7.09161e-040   9.8498e-042   [0.000042,-0.000002,]
[17,5,]   117   6.46462e-005   -8.37667e-040   2.0852e-041   [0.000045,0.000003,]
[18,5,]   118   2.98708e-005   -1.06241e-039   3.43792e-041   [0.000039,0.000005,]
[19,5,]   119   1.47785e-005   -1.58484e-039   4.41437e-041   [0.000030,-0.000000,]
[0,6,]   120   1.13781e-005   1.76042e-040   1.03724e-061   [0.000017,-0.000023,]
[1,6,]   121   2.59664e-005   2.71793e-040   1.19889e-059   [0.000029,-0.000023,]
[2,6,]   122   4.38475e-005   -1.23887e-039   1.07921e-057   [0.000052,-0.000027,]
[3,6,]   123   9.67317e-005   -2.2253e-039   7.56583e-056   [0.000053,-0.000012,]
[4,6,]   124   0.000339199   -3.38911e-040   4.1308e-054   [0.000030,0.000001,]
[5,6,]   125   0.000981332   5.12664e-040   1.75646e-052   [0.000009,0.000007,]
[6,6,]   126   0.00210683   9.89663e-040   5.8166e-051   [-0.000003,0.000008,]
[7,6,]   127   0.00346253   1.25415e-039   1.50012e-049   [-0.000011,0.000007,]
[8,6,]   128   0.00455043   1.37333e-039   3.01308e-048   [-0.000017,0.000004,]
[9,6,]   129   0.00500899   1.4411e-039   4.71324e-047   [-0.000021,-0.000001,]
[10,6,]   130   0.00482422   1.34771e-039   5.74191e-046   [-0.000020,-0.000006,]
[11,6,]   131   0.00419267   1.28045e-039   5.44777e-045   [-0.000014,-0.000012,]
[12,6,]   132   0.00315784   1.20065e-039   4.02539e-044   [-0.000006,-0.000014,]
[13,6,]   133   0.0019603   9.2634e-040   2.31645e-043   [0.000005,-0.000015,]
[14,6,]   134   0.000985044   4.30788e-040   1.03816e-042   [0.000018,-0.000013,]
[15,6,]   135   0.000421831   -2.27101e-040   3.62354e-042   [0.000035,-0.000007,]
[16,6,]   136   0.000186595   -4.35087e-040   9.8498e-042   [0.000050,0.000000,]
[17,6,]   137   9.489e-005   -2.59892e-040   2.0852e-041   [0.000048,0.000008,]
[18,6,]   138   4.95979e-005   -3.50245e-040   3.43792e-041   [0.000035,0.000008,]
[19,6,]   139   2.56294e-005   -6.41689e-040   4.41437e-041   [0.000024,0.000001,]
[0,7,]   140   1.95392e-005   1.18153e-039   1.03724e-061   [0.000013,-0.000022,]
[1,7,]   141   3.94584e-005   9.71316e-040   1.19889e-059   [0.000024,-0.000023,]
[2,7,]   142   5.31912e-005   9.96035e-042   1.07921e-057   [0.000055,-0.000037,]
[3,7,]   143   7.29422e-005   -3.94007e-039   7.56583e-056   [0.000076,-0.000016,]
[4,7,]   144   0.000272655   -9.8914e-040   4.1308e-054   [0.000043,0.000009,]
[5,7,]   145   0.000920344   6.50902e-040   1.75646e-052   [0.000011,0.000016,]
[6,7,]   146   0.00206191   1.20284e-039   5.8166e-051   [-0.000004,0.000017,]
[7,7,]   147   0.00332967   1.46898e-039   1.50012e-049   [-0.000013,0.000015,]
[8,7,]   148   0.00414701   1.60722e-039   3.01308e-048   [-0.000022,0.000011,]
[9,7,]   149   0.00423139   1.38037e-039   4.71324e-047   [-0.000028,0.000004,]
[10,7,]   150   0.00402084   1.15379e-039   5.74191e-046   [-0.000028,-0.000007,]
[11,7,]   151   0.00372153   1.49553e-039   5.44777e-045   [-0.000020,-0.000017,]
[12,7,]   152   0.00294925   1.37736e-039   4.02539e-044   [-0.000008,-0.000022,]
[13,7,]   153   0.00187715   1.10482e-039   2.31645e-043   [0.000006,-0.000023,]
[14,7,]   154   0.000924751   5.32792e-040   1.03816e-042   [0.000023,-0.000019,]
[15,7,]   155   0.000374129   -5.6361e-040   3.62354e-042   [0.000045,-0.000009,]
[16,7,]   156   0.000176345   -5.02939e-040   9.8498e-042   [0.000064,0.000005,]
[17,7,]   157   0.000113136   3.96323e-040   2.0852e-041   [0.000050,0.000013,]
[18,7,]   158   6.89785e-005   3.46788e-040   3.43792e-041   [0.000029,0.000011,]
[19,7,]   159   3.71431e-005   2.87967e-040   4.41437e-041   [0.000016,0.000002,]
[0,8,]   160   2.98276e-005   1.87407e-039   1.03724e-061   [0.000008,-0.000019,]
[1,8,]   161   5.35452e-005   1.38196e-039   1.19889e-059   [0.000012,-0.000023,]
[2,8,]   162   5.95531e-005   1.75621e-039   1.07921e-057   [0.000050,-0.000041,]
[3,8,]   163   3.64202e-005   -8.4778e-039   7.56583e-056   [0.000113,-0.000040,]
[4,8,]   164   0.000130642   -4.51015e-039   4.1308e-054   [0.000070,0.000036,]
[5,8,]   165   0.000618353   1.47882e-040   1.75646e-052   [0.000013,0.000036,]
[6,8,]   166   0.0015011   1.04622e-039   5.8166e-051   [-0.000005,0.000034,]
[7,8,]   167   0.00233064   1.39508e-039   1.50012e-049   [-0.000015,0.000033,]
[8,8,]   168   0.00254245   1.18711e-039   3.01308e-048   [-0.000029,0.000029,]
[9,8,]   169   0.00219998   2.07218e-040   4.71324e-047   [-0.000045,0.000024,]
[10,8,]   170   0.00212925   5.7234e-040   5.74191e-046   [-0.000046,-0.000003,]
[11,8,]   171   0.00217175   8.31391e-040   5.44777e-045   [-0.000030,-0.000036,]
[12,8,]   172   0.00197563   1.018e-039   4.02539e-044   [-0.000011,-0.000043,]
[13,8,]   173   0.00133005   7.4849e-040   2.31645e-043   [0.000007,-0.000043,]
[14,8,]   174   0.000621531   -2.88976e-041   1.03816e-042   [0.000028,-0.000038,]
[15,8,]   175   0.000222846   -1.46975e-039   3.62354e-042   [0.000068,-0.000015,]
[16,8,]   176   0.000111794   -2.36923e-039   9.8498e-042   [0.000087,0.000019,]
[17,8,]   177   0.000110871   1.42003e-039   2.0852e-041   [0.000044,0.000024,]
[18,8,]   178   8.05651e-005   9.95337e-040   3.43792e-041   [0.000021,0.000014,]
[19,8,]   179   4.51389e-005   1.14153e-039   4.41437e-041   [0.000008,0.000003,]
[0,9,]   180   3.9465e-005   2.33495e-039   1.03724e-061   [0.000003,-0.000013,]
[1,9,]   181   6.64705e-005   1.60864e-039   1.19889e-059   [0.000003,-0.000021,]
[2,9,]   182   6.40354e-005   1.39032e-039   1.07921e-057   [0.000021,-0.000040,]
[3,9,]   183   2.33714e-005   -1.15011e-038   7.56583e-056   [0.000128,-0.000121,]
[4,9,]   184   4.5581e-005   -1.45307e-038   4.1308e-054   [0.000140,0.000117,]
[5,9,]   185   0.000336842   -2.00246e-039   1.75646e-052   [-0.000008,0.000083,]
[6,9,]   186   0.000887048   -3.82954e-040   5.8166e-051   [-0.000008,0.000070,]
[7,9,]   187   0.00123923   -4.43148e-040   1.50012e-049   [-0.000012,0.000076,]
[8,9,]   188   0.00104369   -1.75189e-039   3.01308e-048   [-0.000016,0.000099,]
[9,9,]   189   0.000595743   -7.06279e-039   4.71324e-047   [-0.000089,0.000116,]
[10,9,]   190   0.000544391   -7.87281e-039   5.74191e-046   [-0.000118,-0.000094,]
[11,9,]   191   0.000810207   -4.58553e-039   5.44777e-045   [-0.000045,-0.000104,]
[12,9,]   192   0.00108903   -8.90716e-040   4.02539e-044   [-0.000008,-0.000083,]
[13,9,]   193   0.000823816   -5.26893e-040   2.31645e-043   [0.000009,-0.000076,]
[14,9,]   194   0.000325176   -2.8147e-039   1.03816e-042   [0.000032,-0.000085,]
[15,9,]   195   7.158e-005   -9.75994e-039   3.62354e-042   [0.000125,-0.000098,]
[16,9,]   196   5.86777e-005   -2.16108e-039   9.8498e-042   [0.000079,0.000106,]
[17,9,]   197   8.99233e-005   1.83502e-039   2.0852e-041   [0.000027,0.000036,]
[18,9,]   198   7.89632e-005   1.44771e-039   3.43792e-041   [0.000010,0.000018,]
[19,9,]   199   4.60988e-005   1.78942e-039   4.41437e-041   [-0.000001,0.000007,]
[0,10,]   200   4.51736e-005   1.79209e-039   1.03724e-061   [-0.000003,-0.000007,]
[1,10,]   201   7.85223e-005   1.45744e-039   1.19889e-059   [-0.000010,-0.000018,]
[2,10,]   202   8.99023e-005   1.85101e-039   1.07921e-057   [-0.000027,-0.000035,]
[3,10,]   203   5.86524e-005   -2.16389e-039   7.56583e-056   [-0.000079,-0.000106,]
[4,10,]   204   7.15821e-005   -9.75945e-039   4.1308e-054   [-0.000125,0.000098,]
[5,10,]   205   0.000325181   -2.81456e-039   1.75646e-052   [-0.000032,0.000085,]
[6,10,]   206   0.000823809   -5.26877e-040   5.8166e-051   [-0.000009,0.000076,]
[7,10,]   207   0.00108901   -8.90735e-040   1.50012e-049   [0.000008,0.000083,]
[8,10,]   208   0.000810203   -4.58552e-039   3.01308e-048   [0.000045,0.000104,]
[9,10,]   209   0.00054439   -7.87281e-039   4.71324e-047   [0.000118,0.000094,]
[10,10,]   210   0.000595743   -7.0628e-039   5.74191e-046   [0.000089,-0.000116,]
[11,10,]   211   0.00104369   -1.7519e-039   5.44777e-045   [0.000016,-0.000099,]
[12,10,]   212   0.00123924   -4.43158e-040   4.02539e-044   [0.000012,-0.000076,]
[13,10,]   213   0.000887069   -3.82757e-040   2.31645e-043   [0.000008,-0.000070,]
[14,10,]   214   0.000336832   -2.00234e-039   1.03816e-042   [0.000008,-0.000083,]
[15,10,]   215   4.55589e-005   -1.45402e-038   3.62354e-042   [-0.000140,-0.000117,]
[16,10,]   216   2.33885e-005   -1.1491e-038   9.8498e-042   [-0.000128,0.000121,]
[17,10,]   217   6.40713e-005   1.36621e-039   2.0852e-041   [-0.000021,0.000040,]
[18,10,]   218   6.70539e-005   1.60954e-039   3.43792e-041   [-0.000003,0.000021,]
[19,10,]   219   4.0577e-005   2.34803e-039   4.41437e-041   [-0.000009,0.000013,]
[0,11,]   220   4.49773e-005   1.15002e-039   1.03724e-061   [-0.000008,-0.000003,]
[1,11,]   221   8.05228e-005   1.00292e-039   1.19889e-059   [-0.000021,-0.000014,]
[2,11,]   222   0.000110867   1.4222e-039   1.07921e-057   [-0.000044,-0.000024,]
[3,11,]   223   0.000111774   -2.37043e-039   7.56583e-056   [-0.000087,-0.000019,]
[4,11,]   224   0.000222842   -1.46957e-039   4.1308e-054   [-0.000068,0.000015,]
[5,11,]   225   0.000621529   -2.88509e-041   1.75646e-052   [-0.000028,0.000038,]
[6,11,]   226   0.00133003   7.48464e-040   5.8166e-051   [-0.000007,0.000043,]
[7,11,]   227   0.00197562   1.01799e-039   1.50012e-049   [0.000011,0.000043,]
[8,11,]   228   0.00217174   8.31399e-040   3.01308e-048   [0.000030,0.000036,]
[9,11,]   229   0.00212925   5.72343e-040   4.71324e-047   [0.000046,0.000003,]
[10,11,]   230   0.00219998   2.07213e-040   5.74191e-046   [0.000045,-0.000024,]
[11,11,]   231   0.00254246   1.18709e-039   5.44777e-045   [0.000029,-0.000029,]
[12,11,]   232   0.00233067   1.39508e-039   4.02539e-044   [0.000015,-0.000033,]
[13,11,]   233   0.00150113   1.04632e-039   2.31645e-043   [0.000005,-0.000034,]
[14,11,]   234   0.000618348   1.48049e-040   1.03816e-042   [-0.000013,-0.000036,]
[15,11,]   235   0.000130611   -4.51219e-039   3.62354e-042   [-0.000071,-0.000036,]
[16,11,]   236   3.64213e-005   -8.47774e-039   9.8498e-042   [-0.000113,0.000040,]
[17,11,]   237   5.95759e-005   1.74603e-039   2.0852e-041   [-0.000050,0.000041,]
[18,11,]   238   5.3797e-005   1.37474e-039   3.43792e-041   [-0.000013,0.000023,]
[19,11,]   239   3.02803e-005   1.85868e-039   4.41437e-041   [-0.000011,0.000019,]
[0,12,]   240   3.76916e-005   2.91559e-040   1.03724e-061   [-0.000013,-0.000001,]
[1,12,]   241   6.92591e-005   3.43657e-040   1.19889e-059   [-0.000029,-0.000011,]
[2,12,]   242   0.000113135   3.86901e-040   1.07921e-057   [-0.000050,-0.000013,]
[3,12,]   243   0.000176343   -5.02763e-040   7.56583e-056   [-0.000064,-0.000005,]
[4,12,]   244   0.000374126   -5.63556e-040   4.1308e-054   [-0.000045,0.000009,]
[5,12,]   245   0.000924739   5.32782e-040   1.75646e-052   [-0.000023,0.000019,]
[6,12,]   246   0.00187712   1.10479e-039   5.8166e-051   [-0.000006,0.000023,]
[7,12,]   247   0.00294923   1.37736e-039   1.50012e-049   [0.000008,0.000022,]
[8,12,]   248   0.00372151   1.49553e-039   3.01308e-048   [0.000020,0.000017,]
[9,12,]   249   0.00402084   1.15379e-039   4.71324e-047   [0.000028,0.000007,]
[10,12,]   250   0.00423139   1.38036e-039   5.74191e-046   [0.000028,-0.000004,]
[11,12,]   251   0.00414702   1.6072e-039   5.44777e-045   [0.000022,-0.000011,]
[12,12,]   252   0.0033297   1.46898e-039   4.02539e-044   [0.000013,-0.000015,]
[13,12,]   253   0.00206196   1.20291e-039   2.31645e-043   [0.000004,-0.000017,]
[14,12,]   254   0.000920354   6.51085e-040   1.03816e-042   [-0.000011,-0.000016,]
[15,12,]   255   0.000272622   -9.89472e-040   3.62354e-042   [-0.000043,-0.000009,]
[16,12,]   256   7.29171e-005   -3.94204e-039   9.8498e-042   [-0.000076,0.000016,]
[17,12,]   257   5.31747e-005   1.34729e-041   2.0852e-041   [-0.000055,0.000037,]
[18,12,]   258   3.93963e-005   9.69848e-040   3.43792e-041   [-0.000024,0.000023,]
[19,12,]   259   1.94288e-005   1.17303e-039   4.41437e-041   [-0.000012,0.000022,]
[0,13,]   260   2.64967e-005   -6.29356e-040   1.03724e-061   [-0.000017,-0.000000,]
[1,13,]   261   4.99987e-005   -3.64209e-040   1.19889e-059   [-0.000035,-0.000008,]
[2,13,]   262   9.4882e-005   -2.78502e-040   1.07921e-057   [-0.000049,-0.000008,]
[3,13,]   263   0.000186607   -4.34298e-040   7.56583e-056   [-0.000050,0.000000,]
[4,13,]   264   0.000421826   -2.27243e-040   4.1308e-054   [-0.000035,0.000007,]
[5,13,]   265   0.000985027   4.30772e-040   1.75646e-052   [-0.000018,0.000013,]
[6,13,]   266   0.00196027   9.26304e-040   5.8166e-051   [-0.000005,0.000015,]
[7,13,]   267   0.00315782   1.20066e-039   1.50012e-049   [0.000006,0.000014,]
[8,13,]   268   0.00419266   1.28046e-039   3.01308e-048   [0.000014,0.000012,]
[9,13,]   269   0.00482422   1.34772e-039   4.71324e-047   [0.000020,0.000006,]
[10,13,]   270   0.00500899   1.44109e-039   5.74191e-046   [0.000021,0.000001,]
[11,13,]   271   0.00455044   1.37332e-039   5.44777e-045   [0.000017,-0.000004,]
[12,13,]   272   0.00346257   1.25415e-039   4.02539e-044   [0.000011,-0.000007,]
[13,13,]   273   0.00210688   9.89716e-040   2.31645e-043   [0.000003,-0.000008,]
[14,13,]   274   0.000981352   5.12847e-040   1.03816e-042   [-0.000009,-0.000007,]
[15,13,]   275   0.000339174   -3.38795e-040   3.62354e-042   [-0.000030,-0.000001,]
[16,13,]   276   9.66924e-005   -2.22586e-039   9.8498e-042   [-0.000053,0.000012,]
[17,13,]   277   4.37972e-005   -1.22687e-039   2.0852e-041   [-0.000053,0.000027,]
[18,13,]   278   2.57525e-005   2.79519e-040   3.43792e-041   [-0.000029,0.000023,]
[19,13,]   279   1.10167e-005   1.63868e-040   4.41437e-041   [-0.000012,0.000024,]
[0,14,]   280   1.55245e-005   -1.56642e-039   1.03724e-061   [-0.000020,0.000001,]
[1,14,]   281   3.01992e-005   -1.08865e-039   1.19889e-059   [-0.000039,-0.000005,]
[2,14,]   282   6.46342e-005   -8.62319e-040   1.07921e-057   [-0.000045,-0.000003,]
[3,14,]   283   0.000145324   -7.07926e-040   7.56583e-056   [-0.000042,0.000002,]
[4,14,]   284   0.000343375   -4.05594e-040   4.1308e-054   [-0.000029,0.000007,]
[5,14,]   285   0.00078976   1.83444e-040   1.75646e-052   [-0.000015,0.000010,]
[6,14,]   286   0.0015583   6.23284e-040   5.8166e-051   [-0.000005,0.000012,]
[7,14,]   287   0.00253928   8.84298e-040   1.50012e-049   [0.000004,0.000011,]
[8,14,]   288   0.00345322   1.00205e-039   3.01308e-048   [0.000011,0.000009,]
[9,14,]   289   0.00403925   1.04328e-039   4.71324e-047   [0.000015,0.000006,]
[10,14,]   290   0.00415049   1.08809e-039   5.74191e-046   [0.000016,0.000003,]
[11,14,]   291   0.00367661   1.0638e-039   5.44777e-045   [0.000014,-0.000000,]
[12,14,]   292   0.00272716   9.20668e-040   4.02539e-044   [0.000009,-0.000002,]
[13,14,]   293   0.00164684   6.65539e-040   2.31645e-043   [0.000003,-0.000003,]
[14,14,]   294   0.000785079   2.34458e-040   1.03816e-042   [-0.000006,-0.000002,]
[15,14,]   295   0.00028961   -4.90875e-040   3.62354e-042   [-0.000022,0.000002,]
[16,14,]   296   8.73301e-005   -1.76664e-039   9.8498e-042   [-0.000040,0.000010,]
[17,14,]   297   3.13825e-005   -1.90251e-039   2.0852e-041   [-0.000047,0.000020,]
[18,14,]   298   1.4843e-005   -5.52816e-040   3.43792e-041   [-0.000029,0.000022,]
[19,14,]   299   5.53972e-006   -1.10648e-039   4.41437e-041   [-0.000010,0.000024,]
[0,15,]   300   7.59012e-006   -2.49813e-039   1.03724e-061   [-0.000023,0.000002,]
[1,15,]   301   1.52963e-005   -1.80477e-039   1.19889e-059   [-0.000042,-0.000002,]
[2,15,]   302   3.60335e-005   -1.41174e-039   1.07921e-057   [-0.000041,-0.000000,]
[3,15,]   303   8.81357e-005   -1.10412e-039   7.56583e-056   [-0.000036,0.000004,]
[4,15,]   304   0.000214821   -7.42767e-040   4.1308e-054   [-0.000025,0.000007,]
[5,15,]   305   0.000491742   -2.11614e-040   1.75646e-052   [-0.000014,0.000010,]
[6,15,]   306   0.000967275   2.04568e-040   5.8166e-051   [-0.000004,0.000011,]
[7,15,]   307   0.00158649   4.66045e-040   1.50012e-049   [0.000003,0.000010,]
[8,15,]   308   0.002182   5.88749e-040   3.01308e-048   [0.000009,0.000009,]
[9,15,]   309   0.00257172   6.52608e-040   4.71324e-047   [0.000013,0.000007,]
[10,15,]   310   0.00262636   6.8805e-040   5.74191e-046   [0.000013,0.000004,]
[11,15,]   311   0.00229143   6.32697e-040   5.44777e-045   [0.000012,0.000002,]
[12,15,]   312   0.00167706   4.87086e-040   4.02539e-044   [0.000008,0.000001,]
[13,15,]   313   0.00100855   2.30572e-040   2.31645e-043   [0.000003,0.000001,]
[14,15,]   314   0.000487308   -1.80352e-040   1.03816e-042   [-0.000004,0.000001,]
[15,15,]   315   0.00018658   -8.02647e-040   3.62354e-042   [-0.000017,0.000004,]
[16,15,]   316   5.82452e-005   -1.84614e-039   9.8498e-042   [-0.000031,0.000009,]
[17,15,]   317   1.88227e-005   -2.32654e-039   2.0852e-041   [-0.000040,0.000017,]
[18,15,]   318   7.44853e-006   -1.41268e-039   3.43792e-041   [-0.000027,0.000020,]
[19,15,]   319   2.44767e-006   -2.50084e-039   4.41437e-041   [-0.000008,0.000023,]
[0,16,]   320   3.10386e-006   -3.42324e-039   1.03724e-061   [-0.000024,0.000003,]
[1,16,]   321   6.48937e-006   -2.53719e-039   1.19889e-059   [-0.000043,0.000000,]
[2,16,]   322   1.64912e-005   -2.00232e-039   1.07921e-057   [-0.000038,0.000002,]
[3,16,]   323   4.27178e-005   -1.60221e-039   7.56583e-056   [-0.000032,0.000005,]
[4,16,]   324   0.000106439   -1.21241e-039   4.1308e-054   [-0.000023,0.000008,]
[5,16,]   325   0.000243652   -7.03526e-040   1.75646e-052   [-0.000012,0.000010,]
[6,16,]   326   0.00047876   -3.04546e-040   5.8166e-051   [-0.000004,0.000010,]
[7,16,]   327   0.000788344   -4.37975e-041   1.50012e-049   [0.000002,0.000010,]
[8,16,]   328   0.0010913   9.1933e-041   3.01308e-048   [0.000007,0.000009,]
[9,16,]   329   0.00128962   1.54427e-040   4.71324e-047   [0.000011,0.000007,]
[10,16,]   330   0.00131116   1.80707e-040   5.74191e-046   [0.000011,0.000006,]
[11,16,]   331   0.00113423   1.24009e-040   5.44777e-045   [0.000010,0.000004,]
[12,16,]   332   0.000823166   -3.17149e-041   4.02539e-044   [0.000007,0.000003,]
[13,16,]   333   0.000493867   -2.88262e-040   2.31645e-043   [0.000003,0.000003,]
[14,16,]   334   0.000240748   -6.81529e-040   1.03816e-042   [-0.000003,0.000004,]
[15,16,]   335   9.42652e-005   -1.26172e-039   3.62354e-042   [-0.000013,0.000005,]
[16,16,]   336   3.01708e-005   -2.1559e-039   9.8498e-042   [-0.000025,0.000009,]
[17,16,]   337   9.27012e-006   -2.75756e-039   2.0852e-041   [-0.000035,0.000015,]
[18,16,]   338   3.21409e-006   -2.24333e-039   3.43792e-041   [-0.000024,0.000019,]
[19,16,]   339   9.44289e-007   -3.85275e-039   4.41437e-041   [-0.000005,0.000022,]
[0,17,]   340   1.05836e-006   -4.41684e-039   1.03724e-061   [-0.000025,0.000004,]
[1,17,]   341   2.2948e-006   -3.35162e-039   1.19889e-059   [-0.000043,0.000002,]
[2,17,]   342   6.19916e-006   -2.69625e-039   1.07921e-057   [-0.000035,0.000004,]
[3,17,]   343   1.67548e-005   -2.22299e-039   7.56583e-056   [-0.000029,0.000007,]
[4,17,]   344   4.24463e-005   -1.81401e-039   4.1308e-054   [-0.000020,0.000009,]
[5,17,]   345   9.72957e-005   -1.32255e-039   1.75646e-052   [-0.000011,0.000010,]
[6,17,]   346   0.000191163   -9.33702e-040   5.8166e-051   [-0.000004,0.000011,]
[7,17,]   347   0.000315599   -6.72532e-040   1.50012e-049   [0.000002,0.000011,]
[8,17,]   348   0.000438542   -5.30236e-040   3.01308e-048   [0.000006,0.000010,]
[9,17,]   349   0.000518907   -4.62304e-040   4.71324e-047   [0.000009,0.000009,]
[10,17,]   350   0.00052578   -4.41079e-040   5.74191e-046   [0.000010,0.000007,]
[11,17,]   351   0.000451964   -5.08736e-040   5.44777e-045   [0.000009,0.000006,]
[12,17,]   352   0.000326135   -6.70398e-040   4.02539e-044   [0.000007,0.000005,]
[13,17,]   353   0.000195366   -9.27782e-040   2.31645e-043   [0.000003,0.000005,]
[14,17,]   354   9.58358e-005   -1.30914e-039   1.03816e-042   [-0.000002,0.000006,]
[15,17,]   355   3.81286e-005   -1.85033e-039   3.62354e-042   [-0.000011,0.000007,]
[16,17,]   356   1.24307e-005   -2.65829e-039   9.8498e-042   [-0.000021,0.000010,]
[17,17,]   357   3.72571e-006   -3.30377e-039   2.0852e-041   [-0.000030,0.000014,]
[18,17,]   358   1.17601e-006   -3.10078e-039   3.43792e-041   [-0.000020,0.000018,]
[19,17,]   359   3.153e-007   -5.1501e-039   4.41437e-041   [-0.000003,0.000022,]
[0,18,]   360   3.03985e-007   -5.60024e-039   1.03724e-061   [-0.000026,0.000014,]
[1,18,]   361   6.81084e-007   -4.32313e-039   1.19889e-059   [-0.000043,0.000011,]
[2,18,]   362   1.93221e-006   -3.56117e-039   1.07921e-057   [-0.000033,0.000011,]
[3,18,]   363   5.39652e-006   -3.04418e-039   7.56583e-056   [-0.000027,0.000013,]
[4,18,]   364   1.38573e-005   -2.63815e-039   4.1308e-054   [-0.000019,0.000014,]
[5,18,]   365   3.18333e-005   -2.17186e-039   1.75646e-052   [-0.000011,0.000015,]
[6,18,]   366   6.25716e-005   -1.79571e-039   5.8166e-051   [-0.000004,0.000016,]
[7,18,]   367   0.000103486   -1.53045e-039   1.50012e-049   [0.000001,0.000015,]
[8,18,]   368   0.000144127   -1.3722e-039   3.01308e-048   [0.000005,0.000015,]
[9,18,]   369   0.000170589   -1.28852e-039   4.71324e-047   [0.000008,0.000014,]
[10,18,]   370   0.000172337   -1.25947e-039   5.74191e-046   [0.000009,0.000013,]
[11,18,]   371   0.000147437   -1.32295e-039   5.44777e-045   [0.000008,0.000012,]
[12,18,]   372   0.000105939   -1.48332e-039   4.02539e-044   [0.000006,0.000011,]
[13,18,]   373   6.33935e-005   -1.73853e-039   2.31645e-043   [0.000003,0.000011,]
[14,18,]   374   3.12455e-005   -2.11196e-039   1.03816e-042   [-0.000001,0.000011,]
[15,18,]   375   1.25807e-005   -2.63576e-039   3.62354e-042   [-0.000009,0.000012,]
[16,18,]   376   4.16395e-006   -3.40564e-039   9.8498e-042   [-0.000017,0.000014,]
[17,18,]   377   1.2338e-006   -4.12964e-039   2.0852e-041   [-0.000026,0.000018,]
[18,18,]   378   3.65003e-007   -4.25096e-039   3.43792e-041   [-0.000017,0.000023,]
[19,18,]   379   9.13419e-008   -6.73616e-039   4.41437e-041   [-0.000000,0.000028,]
[0,19,]   380   8.35049e-008   -7.98986e-039   1.03724e-061   [-0.000026,0.000024,]
[1,19,]   381   1.84377e-007   -6.49511e-039   1.19889e-059   [-0.000046,0.000020,]
[2,19,]   382   5.37352e-007   -5.42062e-039   1.07921e-057   [-0.000034,0.000018,]
[3,19,]   383   1.54984e-006   -4.67829e-039   7.56583e-056   [-0.000026,0.000018,]
[4,19,]   384   4.07597e-006   -4.15829e-039   4.1308e-054   [-0.000018,0.000019,]
[5,19,]   385   9.48273e-006   -3.65927e-039   1.75646e-052   [-0.000010,0.000019,]
[6,19,]   386   1.8723e-005   -3.27179e-039   5.8166e-051   [-0.000004,0.000020,]
[7,19,]   387   3.09279e-005   -2.99642e-039   1.50012e-049   [0.000001,0.000019,]
[8,19,]   388   4.28358e-005   -2.83122e-039   3.01308e-048   [0.000004,0.000019,]
[9,19,]   389   5.0249e-005   -2.7556e-039   4.71324e-047   [0.000007,0.000018,]
[10,19,]   390   5.02176e-005   -2.75461e-039   5.74191e-046   [0.000008,0.000017,]
[11,19,]   391   4.25292e-005   -2.85287e-039   5.44777e-045   [0.000008,0.000017,]
[12,19,]   392   3.03424e-005   -3.03947e-039   4.02539e-044   [0.000006,0.000017,]
[13,19,]   393   1.81145e-005   -3.29884e-039   2.31645e-043   [0.000003,0.000017,]
[14,19,]   394   8.9682e-006   -3.63947e-039   1.03816e-042   [-0.000001,0.000017,]
[15,19,]   395   3.66413e-006   -4.0781e-039   3.62354e-042   [-0.000008,0.000017,]
[16,19,]   396   1.2487e-006   -4.7027e-039   9.8498e-042   [-0.000014,0.000018,]
[17,19,]   397   3.83968e-007   -5.38244e-039   2.0852e-041   [-0.000020,0.000022,]
[18,19,]   398   1.15567e-007   -5.88244e-039   3.43792e-041   [-0.000011,0.000028,]
[19,19,]   399   2.95151e-008   -8.54115e-039   4.41437e-041   [0.000004,0.000033,]
