coordinates  index   rho      Q      V    velocities 
[0,0,]   0   5.31356e-008   -7.4694e-039   1.03724e-061   [0.000026,-0.000045,]
[1,0,]   1   1.44527e-007   -5.92711e-039   1.19889e-059   [0.000003,-0.000040,]
[2,0,]   2   4.69761e-007   -5.2701e-039   1.07921e-057   [0.000015,-0.000030,]
[3,0,]   3   1.60565e-006   -4.52053e-039   7.56583e-056   [0.000008,-0.000029,]
[4,0,]   4   4.8941e-006   -3.91017e-039   4.1308e-054   [0.000003,-0.000030,]
[5,0,]   5   1.2122e-005   -3.49792e-039   1.75646e-052   [-0.000002,-0.000031,]
[6,0,]   6   2.44463e-005   -3.17426e-039   5.8166e-051   [-0.000006,-0.000031,]
[7,0,]   7   4.06218e-005   -2.92774e-039   1.50012e-049   [-0.000008,-0.000031,]
[8,0,]   8   5.63858e-005   -2.74255e-039   3.01308e-048   [-0.000009,-0.000031,]
[9,0,]   9   6.59525e-005   -2.64367e-039   4.71324e-047   [-0.000009,-0.000031,]
[10,0,]   10   6.54982e-005   -2.64233e-039   5.74191e-046   [-0.000007,-0.000031,]
[11,0,]   11   5.58103e-005   -2.69955e-039   5.44777e-045   [-0.000003,-0.000032,]
[12,0,]   12   4.06083e-005   -2.84896e-039   4.02539e-044   [0.000001,-0.000033,]
[13,0,]   13   2.49965e-005   -3.11649e-039   2.31645e-043   [0.000007,-0.000033,]
[14,0,]   14   1.30484e-005   -3.49334e-039   1.03816e-042   [0.000014,-0.000033,]
[15,0,]   15   5.89028e-006   -3.97417e-039   3.62354e-042   [0.000021,-0.000032,]
[16,0,]   16   2.40936e-006   -4.42065e-039   9.8498e-042   [0.000029,-0.000032,]
[17,0,]   17   9.05941e-007   -5.0506e-039   2.0852e-041   [0.000038,-0.000035,]
[18,0,]   18   3.25487e-007   -6.30007e-039   3.43792e-041   [0.000052,-0.000040,]
[19,0,]   19   1.55985e-007   -7.61006e-039   4.41437e-041   [0.000058,-0.000046,]
[0,1,]   20   1.24397e-007   -6.83391e-039   1.03724e-061   [0.000026,-0.000039,]
[1,1,]   21   3.55737e-007   -4.93233e-039   1.19889e-059   [0.000008,-0.000035,]
[2,1,]   22   1.22888e-006   -4.52079e-039   1.07921e-057   [0.000021,-0.000027,]
[3,1,]   23   4.52186e-006   -3.46959e-039   7.56583e-056   [0.000010,-0.000023,]
[4,1,]   24   1.42737e-005   -2.6565e-039   4.1308e-054   [0.000003,-0.000022,]
[5,1,]   25   3.57726e-005   -2.16487e-039   1.75646e-052   [-0.000003,-0.000021,]
[6,1,]   26   7.23061e-005   -1.81418e-039   5.8166e-051   [-0.000006,-0.000021,]
[7,1,]   27   0.000119863   -1.57077e-039   1.50012e-049   [-0.000008,-0.000022,]
[8,1,]   28   0.000165374   -1.40786e-039   3.01308e-048   [-0.000009,-0.000022,]
[9,1,]   29   0.000191547   -1.34586e-039   4.71324e-047   [-0.000009,-0.000023,]
[10,1,]   30   0.000188088   -1.38104e-039   5.74191e-046   [-0.000007,-0.000023,]
[11,1,]   31   0.000158609   -1.45872e-039   5.44777e-045   [-0.000004,-0.000024,]
[12,1,]   32   0.000114567   -1.6113e-039   4.02539e-044   [0.000001,-0.000025,]
[13,1,]   33   7.0387e-005   -1.8681e-039   2.31645e-043   [0.000007,-0.000025,]
[14,1,]   34   3.69204e-005   -2.21961e-039   1.03816e-042   [0.000014,-0.000025,]
[15,1,]   35   1.68679e-005   -2.65092e-039   3.62354e-042   [0.000021,-0.000024,]
[16,1,]   36   7.0326e-006   -2.98049e-039   9.8498e-042   [0.000029,-0.000024,]
[17,1,]   37   2.69577e-006   -3.45165e-039   2.0852e-041   [0.000037,-0.000023,]
[18,1,]   38   9.83788e-007   -4.47799e-039   3.43792e-041   [0.000049,-0.000024,]
[19,1,]   39   4.71118e-007   -5.61327e-039   4.41437e-041   [0.000053,-0.000026,]
[0,2,]   40   3.61692e-007   -5.13148e-039   1.03724e-061   [0.000025,-0.000035,]
[1,2,]   41   1.05331e-006   -3.47896e-039   1.19889e-059   [0.000014,-0.000029,]
[2,2,]   42   3.4113e-006   -3.7202e-039   1.07921e-057   [0.000028,-0.000022,]
[3,2,]   43   1.268e-005   -2.68215e-039   7.56583e-056   [0.000014,-0.000016,]
[4,2,]   44   4.14322e-005   -1.73838e-039   4.1308e-054   [0.000005,-0.000013,]
[5,2,]   45   0.000105728   -1.21996e-039   1.75646e-052   [-0.000002,-0.000012,]
[6,2,]   46   0.000215123   -8.52917e-040   5.8166e-051   [-0.000006,-0.000012,]
[7,2,]   47   0.000356218   -6.06573e-040   1.50012e-049   [-0.000009,-0.000012,]
[8,2,]   48   0.000488763   -4.5193e-040   3.01308e-048   [-0.000010,-0.000013,]
[9,2,]   49   0.000562475   -3.83736e-040   4.71324e-047   [-0.000010,-0.000014,]
[10,2,]   50   0.000549149   -4.20547e-040   5.74191e-046   [-0.000009,-0.000015,]
[11,2,]   51   0.000462131   -4.92465e-040   5.44777e-045   [-0.000005,-0.000017,]
[12,2,]   52   0.000334296   -6.22871e-040   4.02539e-044   [0.000000,-0.000017,]
[13,2,]   53   0.000205839   -8.74149e-040   2.31645e-043   [0.000007,-0.000018,]
[14,2,]   54   0.000108274   -1.23214e-039   1.03816e-042   [0.000015,-0.000017,]
[15,2,]   55   4.97992e-005   -1.67071e-039   3.62354e-042   [0.000023,-0.000016,]
[16,2,]   56   2.11731e-005   -1.97729e-039   9.8498e-042   [0.000031,-0.000014,]
[17,2,]   57   8.41251e-006   -2.38213e-039   2.0852e-041   [0.000039,-0.000012,]
[18,2,]   58   3.22687e-006   -3.28273e-039   3.43792e-041   [0.000048,-0.000011,]
[19,2,]   59   1.59897e-006   -4.22374e-039   4.41437e-041   [0.000051,-0.000013,]
[0,3,]   60   9.21536e-007   -3.80626e-039   1.03724e-061   [0.000024,-0.000034,]
[1,3,]   61   2.70729e-006   -2.4469e-039   1.19889e-059   [0.000021,-0.000029,]
[2,3,]   62   7.94032e-006   -3.28727e-039   1.07921e-057   [0.000035,-0.000021,]
[3,3,]   63   2.91398e-005   -2.25642e-039   7.56583e-056   [0.000019,-0.000013,]
[4,3,]   64   9.91823e-005   -1.14975e-039   4.1308e-054   [0.000007,-0.000010,]
[5,3,]   65   0.000259209   -5.87776e-040   1.75646e-052   [-0.000001,-0.000009,]
[6,3,]   66   0.000531687   -2.14209e-040   5.8166e-051   [-0.000006,-0.000008,]
[7,3,]   67   0.000878962   2.52786e-041   1.50012e-049   [-0.000010,-0.000009,]
[8,3,]   68   0.00119846   1.8269e-040   3.01308e-048   [-0.000011,-0.000010,]
[9,3,]   69   0.00136718   2.27797e-040   4.71324e-047   [-0.000012,-0.000011,]
[10,3,]   70   0.00132656   1.83055e-040   5.74191e-046   [-0.000010,-0.000013,]
[11,3,]   71   0.00111634   1.251e-040   5.44777e-045   [-0.000006,-0.000014,]
[12,3,]   72   0.000809572   -8.61724e-042   4.02539e-044   [-0.000001,-0.000015,]
[13,3,]   73   0.000500157   -2.54218e-040   2.31645e-043   [0.000007,-0.000016,]
[14,3,]   74   0.00026381   -6.15236e-040   1.03816e-042   [0.000015,-0.000015,]
[15,3,]   75   0.000121994   -1.07579e-039   3.62354e-042   [0.000025,-0.000013,]
[16,3,]   76   5.31025e-005   -1.33183e-039   9.8498e-042   [0.000033,-0.000011,]
[17,3,]   77   2.20341e-005   -1.69839e-039   2.0852e-041   [0.000041,-0.000009,]
[18,3,]   78   8.96834e-006   -2.49031e-039   3.43792e-041   [0.000048,-0.000007,]
[19,3,]   79   4.60283e-006   -3.27323e-039   4.41437e-041   [0.000047,-0.000010,]
[0,4,]   80   2.0452e-006   -2.55325e-039   1.03724e-061   [0.000023,-0.000035,]
[1,4,]   81   5.93906e-006   -1.49838e-039   1.19889e-059   [0.000027,-0.000030,]
[2,4,]   82   1.51988e-005   -2.86909e-039   1.07921e-057   [0.000044,-0.000024,]
[3,4,]   83   5.2567e-005   -2.15589e-039   7.56583e-056   [0.000026,-0.000012,]
[4,4,]   84   0.000189812   -6.99709e-040   4.1308e-054   [0.000010,-0.000008,]
[5,4,]   85   0.000513042   -1.14164e-040   1.75646e-052   [-0.000000,-0.000006,]
[6,4,]   86   0.0010646   2.68229e-040   5.8166e-051   [-0.000007,-0.000005,]
[7,4,]   87   0.00175691   5.16468e-040   1.50012e-049   [-0.000010,-0.000006,]
[8,4,]   88   0.0023725   6.57242e-040   3.01308e-048   [-0.000013,-0.000007,]
[9,4,]   89   0.00267952   7.35389e-040   4.71324e-047   [-0.000014,-0.000009,]
[10,4,]   90   0.00257807   6.69205e-040   5.74191e-046   [-0.000012,-0.000011,]
[11,4,]   91   0.0021706   5.81831e-040   5.44777e-045   [-0.000008,-0.000013,]
[12,4,]   92   0.00158344   4.68768e-040   4.02539e-044   [-0.000001,-0.000015,]
[13,4,]   93   0.000982569   2.12081e-040   2.31645e-043   [0.000007,-0.000015,]
[14,4,]   94   0.000519445   -1.59682e-040   1.03816e-042   [0.000017,-0.000014,]
[15,4,]   95   0.000241518   -6.18274e-040   3.62354e-042   [0.000027,-0.000012,]
[16,4,]   96   0.00010812   -8.46362e-040   9.8498e-042   [0.000036,-0.000009,]
[17,4,]   97   4.76108e-005   -1.11573e-039   2.0852e-041   [0.000044,-0.000006,]
[18,4,]   98   2.08383e-005   -1.80106e-039   3.43792e-041   [0.000047,-0.000004,]
[19,4,]   99   1.10678e-005   -2.41229e-039   4.41437e-041   [0.000043,-0.000008,]
[0,5,]   100   4.17727e-006   -1.39715e-039   1.03724e-061   [0.000020,-0.000035,]
[1,5,]   101   1.13723e-005   -5.70153e-040   1.19889e-059   [0.000031,-0.000030,]
[2,5,]   102   2.42225e-005   -2.24356e-039   1.07921e-057   [0.000054,-0.000033,]
[3,5,]   103   7.20495e-005   -2.50296e-039   7.56583e-056   [0.000038,-0.000010,]
[4,5,]   104   0.000283201   -4.14001e-040   4.1308e-054   [0.000014,-0.000004,]
[5,5,]   105   0.000813385   3.19888e-040   1.75646e-052   [0.000001,-0.000002,]
[6,5,]   106   0.00171851   7.05479e-040   5.8166e-051   [-0.000007,-0.000001,]
[7,5,]   107   0.00282297   9.34331e-040   1.50012e-049   [-0.000012,-0.000002,]
[8,5,]   108   0.00375647   1.11949e-039   3.01308e-048   [-0.000015,-0.000004,]
[9,5,]   109   0.00414235   1.12481e-039   4.71324e-047   [-0.000016,-0.000007,]
[10,5,]   110   0.00393835   9.8717e-040   5.74191e-046   [-0.000015,-0.000010,]
[11,5,]   111   0.00335692   1.02051e-039   5.44777e-045   [-0.000010,-0.000013,]
[12,5,]   112   0.00247257   8.59875e-040   4.02539e-044   [-0.000002,-0.000015,]
[13,5,]   113   0.00154816   6.16813e-040   2.31645e-043   [0.000007,-0.000015,]
[14,5,]   114   0.000819827   2.34128e-040   1.03816e-042   [0.000019,-0.000014,]
[15,5,]   115   0.00038037   -3.51309e-040   3.62354e-042   [0.000030,-0.000011,]
[16,5,]   116   0.000177052   -3.77123e-040   9.8498e-042   [0.000041,-0.000007,]
[17,5,]   117   8.47228e-005   -5.82934e-040   2.0852e-041   [0.000047,-0.000003,]
[18,5,]   118   4.07681e-005   -1.07701e-039   3.43792e-041   [0.000045,-0.000001,]
[19,5,]   119   2.23349e-005   -1.50538e-039   4.41437e-041   [0.000037,-0.000007,]
[0,6,]   120   8.4361e-006   -3.09816e-040   1.03724e-061   [0.000017,-0.000033,]
[1,6,]   121   1.93744e-005   1.31441e-040   1.19889e-059   [0.000027,-0.000029,]
[2,6,]   122   3.29081e-005   -1.10976e-039   1.07921e-057   [0.000065,-0.000044,]
[3,6,]   123   7.11167e-005   -3.67452e-039   7.56583e-056   [0.000058,-0.000007,]
[4,6,]   124   0.000312243   -6.90274e-040   4.1308e-054   [0.000019,0.000002,]
[5,6,]   125   0.00100178   5.81448e-040   1.75646e-052   [0.000003,0.000004,]
[6,6,]   126   0.00218542   1.02713e-039   5.8166e-051   [-0.000007,0.000004,]
[7,6,]   127   0.003568   1.31382e-039   1.50012e-049   [-0.000013,0.000003,]
[8,6,]   128   0.00458571   1.39591e-039   3.01308e-048   [-0.000018,0.000000,]
[9,6,]   129   0.00486833   1.33546e-039   4.71324e-047   [-0.000021,-0.000003,]
[10,6,]   130   0.00459689   1.27319e-039   5.74191e-046   [-0.000019,-0.000007,]
[11,6,]   131   0.00396871   1.27718e-039   5.44777e-045   [-0.000013,-0.000015,]
[12,6,]   132   0.00300487   1.19036e-039   4.02539e-044   [-0.000004,-0.000018,]
[13,6,]   133   0.0019103   8.9956e-040   2.31645e-043   [0.000008,-0.000018,]
[14,6,]   134   0.00101067   4.54552e-040   1.03816e-042   [0.000021,-0.000016,]
[15,6,]   135   0.000468952   -8.95298e-041   3.62354e-042   [0.000035,-0.000009,]
[16,6,]   136   0.000223228   -4.36698e-040   9.8498e-042   [0.000047,-0.000005,]
[17,6,]   137   0.000123342   4.15844e-041   2.0852e-041   [0.000050,0.000001,]
[18,6,]   138   6.67692e-005   -3.42194e-040   3.43792e-041   [0.000041,0.000002,]
[19,6,]   139   3.75797e-005   -5.62733e-040   4.41437e-041   [0.000030,-0.000006,]
[0,7,]   140   1.66039e-005   8.86632e-040   1.03724e-061   [0.000013,-0.000029,]
[1,7,]   141   3.02324e-005   7.54731e-040   1.19889e-059   [0.000017,-0.000025,]
[2,7,]   142   3.88493e-005   -1.44249e-041   1.07921e-057   [0.000073,-0.000051,]
[3,7,]   143   4.78033e-005   -6.77081e-039   7.56583e-056   [0.000092,-0.000016,]
[4,7,]   144   0.000248608   -1.38974e-039   4.1308e-054   [0.000028,0.000020,]
[5,7,]   145   0.000939417   7.1068e-040   1.75646e-052   [0.000003,0.000015,]
[6,7,]   146   0.00214263   1.32155e-039   5.8166e-051   [-0.000008,0.000014,]
[7,7,]   147   0.00341939   1.53588e-039   1.50012e-049   [-0.000016,0.000012,]
[8,7,]   148   0.00417163   1.71234e-039   3.01308e-048   [-0.000022,0.000011,]
[9,7,]   149   0.00408939   1.32964e-039   4.71324e-047   [-0.000026,0.000007,]
[10,7,]   150   0.00378611   9.9641e-040   5.74191e-046   [-0.000029,-0.000008,]
[11,7,]   151   0.00339338   1.32295e-039   5.44777e-045   [-0.000021,-0.000017,]
[12,7,]   152   0.00271926   1.33387e-039   4.02539e-044   [-0.000006,-0.000024,]
[13,7,]   153   0.00180047   1.15047e-039   2.31645e-043   [0.000009,-0.000026,]
[14,7,]   154   0.00094875   5.7894e-040   1.03816e-042   [0.000027,-0.000021,]
[15,7,]   155   0.000428653   -3.01657e-040   3.62354e-042   [0.000044,-0.000014,]
[16,7,]   156   0.000218001   -1.58962e-040   9.8498e-042   [0.000058,0.000005,]
[17,7,]   157   0.000144758   5.50028e-040   2.0852e-041   [0.000052,0.000007,]
[18,7,]   158   9.06669e-005   4.88855e-040   3.43792e-041   [0.000035,0.000006,]
[19,7,]   159   5.19259e-005   3.24397e-040   4.41437e-041   [0.000020,-0.000005,]
[0,8,]   160   2.85398e-005   1.86169e-039   1.03724e-061   [0.000008,-0.000023,]
[1,8,]   161   4.36178e-005   7.48481e-040   1.19889e-059   [0.000003,-0.000024,]
[2,8,]   162   4.62054e-005   1.55892e-039   1.07921e-057   [0.000063,-0.000036,]
[3,8,]   163   2.39349e-005   -1.23884e-038   7.56583e-056   [0.000144,-0.000067,]
[4,8,]   164   0.000130531   -4.05194e-039   4.1308e-054   [0.000060,0.000027,]
[5,8,]   165   0.000641313   1.47473e-040   1.75646e-052   [-0.000007,0.000033,]
[6,8,]   166   0.00154118   1.0353e-039   5.8166e-051   [-0.000011,0.000032,]
[7,8,]   167   0.00235986   1.40689e-039   1.50012e-049   [-0.000016,0.000030,]
[8,8,]   168   0.00250912   8.89408e-040   3.01308e-048   [-0.000023,0.000021,]
[9,8,]   169   0.00211323   -4.60251e-040   4.71324e-047   [-0.000045,0.000017,]
[10,8,]   170   0.00212329   9.45512e-040   5.74191e-046   [-0.000049,-0.000014,]
[11,8,]   171   0.0019105   2.24987e-040   5.44777e-045   [-0.000030,-0.000031,]
[12,8,]   172   0.00173796   7.13008e-040   4.02539e-044   [-0.000012,-0.000045,]
[13,8,]   173   0.00123024   6.07678e-040   2.31645e-043   [0.000011,-0.000046,]
[14,8,]   174   0.000643059   8.34778e-041   1.03816e-042   [0.000030,-0.000039,]
[15,8,]   175   0.000276124   -4.64978e-040   3.62354e-042   [0.000070,-0.000023,]
[16,8,]   176   0.000138479   -2.42329e-039   9.8498e-042   [0.000082,-0.000002,]
[17,8,]   177   0.000135706   1.2883e-039   2.0852e-041   [0.000041,0.000016,]
[18,8,]   178   9.83327e-005   6.75009e-040   3.43792e-041   [0.000027,0.000010,]
[19,8,]   179   5.93677e-005   1.04323e-039   4.41437e-041   [0.000008,-0.000003,]
[0,9,]   180   3.65945e-005   1.74707e-039   1.03724e-061   [0.000003,-0.000012,]
[1,9,]   181   6.35133e-005   1.43067e-039   1.19889e-059   [0.000005,-0.000023,]
[2,9,]   182   5.96612e-005   1.06648e-039   1.07921e-057   [0.000012,-0.000037,]
[3,9,]   183   1.90325e-005   -1.56348e-038   7.56583e-056   [0.000130,-0.000156,]
[4,9,]   184   5.33006e-005   -1.32445e-038   4.1308e-054   [0.000149,0.000095,]
[5,9,]   185   0.000374497   -1.25952e-039   1.75646e-052   [-0.000011,0.000081,]
[6,9,]   186   0.000910936   -1.01491e-040   5.8166e-051   [-0.000011,0.000069,]
[7,9,]   187   0.00124551   -4.28269e-040   1.50012e-049   [-0.000020,0.000076,]
[8,9,]   188   0.00115119   -7.37265e-040   3.01308e-048   [-0.000021,0.000104,]
[9,9,]   189   0.000741312   -5.13983e-039   4.71324e-047   [-0.000089,0.000103,]
[10,9,]   190   0.000674356   -5.60928e-039   5.74191e-046   [-0.000105,-0.000101,]
[11,9,]   191   0.000740113   -5.77538e-039   5.44777e-045   [-0.000038,-0.000114,]
[12,9,]   192   0.000958202   -1.51722e-039   4.02539e-044   [-0.000014,-0.000085,]
[13,9,]   193   0.000746796   -1.22762e-039   2.31645e-043   [0.000014,-0.000078,]
[14,9,]   194   0.00034574   -2.48299e-039   1.03816e-042   [0.000032,-0.000088,]
[15,9,]   195   9.80813e-005   -7.151e-039   3.62354e-042   [0.000102,-0.000098,]
[16,9,]   196   7.58939e-005   -1.13304e-039   9.8498e-042   [0.000073,0.000092,]
[17,9,]   197   0.000108635   2.28092e-039   2.0852e-041   [0.000046,0.000039,]
[18,9,]   198   9.39395e-005   1.86537e-039   3.43792e-041   [0.000017,0.000015,]
[19,9,]   199   5.42494e-005   1.87757e-039   4.41437e-041   [-0.000001,0.000001,]
[0,10,]   200   5.17038e-005   1.94751e-039   1.03724e-061   [-0.000003,-0.000002,]
[1,10,]   201   9.2781e-005   1.9197e-039   1.19889e-059   [-0.000017,-0.000015,]
[2,10,]   202   0.000108515   2.31784e-039   1.07921e-057   [-0.000046,-0.000039,]
[3,10,]   203   7.58362e-005   -1.13248e-039   7.56583e-056   [-0.000073,-0.000092,]
[4,10,]   204   9.81143e-005   -7.14708e-039   4.1308e-054   [-0.000102,0.000098,]
[5,10,]   205   0.000345752   -2.48322e-039   1.75646e-052   [-0.000032,0.000088,]
[6,10,]   206   0.000746767   -1.22768e-039   5.8166e-051   [-0.000014,0.000078,]
[7,10,]   207   0.000958171   -1.51725e-039   1.50012e-049   [0.000014,0.000085,]
[8,10,]   208   0.000740101   -5.77539e-039   3.01308e-048   [0.000038,0.000114,]
[9,10,]   209   0.000674352   -5.60927e-039   4.71324e-047   [0.000105,0.000101,]
[10,10,]   210   0.000741311   -5.13989e-039   5.74191e-046   [0.000089,-0.000103,]
[11,10,]   211   0.0011512   -7.37288e-040   5.44777e-045   [0.000021,-0.000104,]
[12,10,]   212   0.00124556   -4.28286e-040   4.02539e-044   [0.000020,-0.000076,]
[13,10,]   213   0.000911008   -1.00813e-040   2.31645e-043   [0.000011,-0.000069,]
[14,10,]   214   0.000374449   -1.25929e-039   1.03816e-042   [0.000011,-0.000081,]
[15,10,]   215   5.32102e-005   -1.32755e-038   3.62354e-042   [-0.000150,-0.000095,]
[16,10,]   216   1.90962e-005   -1.55928e-038   9.8498e-042   [-0.000130,0.000156,]
[17,10,]   217   5.99538e-005   9.99894e-040   2.0852e-041   [-0.000013,0.000037,]
[18,10,]   218   6.56487e-005   1.45032e-039   3.43792e-041   [-0.000006,0.000023,]
[19,10,]   219   4.04034e-005   1.84739e-039   4.41437e-041   [-0.000014,0.000011,]
[0,11,]   220   5.92042e-005   1.03505e-039   1.03724e-061   [-0.000008,0.000003,]
[1,11,]   221   9.84567e-005   6.90501e-040   1.19889e-059   [-0.000028,-0.000010,]
[2,11,]   222   0.000135668   1.2883e-039   1.07921e-057   [-0.000041,-0.000016,]
[3,11,]   223   0.000138401   -2.42679e-039   7.56583e-056   [-0.000082,0.000002,]
[4,11,]   224   0.000276093   -4.65097e-040   4.1308e-054   [-0.000070,0.000023,]
[5,11,]   225   0.000643048   8.36613e-041   1.75646e-052   [-0.000030,0.000039,]
[6,11,]   226   0.0012302   6.07647e-040   5.8166e-051   [-0.000011,0.000046,]
[7,11,]   227   0.00173791   7.13007e-040   1.50012e-049   [0.000012,0.000045,]
[8,11,]   228   0.00191047   2.25002e-040   3.01308e-048   [0.000030,0.000031,]
[9,11,]   229   0.00212328   9.45518e-040   4.71324e-047   [0.000049,0.000014,]
[10,11,]   230   0.00211323   -4.60272e-040   5.74191e-046   [0.000046,-0.000017,]
[11,11,]   231   0.00250915   8.8935e-040   5.44777e-045   [0.000023,-0.000021,]
[12,11,]   232   0.00235995   1.40689e-039   4.02539e-044   [0.000016,-0.000030,]
[13,11,]   233   0.0015413   1.03566e-039   2.31645e-043   [0.000011,-0.000032,]
[14,11,]   234   0.000641282   1.48125e-040   1.03816e-042   [0.000006,-0.000033,]
[15,11,]   235   0.000130406   -4.06009e-039   3.62354e-042   [-0.000060,-0.000027,]
[16,11,]   236   2.39519e-005   -1.23828e-038   9.8498e-042   [-0.000144,0.000067,]
[17,11,]   237   4.63544e-005   1.5001e-039   2.0852e-041   [-0.000063,0.000035,]
[18,11,]   238   4.47925e-005   7.61202e-040   3.43792e-041   [-0.000004,0.000025,]
[19,11,]   239   3.05684e-005   1.85335e-039   4.41437e-041   [-0.000019,0.000023,]
[0,12,]   240   5.4708e-005   3.4101e-040   1.03724e-061   [-0.000013,0.000006,]
[1,12,]   241   9.20302e-005   4.78767e-040   1.19889e-059   [-0.000036,-0.000006,]
[2,12,]   242   0.000144678   5.12195e-040   1.07921e-057   [-0.000052,-0.000006,]
[3,12,]   243   0.000217944   -1.58297e-040   7.56583e-056   [-0.000058,-0.000005,]
[4,12,]   244   0.000428582   -3.02061e-040   4.1308e-054   [-0.000044,0.000014,]
[5,12,]   245   0.000948727   5.79289e-040   1.75646e-052   [-0.000027,0.000021,]
[6,12,]   246   0.00180039   1.15036e-039   5.8166e-051   [-0.000009,0.000026,]
[7,12,]   247   0.00271919   1.33388e-039   1.50012e-049   [0.000006,0.000024,]
[8,12,]   248   0.00339334   1.32296e-039   3.01308e-048   [0.000021,0.000017,]
[9,12,]   249   0.0037861   9.96419e-040   4.71324e-047   [0.000029,0.000008,]
[10,12,]   250   0.00408939   1.32962e-039   5.74191e-046   [0.000026,-0.000007,]
[11,12,]   251   0.00417167   1.71229e-039   5.44777e-045   [0.000022,-0.000011,]
[12,12,]   252   0.00341951   1.53585e-039   4.02539e-044   [0.000016,-0.000012,]
[13,12,]   253   0.0021428   1.32188e-039   2.31645e-043   [0.000008,-0.000014,]
[14,12,]   254   0.000939425   7.11376e-040   1.03816e-042   [-0.000003,-0.000015,]
[15,12,]   255   0.000248443   -1.39223e-039   3.62354e-042   [-0.000028,-0.000020,]
[16,12,]   256   4.7709e-005   -6.78716e-039   9.8498e-042   [-0.000092,0.000016,]
[17,12,]   257   3.88199e-005   -8.84731e-042   2.0852e-041   [-0.000073,0.000051,]
[18,12,]   258   3.02122e-005   7.21857e-040   3.43792e-041   [-0.000017,0.000025,]
[19,12,]   259   1.65708e-005   8.10189e-040   4.41437e-041   [-0.000013,0.000030,]
[0,13,]   260   4.15645e-005   -5.45551e-040   1.03724e-061   [-0.000017,0.000008,]
[1,13,]   261   6.8446e-005   -3.93862e-040   1.19889e-059   [-0.000042,-0.000002,]
[2,13,]   262   0.000123204   -2.13582e-041   1.07921e-057   [-0.000050,-0.000000,]
[3,13,]   263   0.000223195   -4.34168e-040   7.56583e-056   [-0.000047,0.000005,]
[4,13,]   264   0.000468854   -9.04894e-041   4.1308e-054   [-0.000035,0.000009,]
[5,13,]   265   0.00101065   4.55043e-040   1.75646e-052   [-0.000021,0.000016,]
[6,13,]   266   0.0019102   8.99384e-040   5.8166e-051   [-0.000008,0.000018,]
[7,13,]   267   0.0030048   1.19038e-039   1.50012e-049   [0.000004,0.000018,]
[8,13,]   268   0.00396867   1.27719e-039   3.01308e-048   [0.000013,0.000015,]
[9,13,]   269   0.00459688   1.2732e-039   4.71324e-047   [0.000019,0.000007,]
[10,13,]   270   0.00486834   1.33544e-039   5.74191e-046   [0.000021,0.000003,]
[11,13,]   271   0.00458575   1.39586e-039   5.44777e-045   [0.000018,-0.000000,]
[12,13,]   272   0.00356812   1.31379e-039   4.02539e-044   [0.000013,-0.000003,]
[13,13,]   273   0.0021856   1.02736e-039   2.31645e-043   [0.000007,-0.000004,]
[14,13,]   274   0.00100185   5.82246e-040   1.03816e-042   [-0.000003,-0.000004,]
[15,13,]   275   0.000312114   -6.89655e-040   3.62354e-042   [-0.000019,-0.000002,]
[16,13,]   276   7.09404e-005   -3.68194e-039   9.8498e-042   [-0.000058,0.000007,]
[17,13,]   277   3.27084e-005   -1.08389e-039   2.0852e-041   [-0.000065,0.000044,]
[18,13,]   278   1.88546e-005   1.37509e-040   3.43792e-041   [-0.000027,0.000029,]
[19,13,]   279   7.64017e-006   -4.01925e-040   4.41437e-041   [-0.000007,0.000034,]
[0,14,]   280   2.57402e-005   -1.47795e-039   1.03724e-061   [-0.000020,0.000009,]
[1,14,]   281   4.20766e-005   -1.17157e-039   1.19889e-059   [-0.000047,0.000001,]
[2,14,]   282   8.45787e-005   -6.62308e-040   1.07921e-057   [-0.000048,0.000004,]
[3,14,]   283   0.000177046   -3.72423e-040   7.56583e-056   [-0.000041,0.000007,]
[4,14,]   284   0.000380273   -3.52908e-040   4.1308e-054   [-0.000030,0.000011,]
[5,14,]   285   0.000819806   2.34745e-040   1.75646e-052   [-0.000019,0.000014,]
[6,14,]   286   0.00154807   6.16618e-040   5.8166e-051   [-0.000007,0.000015,]
[7,14,]   287   0.00247251   8.59908e-040   1.50012e-049   [0.000002,0.000015,]
[8,14,]   288   0.00335689   1.02054e-039   3.01308e-048   [0.000010,0.000013,]
[9,14,]   289   0.00393834   9.87186e-040   4.71324e-047   [0.000015,0.000010,]
[10,14,]   290   0.00414236   1.1248e-039   5.74191e-046   [0.000016,0.000007,]
[11,14,]   291   0.0037565   1.11946e-039   5.44777e-045   [0.000015,0.000004,]
[12,14,]   292   0.00282306   9.34301e-040   4.02539e-044   [0.000012,0.000002,]
[13,14,]   293   0.00171865   7.05657e-040   2.31645e-043   [0.000007,0.000001,]
[14,14,]   294   0.000813461   3.20605e-040   1.03816e-042   [-0.000001,0.000002,]
[15,14,]   295   0.000283134   -4.1218e-040   3.62354e-042   [-0.000014,0.000004,]
[16,14,]   296   7.18798e-005   -2.50244e-039   9.8498e-042   [-0.000038,0.000010,]
[17,14,]   297   2.39779e-005   -2.21431e-039   2.0852e-041   [-0.000055,0.000033,]
[18,14,]   298   1.08317e-005   -5.06151e-040   3.43792e-041   [-0.000029,0.000030,]
[19,14,]   299   3.38792e-006   -1.543e-039   4.41437e-041   [-0.000001,0.000036,]
[0,15,]   300   1.31881e-005   -2.36971e-039   1.03724e-061   [-0.000023,0.000010,]
[1,15,]   301   2.16067e-005   -1.93193e-039   1.19889e-059   [-0.000050,0.000004,]
[2,15,]   302   4.75041e-005   -1.20608e-039   1.07921e-057   [-0.000044,0.000006,]
[3,15,]   303   0.000108127   -8.39911e-040   7.56583e-056   [-0.000037,0.000009,]
[4,15,]   304   0.00024145   -6.2019e-040   4.1308e-054   [-0.000027,0.000012,]
[5,15,]   305   0.000519431   -1.59021e-040   1.75646e-052   [-0.000017,0.000014,]
[6,15,]   306   0.000982507   2.11852e-040   5.8166e-051   [-0.000007,0.000015,]
[7,15,]   307   0.00158339   4.68787e-040   1.50012e-049   [0.000001,0.000015,]
[8,15,]   308   0.00217058   5.8184e-040   3.01308e-048   [0.000008,0.000013,]
[9,15,]   309   0.00257806   6.69212e-040   4.71324e-047   [0.000012,0.000011,]
[10,15,]   310   0.00267951   7.35373e-040   5.74191e-046   [0.000014,0.000009,]
[11,15,]   311   0.00237252   6.57199e-040   5.44777e-045   [0.000013,0.000007,]
[12,15,]   312   0.00175696   5.16423e-040   4.02539e-044   [0.000010,0.000006,]
[13,15,]   313   0.00106469   2.68342e-040   2.31645e-043   [0.000006,0.000005,]
[14,15,]   314   0.000513097   -1.13582e-040   1.03816e-042   [0.000000,0.000006,]
[15,15,]   315   0.00018979   -6.97409e-040   3.62354e-042   [-0.000010,0.000008,]
[16,15,]   316   5.24583e-005   -2.15028e-039   9.8498e-042   [-0.000027,0.000012,]
[17,15,]   317   1.50147e-005   -2.83208e-039   2.0852e-041   [-0.000044,0.000024,]
[18,15,]   318   5.56027e-006   -1.4069e-039   3.43792e-041   [-0.000025,0.000030,]
[19,15,]   319   1.50663e-006   -2.8287e-039   4.41437e-041   [0.000005,0.000037,]
[0,16,]   320   5.62768e-006   -3.22087e-039   1.03724e-061   [-0.000024,0.000011,]
[1,16,]   321   9.32674e-006   -2.65092e-039   1.19889e-059   [-0.000052,0.000007,]
[2,16,]   322   2.19758e-005   -1.79498e-039   1.07921e-057   [-0.000041,0.000009,]
[3,16,]   323   5.31099e-005   -1.324e-039   7.56583e-056   [-0.000034,0.000011,]
[4,16,]   324   0.000121958   -1.0778e-039   4.1308e-054   [-0.000025,0.000013,]
[5,16,]   325   0.000263802   -6.1448e-040   1.75646e-052   [-0.000015,0.000015,]
[6,16,]   326   0.000500125   -2.54383e-040   5.8166e-051   [-0.000007,0.000016,]
[7,16,]   327   0.000809549   -8.52457e-042   1.50012e-049   [0.000001,0.000015,]
[8,16,]   328   0.00111633   1.25183e-040   3.01308e-048   [0.000006,0.000014,]
[9,16,]   329   0.00132656   1.83134e-040   4.71324e-047   [0.000010,0.000013,]
[10,16,]   330   0.00136717   2.27853e-040   5.74191e-046   [0.000012,0.000011,]
[11,16,]   331   0.00119847   1.82715e-040   5.44777e-045   [0.000011,0.000010,]
[12,16,]   332   0.000878985   2.5293e-041   4.02539e-044   [0.000010,0.000009,]
[13,16,]   333   0.000531726   -2.14062e-040   2.31645e-043   [0.000006,0.000008,]
[14,16,]   334   0.000259237   -5.87266e-040   1.03816e-042   [0.000001,0.000009,]
[15,16,]   335   9.91787e-005   -1.14728e-039   3.62354e-042   [-0.000007,0.000010,]
[16,16,]   336   2.90876e-005   -2.248e-039   9.8498e-042   [-0.000020,0.000013,]
[17,16,]   337   7.83937e-006   -3.2394e-039   2.0852e-041   [-0.000035,0.000021,]
[18,16,]   338   2.50311e-006   -2.34967e-039   3.43792e-041   [-0.000018,0.000029,]
[19,16,]   339   6.34943e-007   -4.25659e-039   4.41437e-041   [0.000012,0.000036,]
[0,17,]   340   1.99561e-006   -4.16437e-039   1.03724e-061   [-0.000025,0.000014,]
[1,17,]   341   3.36302e-006   -3.46865e-039   1.19889e-059   [-0.000053,0.000011,]
[2,17,]   342   8.38687e-006   -2.48522e-039   1.07921e-057   [-0.000039,0.000012,]
[3,17,]   343   2.1176e-005   -1.96973e-039   7.56583e-056   [-0.000031,0.000014,]
[4,17,]   344   4.9782e-005   -1.67429e-039   4.1308e-054   [-0.000023,0.000016,]
[5,17,]   345   0.000108267   -1.23324e-039   1.75646e-052   [-0.000015,0.000017,]
[6,17,]   346   0.000205819   -8.76416e-040   5.8166e-051   [-0.000007,0.000018,]
[7,17,]   347   0.000334275   -6.24827e-040   1.50012e-049   [-0.000000,0.000017,]
[8,17,]   348   0.000462109   -4.94268e-040   3.01308e-048   [0.000005,0.000017,]
[9,17,]   349   0.000549125   -4.22246e-040   4.71324e-047   [0.000009,0.000015,]
[10,17,]   350   0.000562453   -3.85483e-040   5.74191e-046   [0.000010,0.000014,]
[11,17,]   351   0.000488749   -4.53823e-040   5.44777e-045   [0.000010,0.000013,]
[12,17,]   352   0.000356216   -6.08601e-040   4.02539e-044   [0.000009,0.000012,]
[13,17,]   353   0.000215132   -8.54867e-040   2.31645e-043   [0.000006,0.000012,]
[14,17,]   354   0.000105738   -1.22145e-039   1.03816e-042   [0.000002,0.000012,]
[15,17,]   355   4.14314e-005   -1.73733e-039   3.62354e-042   [-0.000005,0.000013,]
[16,17,]   356   1.26593e-005   -2.67255e-039   9.8498e-042   [-0.000015,0.000016,]
[17,17,]   357   3.36808e-006   -3.66007e-039   2.0852e-041   [-0.000028,0.000021,]
[18,17,]   358   9.6589e-007   -3.38523e-039   3.43792e-041   [-0.000010,0.000029,]
[19,17,]   359   2.39547e-007   -5.74843e-039   4.41437e-041   [0.000018,0.000036,]
[0,18,]   360   6.02024e-007   -5.56587e-039   1.03724e-061   [-0.000026,0.000028,]
[1,18,]   361   1.03008e-006   -4.68785e-039   1.19889e-059   [-0.000053,0.000024,]
[2,18,]   362   2.68881e-006   -3.56336e-039   1.07921e-057   [-0.000037,0.000023,]
[3,18,]   363   7.03679e-006   -2.97483e-039   7.56583e-056   [-0.000029,0.000024,]
[4,18,]   364   1.68725e-005   -2.65693e-039   4.1308e-054   [-0.000021,0.000024,]
[5,18,]   365   3.69528e-005   -2.22273e-039   1.75646e-052   [-0.000014,0.000025,]
[6,18,]   366   7.04546e-005   -1.87248e-039   5.8166e-051   [-0.000007,0.000025,]
[7,18,]   367   0.000114677   -1.61542e-039   1.50012e-049   [-0.000001,0.000025,]
[8,18,]   368   0.000158748   -1.46271e-039   3.01308e-048   [0.000004,0.000024,]
[9,18,]   369   0.00018824   -1.38499e-039   4.71324e-047   [0.000007,0.000024,]
[10,18,]   370   0.000191707   -1.34987e-039   5.74191e-046   [0.000009,0.000023,]
[11,18,]   371   0.000165528   -1.412e-039   5.44777e-045   [0.000009,0.000022,]
[12,18,]   372   0.000119988   -1.57512e-039   4.02539e-044   [0.000008,0.000022,]
[13,18,]   373   7.23877e-005   -1.81847e-039   2.31645e-043   [0.000006,0.000021,]
[14,18,]   374   3.5812e-005   -2.16849e-039   1.03816e-042   [0.000003,0.000021,]
[15,18,]   375   1.4283e-005   -2.65726e-039   3.62354e-042   [-0.000003,0.000022,]
[16,18,]   376   4.51389e-006   -3.46082e-039   9.8498e-042   [-0.000011,0.000023,]
[17,18,]   377   1.21166e-006   -4.45603e-039   2.0852e-041   [-0.000022,0.000027,]
[18,18,]   378   3.24305e-007   -4.83954e-039   3.43792e-041   [-0.000003,0.000035,]
[19,18,]   379   8.06064e-008   -7.61292e-039   4.41437e-041   [0.000024,0.000040,]
[0,19,]   380   2.12402e-007   -7.36244e-039   1.03724e-061   [-0.000026,0.000041,]
[1,19,]   381   3.47738e-007   -6.49895e-039   1.19889e-059   [-0.000058,0.000035,]
[2,19,]   382   9.07644e-007   -5.17678e-039   1.07921e-057   [-0.000038,0.000033,]
[3,19,]   383   2.41661e-006   -4.4202e-039   7.56583e-056   [-0.000030,0.000031,]
[4,19,]   384   5.91106e-006   -3.98274e-039   4.1308e-054   [-0.000021,0.000031,]
[5,19,]   385   1.31243e-005   -3.49068e-039   1.75646e-052   [-0.000014,0.000031,]
[6,19,]   386   2.51596e-005   -3.11317e-039   5.8166e-051   [-0.000007,0.000032,]
[7,19,]   387   4.08655e-005   -2.84637e-039   1.50012e-049   [-0.000001,0.000031,]
[8,19,]   388   5.61307e-005   -2.69897e-039   3.01308e-048   [0.000003,0.000031,]
[9,19,]   389   6.58477e-005   -2.64327e-039   4.71324e-047   [0.000007,0.000030,]
[10,19,]   390   6.63158e-005   -2.64404e-039   5.74191e-046   [0.000009,0.000030,]
[11,19,]   391   5.67304e-005   -2.74105e-039   5.44777e-045   [0.000009,0.000030,]
[12,19,]   392   4.08939e-005   -2.92507e-039   4.02539e-044   [0.000008,0.000030,]
[13,19,]   393   2.46173e-005   -3.17085e-039   2.31645e-043   [0.000006,0.000029,]
[14,19,]   394   1.22016e-005   -3.49403e-039   1.03816e-042   [0.000002,0.000029,]
[15,19,]   395   4.9144e-006   -3.908e-039   3.62354e-042   [-0.000003,0.000029,]
[16,19,]   396   1.6002e-006   -4.52586e-039   9.8498e-042   [-0.000009,0.000029,]
[17,19,]   397   4.58775e-007   -5.25692e-039   2.0852e-041   [-0.000016,0.000032,]
[18,19,]   398   1.31028e-007   -5.83404e-039   3.43792e-041   [0.000002,0.000040,]
[19,19,]   399   3.48912e-008   -8.12233e-039   4.41437e-041   [0.000026,0.000042,]
