coordinates  index   rho      Q      V    velocities 
[0,0,]   0   3.20126e-008   -8.47671e-039   1.03724e-061   [0.000026,-0.000028,]
[1,0,]   1   1.14215e-007   -5.9848e-039   1.19889e-059   [0.000016,-0.000022,]
[2,0,]   2   3.71567e-007   -5.4272e-039   1.07921e-057   [0.000022,-0.000017,]
[3,0,]   3   1.18813e-006   -4.73074e-039   7.56583e-056   [0.000016,-0.000014,]
[4,0,]   4   3.43724e-006   -4.11086e-039   4.1308e-054   [0.000009,-0.000012,]
[5,0,]   5   8.36607e-006   -3.6638e-039   1.75646e-052   [0.000002,-0.000012,]
[6,0,]   6   1.6883e-005   -3.31623e-039   5.8166e-051   [-0.000002,-0.000012,]
[7,0,]   7   2.83058e-005   -3.0528e-039   1.50012e-049   [-0.000005,-0.000012,]
[8,0,]   8   3.97248e-005   -2.86659e-039   3.01308e-048   [-0.000007,-0.000012,]
[9,0,]   9   4.69702e-005   -2.76937e-039   4.71324e-047   [-0.000008,-0.000013,]
[10,0,]   10   4.70404e-005   -2.7703e-039   5.74191e-046   [-0.000007,-0.000014,]
[11,0,]   11   4.00521e-005   -2.85137e-039   5.44777e-045   [-0.000005,-0.000014,]
[12,0,]   12   2.88294e-005   -3.02216e-039   4.02539e-044   [-0.000001,-0.000015,]
[13,0,]   13   1.73775e-005   -3.29819e-039   2.31645e-043   [0.000003,-0.000015,]
[14,0,]   14   8.74534e-006   -3.68273e-039   1.03816e-042   [0.000009,-0.000015,]
[15,0,]   15   3.71871e-006   -4.17654e-039   3.62354e-042   [0.000016,-0.000014,]
[16,0,]   16   1.38605e-006   -4.72155e-039   9.8498e-042   [0.000024,-0.000013,]
[17,0,]   17   4.69437e-007   -5.43501e-039   2.0852e-041   [0.000032,-0.000012,]
[18,0,]   18   1.53771e-007   -6.40507e-039   3.43792e-041   [0.000041,-0.000014,]
[19,0,]   19   5.89105e-008   -8.26953e-039   4.41437e-041   [0.000044,-0.000017,]
[0,1,]   20   1.09562e-007   -6.34076e-039   1.03724e-061   [0.000026,-0.000022,]
[1,1,]   21   3.90603e-007   -4.16772e-039   1.19889e-059   [0.000021,-0.000019,]
[2,1,]   22   1.26992e-006   -4.02513e-039   1.07921e-057   [0.000026,-0.000015,]
[3,1,]   23   4.1568e-006   -3.35625e-039   7.56583e-056   [0.000019,-0.000011,]
[4,1,]   24   1.23237e-005   -2.62067e-039   4.1308e-054   [0.000010,-0.000009,]
[5,1,]   25   3.04184e-005   -2.09277e-039   1.75646e-052   [0.000003,-0.000008,]
[6,1,]   26   6.16684e-005   -1.71311e-039   5.8166e-051   [-0.000002,-0.000008,]
[7,1,]   27   0.000103167   -1.45492e-039   1.50012e-049   [-0.000006,-0.000008,]
[8,1,]   28   0.00014382   -1.29547e-039   3.01308e-048   [-0.000008,-0.000008,]
[9,1,]   29   0.000168517   -1.23075e-039   4.71324e-047   [-0.000009,-0.000009,]
[10,1,]   30   0.000167255   -1.25397e-039   5.74191e-046   [-0.000008,-0.000010,]
[11,1,]   31   0.000141443   -1.33625e-039   5.44777e-045   [-0.000006,-0.000011,]
[12,1,]   32   0.000101425   -1.49521e-039   4.02539e-044   [-0.000002,-0.000012,]
[13,1,]   33   6.10943e-005   -1.76121e-039   2.31645e-043   [0.000003,-0.000012,]
[14,1,]   34   3.0843e-005   -2.14256e-039   1.03816e-042   [0.000009,-0.000012,]
[15,1,]   35   1.32404e-005   -2.6215e-039   3.62354e-042   [0.000018,-0.000011,]
[16,1,]   36   5.03937e-006   -3.07117e-039   9.8498e-042   [0.000026,-0.000009,]
[17,1,]   37   1.76555e-006   -3.55664e-039   2.0852e-041   [0.000032,-0.000007,]
[18,1,]   38   6.02059e-007   -4.16825e-039   3.43792e-041   [0.000039,-0.000007,]
[19,1,]   39   2.35314e-007   -5.62723e-039   4.41437e-041   [0.000040,-0.000009,]
[0,2,]   40   3.83156e-007   -4.92769e-039   1.03724e-061   [0.000025,-0.000017,]
[1,2,]   41   1.27874e-006   -3.11408e-039   1.19889e-059   [0.000024,-0.000015,]
[2,2,]   42   3.91014e-006   -3.22223e-039   1.07921e-057   [0.000030,-0.000012,]
[3,2,]   43   1.2595e-005   -2.6299e-039   7.56583e-056   [0.000022,-0.000008,]
[4,2,]   44   3.77149e-005   -1.87095e-039   4.1308e-054   [0.000012,-0.000005,]
[5,2,]   45   9.40184e-005   -1.3284e-039   1.75646e-052   [0.000003,-0.000003,]
[6,2,]   46   0.000191392   -9.4203e-040   5.8166e-051   [-0.000002,-0.000003,]
[7,2,]   47   0.000319835   -6.81979e-040   1.50012e-049   [-0.000006,-0.000003,]
[8,2,]   48   0.000444117   -5.21241e-040   3.01308e-048   [-0.000009,-0.000004,]
[9,2,]   49   0.000518222   -4.53003e-040   4.71324e-047   [-0.000010,-0.000005,]
[10,2,]   50   0.00051324   -4.68692e-040   5.74191e-046   [-0.000009,-0.000006,]
[11,2,]   51   0.000434439   -5.3694e-040   5.44777e-045   [-0.000007,-0.000008,]
[12,2,]   52   0.000312319   -6.82512e-040   4.02539e-044   [-0.000002,-0.000008,]
[13,2,]   53   0.000188436   -9.45465e-040   2.31645e-043   [0.000003,-0.000009,]
[14,2,]   54   9.50977e-005   -1.3393e-039   1.03816e-042   [0.000010,-0.000008,]
[15,2,]   55   4.08427e-005   -1.8438e-039   3.62354e-042   [0.000019,-0.000007,]
[16,2,]   56   1.57147e-005   -2.30172e-039   9.8498e-042   [0.000028,-0.000004,]
[17,2,]   57   5.68005e-006   -2.75092e-039   2.0852e-041   [0.000034,-0.000002,]
[18,2,]   58   2.03808e-006   -3.2711e-039   3.43792e-041   [0.000039,0.000000,]
[19,2,]   59   8.33043e-007   -4.51802e-039   4.41437e-041   [0.000038,-0.000001,]
[0,3,]   60   1.14907e-006   -3.72985e-039   1.03724e-061   [0.000024,-0.000018,]
[1,3,]   61   3.5299e-006   -2.28234e-039   1.19889e-059   [0.000027,-0.000016,]
[2,3,]   62   9.90274e-006   -2.6399e-039   1.07921e-057   [0.000035,-0.000013,]
[3,3,]   63   3.09967e-005   -2.10562e-039   7.56583e-056   [0.000026,-0.000007,]
[4,3,]   64   9.39283e-005   -1.28135e-039   4.1308e-054   [0.000015,-0.000004,]
[5,3,]   65   0.0002373   -7.03549e-040   1.75646e-052   [0.000004,-0.000002,]
[6,3,]   66   0.000485753   -3.04837e-040   5.8166e-051   [-0.000002,-0.000001,]
[7,3,]   67   0.000810441   -4.52166e-041   1.50012e-049   [-0.000007,-0.000002,]
[8,3,]   68   0.00111924   1.09309e-040   3.01308e-048   [-0.000010,-0.000003,]
[9,3,]   69   0.00129868   1.68958e-040   4.71324e-047   [-0.000011,-0.000004,]
[10,3,]   70   0.00128296   1.49022e-040   5.74191e-046   [-0.000011,-0.000006,]
[11,3,]   71   0.00108808   8.58095e-041   5.44777e-045   [-0.000008,-0.000007,]
[12,3,]   72   0.000785395   -5.28898e-041   4.02539e-044   [-0.000003,-0.000008,]
[13,3,]   73   0.000475003   -3.15749e-040   2.31645e-043   [0.000003,-0.000009,]
[14,3,]   74   0.000239486   -7.2079e-040   1.03816e-042   [0.000011,-0.000008,]
[15,3,]   75   0.000102802   -1.24452e-039   3.62354e-042   [0.000022,-0.000006,]
[16,3,]   76   4.01023e-005   -1.68932e-039   9.8498e-042   [0.000031,-0.000003,]
[17,3,]   77   1.51069e-005   -2.06539e-039   2.0852e-041   [0.000037,0.000000,]
[18,3,]   78   5.7774e-006   -2.46823e-039   3.43792e-041   [0.000039,0.000002,]
[19,3,]   79   2.48113e-006   -3.50519e-039   4.41437e-041   [0.000035,0.000000,]
[0,4,]   80   2.95407e-006   -2.49212e-039   1.03724e-061   [0.000023,-0.000019,]
[1,4,]   81   8.22615e-006   -1.47945e-039   1.19889e-059   [0.000029,-0.000017,]
[2,4,]   82   2.0474e-005   -2.16275e-039   1.07921e-057   [0.000040,-0.000014,]
[3,4,]   83   6.08872e-005   -1.74874e-039   7.56583e-056   [0.000032,-0.000008,]
[4,4,]   84   0.00018736   -8.21148e-040   4.1308e-054   [0.000018,-0.000002,]
[5,4,]   85   0.000482507   -1.95621e-040   1.75646e-052   [0.000006,0.000000,]
[6,4,]   86   0.000995574   2.21229e-040   5.8166e-051   [-0.000002,0.000001,]
[7,4,]   87   0.00165691   4.80768e-040   1.50012e-049   [-0.000008,0.000000,]
[8,4,]   88   0.0022697   6.2606e-040   3.01308e-048   [-0.000011,-0.000001,]
[9,4,]   89   0.00261259   6.78294e-040   4.71324e-047   [-0.000013,-0.000003,]
[10,4,]   90   0.00257262   6.52241e-040   5.74191e-046   [-0.000013,-0.000005,]
[11,4,]   91   0.00218967   5.93555e-040   5.44777e-045   [-0.000009,-0.000007,]
[12,4,]   92   0.00159115   4.66018e-040   4.02539e-044   [-0.000004,-0.000009,]
[13,4,]   93   0.000965858   2.02754e-040   2.31645e-043   [0.000003,-0.000009,]
[14,4,]   94   0.000485905   -2.20167e-040   1.03816e-042   [0.000013,-0.000008,]
[15,4,]   95   0.000208086   -7.72702e-040   3.62354e-042   [0.000025,-0.000006,]
[16,4,]   96   8.26856e-005   -1.19924e-039   9.8498e-042   [0.000036,-0.000002,]
[17,4,]   97   3.29784e-005   -1.47369e-039   2.0852e-041   [0.000041,0.000003,]
[18,4,]   98   1.36674e-005   -1.73535e-039   3.43792e-041   [0.000039,0.000004,]
[19,4,]   99   6.18773e-006   -2.54299e-039   4.41437e-041   [0.000032,0.000001,]
[0,5,]   100   6.55354e-006   -1.19789e-039   1.03724e-061   [0.000020,-0.000020,]
[1,5,]   101   1.63648e-005   -6.55554e-040   1.19889e-059   [0.000030,-0.000019,]
[2,5,]   102   3.46279e-005   -1.72408e-039   1.07921e-057   [0.000045,-0.000018,]
[3,5,]   103   9.34599e-005   -1.59037e-039   7.56583e-056   [0.000040,-0.000009,]
[4,5,]   104   0.000293525   -5.02457e-040   4.1308e-054   [0.000023,-0.000001,]
[5,5,]   105   0.000779692   2.14363e-040   1.75646e-052   [0.000007,0.000003,]
[6,5,]   106   0.00162863   6.56876e-040   5.8166e-051   [-0.000002,0.000004,]
[7,5,]   107   0.00269899   9.16647e-040   1.50012e-049   [-0.000009,0.000003,]
[8,5,]   108   0.00364881   1.05286e-039   3.01308e-048   [-0.000013,0.000001,]
[9,5,]   109   0.00414405   1.0826e-039   4.71324e-047   [-0.000016,-0.000002,]
[10,5,]   110   0.00406254   1.05063e-039   5.74191e-046   [-0.000016,-0.000005,]
[11,5,]   111   0.00348441   1.00674e-039   5.44777e-045   [-0.000011,-0.000008,]
[12,5,]   112   0.00256183   8.91044e-040   4.02539e-044   [-0.000005,-0.000010,]
[13,5,]   113   0.00156448   6.27059e-040   2.31645e-043   [0.000004,-0.000011,]
[14,5,]   114   0.000783407   1.76599e-040   1.03816e-042   [0.000014,-0.000009,]
[15,5,]   115   0.000333109   -4.31047e-040   3.62354e-042   [0.000029,-0.000006,]
[16,5,]   116   0.000135926   -8.2373e-040   9.8498e-042   [0.000042,-0.000000,]
[17,5,]   117   5.89887e-005   -9.31053e-040   2.0852e-041   [0.000044,0.000006,]
[18,5,]   118   2.70925e-005   -1.02536e-039   3.43792e-041   [0.000037,0.000007,]
[19,5,]   119   1.29595e-005   -1.57959e-039   4.41437e-041   [0.000028,0.000002,]
[0,6,]   120   1.2601e-005   6.23131e-041   1.03724e-061   [0.000017,-0.000020,]
[1,6,]   121   2.81236e-005   1.71669e-040   1.19889e-059   [0.000029,-0.000021,]
[2,6,]   122   4.848e-005   -1.1685e-039   1.07921e-057   [0.000050,-0.000023,]
[3,6,]   123   0.000107509   -1.81403e-039   7.56583e-056   [0.000053,-0.000012,]
[4,6,]   124   0.00034828   -3.39499e-040   4.1308e-054   [0.000032,0.000002,]
[5,6,]   125   0.000976958   4.90722e-040   1.75646e-052   [0.000010,0.000007,]
[6,6,]   126   0.00208433   9.83589e-040   5.8166e-051   [-0.000002,0.000009,]
[7,6,]   127   0.00342675   1.24777e-039   1.50012e-049   [-0.000010,0.000008,]
[8,6,]   128   0.00452045   1.36154e-039   3.01308e-048   [-0.000017,0.000005,]
[9,6,]   129   0.00501581   1.41826e-039   4.71324e-047   [-0.000021,0.000000,]
[10,6,]   130   0.00487998   1.354e-039   5.74191e-046   [-0.000020,-0.000005,]
[11,6,]   131   0.00425533   1.29187e-039   5.44777e-045   [-0.000014,-0.000010,]
[12,6,]   132   0.00320326   1.20946e-039   4.02539e-044   [-0.000006,-0.000013,]
[13,6,]   133   0.00197744   9.38762e-040   2.31645e-043   [0.000004,-0.000014,]
[14,6,]   134   0.000979675   4.31033e-040   1.03816e-042   [0.000017,-0.000012,]
[15,6,]   135   0.000408876   -2.55782e-040   3.62354e-042   [0.000035,-0.000006,]
[16,6,]   136   0.000173807   -5.62763e-040   9.8498e-042   [0.000051,0.000002,]
[17,6,]   137   8.62432e-005   -3.8244e-040   2.0852e-041   [0.000048,0.000010,]
[18,6,]   138   4.51219e-005   -3.21408e-040   3.43792e-041   [0.000033,0.000010,]
[19,6,]   139   2.27885e-005   -6.15183e-040   4.41437e-041   [0.000022,0.000003,]
[0,7,]   140   2.11336e-005   1.13623e-039   1.03724e-061   [0.000013,-0.000019,]
[1,7,]   141   4.23232e-005   9.11035e-040   1.19889e-059   [0.000024,-0.000022,]
[2,7,]   142   5.81806e-005   -1.55704e-040   1.07921e-057   [0.000051,-0.000032,]
[3,7,]   143   8.58174e-005   -2.97758e-039   7.56583e-056   [0.000073,-0.000017,]
[4,7,]   144   0.000286608   -8.61054e-040   4.1308e-054   [0.000046,0.000007,]
[5,7,]   145   0.000916434   6.07477e-040   1.75646e-052   [0.000014,0.000017,]
[6,7,]   146   0.00203489   1.17942e-039   5.8166e-051   [-0.000002,0.000017,]
[7,7,]   147   0.00328861   1.4532e-039   1.50012e-049   [-0.000013,0.000016,]
[8,7,]   148   0.00411819   1.57086e-039   3.01308e-048   [-0.000021,0.000012,]
[9,7,]   149   0.00427292   1.40527e-039   4.71324e-047   [-0.000028,0.000004,]
[10,7,]   150   0.00411361   1.26648e-039   5.74191e-046   [-0.000028,-0.000007,]
[11,7,]   151   0.0037997   1.48198e-039   5.44777e-045   [-0.000020,-0.000016,]
[12,7,]   152   0.00300948   1.38427e-039   4.02539e-044   [-0.000009,-0.000021,]
[13,7,]   153   0.00189955   1.10395e-039   2.31645e-043   [0.000005,-0.000022,]
[14,7,]   154   0.000918706   5.15185e-040   1.03816e-042   [0.000021,-0.000019,]
[15,7,]   155   0.000360828   -5.62156e-040   3.62354e-042   [0.000046,-0.000009,]
[16,7,]   156   0.000163423   -6.72515e-040   9.8498e-042   [0.000065,0.000006,]
[17,7,]   157   0.000102972   2.82853e-040   2.0852e-041   [0.000049,0.000016,]
[18,7,]   158   6.33194e-005   3.66004e-040   3.43792e-041   [0.000027,0.000012,]
[19,7,]   159   3.36723e-005   3.3375e-040   4.41437e-041   [0.000015,0.000004,]
[0,8,]   160   3.10829e-005   1.89685e-039   1.03724e-061   [0.000008,-0.000017,]
[1,8,]   161   5.6604e-005   1.45304e-039   1.19889e-059   [0.000014,-0.000022,]
[2,8,]   162   6.35671e-005   1.45487e-039   1.07921e-057   [0.000045,-0.000040,]
[3,8,]   163   4.42022e-005   -6.81524e-039   7.56583e-056   [0.000106,-0.000035,]
[4,8,]   164   0.000141789   -3.63404e-039   4.1308e-054   [0.000074,0.000035,]
[5,8,]   165   0.000614155   9.93582e-041   1.75646e-052   [0.000017,0.000037,]
[6,8,]   166   0.00147832   9.85299e-040   5.8166e-051   [-0.000003,0.000035,]
[7,8,]   167   0.00229547   1.31752e-039   1.50012e-049   [-0.000015,0.000034,]
[8,8,]   168   0.00252288   1.19051e-039   3.01308e-048   [-0.000029,0.000030,]
[9,8,]   169   0.00223614   5.54834e-040   4.71324e-047   [-0.000046,0.000025,]
[10,8,]   170   0.00215069   6.32386e-040   5.74191e-046   [-0.000046,-0.000003,]
[11,8,]   171   0.002244   9.0818e-040   5.44777e-045   [-0.000029,-0.000037,]
[12,8,]   172   0.00204039   1.06641e-039   4.02539e-044   [-0.000011,-0.000042,]
[13,8,]   173   0.00135534   7.76043e-040   2.31645e-043   [0.000006,-0.000042,]
[14,8,]   174   0.000615204   -6.3878e-041   1.03816e-042   [0.000027,-0.000038,]
[15,8,]   175   0.000207844   -1.75257e-039   3.62354e-042   [0.000069,-0.000014,]
[16,8,]   176   0.000104383   -2.09676e-039   9.8498e-042   [0.000090,0.000026,]
[17,8,]   177   0.000101848   1.27407e-039   2.0852e-041   [0.000043,0.000026,]
[18,8,]   178   7.54236e-005   1.03639e-039   3.43792e-041   [0.000019,0.000015,]
[19,8,]   179   4.19768e-005   1.20846e-039   4.41437e-041   [0.000008,0.000006,]
[0,9,]   180   3.99386e-005   2.33696e-039   1.03724e-061   [0.000003,-0.000013,]
[1,9,]   181   6.80539e-005   1.65843e-039   1.19889e-059   [0.000003,-0.000021,]
[2,9,]   182   6.7101e-005   1.83203e-039   1.07921e-057   [0.000021,-0.000041,]
[3,9,]   183   2.37487e-005   -1.10093e-038   7.56583e-056   [0.000124,-0.000111,]
[4,9,]   184   4.04433e-005   -1.6537e-038   4.1308e-054   [0.000139,0.000120,]
[5,9,]   185   0.000327466   -2.18392e-039   1.75646e-052   [-0.000005,0.000084,]
[6,9,]   186   0.000887222   -3.48274e-040   5.8166e-051   [-0.000006,0.000071,]
[7,9,]   187   0.00124457   -3.58779e-040   1.50012e-049   [-0.000011,0.000077,]
[8,9,]   188   0.00100771   -2.04921e-039   3.01308e-048   [-0.000016,0.000098,]
[9,9,]   189   0.000523552   -8.352e-039   4.71324e-047   [-0.000091,0.000116,]
[10,9,]   190   0.000479665   -9.41425e-039   5.74191e-046   [-0.000118,-0.000093,]
[11,9,]   191   0.000855391   -3.70942e-039   5.44777e-045   [-0.000044,-0.000103,]
[12,9,]   192   0.00113881   -6.75139e-040   4.02539e-044   [-0.000007,-0.000082,]
[13,9,]   193   0.00084223   -4.61373e-040   2.31645e-043   [0.000007,-0.000076,]
[14,9,]   194   0.000321517   -2.71913e-039   1.03816e-042   [0.000031,-0.000085,]
[15,9,]   195   6.07026e-005   -1.14583e-038   3.62354e-042   [0.000131,-0.000099,]
[16,9,]   196   5.01899e-005   -3.23656e-039   9.8498e-042   [0.000081,0.000107,]
[17,9,]   197   8.48658e-005   1.81832e-039   2.0852e-041   [0.000021,0.000036,]
[18,9,]   198   7.63146e-005   1.47289e-039   3.43792e-041   [0.000009,0.000018,]
[19,9,]   199   4.44997e-005   1.9088e-039   4.41437e-041   [-0.000000,0.000009,]
[0,10,]   200   4.3987e-005   1.90914e-039   1.03724e-061   [-0.000003,-0.000009,]
[1,10,]   201   7.60675e-005   1.47735e-039   1.19889e-059   [-0.000009,-0.000018,]
[2,10,]   202   8.48564e-005   1.8277e-039   1.07921e-057   [-0.000022,-0.000036,]
[3,10,]   203   5.01765e-005   -3.23859e-039   7.56583e-056   [-0.000081,-0.000107,]
[4,10,]   204   6.07035e-005   -1.14579e-038   4.1308e-054   [-0.000131,0.000099,]
[5,10,]   205   0.00032152   -2.71904e-039   1.75646e-052   [-0.000031,0.000085,]
[6,10,]   206   0.000842226   -4.61368e-040   5.8166e-051   [-0.000007,0.000076,]
[7,10,]   207   0.0011388   -6.7515e-040   1.50012e-049   [0.000007,0.000082,]
[8,10,]   208   0.000855389   -3.70942e-039   3.01308e-048   [0.000044,0.000103,]
[9,10,]   209   0.000479664   -9.41425e-039   4.71324e-047   [0.000118,0.000093,]
[10,10,]   210   0.000523552   -8.352e-039   5.74191e-046   [0.000091,-0.000116,]
[11,10,]   211   0.00100771   -2.04921e-039   5.44777e-045   [0.000016,-0.000098,]
[12,10,]   212   0.00124458   -3.58782e-040   4.02539e-044   [0.000011,-0.000077,]
[13,10,]   213   0.000887232   -3.48181e-040   2.31645e-043   [0.000006,-0.000071,]
[14,10,]   214   0.000327461   -2.18389e-039   1.03816e-042   [0.000005,-0.000084,]
[15,10,]   215   4.04332e-005   -1.65422e-038   3.62354e-042   [-0.000139,-0.000120,]
[16,10,]   216   2.37587e-005   -1.10032e-038   9.8498e-042   [-0.000124,0.000111,]
[17,10,]   217   6.7116e-005   1.81956e-039   2.0852e-041   [-0.000021,0.000041,]
[18,10,]   218   6.83513e-005   1.65717e-039   3.43792e-041   [-0.000003,0.000021,]
[19,10,]   219   4.05143e-005   2.34047e-039   4.41437e-041   [-0.000007,0.000013,]
[0,11,]   220   4.18568e-005   1.21236e-039   1.03724e-061   [-0.000008,-0.000006,]
[1,11,]   221   7.538e-005   1.04026e-039   1.19889e-059   [-0.000019,-0.000015,]
[2,11,]   222   0.000101847   1.27599e-039   1.07921e-057   [-0.000043,-0.000026,]
[3,11,]   223   0.000104374   -2.09732e-039   7.56583e-056   [-0.000090,-0.000026,]
[4,11,]   224   0.000207844   -1.75244e-039   4.1308e-054   [-0.000069,0.000014,]
[5,11,]   225   0.000615203   -6.38618e-041   1.75646e-052   [-0.000027,0.000038,]
[6,11,]   226   0.00135533   7.76025e-040   5.8166e-051   [-0.000006,0.000042,]
[7,11,]   227   0.00204038   1.06641e-039   1.50012e-049   [0.000011,0.000042,]
[8,11,]   228   0.00224399   9.08184e-040   3.01308e-048   [0.000029,0.000037,]
[9,11,]   229   0.00215069   6.32388e-040   4.71324e-047   [0.000046,0.000003,]
[10,11,]   230   0.00223614   5.54832e-040   5.74191e-046   [0.000046,-0.000025,]
[11,11,]   231   0.00252289   1.1905e-039   5.44777e-045   [0.000029,-0.000030,]
[12,11,]   232   0.00229548   1.31752e-039   4.02539e-044   [0.000015,-0.000034,]
[13,11,]   233   0.00147834   9.85346e-040   2.31645e-043   [0.000003,-0.000035,]
[14,11,]   234   0.000614154   9.9442e-041   1.03816e-042   [-0.000017,-0.000037,]
[15,11,]   235   0.000141775   -3.63484e-039   3.62354e-042   [-0.000074,-0.000035,]
[16,11,]   236   4.42028e-005   -6.81534e-039   9.8498e-042   [-0.000106,0.000035,]
[17,11,]   237   6.35762e-005   1.44982e-039   2.0852e-041   [-0.000045,0.000040,]
[18,11,]   238   5.67303e-005   1.44942e-039   3.43792e-041   [-0.000015,0.000022,]
[19,11,]   239   3.13165e-005   1.89038e-039   4.41437e-041   [-0.000010,0.000017,]
[0,12,]   240   3.3928e-005   3.366e-040   1.03724e-061   [-0.000013,-0.000004,]
[1,12,]   241   6.34519e-005   3.64699e-040   1.19889e-059   [-0.000028,-0.000012,]
[2,12,]   242   0.000102974   2.78087e-040   1.07921e-057   [-0.000049,-0.000016,]
[3,12,]   243   0.000163425   -6.7241e-040   7.56583e-056   [-0.000066,-0.000006,]
[4,12,]   244   0.000360829   -5.62108e-040   4.1308e-054   [-0.000046,0.000009,]
[5,12,]   245   0.000918699   5.15163e-040   1.75646e-052   [-0.000021,0.000019,]
[6,12,]   246   0.00189953   1.10394e-039   5.8166e-051   [-0.000005,0.000022,]
[7,12,]   247   0.00300947   1.38427e-039   1.50012e-049   [0.000009,0.000021,]
[8,12,]   248   0.00379969   1.48199e-039   3.01308e-048   [0.000020,0.000016,]
[9,12,]   249   0.00411361   1.26649e-039   4.71324e-047   [0.000028,0.000007,]
[10,12,]   250   0.00427293   1.40526e-039   5.74191e-046   [0.000028,-0.000004,]
[11,12,]   251   0.00411819   1.57085e-039   5.44777e-045   [0.000021,-0.000012,]
[12,12,]   252   0.00328863   1.45319e-039   4.02539e-044   [0.000013,-0.000016,]
[13,12,]   253   0.00203492   1.17945e-039   2.31645e-043   [0.000002,-0.000017,]
[14,12,]   254   0.000916441   6.07565e-040   1.03816e-042   [-0.000014,-0.000017,]
[15,12,]   255   0.000286592   -8.61183e-040   3.62354e-042   [-0.000046,-0.000007,]
[16,12,]   256   8.58049e-005   -2.9783e-039   9.8498e-042   [-0.000073,0.000017,]
[17,12,]   257   5.81711e-005   -1.53465e-040   2.0852e-041   [-0.000052,0.000032,]
[18,12,]   258   4.22782e-005   9.10775e-040   3.43792e-041   [-0.000024,0.000022,]
[19,12,]   259   2.10525e-005   1.13234e-039   4.41437e-041   [-0.000012,0.000020,]
[0,13,]   260   2.32094e-005   -6.07604e-040   1.03724e-061   [-0.000017,-0.000003,]
[1,13,]   261   4.53224e-005   -3.28518e-040   1.19889e-059   [-0.000033,-0.000010,]
[2,13,]   262   8.62436e-005   -3.92407e-040   1.07921e-057   [-0.000048,-0.000010,]
[3,13,]   263   0.000173816   -5.62359e-040   7.56583e-056   [-0.000051,-0.000002,]
[4,13,]   264   0.000408876   -2.55832e-040   4.1308e-054   [-0.000035,0.000006,]
[5,13,]   265   0.000979666   4.31004e-040   1.75646e-052   [-0.000017,0.000012,]
[6,13,]   266   0.00197743   9.38743e-040   5.8166e-051   [-0.000004,0.000014,]
[7,13,]   267   0.00320325   1.20946e-039   1.50012e-049   [0.000006,0.000013,]
[8,13,]   268   0.00425533   1.29188e-039   3.01308e-048   [0.000014,0.000010,]
[9,13,]   269   0.00487998   1.354e-039   4.71324e-047   [0.000020,0.000005,]
[10,13,]   270   0.00501581   1.41826e-039   5.74191e-046   [0.000021,-0.000000,]
[11,13,]   271   0.00452045   1.36153e-039   5.44777e-045   [0.000017,-0.000005,]
[12,13,]   272   0.00342677   1.24776e-039   4.02539e-044   [0.000010,-0.000008,]
[13,13,]   273   0.00208436   9.83615e-040   2.31645e-043   [0.000002,-0.000009,]
[14,13,]   274   0.000976969   4.9081e-040   1.03816e-042   [-0.000010,-0.000007,]
[15,13,]   275   0.000348268   -3.39458e-040   3.62354e-042   [-0.000032,-0.000002,]
[16,13,]   276   0.00010749   -1.81424e-039   9.8498e-042   [-0.000053,0.000012,]
[17,13,]   277   4.84561e-005   -1.16111e-039   2.0852e-041   [-0.000050,0.000023,]
[18,13,]   278   2.79965e-005   1.76121e-040   3.43792e-041   [-0.000029,0.000021,]
[19,13,]   279   1.23785e-005   5.52495e-041   4.41437e-041   [-0.000013,0.000020,]
[0,14,]   280   1.33228e-005   -1.56795e-039   1.03724e-061   [-0.000020,-0.000002,]
[1,14,]   281   2.72596e-005   -1.03903e-039   1.19889e-059   [-0.000037,-0.000007,]
[2,14,]   282   5.89871e-005   -9.44363e-040   1.07921e-057   [-0.000044,-0.000006,]
[3,14,]   283   0.000135936   -8.23144e-040   7.56583e-056   [-0.000042,0.000000,]
[4,14,]   284   0.000333109   -4.31132e-040   4.1308e-054   [-0.000029,0.000006,]
[5,14,]   285   0.000783399   1.76566e-040   1.75646e-052   [-0.000014,0.000009,]
[6,14,]   286   0.00156447   6.27041e-040   5.8166e-051   [-0.000004,0.000011,]
[7,14,]   287   0.00256182   8.91046e-040   1.50012e-049   [0.000005,0.000010,]
[8,14,]   288   0.00348441   1.00674e-039   3.01308e-048   [0.000011,0.000008,]
[9,14,]   289   0.00406254   1.05063e-039   4.71324e-047   [0.000016,0.000005,]
[10,14,]   290   0.00414405   1.08259e-039   5.74191e-046   [0.000016,0.000002,]
[11,14,]   291   0.00364881   1.05285e-039   5.44777e-045   [0.000013,-0.000001,]
[12,14,]   292   0.00269901   9.16643e-040   4.02539e-044   [0.000009,-0.000003,]
[13,14,]   293   0.00162865   6.56899e-040   2.31645e-043   [0.000002,-0.000004,]
[14,14,]   294   0.000779702   2.14442e-040   1.03816e-042   [-0.000007,-0.000003,]
[15,14,]   295   0.000293518   -5.02361e-040   3.62354e-042   [-0.000023,0.000001,]
[16,14,]   296   9.34432e-005   -1.59023e-039   9.8498e-042   [-0.000040,0.000009,]
[17,14,]   297   3.46032e-005   -1.71337e-039   2.0852e-041   [-0.000045,0.000018,]
[18,14,]   298   1.62448e-005   -6.44954e-040   3.43792e-041   [-0.000030,0.000019,]
[19,14,]   299   6.34765e-006   -1.21377e-039   4.41437e-041   [-0.000013,0.000020,]
[0,15,]   300   6.41057e-006   -2.52636e-039   1.03724e-061   [-0.000023,-0.000001,]
[1,15,]   301   1.3768e-005   -1.75492e-039   1.19889e-059   [-0.000039,-0.000004,]
[2,15,]   302   3.29767e-005   -1.48897e-039   1.07921e-057   [-0.000041,-0.000003,]
[3,15,]   303   8.26927e-005   -1.19852e-039   7.56583e-056   [-0.000036,0.000002,]
[4,15,]   304   0.000208086   -7.72805e-040   4.1308e-054   [-0.000025,0.000006,]
[5,15,]   305   0.0004859   -2.20202e-040   1.75646e-052   [-0.000013,0.000008,]
[6,15,]   306   0.000965848   2.02736e-040   5.8166e-051   [-0.000003,0.000009,]
[7,15,]   307   0.00159115   4.6602e-040   1.50012e-049   [0.000004,0.000009,]
[8,15,]   308   0.00218967   5.93559e-040   3.01308e-048   [0.000009,0.000007,]
[9,15,]   309   0.00257262   6.52242e-040   4.71324e-047   [0.000013,0.000005,]
[10,15,]   310   0.00261259   6.78293e-040   5.74191e-046   [0.000013,0.000003,]
[11,15,]   311   0.00226971   6.26055e-040   5.44777e-045   [0.000011,0.000001,]
[12,15,]   312   0.00165691   4.80764e-040   4.02539e-044   [0.000008,-0.000000,]
[13,15,]   313   0.000995585   2.2125e-040   2.31645e-043   [0.000002,-0.000001,]
[14,15,]   314   0.000482514   -1.95547e-040   1.03816e-042   [-0.000006,-0.000000,]
[15,15,]   315   0.000187356   -8.21028e-040   3.62354e-042   [-0.000018,0.000002,]
[16,15,]   316   6.08765e-005   -1.7484e-039   9.8498e-042   [-0.000032,0.000008,]
[17,15,]   317   2.04568e-005   -2.15017e-039   2.0852e-041   [-0.000040,0.000014,]
[18,15,]   318   8.14969e-006   -1.46225e-039   3.43792e-041   [-0.000028,0.000017,]
[19,15,]   319   2.82472e-006   -2.52278e-039   4.41437e-041   [-0.000012,0.000019,]
[0,16,]   320   2.58682e-006   -3.48275e-039   1.03724e-061   [-0.000024,0.000000,]
[1,16,]   321   5.82464e-006   -2.49274e-039   1.19889e-059   [-0.000040,-0.000002,]
[2,16,]   322   1.51058e-005   -2.08179e-039   1.07921e-057   [-0.000037,-0.000000,]
[3,16,]   323   4.01062e-005   -1.68853e-039   7.56583e-056   [-0.000031,0.000003,]
[4,16,]   324   0.000102803   -1.24463e-039   4.1308e-054   [-0.000022,0.000006,]
[5,16,]   325   0.000239483   -7.20827e-040   1.75646e-052   [-0.000011,0.000008,]
[6,16,]   326   0.000474998   -3.15767e-040   5.8166e-051   [-0.000003,0.000009,]
[7,16,]   327   0.000785391   -5.28873e-041   1.50012e-049   [0.000003,0.000008,]
[8,16,]   328   0.00108808   8.58141e-041   3.01308e-048   [0.000008,0.000007,]
[9,16,]   329   0.00128296   1.49024e-040   4.71324e-047   [0.000011,0.000006,]
[10,16,]   330   0.00129868   1.68957e-040   5.74191e-046   [0.000011,0.000004,]
[11,16,]   331   0.00111924   1.09305e-040   5.44777e-045   [0.000010,0.000003,]
[12,16,]   332   0.000810445   -4.52205e-041   4.02539e-044   [0.000007,0.000002,]
[13,16,]   333   0.000485758   -3.04817e-040   2.31645e-043   [0.000002,0.000001,]
[14,16,]   334   0.000237303   -7.03478e-040   1.03816e-042   [-0.000004,0.000002,]
[15,16,]   335   9.39267e-005   -1.28122e-039   3.62354e-042   [-0.000015,0.000004,]
[16,16,]   336   3.09914e-005   -2.10516e-039   9.8498e-042   [-0.000026,0.000007,]
[17,16,]   337   9.89385e-006   -2.62642e-039   2.0852e-041   [-0.000035,0.000013,]
[18,16,]   338   3.4927e-006   -2.25884e-039   3.43792e-041   [-0.000026,0.000016,]
[19,16,]   339   1.08683e-006   -3.77748e-039   4.41437e-041   [-0.000011,0.000018,]
[0,17,]   340   8.7313e-007   -4.48937e-039   1.03724e-061   [-0.000025,0.000001,]
[1,17,]   341   2.05594e-006   -3.29949e-039   1.19889e-059   [-0.000040,-0.000000,]
[2,17,]   342   5.67959e-006   -2.76774e-039   1.07921e-057   [-0.000034,0.000002,]
[3,17,]   343   1.57163e-005   -2.30064e-039   7.56583e-056   [-0.000028,0.000004,]
[4,17,]   344   4.08428e-005   -1.84383e-039   4.1308e-054   [-0.000019,0.000007,]
[5,17,]   345   9.50966e-005   -1.33935e-039   1.75646e-052   [-0.000010,0.000008,]
[6,17,]   346   0.000188434   -9.45533e-040   5.8166e-051   [-0.000003,0.000009,]
[7,17,]   347   0.000312317   -6.82551e-040   1.50012e-049   [0.000002,0.000008,]
[8,17,]   348   0.000434438   -5.36955e-040   3.01308e-048   [0.000007,0.000008,]
[9,17,]   349   0.00051324   -4.68691e-040   4.71324e-047   [0.000009,0.000006,]
[10,17,]   350   0.000518222   -4.53004e-040   5.74191e-046   [0.000010,0.000005,]
[11,17,]   351   0.000444117   -5.21261e-040   5.44777e-045   [0.000009,0.000004,]
[12,17,]   352   0.000319836   -6.82014e-040   4.02539e-044   [0.000006,0.000003,]
[13,17,]   353   0.000191394   -9.4205e-040   2.31645e-043   [0.000002,0.000003,]
[14,17,]   354   9.40197e-005   -1.32835e-039   1.03816e-042   [-0.000003,0.000003,]
[15,17,]   355   3.77143e-005   -1.87074e-039   3.62354e-042   [-0.000012,0.000005,]
[16,17,]   356   1.25929e-005   -2.62907e-039   9.8498e-042   [-0.000022,0.000008,]
[17,17,]   357   3.90652e-006   -3.2078e-039   2.0852e-041   [-0.000030,0.000012,]
[18,17,]   358   1.26431e-006   -3.08473e-039   3.43792e-041   [-0.000023,0.000015,]
[19,17,]   359   3.59186e-007   -4.9922e-039   4.41437e-041   [-0.000009,0.000017,]
[0,18,]   360   2.4786e-007   -5.60506e-039   1.03724e-061   [-0.000026,0.000009,]
[1,18,]   361   6.0761e-007   -4.20198e-039   1.19889e-059   [-0.000040,0.000007,]
[2,18,]   362   1.76509e-006   -3.5739e-039   1.07921e-057   [-0.000032,0.000007,]
[3,18,]   363   5.03919e-006   -3.07004e-039   7.56583e-056   [-0.000026,0.000009,]
[4,18,]   364   1.32397e-005   -2.6215e-039   4.1308e-054   [-0.000018,0.000011,]
[5,18,]   365   3.0843e-005   -2.14259e-039   1.75646e-052   [-0.000009,0.000012,]
[6,18,]   366   6.10954e-005   -1.7613e-039   5.8166e-051   [-0.000003,0.000012,]
[7,18,]   367   0.000101427   -1.49529e-039   1.50012e-049   [0.000002,0.000012,]
[8,18,]   368   0.000141444   -1.33629e-039   3.01308e-048   [0.000006,0.000011,]
[9,18,]   369   0.000167255   -1.254e-039   4.71324e-047   [0.000008,0.000010,]
[10,18,]   370   0.000168517   -1.23077e-039   5.74191e-046   [0.000009,0.000009,]
[11,18,]   371   0.000143822   -1.29551e-039   5.44777e-045   [0.000008,0.000008,]
[12,18,]   372   0.00010317   -1.45498e-039   4.02539e-044   [0.000006,0.000008,]
[13,18,]   373   6.16706e-005   -1.71316e-039   2.31645e-043   [0.000002,0.000008,]
[14,18,]   374   3.04192e-005   -2.09269e-039   1.03816e-042   [-0.000003,0.000008,]
[15,18,]   375   1.2323e-005   -2.62038e-039   3.62354e-042   [-0.000010,0.000009,]
[16,18,]   376   4.15536e-006   -3.35532e-039   9.8498e-042   [-0.000019,0.000011,]
[17,18,]   377   1.26832e-006   -4.01031e-039   2.0852e-041   [-0.000027,0.000015,]
[18,18,]   378   3.85928e-007   -4.13054e-039   3.43792e-041   [-0.000021,0.000019,]
[19,18,]   379   1.01971e-007   -6.41084e-039   4.41437e-041   [-0.000008,0.000023,]
[0,19,]   380   6.30231e-008   -8.18955e-039   1.03724e-061   [-0.000026,0.000017,]
[1,19,]   381   1.55491e-007   -6.44355e-039   1.19889e-059   [-0.000042,0.000013,]
[2,19,]   382   4.68801e-007   -5.45982e-039   1.07921e-057   [-0.000032,0.000012,]
[3,19,]   383   1.3848e-006   -4.72354e-039   7.56583e-056   [-0.000024,0.000013,]
[4,19,]   384   3.71728e-006   -4.17774e-039   4.1308e-054   [-0.000017,0.000014,]
[5,19,]   385   8.74589e-006   -3.68238e-039   1.75646e-052   [-0.000009,0.000015,]
[6,19,]   386   1.73809e-005   -3.29776e-039   5.8166e-051   [-0.000003,0.000015,]
[7,19,]   387   2.88342e-005   -3.02187e-039   1.50012e-049   [0.000001,0.000015,]
[8,19,]   388   4.00552e-005   -2.85132e-039   3.01308e-048   [0.000005,0.000014,]
[9,19,]   389   4.70403e-005   -2.77052e-039   4.71324e-047   [0.000007,0.000014,]
[10,19,]   390   4.69699e-005   -2.76958e-039   5.74191e-046   [0.000008,0.000013,]
[11,19,]   391   3.97273e-005   -2.86654e-039   5.44777e-045   [0.000007,0.000012,]
[12,19,]   392   2.83097e-005   -3.0526e-039   4.02539e-044   [0.000005,0.000012,]
[13,19,]   393   1.68861e-005   -3.31587e-039   2.31645e-043   [0.000002,0.000012,]
[14,19,]   394   8.36699e-006   -3.66319e-039   1.03816e-042   [-0.000002,0.000012,]
[15,19,]   395   3.43604e-006   -4.1111e-039   3.62354e-042   [-0.000009,0.000012,]
[16,19,]   396   1.18639e-006   -4.73341e-039   9.8498e-042   [-0.000016,0.000014,]
[17,19,]   397   3.70314e-007   -5.418e-039   2.0852e-041   [-0.000022,0.000017,]
[18,19,]   398   1.12485e-007   -5.94687e-039   3.43792e-041   [-0.000016,0.000023,]
[19,19,]   399   2.94718e-008   -8.59576e-039   4.41437e-041   [-0.000004,0.000027,]
