coordinates  index   rho      Q      V    velocities 
[0,0,]   0   3.73911e-008   -8.14431e-039   1.03724e-061   [0.000026,-0.000037,]
[1,0,]   1   1.24193e-007   -5.92978e-039   1.19889e-059   [0.000009,-0.000032,]
[2,0,]   2   4.03376e-007   -5.36642e-039   1.07921e-057   [0.000019,-0.000024,]
[3,0,]   3   1.32241e-006   -4.66357e-039   7.56583e-056   [0.000013,-0.000021,]
[4,0,]   4   3.91294e-006   -4.0443e-039   4.1308e-054   [0.000006,-0.000021,]
[5,0,]   5   9.60677e-006   -3.61429e-039   1.75646e-052   [0.000000,-0.000021,]
[6,0,]   6   1.94072e-005   -3.2783e-039   5.8166e-051   [-0.000004,-0.000021,]
[7,0,]   7   3.24664e-005   -3.02189e-039   1.50012e-049   [-0.000007,-0.000021,]
[8,0,]   8   4.54333e-005   -2.83478e-039   3.01308e-048   [-0.000008,-0.000021,]
[9,0,]   9   5.35574e-005   -2.73523e-039   4.71324e-047   [-0.000008,-0.000021,]
[10,0,]   10   5.35175e-005   -2.73597e-039   5.74191e-046   [-0.000007,-0.000022,]
[11,0,]   11   4.56348e-005   -2.80749e-039   5.44777e-045   [-0.000004,-0.000023,]
[12,0,]   12   3.30176e-005   -2.96884e-039   4.02539e-044   [-0.000000,-0.000023,]
[13,0,]   13   2.00658e-005   -3.24335e-039   2.31645e-043   [0.000005,-0.000024,]
[14,0,]   14   1.02326e-005   -3.63073e-039   1.03816e-042   [0.000011,-0.000023,]
[15,0,]   15   4.45108e-006   -4.12607e-039   3.62354e-042   [0.000019,-0.000022,]
[16,0,]   16   1.72529e-006   -4.62451e-039   9.8498e-042   [0.000027,-0.000022,]
[17,0,]   17   6.1148e-007   -5.30915e-039   2.0852e-041   [0.000035,-0.000023,]
[18,0,]   18   2.0922e-007   -6.422e-039   3.43792e-041   [0.000046,-0.000026,]
[19,0,]   19   9.05713e-008   -7.9873e-039   4.41437e-041   [0.000052,-0.000031,]
[0,1,]   20   1.04735e-007   -6.72955e-039   1.03724e-061   [0.000026,-0.000031,]
[1,1,]   21   3.63773e-007   -4.46456e-039   1.19889e-059   [0.000015,-0.000027,]
[2,1,]   22   1.22126e-006   -4.26105e-039   1.07921e-057   [0.000024,-0.000021,]
[3,1,]   23   4.21191e-006   -3.43985e-039   7.56583e-056   [0.000015,-0.000017,]
[4,1,]   24   1.28936e-005   -2.64743e-039   4.1308e-054   [0.000007,-0.000015,]
[5,1,]   25   3.21402e-005   -2.12936e-039   1.75646e-052   [0.000000,-0.000014,]
[6,1,]   26   6.51999e-005   -1.76148e-039   5.8166e-051   [-0.000004,-0.000014,]
[7,1,]   27   0.000108804   -1.50892e-039   1.50012e-049   [-0.000007,-0.000014,]
[8,1,]   28   0.000151161   -1.34774e-039   3.01308e-048   [-0.000008,-0.000015,]
[9,1,]   29   0.000176312   -1.28473e-039   4.71324e-047   [-0.000009,-0.000015,]
[10,1,]   30   0.000174147   -1.31715e-039   5.74191e-046   [-0.000008,-0.000016,]
[11,1,]   31   0.000147035   -1.40074e-039   5.44777e-045   [-0.000005,-0.000017,]
[12,1,]   32   0.000105711   -1.55787e-039   4.02539e-044   [-0.000001,-0.000018,]
[13,1,]   33   6.4149e-005   -1.82181e-039   2.31645e-043   [0.000005,-0.000018,]
[14,1,]   34   3.2871e-005   -2.19292e-039   1.03816e-042   [0.000011,-0.000018,]
[15,1,]   35   1.44852e-005   -2.64926e-039   3.62354e-042   [0.000019,-0.000017,]
[16,1,]   36   5.74629e-006   -3.03e-039   9.8498e-042   [0.000027,-0.000016,]
[17,1,]   37   2.09633e-006   -3.51009e-039   2.0852e-041   [0.000034,-0.000015,]
[18,1,]   38   7.36199e-007   -4.33591e-039   3.43792e-041   [0.000043,-0.000015,]
[19,1,]   39   3.18704e-007   -5.64465e-039   4.41437e-041   [0.000047,-0.000018,]
[0,2,]   40   3.46023e-007   -5.07185e-039   1.03724e-061   [0.000025,-0.000025,]
[1,2,]   41   1.1504e-006   -3.20962e-039   1.19889e-059   [0.000019,-0.000021,]
[2,2,]   42   3.61518e-006   -3.42482e-039   1.07921e-057   [0.000029,-0.000016,]
[3,2,]   43   1.23901e-005   -2.67644e-039   7.56583e-056   [0.000019,-0.000011,]
[4,2,]   44   3.86998e-005   -1.82829e-039   4.1308e-054   [0.000009,-0.000009,]
[5,2,]   45   9.78086e-005   -1.28976e-039   1.75646e-052   [0.000001,-0.000007,]
[6,2,]   46   0.000199469   -9.12354e-040   5.8166e-051   [-0.000004,-0.000007,]
[7,2,]   47   0.000332514   -6.57497e-040   1.50012e-049   [-0.000007,-0.000007,]
[8,2,]   48   0.000459855   -4.96069e-040   3.01308e-048   [-0.000009,-0.000008,]
[9,2,]   49   0.000533533   -4.28879e-040   4.71324e-047   [-0.000010,-0.000009,]
[10,2,]   50   0.000525055   -4.5454e-040   5.74191e-046   [-0.000009,-0.000010,]
[11,2,]   51   0.000443208   -5.22433e-040   5.44777e-045   [-0.000006,-0.000012,]
[12,2,]   52   0.000319312   -6.61856e-040   4.02539e-044   [-0.000001,-0.000012,]
[13,2,]   53   0.000194141   -9.20927e-040   2.31645e-043   [0.000005,-0.000013,]
[14,2,]   54   9.95816e-005   -1.30401e-039   1.03816e-042   [0.000012,-0.000012,]
[15,2,]   55   4.40295e-005   -1.78331e-039   3.62354e-042   [0.000021,-0.000011,]
[16,2,]   56   1.77346e-005   -2.16086e-039   9.8498e-042   [0.000029,-0.000009,]
[17,2,]   57   6.69246e-006   -2.5918e-039   2.0852e-041   [0.000036,-0.000006,]
[18,2,]   58   2.47051e-006   -3.31051e-039   3.43792e-041   [0.000043,-0.000005,]
[19,2,]   59   1.11058e-006   -4.40872e-039   4.41437e-041   [0.000044,-0.000006,]
[0,3,]   60   9.94355e-007   -3.76216e-039   1.03724e-061   [0.000024,-0.000025,]
[1,3,]   61   3.103e-006   -2.30305e-039   1.19889e-059   [0.000023,-0.000021,]
[2,3,]   62   8.84882e-006   -2.90968e-039   1.07921e-057   [0.000035,-0.000016,]
[3,3,]   63   2.96886e-005   -2.19122e-039   7.56583e-056   [0.000024,-0.000010,]
[4,3,]   64   9.49946e-005   -1.24055e-039   4.1308e-054   [0.000011,-0.000007,]
[5,3,]   65   0.000244471   -6.60306e-040   1.75646e-052   [0.000002,-0.000005,]
[6,3,]   66   0.000501989   -2.71714e-040   5.8166e-051   [-0.000004,-0.000005,]
[7,3,]   67   0.000835535   -1.83093e-041   1.50012e-049   [-0.000008,-0.000005,]
[8,3,]   68   0.00114865   1.37911e-040   3.01308e-048   [-0.000010,-0.000006,]
[9,3,]   69   0.00132349   1.91412e-040   4.71324e-047   [-0.000012,-0.000007,]
[10,3,]   70   0.00129711   1.60524e-040   5.74191e-046   [-0.000010,-0.000009,]
[11,3,]   71   0.00109579   9.87958e-041   5.44777e-045   [-0.000007,-0.000010,]
[12,3,]   72   0.000792276   -3.49952e-041   4.02539e-044   [-0.000002,-0.000011,]
[13,3,]   73   0.000483048   -2.93073e-040   2.31645e-043   [0.000005,-0.000012,]
[14,3,]   74   0.000247935   -6.84944e-040   1.03816e-042   [0.000013,-0.000011,]
[15,3,]   75   0.000109921   -1.1805e-039   3.62354e-042   [0.000023,-0.000009,]
[16,3,]   76   4.51084e-005   -1.53374e-039   9.8498e-042   [0.000032,-0.000007,]
[17,3,]   77   1.77706e-005   -1.89659e-039   2.0852e-041   [0.000039,-0.000004,]
[18,3,]   78   6.97382e-006   -2.50176e-039   3.43792e-041   [0.000043,-0.000002,]
[19,3,]   79   3.26556e-006   -3.41509e-039   4.41437e-041   [0.000041,-0.000005,]
[0,4,]   80   2.47099e-006   -2.39909e-039   1.03724e-061   [0.000023,-0.000026,]
[1,4,]   81   7.10946e-006   -1.42267e-039   1.19889e-059   [0.000027,-0.000023,]
[2,4,]   82   1.7684e-005   -2.50842e-039   1.07921e-057   [0.000041,-0.000018,]
[3,4,]   83   5.63972e-005   -1.92744e-039   7.56583e-056   [0.000030,-0.000010,]
[4,4,]   84   0.000186644   -7.80036e-040   4.1308e-054   [0.000015,-0.000005,]
[5,4,]   85   0.0004925   -1.66154e-040   1.75646e-052   [0.000003,-0.000002,]
[6,4,]   86   0.00102101   2.39342e-040   5.8166e-051   [-0.000004,-0.000002,]
[7,4,]   87   0.00169558   4.93245e-040   1.50012e-049   [-0.000009,-0.000002,]
[8,4,]   88   0.00231087   6.38149e-040   3.01308e-048   [-0.000012,-0.000004,]
[9,4,]   89   0.00263916   6.98502e-040   4.71324e-047   [-0.000014,-0.000006,]
[10,4,]   90   0.0025723   6.55107e-040   5.74191e-046   [-0.000012,-0.000008,]
[11,4,]   91   0.00217715   5.84929e-040   5.44777e-045   [-0.000009,-0.000010,]
[12,4,]   92   0.00158408   4.66366e-040   4.02539e-044   [-0.000003,-0.000011,]
[13,4,]   93   0.000969817   2.06678e-040   2.31645e-043   [0.000005,-0.000012,]
[14,4,]   94   0.000497695   -2.01559e-040   1.03816e-042   [0.000014,-0.000011,]
[15,4,]   95   0.000221039   -7.13462e-040   3.62354e-042   [0.000026,-0.000008,]
[16,4,]   96   9.29622e-005   -1.03092e-039   9.8498e-042   [0.000036,-0.000005,]
[17,4,]   97   3.87868e-005   -1.31246e-039   2.0852e-041   [0.000042,-0.000001,]
[18,4,]   98   1.64122e-005   -1.78704e-039   3.43792e-041   [0.000042,0.000001,]
[19,4,]   99   8.0112e-006   -2.50319e-039   4.41437e-041   [0.000037,-0.000003,]
[0,5,]   100   5.3829e-006   -1.01625e-039   1.03724e-061   [0.000020,-0.000027,]
[1,5,]   101   1.40491e-005   -5.14964e-040   1.19889e-059   [0.000030,-0.000024,]
[2,5,]   102   2.91413e-005   -2.06499e-039   1.07921e-057   [0.000048,-0.000023,]
[3,5,]   103   8.27183e-005   -1.93292e-039   7.56583e-056   [0.000039,-0.000010,]
[4,5,]   104   0.000287114   -4.73902e-040   4.1308e-054   [0.000020,-0.000003,]
[5,5,]   105   0.000790894   2.53986e-040   1.75646e-052   [0.000005,0.000001,]
[6,5,]   106   0.00166344   6.73561e-040   5.8166e-051   [-0.000004,0.000002,]
[7,5,]   107   0.00275117   9.23571e-040   1.50012e-049   [-0.000010,0.000001,]
[8,5,]   108   0.00369887   1.07459e-039   3.01308e-048   [-0.000014,-0.000001,]
[9,5,]   109   0.0041529   1.09448e-039   4.71324e-047   [-0.000016,-0.000004,]
[10,5,]   110   0.00401697   1.03449e-039   5.74191e-046   [-0.000015,-0.000007,]
[11,5,]   111   0.00342778   1.0013e-039   5.44777e-045   [-0.000011,-0.000010,]
[12,5,]   112   0.00252124   8.77906e-040   4.02539e-044   [-0.000004,-0.000012,]
[13,5,]   113   0.00155433   6.20442e-040   2.31645e-043   [0.000005,-0.000013,]
[14,5,]   114   0.000796245   1.92704e-040   1.03816e-042   [0.000016,-0.000011,]
[15,5,]   115   0.000352396   -3.86576e-040   3.62354e-042   [0.000030,-0.000008,]
[16,5,]   116   0.000153356   -6.16481e-040   9.8498e-042   [0.000041,-0.000004,]
[17,5,]   117   6.95955e-005   -7.66344e-040   2.0852e-041   [0.000045,0.000002,]
[18,5,]   118   3.23967e-005   -1.08396e-039   3.43792e-041   [0.000040,0.000003,]
[19,5,]   119   1.64722e-005   -1.57856e-039   4.41437e-041   [0.000032,-0.000002,]
[0,6,]   120   1.04498e-005   1.88007e-040   1.03724e-061   [0.000017,-0.000026,]
[1,6,]   121   2.42493e-005   3.18238e-040   1.19889e-059   [0.000029,-0.000025,]
[2,6,]   122   4.05899e-005   -1.22714e-039   1.07921e-057   [0.000055,-0.000031,]
[3,6,]   123   8.85018e-005   -2.62344e-039   7.56583e-056   [0.000053,-0.000011,]
[4,6,]   124   0.00033174   -3.72251e-040   4.1308e-054   [0.000028,0.000001,]
[5,6,]   125   0.000985901   5.33765e-040   1.75646e-052   [0.000007,0.000006,]
[6,6,]   126   0.00212637   9.96245e-040   5.8166e-051   [-0.000004,0.000007,]
[7,6,]   127   0.00349147   1.26345e-039   1.50012e-049   [-0.000012,0.000006,]
[8,6,]   128   0.00456974   1.38456e-039   3.01308e-048   [-0.000017,0.000003,]
[9,6,]   129   0.0049908   1.44413e-039   4.71324e-047   [-0.000021,-0.000001,]
[10,6,]   130   0.00477042   1.33348e-039   5.74191e-046   [-0.000019,-0.000006,]
[11,6,]   131   0.00413874   1.27711e-039   5.44777e-045   [-0.000014,-0.000012,]
[12,6,]   132   0.00311953   1.19523e-039   4.02539e-044   [-0.000005,-0.000015,]
[13,6,]   133   0.00194666   9.159e-040   2.31645e-043   [0.000006,-0.000016,]
[14,6,]   134   0.000990613   4.34897e-040   1.03816e-042   [0.000019,-0.000014,]
[15,6,]   135   0.000433012   -2.04184e-040   3.62354e-042   [0.000035,-0.000008,]
[16,6,]   136   0.000196821   -3.75648e-040   9.8498e-042   [0.000049,-0.000002,]
[17,6,]   137   0.000102284   -1.6118e-040   2.0852e-041   [0.000049,0.000006,]
[18,6,]   138   5.36683e-005   -3.58807e-040   3.43792e-041   [0.000037,0.000006,]
[19,6,]   139   2.82926e-005   -6.42126e-040   4.41437e-041   [0.000025,-0.000001,]
[0,7,]   140   1.84096e-005   1.14862e-039   1.03724e-061   [0.000013,-0.000024,]
[1,7,]   141   3.70738e-005   9.75719e-040   1.19889e-059   [0.000023,-0.000024,]
[2,7,]   142   4.94883e-005   1.61527e-040   1.07921e-057   [0.000059,-0.000041,]
[3,7,]   143   6.39027e-005   -4.84038e-039   7.56583e-056   [0.000079,-0.000015,]
[4,7,]   144   0.000262917   -1.09242e-039   4.1308e-054   [0.000040,0.000012,]
[5,7,]   145   0.000924235   6.81349e-040   1.75646e-052   [0.000010,0.000016,]
[6,7,]   146   0.00208401   1.22602e-039   5.8166e-051   [-0.000005,0.000016,]
[7,7,]   147   0.00335929   1.48303e-039   1.50012e-049   [-0.000014,0.000014,]
[8,7,]   148   0.00416185   1.63482e-039   3.01308e-048   [-0.000022,0.000011,]
[9,7,]   149   0.00419343   1.36633e-039   4.71324e-047   [-0.000027,0.000004,]
[10,7,]   150   0.00394702   1.06999e-039   5.74191e-046   [-0.000028,-0.000007,]
[11,7,]   151   0.00364853   1.49122e-039   5.44777e-045   [-0.000020,-0.000017,]
[12,7,]   152   0.0028953   1.37093e-039   4.02539e-044   [-0.000007,-0.000023,]
[13,7,]   153   0.0018586   1.11228e-039   2.31645e-043   [0.000007,-0.000024,]
[14,7,]   154   0.0009306   5.4732e-040   1.03816e-042   [0.000024,-0.000020,]
[15,7,]   155   0.000386372   -5.41937e-040   3.62354e-042   [0.000045,-0.000010,]
[16,7,]   156   0.000186989   -3.83399e-040   9.8498e-042   [0.000062,0.000005,]
[17,7,]   157   0.000121523   4.63988e-040   2.0852e-041   [0.000050,0.000011,]
[18,7,]   158   7.41263e-005   3.58629e-040   3.43792e-041   [0.000031,0.000009,]
[19,7,]   159   4.0427e-005   2.78482e-040   4.41437e-041   [0.000017,-0.000000,]
[0,8,]   160   2.90892e-005   1.8399e-039   1.03724e-061   [0.000008,-0.000020,]
[1,8,]   161   5.08678e-005   1.25239e-039   1.19889e-059   [0.000010,-0.000023,]
[2,8,]   162   5.62386e-005   1.87708e-039   1.07921e-057   [0.000054,-0.000041,]
[3,8,]   163   3.20131e-005   -9.49415e-039   7.56583e-056   [0.000120,-0.000045,]
[4,8,]   164   0.000124367   -5.04713e-039   4.1308e-054   [0.000067,0.000034,]
[5,8,]   165   0.000622334   1.62834e-040   1.75646e-052   [0.000008,0.000036,]
[6,8,]   166   0.00151794   1.08662e-039   5.8166e-051   [-0.000006,0.000034,]
[7,8,]   167   0.00235254   1.443e-039   1.50012e-049   [-0.000016,0.000032,]
[8,8,]   168   0.00254565   1.14017e-039   3.01308e-048   [-0.000028,0.000028,]
[9,8,]   169   0.00216667   -7.44882e-041   4.71324e-047   [-0.000045,0.000023,]
[10,8,]   170   0.00212151   6.09792e-040   5.74191e-046   [-0.000047,-0.000005,]
[11,8,]   171   0.00210576   7.23524e-040   5.44777e-045   [-0.000030,-0.000035,]
[12,8,]   172   0.00191661   9.58988e-040   4.02539e-044   [-0.000011,-0.000044,]
[13,8,]   173   0.00130718   7.25229e-040   2.31645e-043   [0.000009,-0.000044,]
[14,8,]   174   0.000627286   -1.72636e-042   1.03816e-042   [0.000029,-0.000038,]
[15,8,]   175   0.000236591   -1.17935e-039   3.62354e-042   [0.000068,-0.000017,]
[16,8,]   176   0.000117662   -2.57874e-039   9.8498e-042   [0.000085,0.000014,]
[17,8,]   177   0.000117926   1.46656e-039   2.0852e-041   [0.000043,0.000022,]
[18,8,]   178   8.50996e-005   9.50026e-040   3.43792e-041   [0.000023,0.000013,]
[19,8,]   179   4.82279e-005   1.11705e-039   4.41437e-041   [0.000008,0.000002,]
[0,9,]   180   3.89637e-005   2.28918e-039   1.03724e-061   [0.000003,-0.000013,]
[1,9,]   181   6.5347e-005   1.57006e-039   1.19889e-059   [0.000003,-0.000021,]
[2,9,]   182   6.18697e-005   1.05662e-039   1.07921e-057   [0.000019,-0.000039,]
[3,9,]   183   2.29231e-005   -1.20302e-038   7.56583e-056   [0.000129,-0.000131,]
[4,9,]   184   4.91421e-005   -1.34569e-038   4.1308e-054   [0.000142,0.000112,]
[5,9,]   185   0.000346221   -1.79858e-039   1.75646e-052   [-0.000009,0.000083,]
[6,9,]   186   0.000888423   -3.8911e-040   5.8166e-051   [-0.000009,0.000070,]
[7,9,]   187   0.00123697   -4.93491e-040   1.50012e-049   [-0.000013,0.000076,]
[8,9,]   188   0.00107782   -1.42486e-039   3.01308e-048   [-0.000017,0.000100,]
[9,9,]   189   0.000649592   -6.27012e-039   4.71324e-047   [-0.000089,0.000114,]
[10,9,]   190   0.000594207   -6.8611e-039   5.74191e-046   [-0.000115,-0.000096,]
[11,9,]   191   0.000776888   -5.25358e-039   5.44777e-045   [-0.000045,-0.000106,]
[12,9,]   192   0.00104887   -1.06767e-039   4.02539e-044   [-0.000010,-0.000083,]
[13,9,]   193   0.000805866   -6.3315e-040   2.31645e-043   [0.000011,-0.000077,]
[14,9,]   194   0.000329335   -2.82474e-039   1.03816e-042   [0.000032,-0.000086,]
[15,9,]   195   8.00822e-005   -8.72866e-039   3.62354e-042   [0.000118,-0.000098,]
[16,9,]   196   6.49039e-005   -1.58619e-039   9.8498e-042   [0.000077,0.000103,]
[17,9,]   197   9.47192e-005   1.94013e-039   2.0852e-041   [0.000033,0.000036,]
[18,9,]   198   8.19074e-005   1.48264e-039   3.43792e-041   [0.000011,0.000017,]
[19,9,]   199   4.76924e-005   1.72606e-039   4.41437e-041   [-0.000001,0.000005,]
[0,10,]   200   4.63671e-005   1.73528e-039   1.03724e-061   [-0.000003,-0.000005,]
[1,10,]   201   8.12815e-005   1.49965e-039   1.19889e-059   [-0.000011,-0.000017,]
[2,10,]   202   9.4682e-005   1.96185e-039   1.07921e-057   [-0.000033,-0.000036,]
[3,10,]   203   6.48667e-005   -1.58936e-039   7.56583e-056   [-0.000078,-0.000103,]
[4,10,]   204   8.00875e-005   -8.72774e-039   4.1308e-054   [-0.000118,0.000098,]
[5,10,]   205   0.000329342   -2.82461e-039   1.75646e-052   [-0.000032,0.000086,]
[6,10,]   206   0.000805855   -6.33129e-040   5.8166e-051   [-0.000011,0.000077,]
[7,10,]   207   0.00104886   -1.0677e-039   1.50012e-049   [0.000010,0.000083,]
[8,10,]   208   0.000776883   -5.25358e-039   3.01308e-048   [0.000045,0.000106,]
[9,10,]   209   0.000594206   -6.86111e-039   4.71324e-047   [0.000115,0.000096,]
[10,10,]   210   0.000649592   -6.27014e-039   5.74191e-046   [0.000089,-0.000114,]
[11,10,]   211   0.00107783   -1.42487e-039   5.44777e-045   [0.000017,-0.000100,]
[12,10,]   212   0.00123699   -4.93511e-040   4.02539e-044   [0.000013,-0.000076,]
[13,10,]   213   0.000888456   -3.88797e-040   2.31645e-043   [0.000009,-0.000070,]
[14,10,]   214   0.000346205   -1.79836e-039   1.03816e-042   [0.000009,-0.000083,]
[15,10,]   215   4.91052e-005   -1.34708e-038   3.62354e-042   [-0.000142,-0.000112,]
[16,10,]   216   2.29476e-005   -1.20161e-038   9.8498e-042   [-0.000129,0.000131,]
[17,10,]   217   6.19372e-005   1.0206e-039   2.0852e-041   [-0.000019,0.000039,]
[18,10,]   218   6.62496e-005   1.57519e-039   3.43792e-041   [-0.000003,0.000021,]
[19,10,]   219   4.06605e-005   2.31719e-039   4.41437e-041   [-0.000011,0.000012,]
[0,11,]   220   4.80545e-005   1.12882e-039   1.03724e-061   [-0.000008,-0.000002,]
[1,11,]   221   8.50795e-005   9.61019e-040   1.19889e-059   [-0.000023,-0.000013,]
[2,11,]   222   0.000117917   1.46843e-039   1.07921e-057   [-0.000043,-0.000022,]
[3,11,]   223   0.00011763   -2.58057e-039   7.56583e-056   [-0.000085,-0.000014,]
[4,11,]   224   0.000236583   -1.17918e-039   4.1308e-054   [-0.000068,0.000017,]
[5,11,]   225   0.000627282   -1.64706e-042   1.75646e-052   [-0.000029,0.000038,]
[6,11,]   226   0.00130716   7.252e-040   5.8166e-051   [-0.000009,0.000044,]
[7,11,]   227   0.00191658   9.58982e-040   1.50012e-049   [0.000011,0.000044,]
[8,11,]   228   0.00210575   7.23534e-040   3.01308e-048   [0.000030,0.000035,]
[9,11,]   229   0.00212151   6.09797e-040   4.71324e-047   [0.000047,0.000005,]
[10,11,]   230   0.00216667   -7.44963e-041   5.74191e-046   [0.000045,-0.000023,]
[11,11,]   231   0.00254567   1.14014e-039   5.44777e-045   [0.000028,-0.000028,]
[12,11,]   232   0.00235258   1.443e-039   4.02539e-044   [0.000016,-0.000032,]
[13,11,]   233   0.00151799   1.08678e-039   2.31645e-043   [0.000006,-0.000034,]
[14,11,]   234   0.000622324   1.63088e-040   1.03816e-042   [-0.000008,-0.000036,]
[15,11,]   235   0.000124316   -5.0507e-039   3.62354e-042   [-0.000067,-0.000034,]
[16,11,]   236   3.20152e-005   -9.49368e-039   9.8498e-042   [-0.000120,0.000045,]
[17,11,]   237   5.628e-005   1.86025e-039   2.0852e-041   [-0.000054,0.000041,]
[18,11,]   238   5.12679e-005   1.24248e-039   3.43792e-041   [-0.000010,0.000023,]
[19,11,]   239   2.9796e-005   1.81584e-039   4.41437e-041   [-0.000013,0.000020,]
[0,12,]   240   4.13386e-005   2.82499e-040   1.03724e-061   [-0.000013,0.000001,]
[1,12,]   241   7.45875e-005   3.53412e-040   1.19889e-059   [-0.000031,-0.000009,]
[2,12,]   242   0.000121514   4.49322e-040   1.07921e-057   [-0.000051,-0.000011,]
[3,12,]   243   0.000186981   -3.83146e-040   7.56583e-056   [-0.000062,-0.000005,]
[4,12,]   244   0.000386361   -5.41915e-040   4.1308e-054   [-0.000045,0.000010,]
[5,12,]   245   0.000930584   5.47346e-040   1.75646e-052   [-0.000024,0.000020,]
[6,12,]   246   0.00185856   1.11223e-039   5.8166e-051   [-0.000007,0.000024,]
[7,12,]   247   0.00289527   1.37093e-039   1.50012e-049   [0.000007,0.000023,]
[8,12,]   248   0.00364851   1.49123e-039   3.01308e-048   [0.000020,0.000017,]
[9,12,]   249   0.00394701   1.06999e-039   4.71324e-047   [0.000028,0.000007,]
[10,12,]   250   0.00419343   1.36632e-039   5.74191e-046   [0.000027,-0.000004,]
[11,12,]   251   0.00416186   1.63481e-039   5.44777e-045   [0.000022,-0.000011,]
[12,12,]   252   0.00335934   1.48302e-039   4.02539e-044   [0.000014,-0.000014,]
[13,12,]   253   0.00208408   1.22614e-039   2.31645e-043   [0.000005,-0.000016,]
[14,12,]   254   0.000924247   6.81639e-040   1.03816e-042   [-0.000010,-0.000016,]
[15,12,]   255   0.00026286   -1.09306e-039   3.62354e-042   [-0.000040,-0.000012,]
[16,12,]   256   6.38637e-005   -4.8443e-039   9.8498e-042   [-0.000079,0.000015,]
[17,12,]   257   4.94658e-005   1.6614e-040   2.0852e-041   [-0.000059,0.000041,]
[18,12,]   258   3.70047e-005   9.71487e-040   3.43792e-041   [-0.000023,0.000024,]
[19,12,]   259   1.82877e-005   1.13241e-039   4.41437e-041   [-0.000012,0.000024,]
[0,13,]   260   2.96945e-005   -6.26246e-040   1.03724e-061   [-0.000017,0.000002,]
[1,13,]   261   5.43002e-005   -3.80294e-040   1.19889e-059   [-0.000037,-0.000006,]
[2,13,]   262   0.000102261   -1.88875e-040   1.07921e-057   [-0.000049,-0.000006,]
[3,13,]   263   0.000196832   -3.74462e-040   7.56583e-056   [-0.000050,0.000002,]
[4,13,]   264   0.000432996   -2.04455e-040   4.1308e-054   [-0.000035,0.000008,]
[5,13,]   265   0.000990592   4.34929e-040   1.75646e-052   [-0.000019,0.000014,]
[6,13,]   266   0.00194661   9.15844e-040   5.8166e-051   [-0.000006,0.000016,]
[7,13,]   267   0.00311949   1.19523e-039   1.50012e-049   [0.000005,0.000015,]
[8,13,]   268   0.00413872   1.27712e-039   3.01308e-048   [0.000014,0.000012,]
[9,13,]   269   0.00477041   1.33348e-039   4.71324e-047   [0.000019,0.000006,]
[10,13,]   270   0.0049908   1.44412e-039   5.74191e-046   [0.000021,0.000001,]
[11,13,]   271   0.00456975   1.38454e-039   5.44777e-045   [0.000017,-0.000003,]
[12,13,]   272   0.00349152   1.26344e-039   4.02539e-044   [0.000012,-0.000006,]
[13,13,]   273   0.00212644   9.96329e-040   2.31645e-043   [0.000004,-0.000007,]
[14,13,]   274   0.000985931   5.34062e-040   1.03816e-042   [-0.000007,-0.000006,]
[15,13,]   275   0.000331698   -3.72038e-040   3.62354e-042   [-0.000028,-0.000001,]
[16,13,]   276   8.84383e-005   -2.62467e-039   9.8498e-042   [-0.000054,0.000011,]
[17,13,]   277   4.05095e-005   -1.21134e-039   2.0852e-041   [-0.000055,0.000031,]
[18,13,]   278   2.39571e-005   3.28786e-040   3.43792e-041   [-0.000029,0.000025,]
[19,13,]   279   9.97008e-006   1.68707e-040   4.41437e-041   [-0.000011,0.000027,]
[0,14,]   280   1.76752e-005   -1.55528e-039   1.03724e-061   [-0.000020,0.000003,]
[1,14,]   281   3.29075e-005   -1.12385e-039   1.19889e-059   [-0.000041,-0.000003,]
[2,14,]   282   6.95662e-005   -8.02695e-040   1.07921e-057   [-0.000046,-0.000002,]
[3,14,]   283   0.000153374   -6.14522e-040   7.56583e-056   [-0.000042,0.000004,]
[4,14,]   284   0.000352381   -3.87003e-040   4.1308e-054   [-0.000030,0.000008,]
[5,14,]   285   0.000796225   1.92741e-040   1.75646e-052   [-0.000016,0.000011,]
[6,14,]   286   0.00155429   6.20384e-040   5.8166e-051   [-0.000005,0.000013,]
[7,14,]   287   0.00252121   8.77912e-040   1.50012e-049   [0.000004,0.000012,]
[8,14,]   288   0.00342777   1.00131e-039   3.01308e-048   [0.000011,0.000010,]
[9,14,]   289   0.00401696   1.03449e-039   4.71324e-047   [0.000015,0.000007,]
[10,14,]   290   0.0041529   1.09448e-039   5.74191e-046   [0.000016,0.000004,]
[11,14,]   291   0.00369888   1.07458e-039   5.44777e-045   [0.000014,0.000001,]
[12,14,]   292   0.0027512   9.23558e-040   4.02539e-044   [0.000010,-0.000001,]
[13,14,]   293   0.00166349   6.73631e-040   2.31645e-043   [0.000004,-0.000002,]
[14,14,]   294   0.000790923   2.54231e-040   1.03816e-042   [-0.000005,-0.000001,]
[15,14,]   295   0.000287091   -4.73396e-040   3.62354e-042   [-0.000020,0.000003,]
[16,14,]   296   8.26611e-005   -1.93217e-039   9.8498e-042   [-0.000039,0.000010,]
[17,14,]   297   2.90522e-005   -2.04232e-039   2.0852e-041   [-0.000048,0.000023,]
[18,14,]   298   1.37593e-005   -4.86465e-040   3.43792e-041   [-0.000029,0.000024,]
[19,14,]   299   4.9211e-006   -1.05647e-039   4.41437e-041   [-0.000008,0.000028,]
[0,15,]   300   8.7531e-006   -2.46972e-039   1.03724e-061   [-0.000023,0.000004,]
[1,15,]   301   1.67165e-005   -1.84286e-039   1.19889e-059   [-0.000044,-0.000001,]
[2,15,]   302   3.87641e-005   -1.35424e-039   1.07921e-057   [-0.000042,0.000001,]
[3,15,]   303   9.2977e-005   -1.02838e-039   7.56583e-056   [-0.000036,0.000005,]
[4,15,]   304   0.000221029   -7.13967e-040   4.1308e-054   [-0.000026,0.000008,]
[5,15,]   305   0.000497682   -2.01521e-040   1.75646e-052   [-0.000015,0.000011,]
[6,15,]   306   0.000969791   2.06617e-040   5.8166e-051   [-0.000005,0.000012,]
[7,15,]   307   0.00158407   4.66372e-040   1.50012e-049   [0.000003,0.000011,]
[8,15,]   308   0.00217715   5.84939e-040   3.01308e-048   [0.000009,0.000010,]
[9,15,]   309   0.00257229   6.55111e-040   4.71324e-047   [0.000012,0.000008,]
[10,15,]   310   0.00263917   6.98498e-040   5.74191e-046   [0.000014,0.000006,]
[11,15,]   311   0.00231088   6.38134e-040   5.44777e-045   [0.000012,0.000004,]
[12,15,]   312   0.0016956   4.93232e-040   4.02539e-044   [0.000009,0.000002,]
[13,15,]   313   0.00102104   2.394e-040   2.31645e-043   [0.000004,0.000002,]
[14,15,]   314   0.000492519   -1.65942e-040   1.03816e-042   [-0.000003,0.000002,]
[15,15,]   315   0.000186635   -7.79434e-040   3.62354e-042   [-0.000015,0.000005,]
[16,15,]   316   5.63613e-005   -1.92556e-039   9.8498e-042   [-0.000030,0.000010,]
[17,15,]   317   1.76205e-005   -2.48047e-039   2.0852e-041   [-0.000041,0.000018,]
[18,15,]   318   6.91745e-006   -1.37842e-039   3.43792e-041   [-0.000026,0.000023,]
[19,15,]   319   2.17116e-006   -2.49324e-039   4.41437e-041   [-0.000004,0.000027,]
[0,16,]   320   3.61983e-006   -3.37131e-039   1.03724e-061   [-0.000024,0.000005,]
[1,16,]   321   7.11631e-006   -2.5706e-039   1.19889e-059   [-0.000045,0.000002,]
[2,16,]   322   1.77581e-005   -1.94152e-039   1.07921e-057   [-0.000039,0.000004,]
[3,16,]   323   4.51169e-005   -1.5308e-039   7.56583e-056   [-0.000032,0.000007,]
[4,16,]   324   0.000109916   -1.18103e-039   4.1308e-054   [-0.000023,0.000009,]
[5,16,]   325   0.000247929   -6.84903e-040   1.75646e-052   [-0.000013,0.000011,]
[6,16,]   326   0.000483035   -2.93129e-040   5.8166e-051   [-0.000005,0.000012,]
[7,16,]   327   0.000792267   -3.49833e-041   1.50012e-049   [0.000002,0.000011,]
[8,16,]   328   0.00109579   9.88127e-041   3.01308e-048   [0.000007,0.000010,]
[9,16,]   329   0.00129711   1.60535e-040   4.71324e-047   [0.000010,0.000009,]
[10,16,]   330   0.00132349   1.91414e-040   5.74191e-046   [0.000012,0.000007,]
[11,16,]   331   0.00114865   1.37902e-040   5.44777e-045   [0.000010,0.000006,]
[12,16,]   332   0.000835546   -1.83183e-041   4.02539e-044   [0.000008,0.000005,]
[13,16,]   333   0.000502005   -2.71658e-040   2.31645e-043   [0.000004,0.000005,]
[14,16,]   334   0.000244481   -6.60116e-040   1.03816e-042   [-0.000002,0.000005,]
[15,16,]   335   9.49914e-005   -1.23992e-039   3.62354e-042   [-0.000012,0.000007,]
[16,16,]   336   2.96713e-005   -2.18871e-039   9.8498e-042   [-0.000024,0.000010,]
[17,16,]   337   8.81533e-006   -2.87837e-039   2.0852e-041   [-0.000035,0.000016,]
[18,16,]   338   3.00627e-006   -2.24468e-039   3.43792e-041   [-0.000022,0.000021,]
[19,16,]   339   8.45583e-007   -3.92331e-039   4.41437e-041   [-0.000001,0.000026,]
[0,17,]   340   1.24578e-006   -4.35421e-039   1.03724e-061   [-0.000025,0.000007,]
[1,17,]   341   2.52445e-006   -3.38963e-039   1.19889e-059   [-0.000045,0.000005,]
[2,17,]   342   6.68704e-006   -2.63871e-039   1.07921e-057   [-0.000036,0.000006,]
[3,17,]   343   1.77381e-005   -2.15744e-039   7.56583e-056   [-0.000030,0.000009,]
[4,17,]   344   4.40273e-005   -1.78391e-039   4.1308e-054   [-0.000021,0.000011,]
[5,17,]   345   9.95787e-005   -1.30427e-039   1.75646e-052   [-0.000012,0.000012,]
[6,17,]   346   0.000194135   -9.21384e-040   5.8166e-051   [-0.000005,0.000013,]
[7,17,]   347   0.000319308   -6.62224e-040   1.50012e-049   [0.000001,0.000012,]
[8,17,]   348   0.000443205   -5.22728e-040   3.01308e-048   [0.000006,0.000012,]
[9,17,]   349   0.000525053   -4.54788e-040   4.71324e-047   [0.000009,0.000010,]
[10,17,]   350   0.000533532   -4.29136e-040   5.74191e-046   [0.000010,0.000009,]
[11,17,]   351   0.000459856   -4.96378e-040   5.44777e-045   [0.000009,0.000008,]
[12,17,]   352   0.000332517   -6.57852e-040   4.02539e-044   [0.000007,0.000007,]
[13,17,]   353   0.000199475   -9.12667e-040   2.31645e-043   [0.000004,0.000007,]
[14,17,]   354   9.78126e-005   -1.28989e-039   1.03816e-042   [-0.000001,0.000007,]
[15,17,]   355   3.86987e-005   -1.82773e-039   3.62354e-042   [-0.000009,0.000009,]
[16,17,]   356   1.23833e-005   -2.67306e-039   9.8498e-042   [-0.000019,0.000011,]
[17,17,]   357   3.60134e-006   -3.39014e-039   2.0852e-041   [-0.000030,0.000016,]
[18,17,]   358   1.11167e-006   -3.13883e-039   3.43792e-041   [-0.000018,0.000021,]
[19,17,]   359   2.87078e-007   -5.29558e-039   4.41437e-041   [0.000003,0.000025,]
[0,18,]   360   3.61875e-007   -5.59999e-039   1.03724e-061   [-0.000026,0.000019,]
[1,18,]   361   7.53515e-007   -4.42765e-039   1.19889e-059   [-0.000046,0.000015,]
[2,18,]   362   2.09413e-006   -3.55964e-039   1.07921e-057   [-0.000034,0.000015,]
[3,18,]   363   5.74647e-006   -3.02689e-039   7.56583e-056   [-0.000027,0.000016,]
[4,18,]   364   1.44844e-005   -2.65027e-039   4.1308e-054   [-0.000019,0.000017,]
[5,18,]   365   3.28755e-005   -2.1935e-039   1.75646e-052   [-0.000011,0.000018,]
[6,18,]   366   6.41612e-005   -1.82268e-039   5.8166e-051   [-0.000005,0.000018,]
[7,18,]   367   0.000105731   -1.55867e-039   1.50012e-049   [0.000001,0.000018,]
[8,18,]   368   0.000147058   -1.40146e-039   3.01308e-048   [0.000005,0.000017,]
[9,18,]   369   0.000174169   -1.31785e-039   4.71324e-047   [0.000008,0.000016,]
[10,18,]   370   0.000176335   -1.28544e-039   5.74191e-046   [0.000009,0.000015,]
[11,18,]   371   0.000151186   -1.34847e-039   5.44777e-045   [0.000008,0.000015,]
[12,18,]   372   0.000108826   -1.50973e-039   4.02539e-044   [0.000007,0.000014,]
[13,18,]   373   6.52153e-005   -1.76225e-039   2.31645e-043   [0.000004,0.000014,]
[14,18,]   374   3.21473e-005   -2.12981e-039   1.03816e-042   [-0.000000,0.000014,]
[15,18,]   375   1.28936e-005   -2.64706e-039   3.62354e-042   [-0.000007,0.000015,]
[16,18,]   376   4.20813e-006   -3.43655e-039   9.8498e-042   [-0.000015,0.000017,]
[17,18,]   377   1.21555e-006   -4.22527e-039   2.0852e-041   [-0.000025,0.000021,]
[18,18,]   378   3.50776e-007   -4.37863e-039   3.43792e-041   [-0.000013,0.000027,]
[19,18,]   379   8.53198e-008   -7.00842e-039   4.41437e-041   [0.000006,0.000031,]
[0,19,]   380   1.06492e-007   -7.82116e-039   1.03724e-061   [-0.000026,0.000029,]
[1,19,]   381   2.15644e-007   -6.51838e-039   1.19889e-059   [-0.000049,0.000024,]
[2,19,]   382   6.10307e-007   -5.37342e-039   1.07921e-057   [-0.000035,0.000022,]
[3,19,]   383   1.72367e-006   -4.62736e-039   7.56583e-056   [-0.000027,0.000022,]
[4,19,]   384   4.45079e-006   -4.12971e-039   4.1308e-054   [-0.000019,0.000022,]
[5,19,]   385   1.02437e-005   -3.62974e-039   1.75646e-052   [-0.000011,0.000023,]
[6,19,]   386   2.00948e-005   -3.24196e-039   5.8166e-051   [-0.000005,0.000023,]
[7,19,]   387   3.30629e-005   -2.96783e-039   1.50012e-049   [0.000000,0.000023,]
[8,19,]   388   4.56856e-005   -2.80726e-039   3.01308e-048   [0.000004,0.000022,]
[9,19,]   389   5.35656e-005   -2.73647e-039   4.71324e-047   [0.000007,0.000021,]
[10,19,]   390   5.36063e-005   -2.73563e-039   5.74191e-046   [0.000008,0.000021,]
[11,19,]   391   4.54842e-005   -2.83445e-039   5.44777e-045   [0.000008,0.000021,]
[12,19,]   392   3.25098e-005   -3.02112e-039   4.02539e-044   [0.000007,0.000020,]
[13,19,]   393   1.94355e-005   -3.27713e-039   2.31645e-043   [0.000004,0.000020,]
[14,19,]   394   9.61907e-006   -3.6126e-039   1.03816e-042   [-0.000000,0.000020,]
[15,19,]   395   3.91345e-006   -4.04411e-039   3.62354e-042   [-0.000006,0.000020,]
[16,19,]   396   1.31836e-006   -4.66852e-039   9.8498e-042   [-0.000013,0.000021,]
[17,19,]   397   3.99341e-007   -5.35003e-039   2.0852e-041   [-0.000019,0.000025,]
[18,19,]   398   1.18994e-007   -5.84811e-039   3.43792e-041   [-0.000007,0.000032,]
[19,19,]   399   3.01713e-008   -8.46959e-039   4.41437e-041   [0.000010,0.000037,]
