coordinates  index   rho      Q      V    velocities 
[0,0,]   0   3.98809e-008   -8.0197e-039   1.03724e-061   [0.000026,-0.000039,]
[1,0,]   1   1.27936e-007   -5.92658e-039   1.19889e-059   [0.000008,-0.000034,]
[2,0,]   2   4.15487e-007   -5.34662e-039   1.07921e-057   [0.000018,-0.000026,]
[3,0,]   3   1.37344e-006   -4.63806e-039   7.56583e-056   [0.000012,-0.000023,]
[4,0,]   4   4.09058e-006   -4.02036e-039   4.1308e-054   [0.000006,-0.000023,]
[5,0,]   5   1.00657e-005   -3.59452e-039   1.75646e-052   [-0.000000,-0.000023,]
[6,0,]   6   2.03336e-005   -3.26149e-039   5.8166e-051   [-0.000004,-0.000023,]
[7,0,]   7   3.39786e-005   -3.0071e-039   1.50012e-049   [-0.000007,-0.000023,]
[8,0,]   8   4.74833e-005   -2.82003e-039   3.01308e-048   [-0.000008,-0.000023,]
[9,0,]   9   5.58956e-005   -2.72025e-039   4.71324e-047   [-0.000008,-0.000023,]
[10,0,]   10   5.5793e-005   -2.72074e-039   5.74191e-046   [-0.000007,-0.000024,]
[11,0,]   11   4.75782e-005   -2.78926e-039   5.44777e-045   [-0.000004,-0.000025,]
[12,0,]   12   3.44688e-005   -2.94795e-039   4.02539e-044   [0.000000,-0.000025,]
[13,0,]   13   2.10016e-005   -3.22144e-039   2.31645e-043   [0.000005,-0.000026,]
[14,0,]   14   1.07583e-005   -3.60788e-039   1.03816e-042   [0.000012,-0.000025,]
[15,0,]   15   4.71457e-006   -4.10167e-039   3.62354e-042   [0.000019,-0.000025,]
[16,0,]   16   1.8488e-006   -4.58757e-039   9.8498e-042   [0.000027,-0.000024,]
[17,0,]   17   6.63934e-007   -5.26108e-039   2.0852e-041   [0.000036,-0.000025,]
[18,0,]   18   2.29798e-007   -6.4084e-039   3.43792e-041   [0.000048,-0.000029,]
[19,0,]   19   1.02186e-007   -7.9066e-039   4.41437e-041   [0.000053,-0.000035,]
[0,1,]   20   1.06484e-007   -6.79824e-039   1.03724e-061   [0.000026,-0.000033,]
[1,1,]   21   3.59509e-007   -4.56424e-039   1.19889e-059   [0.000013,-0.000029,]
[2,1,]   22   1.21627e-006   -4.32324e-039   1.07921e-057   [0.000024,-0.000022,]
[3,1,]   23   4.25624e-006   -3.4541e-039   7.56583e-056   [0.000014,-0.000018,]
[4,1,]   24   1.31296e-005   -2.65279e-039   4.1308e-054   [0.000006,-0.000017,]
[5,1,]   25   3.27882e-005   -2.13961e-039   1.75646e-052   [-0.000000,-0.000016,]
[6,1,]   26   6.64885e-005   -1.77548e-039   5.8166e-051   [-0.000005,-0.000016,]
[7,1,]   27   0.00011083   -1.52467e-039   1.50012e-049   [-0.000007,-0.000016,]
[8,1,]   28   0.000153782   -1.36296e-039   3.01308e-048   [-0.000009,-0.000016,]
[9,1,]   29   0.000179118   -1.30011e-039   4.71324e-047   [-0.000009,-0.000017,]
[10,1,]   30   0.000176688   -1.33394e-039   5.74191e-046   [-0.000008,-0.000018,]
[11,1,]   31   0.00014913   -1.41692e-039   5.44777e-045   [-0.000005,-0.000019,]
[12,1,]   32   0.000107314   -1.57324e-039   4.02539e-044   [-0.000000,-0.000020,]
[13,1,]   33   6.52801e-005   -1.83609e-039   2.31645e-043   [0.000005,-0.000020,]
[14,1,]   34   3.36076e-005   -2.20357e-039   1.03816e-042   [0.000012,-0.000020,]
[15,1,]   35   1.4923e-005   -2.65421e-039   3.62354e-042   [0.000020,-0.000019,]
[16,1,]   36   5.98618e-006   -3.02068e-039   9.8498e-042   [0.000028,-0.000017,]
[17,1,]   37   2.20788e-006   -3.49946e-039   2.0852e-041   [0.000034,-0.000017,]
[18,1,]   38   7.81703e-007   -4.37732e-039   3.43792e-041   [0.000045,-0.000017,]
[19,1,]   39   3.46793e-007   -5.64725e-039   4.41437e-041   [0.000048,-0.000020,]
[0,2,]   40   3.43871e-007   -5.09856e-039   1.03724e-061   [0.000025,-0.000027,]
[1,2,]   41   1.12335e-006   -3.2555e-039   1.19889e-059   [0.000018,-0.000023,]
[2,2,]   42   3.5543e-006   -3.48702e-039   1.07921e-057   [0.000029,-0.000017,]
[3,2,]   43   1.2401e-005   -2.68242e-039   7.56583e-056   [0.000018,-0.000012,]
[4,2,]   44   3.91508e-005   -1.81206e-039   4.1308e-054   [0.000008,-0.000010,]
[5,2,]   45   9.92308e-005   -1.27645e-039   1.75646e-052   [0.000000,-0.000008,]
[6,2,]   46   0.000202354   -9.01456e-040   5.8166e-051   [-0.000005,-0.000008,]
[7,2,]   47   0.000336943   -6.48305e-040   1.50012e-049   [-0.000008,-0.000008,]
[8,2,]   48   0.000465302   -4.87521e-040   3.01308e-048   [-0.000010,-0.000009,]
[9,2,]   49   0.000538937   -4.20468e-040   4.71324e-047   [-0.000010,-0.000010,]
[10,2,]   50   0.000529452   -4.48745e-040   5.74191e-046   [-0.000009,-0.000011,]
[11,2,]   51   0.000446608   -5.16891e-040   5.44777e-045   [-0.000006,-0.000013,]
[12,2,]   52   0.000322011   -6.54509e-040   4.02539e-044   [-0.000001,-0.000013,]
[13,2,]   53   0.000196271   -9.12117e-040   2.31645e-043   [0.000005,-0.000014,]
[14,2,]   54   0.000101186   -1.29084e-039   1.03816e-042   [0.000013,-0.000013,]
[15,2,]   55   4.51153e-005   -1.76217e-039   3.62354e-042   [0.000022,-0.000012,]
[16,2,]   56   1.83945e-005   -2.12124e-039   9.8498e-042   [0.000030,-0.000010,]
[17,2,]   57   7.02179e-006   -2.54666e-039   2.0852e-041   [0.000037,-0.000008,]
[18,2,]   58   2.61297e-006   -3.31216e-039   3.43792e-041   [0.000045,-0.000006,]
[19,2,]   59   1.20223e-006   -4.37364e-039   4.41437e-041   [0.000046,-0.000008,]
[0,3,]   60   9.69046e-007   -3.76388e-039   1.03724e-061   [0.000024,-0.000027,]
[1,3,]   61   3.00518e-006   -2.32146e-039   1.19889e-059   [0.000023,-0.000023,]
[2,3,]   62   8.60818e-006   -2.9933e-039   1.07921e-057   [0.000035,-0.000017,]
[3,3,]   63   2.94653e-005   -2.20838e-039   7.56583e-056   [0.000023,-0.000011,]
[4,3,]   64   9.56367e-005   -1.22478e-039   4.1308e-054   [0.000011,-0.000008,]
[5,3,]   65   0.000247143   -6.45987e-040   1.75646e-052   [0.000001,-0.000006,]
[6,3,]   66   0.000507595   -2.60431e-040   5.8166e-051   [-0.000005,-0.000005,]
[7,3,]   67   0.000843914   -9.35552e-042   1.50012e-049   [-0.000008,-0.000006,]
[8,3,]   68   0.00115835   1.47018e-040   3.01308e-048   [-0.000011,-0.000007,]
[9,3,]   69   0.00133189   1.98401e-040   4.71324e-047   [-0.000012,-0.000008,]
[10,3,]   70   0.00130252   1.64886e-040   5.74191e-046   [-0.000010,-0.000010,]
[11,3,]   71   0.0010993   1.0368e-040   5.44777e-045   [-0.000007,-0.000011,]
[12,3,]   72   0.000795289   -2.92729e-041   4.02539e-044   [-0.000002,-0.000012,]
[13,3,]   73   0.000486154   -2.85306e-040   2.31645e-043   [0.000005,-0.000013,]
[14,3,]   74   0.000250912   -6.71857e-040   1.03816e-042   [0.000014,-0.000012,]
[15,3,]   75   0.00011226   -1.15933e-039   3.62354e-042   [0.000024,-0.000010,]
[16,3,]   76   4.66859e-005   -1.49069e-039   9.8498e-042   [0.000032,-0.000008,]
[17,3,]   77   1.86092e-005   -1.85176e-039   2.0852e-041   [0.000039,-0.000005,]
[18,3,]   78   7.35809e-006   -2.50433e-039   3.43792e-041   [0.000044,-0.000003,]
[19,3,]   79   3.52058e-006   -3.38681e-039   4.41437e-041   [0.000043,-0.000006,]
[0,4,]   80   2.36593e-006   -2.38447e-039   1.03724e-061   [0.000023,-0.000028,]
[1,4,]   81   6.83962e-006   -1.41703e-039   1.19889e-059   [0.000027,-0.000024,]
[2,4,]   82   1.70379e-005   -2.60485e-039   1.07921e-057   [0.000041,-0.000020,]
[3,4,]   83   5.53819e-005   -1.97678e-039   7.56583e-056   [0.000029,-0.000011,]
[4,4,]   84   0.000186976   -7.63204e-040   4.1308e-054   [0.000014,-0.000006,]
[5,4,]   85   0.000496232   -1.56456e-040   1.75646e-052   [0.000002,-0.000003,]
[6,4,]   86   0.00102942   2.45151e-040   5.8166e-051   [-0.000005,-0.000003,]
[7,4,]   87   0.00170775   4.97464e-040   1.50012e-049   [-0.000009,-0.000003,]
[8,4,]   88   0.00232343   6.41628e-040   3.01308e-048   [-0.000012,-0.000004,]
[9,4,]   89   0.00264754   7.05896e-040   4.71324e-047   [-0.000014,-0.000006,]
[10,4,]   90   0.00257314   6.57513e-040   5.74191e-046   [-0.000012,-0.000009,]
[11,4,]   91   0.00217484   5.82928e-040   5.44777e-045   [-0.000008,-0.000011,]
[12,4,]   92   0.0015832   4.66678e-040   4.02539e-044   [-0.000002,-0.000012,]
[13,4,]   93   0.000971911   2.08011e-040   2.31645e-043   [0.000006,-0.000012,]
[14,4,]   94   0.000501806   -1.94124e-040   1.03816e-042   [0.000015,-0.000012,]
[15,4,]   95   0.000225119   -6.94233e-040   3.62354e-042   [0.000026,-0.000009,]
[16,4,]   96   9.60705e-005   -9.86832e-040   9.8498e-042   [0.000036,-0.000006,]
[17,4,]   97   4.05634e-005   -1.26987e-039   2.0852e-041   [0.000042,-0.000002,]
[18,4,]   98   1.72778e-005   -1.79529e-039   3.43792e-041   [0.000043,-0.000000,]
[19,4,]   99   8.59844e-006   -2.48756e-039   4.41437e-041   [0.000039,-0.000004,]
[0,5,]   100   5.09626e-006   -1.01257e-039   1.03724e-061   [0.000020,-0.000029,]
[1,5,]   101   1.34603e-005   -4.91988e-040   1.19889e-059   [0.000030,-0.000026,]
[2,5,]   102   2.78912e-005   -2.13672e-039   1.07921e-057   [0.000049,-0.000025,]
[3,5,]   103   8.00662e-005   -2.04582e-039   7.56583e-056   [0.000039,-0.000010,]
[4,5,]   104   0.000285876   -4.60475e-040   4.1308e-054   [0.000019,-0.000003,]
[5,5,]   105   0.000795055   2.67354e-040   1.75646e-052   [0.000004,0.000000,]
[6,5,]   106   0.00167435   6.79055e-040   5.8166e-051   [-0.000005,0.000001,]
[7,5,]   107   0.00276622   9.25263e-040   1.50012e-049   [-0.000010,0.000000,]
[8,5,]   108   0.00371211   1.08228e-039   3.01308e-048   [-0.000014,-0.000002,]
[9,5,]   109   0.00415291   1.09959e-039   4.71324e-047   [-0.000016,-0.000005,]
[10,5,]   110   0.00400185   1.02724e-039   5.74191e-046   [-0.000015,-0.000008,]
[11,5,]   111   0.00341239   1.00271e-039   5.44777e-045   [-0.000011,-0.000011,]
[12,5,]   112   0.00251042   8.73788e-040   4.02539e-044   [-0.000004,-0.000013,]
[13,5,]   113   0.00155237   6.18883e-040   2.31645e-043   [0.000006,-0.000013,]
[14,5,]   114   0.000800718   1.99922e-040   1.03816e-042   [0.000017,-0.000012,]
[15,5,]   115   0.000358136   -3.76854e-040   3.62354e-042   [0.000030,-0.000009,]
[16,5,]   116   0.00015839   -5.60785e-040   9.8498e-042   [0.000041,-0.000005,]
[17,5,]   117   7.27402e-005   -7.24521e-040   2.0852e-041   [0.000046,0.000000,]
[18,5,]   118   3.40517e-005   -1.09204e-039   3.43792e-041   [0.000041,0.000002,]
[19,5,]   119   1.76015e-005   -1.56997e-039   4.41437e-041   [0.000033,-0.000003,]
[0,6,]   120   9.92429e-006   1.46165e-040   1.03724e-061   [0.000017,-0.000028,]
[1,6,]   121   2.32041e-005   3.21899e-040   1.19889e-059   [0.000029,-0.000026,]
[2,6,]   122   3.88021e-005   -1.19386e-039   1.07921e-057   [0.000057,-0.000034,]
[3,6,]   123   8.39068e-005   -2.87904e-039   7.56583e-056   [0.000054,-0.000011,]
[4,6,]   124   0.000327191   -4.13694e-040   4.1308e-054   [0.000026,0.000001,]
[5,6,]   125   0.00098903   5.46892e-040   1.75646e-052   [0.000007,0.000005,]
[6,6,]   126   0.00213876   1.00141e-039   5.8166e-051   [-0.000005,0.000006,]
[7,6,]   127   0.00350889   1.27146e-039   1.50012e-049   [-0.000012,0.000005,]
[8,6,]   128   0.00457857   1.39099e-039   3.01308e-048   [-0.000018,0.000002,]
[9,6,]   129   0.00497325   1.43607e-039   4.71324e-047   [-0.000021,-0.000002,]
[10,6,]   130   0.00473472   1.32138e-039   5.74191e-046   [-0.000019,-0.000007,]
[11,6,]   131   0.00410453   1.27747e-039   5.44777e-045   [-0.000014,-0.000013,]
[12,6,]   132   0.00309563   1.19289e-039   4.02539e-044   [-0.000005,-0.000016,]
[13,6,]   133   0.00193854   9.10059e-040   2.31645e-043   [0.000006,-0.000016,]
[14,6,]   134   0.000994483   4.38874e-040   1.03816e-042   [0.000019,-0.000014,]
[15,6,]   135   0.000440165   -1.87815e-040   3.62354e-042   [0.000035,-0.000008,]
[16,6,]   136   0.000202856   -3.61958e-040   9.8498e-042   [0.000049,-0.000002,]
[17,6,]   137   0.000106872   -1.04639e-040   2.0852e-041   [0.000049,0.000005,]
[18,6,]   138   5.63209e-005   -3.58336e-040   3.43792e-041   [0.000038,0.000005,]
[19,6,]   139   3.00767e-005   -6.335e-040   4.41437e-041   [0.000026,-0.000003,]
[0,7,]   140   1.78283e-005   1.10182e-039   1.03724e-061   [0.000013,-0.000025,]
[1,7,]   141   3.55929e-005   9.5481e-040   1.19889e-059   [0.000022,-0.000025,]
[2,7,]   142   4.72877e-005   2.29578e-040   1.07921e-057   [0.000062,-0.000044,]
[3,7,]   143   5.92197e-005   -5.38919e-039   7.56583e-056   [0.000081,-0.000014,]
[4,7,]   144   0.000258015   -1.15765e-039   4.1308e-054   [0.000038,0.000014,]
[5,7,]   145   0.000926942   6.95793e-040   1.75646e-052   [0.000008,0.000016,]
[6,7,]   146   0.00209726   1.2425e-039   5.8166e-051   [-0.000005,0.000015,]
[7,7,]   147   0.0033753   1.49251e-039   1.50012e-049   [-0.000014,0.000014,]
[8,7,]   148   0.00416744   1.65131e-039   3.01308e-048   [-0.000022,0.000011,]
[9,7,]   149   0.00416998   1.35961e-039   4.71324e-047   [-0.000027,0.000005,]
[10,7,]   150   0.00390534   1.02977e-039   5.74191e-046   [-0.000028,-0.000007,]
[11,7,]   151   0.00359931   1.4766e-039   5.44777e-045   [-0.000020,-0.000017,]
[12,7,]   152   0.00286014   1.36594e-039   4.02539e-044   [-0.000007,-0.000023,]
[13,7,]   153   0.001847   1.11961e-039   2.31645e-043   [0.000007,-0.000024,]
[14,7,]   154   0.000934422   5.55255e-040   1.03816e-042   [0.000025,-0.000020,]
[15,7,]   155   0.000394554   -5.13689e-040   3.62354e-042   [0.000045,-0.000011,]
[16,7,]   156   0.000193551   -3.20726e-040   9.8498e-042   [0.000061,0.000005,]
[17,7,]   157   0.000126619   4.94628e-040   2.0852e-041   [0.000051,0.000010,]
[18,7,]   158   7.7475e-005   3.76838e-040   3.43792e-041   [0.000032,0.000009,]
[19,7,]   159   4.26354e-005   2.81931e-040   4.41437e-041   [0.000018,-0.000001,]
[0,8,]   160   2.87856e-005   1.8248e-039   1.03724e-061   [0.000008,-0.000021,]
[1,8,]   161   4.9205e-005   1.14994e-039   1.19889e-059   [0.000009,-0.000023,]
[2,8,]   162   5.41285e-005   1.87573e-039   1.07921e-057   [0.000057,-0.000040,]
[3,8,]   163   2.99956e-005   -9.97549e-039   7.56583e-056   [0.000125,-0.000050,]
[4,8,]   164   0.00012251   -5.18045e-039   4.1308e-054   [0.000065,0.000033,]
[5,8,]   165   0.000625231   1.61606e-040   1.75646e-052   [0.000005,0.000035,]
[6,8,]   166   0.00152656   1.1005e-039   5.8166e-051   [-0.000007,0.000033,]
[7,8,]   167   0.00236152   1.45961e-039   1.50012e-049   [-0.000016,0.000032,]
[8,8,]   168   0.00254218   1.09377e-039   3.01308e-048   [-0.000027,0.000027,]
[9,8,]   169   0.0021481   -2.21891e-040   4.71324e-047   [-0.000044,0.000022,]
[10,8,]   170   0.00212047   6.6622e-040   5.74191e-046   [-0.000047,-0.000007,]
[11,8,]   171   0.0020633   6.34799e-040   5.44777e-045   [-0.000030,-0.000035,]
[12,8,]   172   0.00187865   9.14482e-040   4.02539e-044   [-0.000011,-0.000044,]
[13,8,]   173   0.00129213   7.08781e-040   2.31645e-043   [0.000009,-0.000045,]
[14,8,]   174   0.00063086   1.37865e-041   1.03816e-042   [0.000030,-0.000038,]
[15,8,]   175   0.000245379   -9.94867e-040   3.62354e-042   [0.000069,-0.000018,]
[16,8,]   176   0.000121472   -2.65462e-039   9.8498e-042   [0.000084,0.000010,]
[17,8,]   177   0.000122014   1.45987e-039   2.0852e-041   [0.000043,0.000021,]
[18,8,]   178   8.79417e-005   9.10397e-040   3.43792e-041   [0.000024,0.000012,]
[19,8,]   179   5.03423e-005   1.10768e-039   4.41437e-041   [0.000008,0.000001,]
[0,9,]   180   3.85752e-005   2.2307e-039   1.03724e-061   [0.000003,-0.000012,]
[1,9,]   181   6.47791e-005   1.54747e-039   1.19889e-059   [0.000003,-0.000021,]
[2,9,]   182   6.08374e-005   9.1445e-040   1.07921e-057   [0.000018,-0.000038,]
[3,9,]   183   2.24411e-005   -1.25045e-038   7.56583e-056   [0.000129,-0.000138,]
[4,9,]   184   5.07449e-005   -1.31034e-038   4.1308e-054   [0.000144,0.000108,]
[5,9,]   185   0.000352353   -1.66497e-039   1.75646e-052   [-0.000010,0.000083,]
[6,9,]   186   0.000890688   -3.70259e-040   5.8166e-051   [-0.000009,0.000069,]
[7,9,]   187   0.0012371   -5.07661e-040   1.50012e-049   [-0.000014,0.000076,]
[8,9,]   188   0.00109866   -1.21965e-039   3.01308e-048   [-0.000018,0.000101,]
[9,9,]   189   0.000677631   -5.90329e-039   4.71324e-047   [-0.000089,0.000112,]
[10,9,]   190   0.000620219   -6.39148e-039   5.74191e-046   [-0.000113,-0.000097,]
[11,9,]   191   0.000760873   -5.56905e-039   5.44777e-045   [-0.000043,-0.000107,]
[12,9,]   192   0.00102589   -1.17299e-039   4.02539e-044   [-0.000011,-0.000084,]
[13,9,]   193   0.000793742   -7.27708e-040   2.31645e-043   [0.000012,-0.000077,]
[14,9,]   194   0.000332403   -2.79309e-039   1.03816e-042   [0.000032,-0.000086,]
[15,9,]   195   8.48206e-005   -8.24034e-039   3.62354e-042   [0.000114,-0.000098,]
[16,9,]   196   6.81672e-005   -1.35779e-039   9.8498e-042   [0.000077,0.000101,]
[17,9,]   197   9.78198e-005   2.02682e-039   2.0852e-041   [0.000036,0.000037,]
[18,9,]   198   8.40694e-005   1.53208e-039   3.43792e-041   [0.000012,0.000017,]
[19,9,]   199   4.88247e-005   1.71307e-039   4.41437e-041   [-0.000001,0.000004,]
[0,10,]   200   4.72387e-005   1.72968e-039   1.03724e-061   [-0.000003,-0.000004,]
[1,10,]   201   8.33251e-005   1.55513e-039   1.19889e-059   [-0.000012,-0.000017,]
[2,10,]   202   9.7769e-005   2.05197e-039   1.07921e-057   [-0.000036,-0.000037,]
[3,10,]   203   6.81227e-005   -1.36093e-039   7.56583e-056   [-0.000077,-0.000101,]
[4,10,]   204   8.48295e-005   -8.23896e-039   4.1308e-054   [-0.000114,0.000098,]
[5,10,]   205   0.00033241   -2.793e-039   1.75646e-052   [-0.000032,0.000086,]
[6,10,]   206   0.000793728   -7.2769e-040   5.8166e-051   [-0.000012,0.000077,]
[7,10,]   207   0.00102587   -1.17302e-039   1.50012e-049   [0.000011,0.000084,]
[8,10,]   208   0.000760867   -5.56905e-039   3.01308e-048   [0.000043,0.000107,]
[9,10,]   209   0.000620217   -6.39148e-039   4.71324e-047   [0.000113,0.000097,]
[10,10,]   210   0.000677631   -5.90332e-039   5.74191e-046   [0.000089,-0.000112,]
[11,10,]   211   0.00109867   -1.21967e-039   5.44777e-045   [0.000018,-0.000101,]
[12,10,]   212   0.00123713   -5.07686e-040   4.02539e-044   [0.000014,-0.000076,]
[13,10,]   213   0.000890729   -3.69863e-040   2.31645e-043   [0.000009,-0.000069,]
[14,10,]   214   0.000352333   -1.66468e-039   1.03816e-042   [0.000010,-0.000083,]
[15,10,]   215   5.0697e-005   -1.31205e-038   3.62354e-042   [-0.000144,-0.000108,]
[16,10,]   216   2.24715e-005   -1.24871e-038   9.8498e-042   [-0.000129,0.000137,]
[17,10,]   217   6.09341e-005   8.70728e-040   2.0852e-041   [-0.000018,0.000038,]
[18,10,]   218   6.59129e-005   1.55609e-039   3.43792e-041   [-0.000004,0.000021,]
[19,10,]   219   4.06866e-005   2.27125e-039   4.41437e-041   [-0.000012,0.000012,]
[0,11,]   220   5.0171e-005   1.11996e-039   1.03724e-061   [-0.000008,-0.000000,]
[1,11,]   221   8.79448e-005   9.233e-040   1.19889e-059   [-0.000024,-0.000012,]
[2,11,]   222   0.000122001   1.4614e-039   1.07921e-057   [-0.000043,-0.000021,]
[3,11,]   223   0.000121431   -2.65685e-039   7.56583e-056   [-0.000084,-0.000010,]
[4,11,]   224   0.000245367   -9.9472e-040   4.1308e-054   [-0.000069,0.000019,]
[5,11,]   225   0.000630855   1.38875e-041   1.75646e-052   [-0.000030,0.000038,]
[6,11,]   226   0.0012921   7.08752e-040   5.8166e-051   [-0.000009,0.000045,]
[7,11,]   227   0.00187862   9.14476e-040   1.50012e-049   [0.000011,0.000044,]
[8,11,]   228   0.00206329   6.3481e-040   3.01308e-048   [0.000030,0.000035,]
[9,11,]   229   0.00212047   6.66225e-040   4.71324e-047   [0.000047,0.000007,]
[10,11,]   230   0.0021481   -2.21902e-040   5.74191e-046   [0.000044,-0.000022,]
[11,11,]   231   0.00254219   1.09374e-039   5.44777e-045   [0.000027,-0.000027,]
[12,11,]   232   0.00236157   1.45961e-039   4.02539e-044   [0.000016,-0.000032,]
[13,11,]   233   0.00152663   1.1007e-039   2.31645e-043   [0.000007,-0.000033,]
[14,11,]   234   0.000625217   1.61923e-040   1.03816e-042   [-0.000005,-0.000035,]
[15,11,]   235   0.000122445   -5.18508e-039   3.62354e-042   [-0.000065,-0.000033,]
[16,11,]   236   2.9999e-005   -9.97462e-039   9.8498e-042   [-0.000125,0.000050,]
[17,11,]   237   5.41852e-005   1.85324e-039   2.0852e-041   [-0.000057,0.000040,]
[18,11,]   238   4.97215e-005   1.13958e-039   3.43792e-041   [-0.000009,0.000023,]
[19,11,]   239   2.96908e-005   1.79666e-039   4.41437e-041   [-0.000014,0.000021,]
[0,12,]   240   4.38349e-005   2.86592e-040   1.03724e-061   [-0.000013,0.000002,]
[1,12,]   241   7.80777e-005   3.70228e-040   1.19889e-059   [-0.000032,-0.000009,]
[2,12,]   242   0.000126601   4.76059e-040   1.07921e-057   [-0.000051,-0.000010,]
[3,12,]   243   0.000193536   -3.20416e-040   7.56583e-056   [-0.000061,-0.000005,]
[4,12,]   244   0.000394536   -5.13712e-040   4.1308e-054   [-0.000045,0.000011,]
[5,12,]   245   0.000934404   5.5532e-040   1.75646e-052   [-0.000025,0.000020,]
[6,12,]   246   0.00184695   1.11955e-039   5.8166e-051   [-0.000007,0.000024,]
[7,12,]   247   0.0028601   1.36594e-039   1.50012e-049   [0.000007,0.000023,]
[8,12,]   248   0.00359929   1.47661e-039   3.01308e-048   [0.000020,0.000017,]
[9,12,]   249   0.00390533   1.02978e-039   4.71324e-047   [0.000028,0.000007,]
[10,12,]   250   0.00416998   1.3596e-039   5.74191e-046   [0.000027,-0.000005,]
[11,12,]   251   0.00416746   1.65128e-039   5.44777e-045   [0.000022,-0.000011,]
[12,12,]   252   0.00337536   1.49249e-039   4.02539e-044   [0.000014,-0.000014,]
[13,12,]   253   0.00209735   1.24266e-039   2.31645e-043   [0.000005,-0.000015,]
[14,12,]   254   0.000926954   6.96162e-040   1.03816e-042   [-0.000008,-0.000016,]
[15,12,]   255   0.00025794   -1.15855e-039   3.62354e-042   [-0.000038,-0.000014,]
[16,12,]   256   5.91707e-005   -5.39488e-039   9.8498e-042   [-0.000081,0.000014,]
[17,12,]   257   4.72619e-005   2.34833e-040   2.0852e-041   [-0.000062,0.000043,]
[18,12,]   258   3.55241e-005   9.47516e-040   3.43792e-041   [-0.000022,0.000025,]
[19,12,]   259   1.77074e-005   1.07808e-039   4.41437e-041   [-0.000012,0.000025,]
[0,13,]   260   3.18927e-005   -6.15959e-040   1.03724e-061   [-0.000017,0.000003,]
[1,13,]   261   5.71272e-005   -3.85253e-040   1.19889e-059   [-0.000038,-0.000005,]
[2,13,]   262   0.000106834   -1.38756e-040   1.07921e-057   [-0.000049,-0.000004,]
[3,13,]   263   0.000202863   -3.60502e-040   7.56583e-056   [-0.000049,0.000002,]
[4,13,]   264   0.000440139   -1.88194e-040   4.1308e-054   [-0.000035,0.000008,]
[5,13,]   265   0.000994459   4.38958e-040   1.75646e-052   [-0.000019,0.000014,]
[6,13,]   266   0.00193848   9.09986e-040   5.8166e-051   [-0.000006,0.000016,]
[7,13,]   267   0.00309559   1.19289e-039   1.50012e-049   [0.000005,0.000016,]
[8,13,]   268   0.00410451   1.27748e-039   3.01308e-048   [0.000014,0.000013,]
[9,13,]   269   0.00473472   1.32139e-039   4.71324e-047   [0.000019,0.000007,]
[10,13,]   270   0.00497325   1.43607e-039   5.74191e-046   [0.000021,0.000002,]
[11,13,]   271   0.00457859   1.39097e-039   5.44777e-045   [0.000018,-0.000002,]
[12,13,]   272   0.00350895   1.27144e-039   4.02539e-044   [0.000012,-0.000005,]
[13,13,]   273   0.00213885   1.00151e-039   2.31645e-043   [0.000005,-0.000006,]
[14,13,]   274   0.000989067   5.47276e-040   1.03816e-042   [-0.000007,-0.000005,]
[15,13,]   275   0.000327135   -4.13407e-040   3.62354e-042   [-0.000026,-0.000001,]
[16,13,]   276   8.38247e-005   -2.88097e-039   9.8498e-042   [-0.000054,0.000011,]
[17,13,]   277   3.86997e-005   -1.17581e-039   2.0852e-041   [-0.000057,0.000034,]
[18,13,]   278   2.28626e-005   3.33811e-040   3.43792e-041   [-0.000029,0.000026,]
[19,13,]   279   9.37294e-006   1.19557e-040   4.41437e-041   [-0.000010,0.000028,]
[0,14,]   280   1.91576e-005   -1.5444e-039   1.03724e-061   [-0.000020,0.000004,]
[1,14,]   281   3.46981e-005   -1.14177e-039   1.19889e-059   [-0.000042,-0.000002,]
[2,14,]   282   7.26954e-005   -7.68987e-040   1.07921e-057   [-0.000046,-0.000000,]
[3,14,]   283   0.000158408   -5.5831e-040   7.56583e-056   [-0.000042,0.000005,]
[4,14,]   284   0.00035811   -3.77455e-040   4.1308e-054   [-0.000030,0.000009,]
[5,14,]   285   0.000800697   2.00023e-040   1.75646e-052   [-0.000017,0.000012,]
[6,14,]   286   0.00155232   6.18807e-040   5.8166e-051   [-0.000006,0.000013,]
[7,14,]   287   0.00251038   8.73796e-040   1.50012e-049   [0.000004,0.000013,]
[8,14,]   288   0.00341237   1.00272e-039   3.01308e-048   [0.000011,0.000011,]
[9,14,]   289   0.00400185   1.02725e-039   4.71324e-047   [0.000015,0.000008,]
[10,14,]   290   0.00415291   1.09958e-039   5.74191e-046   [0.000016,0.000005,]
[11,14,]   291   0.00371213   1.08226e-039   5.44777e-045   [0.000014,0.000002,]
[12,14,]   292   0.00276627   9.25247e-040   4.02539e-044   [0.000010,-0.000000,]
[13,14,]   293   0.00167442   6.79142e-040   2.31645e-043   [0.000005,-0.000001,]
[14,14,]   294   0.000795092   2.6767e-040   1.03816e-042   [-0.000004,-0.000000,]
[15,14,]   295   0.000285847   -4.59763e-040   3.62354e-042   [-0.000019,0.000003,]
[16,14,]   296   7.99913e-005   -2.04491e-039   9.8498e-042   [-0.000039,0.000010,]
[17,14,]   297   2.77754e-005   -2.11149e-039   2.0852e-041   [-0.000049,0.000025,]
[18,14,]   298   1.31175e-005   -4.56723e-040   3.43792e-041   [-0.000030,0.000026,]
[19,14,]   299   4.5608e-006   -1.06273e-039   4.41437e-041   [-0.000007,0.000030,]
[0,15,]   300   9.56e-006   -2.4504e-039   1.03724e-061   [-0.000023,0.000005,]
[1,15,]   301   1.76617e-005   -1.8646e-039   1.19889e-059   [-0.000045,0.000000,]
[2,15,]   302   4.05291e-005   -1.32094e-039   1.07921e-057   [-0.000042,0.000002,]
[3,15,]   303   9.60863e-005   -9.83577e-040   7.56583e-056   [-0.000036,0.000006,]
[4,15,]   304   0.000225102   -6.94944e-040   4.1308e-054   [-0.000026,0.000009,]
[5,15,]   305   0.000501792   -1.94018e-040   1.75646e-052   [-0.000015,0.000012,]
[6,15,]   306   0.000971879   2.07929e-040   5.8166e-051   [-0.000006,0.000012,]
[7,15,]   307   0.00158318   4.66684e-040   1.50012e-049   [0.000002,0.000012,]
[8,15,]   308   0.00217483   5.82939e-040   3.01308e-048   [0.000008,0.000011,]
[9,15,]   309   0.00257313   6.57519e-040   4.71324e-047   [0.000012,0.000009,]
[10,15,]   310   0.00264754   7.0589e-040   5.74191e-046   [0.000014,0.000006,]
[11,15,]   311   0.00232344   6.41608e-040   5.44777e-045   [0.000012,0.000004,]
[12,15,]   312   0.00170778   4.97447e-040   4.02539e-044   [0.000009,0.000003,]
[13,15,]   313   0.00102947   2.45221e-040   2.31645e-043   [0.000005,0.000003,]
[14,15,]   314   0.000496257   -1.56187e-040   1.03816e-042   [-0.000002,0.000003,]
[15,15,]   315   0.000186964   -7.62353e-040   3.62354e-042   [-0.000014,0.000006,]
[16,15,]   316   5.53349e-005   -1.97421e-039   9.8498e-042   [-0.000029,0.000011,]
[17,15,]   317   1.69546e-005   -2.5733e-039   2.0852e-041   [-0.000042,0.000020,]
[18,15,]   318   6.6097e-006   -1.36358e-039   3.43792e-041   [-0.000026,0.000024,]
[19,15,]   319   2.01443e-006   -2.50387e-039   4.41437e-041   [-0.000002,0.000029,]
[0,16,]   320   3.98084e-006   -3.33876e-039   1.03724e-061   [-0.000024,0.000007,]
[1,16,]   321   7.53776e-006   -2.58962e-039   1.19889e-059   [-0.000046,0.000003,]
[2,16,]   322   1.85903e-005   -1.90666e-039   1.07921e-057   [-0.000039,0.000005,]
[3,16,]   323   4.66953e-005   -1.48689e-039   7.56583e-056   [-0.000033,0.000008,]
[4,16,]   324   0.000112252   -1.16008e-039   4.1308e-054   [-0.000024,0.000010,]
[5,16,]   325   0.000250904   -6.71742e-040   1.75646e-052   [-0.000014,0.000012,]
[6,16,]   326   0.000486138   -2.85379e-040   5.8166e-051   [-0.000005,0.000013,]
[7,16,]   327   0.000795277   -2.9254e-041   1.50012e-049   [0.000002,0.000012,]
[8,16,]   328   0.00109929   1.03704e-040   3.01308e-048   [0.000007,0.000011,]
[9,16,]   329   0.00130252   1.64904e-040   4.71324e-047   [0.000010,0.000010,]
[10,16,]   330   0.00133189   1.98407e-040   5.74191e-046   [0.000012,0.000008,]
[11,16,]   331   0.00115835   1.4701e-040   5.44777e-045   [0.000011,0.000007,]
[12,16,]   332   0.000843927   -9.36451e-042   4.02539e-044   [0.000008,0.000006,]
[13,16,]   333   0.000507615   -2.60361e-040   2.31645e-043   [0.000005,0.000005,]
[14,16,]   334   0.000247156   -6.45751e-040   1.03816e-042   [-0.000001,0.000006,]
[15,16,]   335   9.56333e-005   -1.22389e-039   3.62354e-042   [-0.000011,0.000008,]
[16,16,]   336   2.94428e-005   -2.2049e-039   9.8498e-042   [-0.000023,0.000011,]
[17,16,]   337   8.56392e-006   -2.95718e-039   2.0852e-041   [-0.000035,0.000017,]
[18,16,]   338   2.88789e-006   -2.25296e-039   3.43792e-041   [-0.000021,0.000023,]
[19,16,]   339   7.92473e-007   -3.97209e-039   4.41437e-041   [0.000002,0.000028,]
[0,17,]   340   1.37831e-006   -4.31448e-039   1.03724e-061   [-0.000025,0.000009,]
[1,17,]   341   2.68104e-006   -3.4102e-039   1.19889e-059   [-0.000047,0.000006,]
[2,17,]   342   7.01363e-006   -2.60425e-039   1.07921e-057   [-0.000037,0.000008,]
[3,17,]   343   1.83984e-005   -2.11697e-039   7.56583e-056   [-0.000030,0.000010,]
[4,17,]   344   4.51114e-005   -1.76313e-039   4.1308e-054   [-0.000022,0.000012,]
[5,17,]   345   0.000101183   -1.29121e-039   1.75646e-052   [-0.000013,0.000013,]
[6,17,]   346   0.000196264   -9.12804e-040   5.8166e-051   [-0.000005,0.000014,]
[7,17,]   347   0.000322005   -6.55077e-040   1.50012e-049   [0.000001,0.000013,]
[8,17,]   348   0.000446603   -5.17369e-040   3.01308e-048   [0.000006,0.000013,]
[9,17,]   349   0.000529447   -4.49164e-040   4.71324e-047   [0.000009,0.000011,]
[10,17,]   350   0.000538933   -4.209e-040   5.74191e-046   [0.000010,0.000010,]
[11,17,]   351   0.000465302   -4.88019e-040   5.44777e-045   [0.000010,0.000009,]
[12,17,]   352   0.000336947   -6.48862e-040   4.02539e-044   [0.000008,0.000008,]
[13,17,]   353   0.000202361   -9.01963e-040   2.31645e-043   [0.000005,0.000008,]
[14,17,]   354   9.92359e-005   -1.27673e-039   1.03816e-042   [-0.000000,0.000008,]
[15,17,]   355   3.91498e-005   -1.81139e-039   3.62354e-042   [-0.000008,0.000010,]
[16,17,]   356   1.23921e-005   -2.67794e-039   9.8498e-042   [-0.000018,0.000012,]
[17,17,]   357   3.53591e-006   -3.44629e-039   2.0852e-041   [-0.000029,0.000017,]
[18,17,]   358   1.07583e-006   -3.17437e-039   3.43792e-041   [-0.000016,0.000022,]
[19,17,]   359   2.73075e-007   -5.38908e-039   4.41437e-041   [0.000006,0.000027,]
[0,18,]   360   4.03391e-007   -5.59821e-039   1.03724e-061   [-0.000026,0.000021,]
[1,18,]   361   8.03795e-007   -4.49023e-039   1.19889e-059   [-0.000047,0.000017,]
[2,18,]   362   2.2049e-006   -3.56072e-039   1.07921e-057   [-0.000035,0.000017,]
[3,18,]   363   5.98674e-006   -3.01695e-039   7.56583e-056   [-0.000028,0.000017,]
[4,18,]   364   1.49227e-005   -2.65586e-039   4.1308e-054   [-0.000020,0.000019,]
[5,18,]   365   3.36153e-005   -2.20448e-039   1.75646e-052   [-0.000012,0.000020,]
[6,18,]   366   6.52992e-005   -1.83741e-039   5.8166e-051   [-0.000005,0.000020,]
[7,18,]   367   0.000107346   -1.57447e-039   1.50012e-049   [0.000000,0.000020,]
[8,18,]   368   0.000149168   -1.41806e-039   3.01308e-048   [0.000005,0.000019,]
[9,18,]   369   0.000176726   -1.33505e-039   4.71324e-047   [0.000008,0.000018,]
[10,18,]   370   0.000179156   -1.30123e-039   5.74191e-046   [0.000009,0.000017,]
[11,18,]   371   0.000153822   -1.36413e-039   5.44777e-045   [0.000009,0.000016,]
[12,18,]   372   0.000110864   -1.52594e-039   4.02539e-044   [0.000007,0.000016,]
[13,18,]   373   6.6512e-005   -1.77669e-039   2.31645e-043   [0.000005,0.000016,]
[14,18,]   374   3.27992e-005   -2.14044e-039   1.03816e-042   [0.000000,0.000016,]
[15,18,]   375   1.31304e-005   -2.65252e-039   3.62354e-042   [-0.000006,0.000017,]
[16,18,]   376   4.25166e-006   -3.44983e-039   9.8498e-042   [-0.000015,0.000018,]
[17,18,]   377   1.20876e-006   -4.28104e-039   2.0852e-041   [-0.000024,0.000022,]
[18,18,]   378   3.43357e-007   -4.46796e-039   3.43792e-041   [-0.000011,0.000029,]
[19,18,]   379   8.28174e-008   -7.16628e-039   4.41437e-041   [0.000010,0.000033,]
[0,19,]   380   1.23798e-007   -7.7188e-039   1.03724e-061   [-0.000026,0.000032,]
[1,19,]   381   2.38461e-007   -6.52426e-039   1.19889e-059   [-0.000051,0.000027,]
[2,19,]   382   6.6284e-007   -5.33819e-039   1.07921e-057   [-0.000036,0.000025,]
[3,19,]   383   1.84776e-006   -4.59019e-039   7.56583e-056   [-0.000028,0.000024,]
[4,19,]   384   4.71611e-006   -4.10622e-039   4.1308e-054   [-0.000019,0.000024,]
[5,19,]   385   1.07766e-005   -3.60662e-039   1.75646e-052   [-0.000012,0.000025,]
[6,19,]   386   2.10467e-005   -3.21967e-039   5.8166e-051   [-0.000005,0.000025,]
[7,19,]   387   3.45395e-005   -2.94664e-039   1.50012e-049   [-0.000000,0.000025,]
[8,19,]   388   4.76606e-005   -2.78894e-039   3.01308e-048   [0.000004,0.000024,]
[9,19,]   389   5.58752e-005   -2.72132e-039   4.71324e-047   [0.000007,0.000023,]
[10,19,]   390   5.59796e-005   -2.72066e-039   5.74191e-046   [0.000008,0.000023,]
[11,19,]   391   4.75673e-005   -2.81954e-039   5.44777e-045   [0.000008,0.000023,]
[12,19,]   392   3.40481e-005   -3.00605e-039   4.02539e-044   [0.000007,0.000023,]
[13,19,]   393   2.03783e-005   -3.25996e-039   2.31645e-043   [0.000004,0.000022,]
[14,19,]   394   1.00856e-005   -3.59243e-039   1.03816e-042   [0.000000,0.000022,]
[15,19,]   395   4.09302e-006   -4.01987e-039   3.62354e-042   [-0.000006,0.000022,]
[16,19,]   396   1.36882e-006   -4.64336e-039   9.8498e-042   [-0.000012,0.000023,]
[17,19,]   397   4.10313e-007   -5.32939e-039   2.0852e-041   [-0.000018,0.000027,]
[18,19,]   398   1.21357e-007   -5.83576e-039   3.43792e-041   [-0.000005,0.000034,]
[19,19,]   399   3.08321e-008   -8.41274e-039   4.41437e-041   [0.000014,0.000039,]
