coordinates  index   rho      Q      V    velocities 
[0,0,]   0   5.27931e-008   -7.48189e-039   1.03724e-061   [0.000026,-0.000044,]
[1,0,]   1   1.44142e-007   -5.92732e-039   1.19889e-059   [0.000003,-0.000040,]
[2,0,]   2   4.685e-007   -5.27166e-039   1.07921e-057   [0.000015,-0.000030,]
[3,0,]   3   1.60021e-006   -4.52327e-039   7.56583e-056   [0.000009,-0.000029,]
[4,0,]   4   4.87538e-006   -3.91279e-039   4.1308e-054   [0.000003,-0.000030,]
[5,0,]   5   1.20745e-005   -3.50027e-039   1.75646e-052   [-0.000002,-0.000030,]
[6,0,]   6   2.43519e-005   -3.17645e-039   5.8166e-051   [-0.000006,-0.000031,]
[7,0,]   7   4.04704e-005   -2.92975e-039   1.50012e-049   [-0.000008,-0.000031,]
[8,0,]   8   5.61846e-005   -2.74449e-039   3.01308e-048   [-0.000009,-0.000031,]
[9,0,]   9   6.57266e-005   -2.64557e-039   4.71324e-047   [-0.000009,-0.000031,]
[10,0,]   10   6.52813e-005   -2.64428e-039   5.74191e-046   [-0.000007,-0.000031,]
[11,0,]   11   5.56271e-005   -2.70172e-039   5.44777e-045   [-0.000003,-0.000032,]
[12,0,]   12   4.04717e-005   -2.85131e-039   4.02539e-044   [0.000001,-0.000032,]
[13,0,]   13   2.4907e-005   -3.119e-039   2.31645e-043   [0.000007,-0.000033,]
[14,0,]   14   1.29963e-005   -3.49614e-039   1.03816e-042   [0.000013,-0.000033,]
[15,0,]   15   5.86303e-006   -3.97734e-039   3.62354e-042   [0.000021,-0.000032,]
[16,0,]   16   2.39621e-006   -4.42451e-039   9.8498e-042   [0.000029,-0.000032,]
[17,0,]   17   9.00202e-007   -5.05531e-039   2.0852e-041   [0.000038,-0.000034,]
[18,0,]   18   3.23204e-007   -6.30309e-039   3.43792e-041   [0.000051,-0.000039,]
[19,0,]   19   1.54702e-007   -7.61616e-039   4.41437e-041   [0.000058,-0.000046,]
[0,1,]   20   1.2385e-007   -6.8365e-039   1.03724e-061   [0.000026,-0.000039,]
[1,1,]   21   3.55628e-007   -4.92533e-039   1.19889e-059   [0.000008,-0.000035,]
[2,1,]   22   1.22813e-006   -4.51735e-039   1.07921e-057   [0.000021,-0.000027,]
[3,1,]   23   4.51484e-006   -3.4698e-039   7.56583e-056   [0.000010,-0.000023,]
[4,1,]   24   1.42459e-005   -2.65673e-039   4.1308e-054   [0.000003,-0.000022,]
[5,1,]   25   3.57021e-005   -2.16462e-039   1.75646e-052   [-0.000003,-0.000021,]
[6,1,]   26   7.21702e-005   -1.81368e-039   5.8166e-051   [-0.000006,-0.000021,]
[7,1,]   27   0.000119654   -1.5701e-039   1.50012e-049   [-0.000008,-0.000022,]
[8,1,]   28   0.000165107   -1.40719e-039   3.01308e-048   [-0.000009,-0.000022,]
[9,1,]   29   0.000191261   -1.34516e-039   4.71324e-047   [-0.000009,-0.000023,]
[10,1,]   30   0.000187824   -1.38036e-039   5.74191e-046   [-0.000007,-0.000023,]
[11,1,]   31   0.000158389   -1.4582e-039   5.44777e-045   [-0.000004,-0.000024,]
[12,1,]   32   0.000114398   -1.61086e-039   4.02539e-044   [0.000001,-0.000025,]
[13,1,]   33   7.02682e-005   -1.86781e-039   2.31645e-043   [0.000007,-0.000025,]
[14,1,]   34   3.68432e-005   -2.21969e-039   1.03816e-042   [0.000014,-0.000025,]
[15,1,]   35   1.68227e-005   -2.65138e-039   3.62354e-042   [0.000021,-0.000024,]
[16,1,]   36   7.00848e-006   -2.98152e-039   9.8498e-042   [0.000029,-0.000023,]
[17,1,]   37   2.68449e-006   -3.45287e-039   2.0852e-041   [0.000037,-0.000023,]
[18,1,]   38   9.79051e-007   -4.47687e-039   3.43792e-041   [0.000049,-0.000023,]
[19,1,]   39   4.68204e-007   -5.6148e-039   4.41437e-041   [0.000053,-0.000026,]
[0,2,]   40   3.60972e-007   -5.13151e-039   1.03724e-061   [0.000025,-0.000035,]
[1,2,]   41   1.05432e-006   -3.47368e-039   1.19889e-059   [0.000015,-0.000029,]
[2,2,]   42   3.41291e-006   -3.71566e-039   1.07921e-057   [0.000028,-0.000021,]
[3,2,]   43   1.26706e-005   -2.68243e-039   7.56583e-056   [0.000014,-0.000016,]
[4,2,]   44   4.1376e-005   -1.74008e-039   4.1308e-054   [0.000005,-0.000013,]
[5,2,]   45   0.000105576   -1.22123e-039   1.75646e-052   [-0.000002,-0.000012,]
[6,2,]   46   0.000214828   -8.54028e-040   5.8166e-051   [-0.000006,-0.000012,]
[7,2,]   47   0.000355778   -6.0754e-040   1.50012e-049   [-0.000009,-0.000012,]
[8,2,]   48   0.000488232   -4.52713e-040   3.01308e-048   [-0.000010,-0.000013,]
[9,2,]   49   0.00056194   -3.84575e-040   4.71324e-047   [-0.000010,-0.000014,]
[10,2,]   50   0.000548695   -4.2123e-040   5.74191e-046   [-0.000009,-0.000015,]
[11,2,]   51   0.00046177   -4.93019e-040   5.44777e-045   [-0.000005,-0.000016,]
[12,2,]   52   0.000334011   -6.23578e-040   4.02539e-044   [-0.000000,-0.000017,]
[13,2,]   53   0.000205618   -8.74997e-040   2.31645e-043   [0.000007,-0.000018,]
[14,2,]   54   0.000108111   -1.23349e-039   1.03816e-042   [0.000014,-0.000017,]
[15,2,]   55   4.96926e-005   -1.67277e-039   3.62354e-042   [0.000023,-0.000016,]
[16,2,]   56   2.11106e-005   -1.9802e-039   9.8498e-042   [0.000031,-0.000014,]
[17,2,]   57   8.3811e-006   -2.38546e-039   2.0852e-041   [0.000039,-0.000012,]
[18,2,]   58   3.21278e-006   -3.28384e-039   3.43792e-041   [0.000048,-0.000011,]
[19,2,]   59   1.58982e-006   -4.22712e-039   4.41437e-041   [0.000051,-0.000013,]
[0,3,]   60   9.2198e-007   -3.80356e-039   1.03724e-061   [0.000024,-0.000034,]
[1,3,]   61   2.71265e-006   -2.44312e-039   1.19889e-059   [0.000021,-0.000029,]
[2,3,]   62   7.95041e-006   -3.28217e-039   1.07921e-057   [0.000035,-0.000021,]
[3,3,]   63   2.9139e-005   -2.25552e-039   7.56583e-056   [0.000019,-0.000013,]
[4,3,]   64   9.90921e-005   -1.15155e-039   4.1308e-054   [0.000007,-0.000010,]
[5,3,]   65   0.000258928   -5.89039e-040   1.75646e-052   [-0.000001,-0.000009,]
[6,3,]   66   0.000531143   -2.15208e-040   5.8166e-051   [-0.000006,-0.000008,]
[7,3,]   67   0.000878184   2.45704e-041   1.50012e-049   [-0.000010,-0.000009,]
[8,3,]   68   0.00119758   1.8193e-040   3.01308e-048   [-0.000011,-0.000010,]
[9,3,]   69   0.00136639   2.27116e-040   4.71324e-047   [-0.000012,-0.000011,]
[10,3,]   70   0.00132602   1.82676e-040   5.74191e-046   [-0.000010,-0.000013,]
[11,3,]   71   0.00111593   1.24605e-040   5.44777e-045   [-0.000006,-0.000014,]
[12,3,]   72   0.000809236   -9.01281e-042   4.02539e-044   [-0.000001,-0.000015,]
[13,3,]   73   0.000499835   -2.54872e-040   2.31645e-043   [0.000007,-0.000016,]
[14,3,]   74   0.000263518   -6.16507e-040   1.03816e-042   [0.000015,-0.000015,]
[15,3,]   75   0.000121778   -1.07753e-039   3.62354e-042   [0.000025,-0.000013,]
[16,3,]   76   5.29616e-005   -1.33512e-039   9.8498e-042   [0.000033,-0.000011,]
[17,3,]   77   2.19586e-005   -1.70137e-039   2.0852e-041   [0.000041,-0.000009,]
[18,3,]   78   8.9321e-006   -2.49095e-039   3.43792e-041   [0.000048,-0.000007,]
[19,3,]   79   4.57825e-006   -3.2757e-039   4.41437e-041   [0.000047,-0.000010,]
[0,4,]   80   2.05096e-006   -2.54414e-039   1.03724e-061   [0.000023,-0.000035,]
[1,4,]   81   5.95675e-006   -1.4942e-039   1.19889e-059   [0.000027,-0.000030,]
[2,4,]   82   1.52283e-005   -2.86589e-039   1.07921e-057   [0.000044,-0.000024,]
[3,4,]   83   5.26095e-005   -2.1524e-039   7.56583e-056   [0.000026,-0.000012,]
[4,4,]   84   0.000189733   -7.00807e-040   4.1308e-054   [0.000010,-0.000008,]
[5,4,]   85   0.000512653   -1.1514e-040   1.75646e-052   [-0.000000,-0.000005,]
[6,4,]   86   0.00106382   2.67734e-040   5.8166e-051   [-0.000006,-0.000005,]
[7,4,]   87   0.00175584   5.16011e-040   1.50012e-049   [-0.000010,-0.000006,]
[8,4,]   88   0.00237146   6.56858e-040   3.01308e-048   [-0.000013,-0.000007,]
[9,4,]   89   0.00267887   7.34812e-040   4.71324e-047   [-0.000014,-0.000009,]
[10,4,]   90   0.00257796   6.68956e-040   5.74191e-046   [-0.000012,-0.000011,]
[11,4,]   91   0.00217063   5.81708e-040   5.44777e-045   [-0.000008,-0.000013,]
[12,4,]   92   0.00158338   4.68702e-040   4.02539e-044   [-0.000001,-0.000014,]
[13,4,]   93   0.000982309   2.12013e-040   2.31645e-043   [0.000007,-0.000015,]
[14,4,]   94   0.000519049   -1.60479e-040   1.03816e-042   [0.000017,-0.000014,]
[15,4,]   95   0.000241161   -6.19892e-040   3.62354e-042   [0.000027,-0.000012,]
[16,4,]   96   0.000107865   -8.48794e-040   9.8498e-042   [0.000036,-0.000009,]
[17,4,]   97   4.74588e-005   -1.11887e-039   2.0852e-041   [0.000044,-0.000006,]
[18,4,]   98   2.07593e-005   -1.80132e-039   3.43792e-041   [0.000047,-0.000004,]
[19,4,]   99   1.10121e-005   -2.41414e-039   4.41437e-041   [0.000043,-0.000008,]
[0,5,]   100   4.19349e-006   -1.3816e-039   1.03724e-061   [0.000020,-0.000035,]
[1,5,]   101   1.14148e-005   -5.64954e-040   1.19889e-059   [0.000031,-0.000030,]
[2,5,]   102   2.42866e-005   -2.24344e-039   1.07921e-057   [0.000054,-0.000033,]
[3,5,]   103   7.21818e-005   -2.49386e-039   7.56583e-056   [0.000038,-0.000010,]
[4,5,]   104   0.000283227   -4.14579e-040   4.1308e-054   [0.000014,-0.000004,]
[5,5,]   105   0.000812969   3.18841e-040   1.75646e-052   [0.000001,-0.000002,]
[6,5,]   106   0.00171755   7.04791e-040   5.8166e-051   [-0.000007,-0.000001,]
[7,5,]   107   0.00282179   9.34043e-040   1.50012e-049   [-0.000012,-0.000002,]
[8,5,]   108   0.00375564   1.11857e-039   3.01308e-048   [-0.000015,-0.000004,]
[9,5,]   109   0.00414274   1.12424e-039   4.71324e-047   [-0.000016,-0.000007,]
[10,5,]   110   0.00393974   9.88164e-040   5.74191e-046   [-0.000015,-0.000010,]
[11,5,]   111   0.00335806   1.01999e-039   5.44777e-045   [-0.000010,-0.000013,]
[12,5,]   112   0.00247332   8.60111e-040   4.02539e-044   [-0.000002,-0.000015,]
[13,5,]   113   0.0015482   6.16762e-040   2.31645e-043   [0.000007,-0.000015,]
[14,5,]   114   0.000819399   2.33346e-040   1.03816e-042   [0.000019,-0.000014,]
[15,5,]   115   0.000379895   -3.51775e-040   3.62354e-042   [0.000030,-0.000011,]
[16,5,]   116   0.00017667   -3.80377e-040   9.8498e-042   [0.000041,-0.000007,]
[17,5,]   117   8.44729e-005   -5.85608e-040   2.0852e-041   [0.000047,-0.000003,]
[18,5,]   118   4.06207e-005   -1.07812e-039   3.43792e-041   [0.000045,-0.000001,]
[19,5,]   119   2.22285e-005   -1.50725e-039   4.41437e-041   [0.000037,-0.000007,]
[0,6,]   120   8.45786e-006   -2.97414e-040   1.03724e-061   [0.000017,-0.000033,]
[1,6,]   121   1.94522e-005   1.385e-040   1.19889e-059   [0.000027,-0.000029,]
[2,6,]   122   3.30281e-005   -1.10754e-039   1.07921e-057   [0.000064,-0.000044,]
[3,6,]   123   7.13101e-005   -3.66281e-039   7.56583e-056   [0.000058,-0.000007,]
[4,6,]   124   0.000312494   -6.83377e-040   4.1308e-054   [0.000019,0.000002,]
[5,6,]   125   0.00100151   5.81107e-040   1.75646e-052   [0.000003,0.000004,]
[6,6,]   126   0.00218447   1.02655e-039   5.8166e-051   [-0.000007,0.000004,]
[7,6,]   127   0.00356691   1.31283e-039   1.50012e-049   [-0.000013,0.000003,]
[8,6,]   128   0.00458601   1.39627e-039   3.01308e-048   [-0.000018,0.000000,]
[9,6,]   129   0.00487105   1.33855e-039   4.71324e-047   [-0.000021,-0.000003,]
[10,6,]   130   0.00459971   1.27401e-039   5.74191e-046   [-0.000019,-0.000007,]
[11,6,]   131   0.0039717   1.27749e-039   5.44777e-045   [-0.000013,-0.000015,]
[12,6,]   132   0.00300679   1.19034e-039   4.02539e-044   [-0.000004,-0.000018,]
[13,6,]   133   0.00191086   8.99537e-040   2.31645e-043   [0.000008,-0.000018,]
[14,6,]   134   0.00101032   4.54305e-040   1.03816e-042   [0.000021,-0.000016,]
[15,6,]   135   0.000468316   -9.23135e-041   3.62354e-042   [0.000035,-0.000009,]
[16,6,]   136   0.000222833   -4.33784e-040   9.8498e-042   [0.000047,-0.000005,]
[17,6,]   137   0.000123016   3.98771e-041   2.0852e-041   [0.000050,0.000001,]
[18,6,]   138   6.65476e-005   -3.42414e-040   3.43792e-041   [0.000041,0.000002,]
[19,6,]   139   3.74113e-005   -5.64477e-040   4.41437e-041   [0.000030,-0.000006,]
[0,7,]   140   1.66143e-005   8.89924e-040   1.03724e-061   [0.000013,-0.000029,]
[1,7,]   141   3.03374e-005   7.59659e-040   1.19889e-059   [0.000017,-0.000025,]
[2,7,]   142   3.90339e-005   1.85851e-042   1.07921e-057   [0.000072,-0.000051,]
[3,7,]   143   4.79577e-005   -6.75708e-039   7.56583e-056   [0.000091,-0.000016,]
[4,7,]   144   0.000248655   -1.38612e-039   4.1308e-054   [0.000028,0.000020,]
[5,7,]   145   0.000939112   7.11005e-040   1.75646e-052   [0.000003,0.000015,]
[6,7,]   146   0.00214175   1.31961e-039   5.8166e-051   [-0.000008,0.000014,]
[7,7,]   147   0.0034187   1.53484e-039   1.50012e-049   [-0.000016,0.000012,]
[8,7,]   148   0.00417173   1.71111e-039   3.01308e-048   [-0.000022,0.000011,]
[9,7,]   149   0.00409094   1.3305e-039   4.71324e-047   [-0.000026,0.000007,]
[10,7,]   150   0.00378801   9.95113e-040   5.74191e-046   [-0.000029,-0.000008,]
[11,7,]   151   0.00339789   1.32766e-039   5.44777e-045   [-0.000021,-0.000017,]
[12,7,]   152   0.0027223   1.33482e-039   4.02539e-044   [-0.000006,-0.000024,]
[13,7,]   153   0.00180152   1.15002e-039   2.31645e-043   [0.000009,-0.000026,]
[14,7,]   154   0.000948462   5.78451e-040   1.03816e-042   [0.000027,-0.000021,]
[15,7,]   155   0.000427902   -3.07531e-040   3.62354e-042   [0.000044,-0.000014,]
[16,7,]   156   0.000217491   -1.61494e-040   9.8498e-042   [0.000058,0.000005,]
[17,7,]   157   0.000144395   5.49635e-040   2.0852e-041   [0.000052,0.000007,]
[18,7,]   158   9.03857e-005   4.86201e-040   3.43792e-041   [0.000035,0.000007,]
[19,7,]   159   5.17178e-005   3.23359e-040   4.41437e-041   [0.000020,-0.000005,]
[0,8,]   160   2.85339e-005   1.85981e-039   1.03724e-061   [0.000008,-0.000023,]
[1,8,]   161   4.37188e-005   7.56139e-040   1.19889e-059   [0.000003,-0.000024,]
[2,8,]   162   4.63602e-005   1.56571e-039   1.07921e-057   [0.000063,-0.000036,]
[3,8,]   163   2.40694e-005   -1.2306e-038   7.56583e-056   [0.000143,-0.000067,]
[4,8,]   164   0.000130156   -4.09555e-039   4.1308e-054   [0.000060,0.000027,]
[5,8,]   165   0.000640877   1.47055e-040   1.75646e-052   [-0.000006,0.000033,]
[6,8,]   166   0.00154118   1.03871e-039   5.8166e-051   [-0.000011,0.000032,]
[7,8,]   167   0.00236044   1.40987e-039   1.50012e-049   [-0.000016,0.000030,]
[8,8,]   168   0.00250988   8.92882e-040   3.01308e-048   [-0.000024,0.000021,]
[9,8,]   169   0.00211332   -4.60632e-040   4.71324e-047   [-0.000045,0.000017,]
[10,8,]   170   0.00212336   9.40477e-040   5.74191e-046   [-0.000049,-0.000014,]
[11,8,]   171   0.00191339   2.33342e-040   5.44777e-045   [-0.000030,-0.000031,]
[12,8,]   172   0.00174076   7.17526e-040   4.02539e-044   [-0.000012,-0.000045,]
[13,8,]   173   0.0012316   6.10683e-040   2.31645e-043   [0.000011,-0.000046,]
[14,8,]   174   0.000642831   8.15369e-041   1.03816e-042   [0.000030,-0.000039,]
[15,8,]   175   0.000275562   -4.71909e-040   3.62354e-042   [0.000070,-0.000023,]
[16,8,]   176   0.00013808   -2.43547e-039   9.8498e-042   [0.000082,-0.000001,]
[17,8,]   177   0.000135437   1.29266e-039   2.0852e-041   [0.000041,0.000016,]
[18,8,]   178   9.81212e-005   6.80965e-040   3.43792e-041   [0.000027,0.000010,]
[19,8,]   179   5.91648e-005   1.04548e-039   4.41437e-041   [0.000008,-0.000003,]
[0,9,]   180   3.66414e-005   1.76153e-039   1.03724e-061   [0.000003,-0.000012,]
[1,9,]   181   6.35287e-005   1.43416e-039   1.19889e-059   [0.000005,-0.000023,]
[2,9,]   182   5.96439e-005   1.0525e-039   1.07921e-057   [0.000013,-0.000037,]
[3,9,]   183   1.91231e-005   -1.55477e-038   7.56583e-056   [0.000130,-0.000156,]
[4,9,]   184   5.32772e-005   -1.32295e-038   4.1308e-054   [0.000149,0.000095,]
[5,9,]   185   0.000374067   -1.26554e-039   1.75646e-052   [-0.000011,0.000081,]
[6,9,]   186   0.000910346   -1.0997e-040   5.8166e-051   [-0.000011,0.000069,]
[7,9,]   187   0.00124529   -4.3171e-040   1.50012e-049   [-0.000020,0.000076,]
[8,9,]   188   0.00115071   -7.40498e-040   3.01308e-048   [-0.000021,0.000104,]
[9,9,]   189   0.000740577   -5.14931e-039   4.71324e-047   [-0.000089,0.000103,]
[10,9,]   190   0.000673914   -5.61249e-039   5.74191e-046   [-0.000105,-0.000101,]
[11,9,]   191   0.000740006   -5.78549e-039   5.44777e-045   [-0.000038,-0.000114,]
[12,9,]   192   0.000959306   -1.51123e-039   4.02539e-044   [-0.000014,-0.000085,]
[13,9,]   193   0.000747722   -1.21615e-039   2.31645e-043   [0.000014,-0.000078,]
[14,9,]   194   0.000345456   -2.49101e-039   1.03816e-042   [0.000032,-0.000088,]
[15,9,]   195   9.78715e-005   -7.16537e-039   3.62354e-042   [0.000103,-0.000098,]
[16,9,]   196   7.58e-005   -1.13015e-039   9.8498e-042   [0.000073,0.000093,]
[17,9,]   197   0.000108439   2.27864e-039   2.0852e-041   [0.000046,0.000039,]
[18,9,]   198   9.37139e-005   1.85684e-039   3.43792e-041   [0.000017,0.000015,]
[19,9,]   199   5.41159e-005   1.87095e-039   4.41437e-041   [-0.000001,0.000001,]
[0,10,]   200   5.15893e-005   1.93944e-039   1.03724e-061   [-0.000003,-0.000002,]
[1,10,]   201   9.25631e-005   1.91043e-039   1.19889e-059   [-0.000017,-0.000015,]
[2,10,]   202   0.000108321   2.31532e-039   1.07921e-057   [-0.000046,-0.000039,]
[3,10,]   203   7.57421e-005   -1.12975e-039   7.56583e-056   [-0.000073,-0.000093,]
[4,10,]   204   9.79038e-005   -7.16151e-039   4.1308e-054   [-0.000103,0.000098,]
[5,10,]   205   0.000345468   -2.49123e-039   1.75646e-052   [-0.000032,0.000088,]
[6,10,]   206   0.000747693   -1.2162e-039   5.8166e-051   [-0.000014,0.000078,]
[7,10,]   207   0.000959275   -1.51126e-039   1.50012e-049   [0.000014,0.000085,]
[8,10,]   208   0.000739994   -5.7855e-039   3.01308e-048   [0.000038,0.000114,]
[9,10,]   209   0.00067391   -5.61249e-039   4.71324e-047   [0.000105,0.000101,]
[10,10,]   210   0.000740576   -5.14937e-039   5.74191e-046   [0.000089,-0.000103,]
[11,10,]   211   0.00115072   -7.40522e-040   5.44777e-045   [0.000021,-0.000104,]
[12,10,]   212   0.00124534   -4.31727e-040   4.02539e-044   [0.000020,-0.000076,]
[13,10,]   213   0.000910418   -1.09296e-040   2.31645e-043   [0.000011,-0.000069,]
[14,10,]   214   0.00037402   -1.2653e-039   1.03816e-042   [0.000011,-0.000081,]
[15,10,]   215   5.31876e-005   -1.32603e-038   3.62354e-042   [-0.000149,-0.000095,]
[16,10,]   216   1.91859e-005   -1.55065e-038   9.8498e-042   [-0.000130,0.000156,]
[17,10,]   217   5.99309e-005   9.86222e-040   2.0852e-041   [-0.000013,0.000037,]
[18,10,]   218   6.56424e-005   1.45372e-039   3.43792e-041   [-0.000006,0.000023,]
[19,10,]   219   4.04156e-005   1.86061e-039   4.41437e-041   [-0.000014,0.000011,]
[0,11,]   220   5.90022e-005   1.03818e-039   1.03724e-061   [-0.000008,0.000003,]
[1,11,]   221   9.82427e-005   6.96506e-040   1.19889e-059   [-0.000028,-0.000010,]
[2,11,]   222   0.0001354   1.29269e-039   1.07921e-057   [-0.000041,-0.000016,]
[3,11,]   223   0.000138003   -2.43894e-039   7.56583e-056   [-0.000082,0.000001,]
[4,11,]   224   0.00027553   -4.72023e-040   4.1308e-054   [-0.000070,0.000023,]
[5,11,]   225   0.00064282   8.17185e-041   1.75646e-052   [-0.000030,0.000039,]
[6,11,]   226   0.00123156   6.10652e-040   5.8166e-051   [-0.000011,0.000046,]
[7,11,]   227   0.00174071   7.17525e-040   1.50012e-049   [0.000012,0.000045,]
[8,11,]   228   0.00191336   2.33357e-040   3.01308e-048   [0.000030,0.000031,]
[9,11,]   229   0.00212336   9.40483e-040   4.71324e-047   [0.000049,0.000014,]
[10,11,]   230   0.00211332   -4.60653e-040   5.74191e-046   [0.000045,-0.000017,]
[11,11,]   231   0.00250991   8.92824e-040   5.44777e-045   [0.000024,-0.000021,]
[12,11,]   232   0.00236053   1.40987e-039   4.02539e-044   [0.000016,-0.000030,]
[13,11,]   233   0.0015413   1.03906e-039   2.31645e-043   [0.000011,-0.000032,]
[14,11,]   234   0.000640847   1.47697e-040   1.03816e-042   [0.000006,-0.000033,]
[15,11,]   235   0.000130032   -4.10363e-039   3.62354e-042   [-0.000060,-0.000027,]
[16,11,]   236   2.40858e-005   -1.23006e-038   9.8498e-042   [-0.000143,0.000067,]
[17,11,]   237   4.65066e-005   1.50794e-039   2.0852e-041   [-0.000063,0.000035,]
[18,11,]   238   4.48755e-005   7.6776e-040   3.43792e-041   [-0.000004,0.000024,]
[19,11,]   239   3.05316e-005   1.85017e-039   4.41437e-041   [-0.000019,0.000023,]
[0,12,]   240   5.44578e-005   3.39491e-040   1.03724e-061   [-0.000013,0.000006,]
[1,12,]   241   9.1729e-005   4.76128e-040   1.19889e-059   [-0.000036,-0.000006,]
[2,12,]   242   0.000144317   5.12279e-040   1.07921e-057   [-0.000052,-0.000007,]
[3,12,]   243   0.000217435   -1.6084e-040   7.56583e-056   [-0.000058,-0.000005,]
[4,12,]   244   0.000427832   -3.07924e-040   4.1308e-054   [-0.000044,0.000014,]
[5,12,]   245   0.000948439   5.78792e-040   1.75646e-052   [-0.000027,0.000021,]
[6,12,]   246   0.00180145   1.14991e-039   5.8166e-051   [-0.000009,0.000026,]
[7,12,]   247   0.00272224   1.33483e-039   1.50012e-049   [0.000006,0.000024,]
[8,12,]   248   0.00339785   1.32768e-039   3.01308e-048   [0.000021,0.000017,]
[9,12,]   249   0.003788   9.95122e-040   4.71324e-047   [0.000029,0.000008,]
[10,12,]   250   0.00409094   1.33048e-039   5.74191e-046   [0.000026,-0.000007,]
[11,12,]   251   0.00417177   1.71106e-039   5.44777e-045   [0.000022,-0.000011,]
[12,12,]   252   0.00341882   1.53481e-039   4.02539e-044   [0.000016,-0.000012,]
[13,12,]   253   0.00214193   1.31994e-039   2.31645e-043   [0.000007,-0.000014,]
[14,12,]   254   0.000939121   7.11694e-040   1.03816e-042   [-0.000003,-0.000015,]
[15,12,]   255   0.000248491   -1.38857e-039   3.62354e-042   [-0.000028,-0.000020,]
[16,12,]   256   4.78645e-005   -6.77314e-039   9.8498e-042   [-0.000092,0.000016,]
[17,12,]   257   3.90043e-005   7.49705e-042   2.0852e-041   [-0.000073,0.000051,]
[18,12,]   258   3.03152e-005   7.2758e-040   3.43792e-041   [-0.000017,0.000025,]
[19,12,]   259   1.65776e-005   8.14983e-040   4.41437e-041   [-0.000013,0.000030,]
[0,13,]   260   4.13405e-005   -5.47157e-040   1.03724e-061   [-0.000017,0.000008,]
[1,13,]   261   6.82027e-005   -3.93503e-040   1.19889e-059   [-0.000042,-0.000002,]
[2,13,]   262   0.000122882   -2.23935e-041   1.07921e-057   [-0.000050,-0.000000,]
[3,13,]   263   0.000222801   -4.31276e-040   7.56583e-056   [-0.000048,0.000005,]
[4,13,]   264   0.00046822   -9.32583e-041   4.1308e-054   [-0.000035,0.000009,]
[5,13,]   265   0.00101029   4.54784e-040   1.75646e-052   [-0.000021,0.000016,]
[6,13,]   266   0.00191076   8.99364e-040   5.8166e-051   [-0.000008,0.000018,]
[7,13,]   267   0.00300672   1.19036e-039   1.50012e-049   [0.000004,0.000018,]
[8,13,]   268   0.00397167   1.2775e-039   3.01308e-048   [0.000013,0.000015,]
[9,13,]   269   0.0045997   1.27402e-039   4.71324e-047   [0.000019,0.000007,]
[10,13,]   270   0.00487105   1.33853e-039   5.74191e-046   [0.000021,0.000003,]
[11,13,]   271   0.00458605   1.39623e-039   5.44777e-045   [0.000018,-0.000000,]
[12,13,]   272   0.00356703   1.3128e-039   4.02539e-044   [0.000013,-0.000003,]
[13,13,]   273   0.00218465   1.02678e-039   2.31645e-043   [0.000007,-0.000004,]
[14,13,]   274   0.00100157   5.81896e-040   1.03816e-042   [-0.000003,-0.000004,]
[15,13,]   275   0.000312368   -6.82765e-040   3.62354e-042   [-0.000020,-0.000002,]
[16,13,]   276   7.11362e-005   -3.67006e-039   9.8498e-042   [-0.000058,0.000007,]
[17,13,]   277   3.28305e-005   -1.08181e-039   2.0852e-041   [-0.000065,0.000044,]
[18,13,]   278   1.89359e-005   1.45e-040   3.43792e-041   [-0.000027,0.000029,]
[19,13,]   279   7.6666e-006   -3.87412e-040   4.41437e-041   [-0.000007,0.000034,]
[0,14,]   280   2.55861e-005   -1.47975e-039   1.03724e-061   [-0.000020,0.000009,]
[1,14,]   281   4.19129e-005   -1.17163e-039   1.19889e-059   [-0.000047,0.000001,]
[2,14,]   282   8.43316e-005   -6.64192e-040   1.07921e-057   [-0.000048,0.000004,]
[3,14,]   283   0.000176665   -3.75727e-040   7.56583e-056   [-0.000041,0.000007,]
[4,14,]   284   0.000379799   -3.53347e-040   4.1308e-054   [-0.000030,0.000011,]
[5,14,]   285   0.000819378   2.33947e-040   1.75646e-052   [-0.000019,0.000014,]
[6,14,]   286   0.00154812   6.16571e-040   5.8166e-051   [-0.000007,0.000015,]
[7,14,]   287   0.00247326   8.60143e-040   1.50012e-049   [0.000002,0.000015,]
[8,14,]   288   0.00335803   1.02001e-039   3.01308e-048   [0.000010,0.000013,]
[9,14,]   289   0.00393974   9.8818e-040   4.71324e-047   [0.000015,0.000010,]
[10,14,]   290   0.00414275   1.12424e-039   5.74191e-046   [0.000016,0.000007,]
[11,14,]   291   0.00375568   1.11854e-039   5.44777e-045   [0.000015,0.000004,]
[12,14,]   292   0.00282188   9.34012e-040   4.02539e-044   [0.000012,0.000002,]
[13,14,]   293   0.00171768   7.04966e-040   2.31645e-043   [0.000006,0.000001,]
[14,14,]   294   0.000813044   3.19548e-040   1.03816e-042   [-0.000001,0.000002,]
[15,14,]   295   0.000283161   -4.12785e-040   3.62354e-042   [-0.000014,0.000004,]
[16,14,]   296   7.20145e-005   -2.49331e-039   9.8498e-042   [-0.000038,0.000010,]
[17,14,]   297   2.40451e-005   -2.2142e-039   2.0852e-041   [-0.000054,0.000032,]
[18,14,]   298   1.08783e-005   -5.01494e-040   3.43792e-041   [-0.000029,0.000030,]
[19,14,]   299   3.40901e-006   -1.52373e-039   4.41437e-041   [-0.000001,0.000036,]
[0,15,]   300   1.31024e-005   -2.37151e-039   1.03724e-061   [-0.000023,0.000010,]
[1,15,]   301   2.15183e-005   -1.93075e-039   1.19889e-059   [-0.000050,0.000004,]
[2,15,]   302   4.73542e-005   -1.20835e-039   1.07921e-057   [-0.000044,0.000006,]
[3,15,]   303   0.000107873   -8.42415e-040   7.56583e-056   [-0.000037,0.000009,]
[4,15,]   304   0.000241095   -6.21776e-040   4.1308e-054   [-0.000027,0.000012,]
[5,15,]   305   0.000519034   -1.59836e-040   1.75646e-052   [-0.000017,0.000014,]
[6,15,]   306   0.000982249   2.11789e-040   5.8166e-051   [-0.000007,0.000015,]
[7,15,]   307   0.00158334   4.68721e-040   1.50012e-049   [0.000001,0.000014,]
[8,15,]   308   0.0021706   5.81717e-040   3.01308e-048   [0.000008,0.000013,]
[9,15,]   309   0.00257795   6.68963e-040   4.71324e-047   [0.000012,0.000011,]
[10,15,]   310   0.00267887   7.34797e-040   5.74191e-046   [0.000014,0.000009,]
[11,15,]   311   0.00237147   6.56816e-040   5.44777e-045   [0.000013,0.000007,]
[12,15,]   312   0.00175589   5.15967e-040   4.02539e-044   [0.000010,0.000006,]
[13,15,]   313   0.0010639   2.67846e-040   2.31645e-043   [0.000006,0.000005,]
[14,15,]   314   0.000512707   -1.14567e-040   1.03816e-042   [-0.000000,0.000005,]
[15,15,]   315   0.000189711   -6.98545e-040   3.62354e-042   [-0.000010,0.000008,]
[16,15,]   316   5.25024e-005   -2.14685e-039   9.8498e-042   [-0.000027,0.000012,]
[17,15,]   317   1.50467e-005   -2.82885e-039   2.0852e-041   [-0.000044,0.000024,]
[18,15,]   318   5.58108e-006   -1.40351e-039   3.43792e-041   [-0.000025,0.000030,]
[19,15,]   319   1.51608e-006   -2.81457e-039   4.41437e-041   [0.000005,0.000037,]
[0,16,]   320   5.5884e-006   -3.22322e-039   1.03724e-061   [-0.000024,0.000011,]
[1,16,]   321   9.28616e-006   -2.64979e-039   1.19889e-059   [-0.000051,0.000007,]
[2,16,]   322   2.19014e-005   -1.79704e-039   1.07921e-057   [-0.000041,0.000009,]
[3,16,]   323   5.29692e-005   -1.32738e-039   7.56583e-056   [-0.000034,0.000011,]
[4,16,]   324   0.000121743   -1.0795e-039   4.1308e-054   [-0.000025,0.000013,]
[5,16,]   325   0.00026351   -6.15771e-040   1.75646e-052   [-0.000015,0.000015,]
[6,16,]   326   0.000499803   -2.55034e-040   5.8166e-051   [-0.000007,0.000016,]
[7,16,]   327   0.000809213   -8.92281e-042   1.50012e-049   [0.000001,0.000015,]
[8,16,]   328   0.00111592   1.24686e-040   3.01308e-048   [0.000006,0.000014,]
[9,16,]   329   0.00132601   1.82753e-040   4.71324e-047   [0.000010,0.000013,]
[10,16,]   330   0.00136639   2.2717e-040   5.74191e-046   [0.000012,0.000011,]
[11,16,]   331   0.00119758   1.81954e-040   5.44777e-045   [0.000011,0.000010,]
[12,16,]   332   0.000878207   2.45838e-041   4.02539e-044   [0.000010,0.000009,]
[13,16,]   333   0.000531181   -2.15064e-040   2.31645e-043   [0.000006,0.000008,]
[14,16,]   334   0.000258957   -5.88537e-040   1.03816e-042   [0.000001,0.000009,]
[15,16,]   335   9.90885e-005   -1.14912e-039   3.62354e-042   [-0.000007,0.000010,]
[16,16,]   336   2.90876e-005   -2.24722e-039   9.8498e-042   [-0.000020,0.000013,]
[17,16,]   337   7.85091e-006   -3.23441e-039   2.0852e-041   [-0.000035,0.000021,]
[18,16,]   338   2.5104e-006   -2.34625e-039   3.43792e-041   [-0.000018,0.000028,]
[19,16,]   339   6.37724e-007   -4.24752e-039   4.41437e-041   [0.000012,0.000036,]
[0,17,]   340   1.98067e-006   -4.16745e-039   1.03724e-061   [-0.000025,0.000014,]
[1,17,]   341   3.34727e-006   -3.46767e-039   1.19889e-059   [-0.000053,0.000011,]
[2,17,]   342   8.35595e-006   -2.48753e-039   1.07921e-057   [-0.000039,0.000012,]
[3,17,]   343   2.11136e-005   -1.97271e-039   7.56583e-056   [-0.000031,0.000014,]
[4,17,]   344   4.96758e-005   -1.67628e-039   4.1308e-054   [-0.000023,0.000016,]
[5,17,]   345   0.000108104   -1.23456e-039   1.75646e-052   [-0.000015,0.000017,]
[6,17,]   346   0.000205598   -8.77217e-040   5.8166e-051   [-0.000007,0.000018,]
[7,17,]   347   0.00033399   -6.25494e-040   1.50012e-049   [-0.000000,0.000017,]
[8,17,]   348   0.000461748   -4.94782e-040   3.01308e-048   [0.000005,0.000016,]
[9,17,]   349   0.000548671   -4.22891e-040   4.71324e-047   [0.000009,0.000015,]
[10,17,]   350   0.000561918   -3.86283e-040   5.74191e-046   [0.000010,0.000014,]
[11,17,]   351   0.000488218   -4.54564e-040   5.44777e-045   [0.000010,0.000013,]
[12,17,]   352   0.000355777   -6.09523e-040   4.02539e-044   [0.000009,0.000012,]
[13,17,]   353   0.000214838   -8.55935e-040   2.31645e-043   [0.000006,0.000012,]
[14,17,]   354   0.000105585   -1.22268e-039   1.03816e-042   [0.000002,0.000012,]
[15,17,]   355   4.13751e-005   -1.73904e-039   3.62354e-042   [-0.000005,0.000013,]
[16,17,]   356   1.26502e-005   -2.67295e-039   9.8498e-042   [-0.000015,0.000016,]
[17,17,]   357   3.37034e-006   -3.65585e-039   2.0852e-041   [-0.000028,0.000021,]
[18,17,]   358   9.67844e-007   -3.37964e-039   3.43792e-041   [-0.000011,0.000029,]
[19,17,]   359   2.40008e-007   -5.74056e-039   4.41437e-041   [0.000018,0.000036,]
[0,18,]   360   5.97125e-007   -5.56701e-039   1.03724e-061   [-0.000026,0.000028,]
[1,18,]   361   1.02473e-006   -4.68444e-039   1.19889e-059   [-0.000053,0.000023,]
[2,18,]   362   2.67762e-006   -3.56344e-039   1.07921e-057   [-0.000037,0.000023,]
[3,18,]   363   7.01255e-006   -2.97589e-039   7.56583e-056   [-0.000029,0.000023,]
[4,18,]   364   1.68271e-005   -2.65726e-039   4.1308e-054   [-0.000021,0.000024,]
[5,18,]   365   3.68749e-005   -2.22275e-039   1.75646e-052   [-0.000014,0.000025,]
[6,18,]   366   7.03344e-005   -1.87211e-039   5.8166e-051   [-0.000007,0.000025,]
[7,18,]   367   0.000114506   -1.61489e-039   1.50012e-049   [-0.000001,0.000025,]
[8,18,]   368   0.000158525   -1.4621e-039   3.01308e-048   [0.000004,0.000024,]
[9,18,]   369   0.000187972   -1.38424e-039   4.71324e-047   [0.000007,0.000023,]
[10,18,]   370   0.000191417   -1.34909e-039   5.74191e-046   [0.000009,0.000023,]
[11,18,]   371   0.000165257   -1.41124e-039   5.44777e-045   [0.000009,0.000022,]
[12,18,]   372   0.000119776   -1.57436e-039   4.02539e-044   [0.000008,0.000022,]
[13,18,]   373   7.22501e-005   -1.81788e-039   2.31645e-043   [0.000006,0.000021,]
[14,18,]   374   3.57406e-005   -2.16816e-039   1.03816e-042   [0.000003,0.000021,]
[15,18,]   375   1.4255e-005   -2.65745e-039   3.62354e-042   [-0.000003,0.000022,]
[16,18,]   376   4.50695e-006   -3.46113e-039   9.8498e-042   [-0.000011,0.000023,]
[17,18,]   377   1.21117e-006   -4.453e-039   2.0852e-041   [-0.000022,0.000027,]
[18,18,]   378   3.24573e-007   -4.83161e-039   3.43792e-041   [-0.000004,0.000035,]
[19,18,]   379   8.05551e-008   -7.6062e-039   4.41437e-041   [0.000023,0.000040,]
[0,19,]   380   2.10136e-007   -7.36941e-039   1.03724e-061   [-0.000026,0.000041,]
[1,19,]   381   3.45072e-007   -6.5001e-039   1.19889e-059   [-0.000057,0.000035,]
[2,19,]   382   9.01788e-007   -5.18049e-039   1.07921e-057   [-0.000038,0.000033,]
[3,19,]   383   2.40315e-006   -4.42415e-039   7.56583e-056   [-0.000030,0.000031,]
[4,19,]   384   5.88315e-006   -3.98581e-039   4.1308e-054   [-0.000021,0.000031,]
[5,19,]   385   1.30703e-005   -3.4935e-039   1.75646e-052   [-0.000013,0.000031,]
[6,19,]   386   2.50664e-005   -3.11571e-039   5.8166e-051   [-0.000007,0.000031,]
[7,19,]   387   4.07232e-005   -2.84875e-039   1.50012e-049   [-0.000001,0.000031,]
[8,19,]   388   5.59402e-005   -2.70114e-039   3.01308e-048   [0.000003,0.000030,]
[9,19,]   389   6.56225e-005   -2.64521e-039   4.71324e-047   [0.000007,0.000030,]
[10,19,]   390   6.60811e-005   -2.64593e-039   5.74191e-046   [0.000009,0.000030,]
[11,19,]   391   5.65211e-005   -2.74302e-039   5.44777e-045   [0.000009,0.000029,]
[12,19,]   392   4.07362e-005   -2.92712e-039   4.02539e-044   [0.000008,0.000029,]
[13,19,]   393   2.4519e-005   -3.17308e-039   2.31645e-043   [0.000006,0.000029,]
[14,19,]   394   1.21522e-005   -3.49642e-039   1.03816e-042   [0.000002,0.000029,]
[15,19,]   395   4.89508e-006   -3.91066e-039   3.62354e-042   [-0.000003,0.000029,]
[16,19,]   396   1.59476e-006   -4.52861e-039   9.8498e-042   [-0.000009,0.000029,]
[17,19,]   397   4.57661e-007   -5.25826e-039   2.0852e-041   [-0.000016,0.000032,]
[18,19,]   398   1.30817e-007   -5.83367e-039   3.43792e-041   [0.000002,0.000040,]
[19,19,]   399   3.47825e-008   -8.12939e-039   4.41437e-041   [0.000025,0.000042,]
